1575343492.456573, -673.0
1575343492.510522, -581.0
1575343492.56403, -581.0
1575343492.617337, -581.0
1575343492.670625, -581.0
1575343492.723942, -581.0
1575343492.77743, -581.0
1575343492.830715, -581.0
1575343492.883874, -581.0
1575343492.937139, -581.0
1575343492.990927, -581.0
1575343493.044347, -581.0
1575343493.097658, -581.0
1575343493.151008, -581.0
1575343493.204677, -581.0
1575343493.257931, -581.0
1575343493.311169, -581.0
1575343493.364409, -581.0
1575343493.417823, -581.0
1575343493.471367, -581.0
1575343493.524721, -581.0
1575343493.578123, -581.0
1575343493.631725, -581.0
1575343493.684922, -581.0
1575343493.738157, -581.0
1575343493.791396, -581.0
1575343493.844869, -581.0
1575343493.898296, -581.0
1575343493.951564, -581.0
1575343494.005065, -581.0
1575343494.058619, -581.0
1575343494.112065, -581.0
1575343494.165422, -581.0
1575343494.21857, -581.0
1575343494.272075, -581.0
1575343494.325533, -581.0
1575343494.37885, -581.0
1575343494.432556, -581.0
1575343494.486052, -581.0
1575343494.539365, -581.0
1575343494.592694, -581.0
1575343494.646332, -581.0
1575343494.699465, -581.0
1575343494.752637, -581.0
1575343494.80568, -581.0
1575343494.859219, -581.0
1575343494.912573, -581.0
1575343494.9657, -581.0
1575343495.019304, -581.0
1575343495.072818, -581.0
1575343492.463628, -626.0
1575343492.5178, -581.0
1575343492.571529, -581.0
1575343492.625264, -581.0
1575343492.678857, -581.0
1575343492.732457, -581.0
1575343492.785621, -581.0
1575343492.839329, -581.0
1575343492.893821, -581.0
1575343492.947246, -581.0
1575343493.000772, -581.0
1575343493.054236, -581.0
1575343493.107946, -581.0
1575343493.161545, -581.0
1575343493.214744, -581.0
1575343493.268359, -581.0
1575343493.321923, -581.0
1575343493.37544, -581.0
1575343493.428878, -581.0
1575343493.482407, -581.0
1575343493.536056, -581.0
1575343493.589714, -581.0
1575343493.643286, -581.0
1575343493.696746, -581.0
1575343493.750365, -581.0
1575343493.803826, -581.0
1575343493.857057, -581.0
1575343493.91075, -581.0
1575343493.964355, -581.0
1575343494.01799, -581.0
1575343494.071478, -581.0
1575343494.125242, -581.0
1575343494.178837, -581.0
1575343494.232408, -581.0
1575343494.285816, -581.0
1575343494.3389, -581.0
1575343494.39252, -581.0
1575343494.446052, -581.0
1575343494.49942, -581.0
1575343494.553155, -581.0
1575343494.606709, -581.0
1575343494.660392, -581.0
1575343494.71385, -581.0
1575343494.767294, -581.0
1575343494.820866, -581.0
1575343494.873986, -581.0
1575343494.927915, -581.0
1575343494.981497, -581.0
1575343495.035065, -581.0
1575343495.088678, -581.0
1575343492.613035, -581.0
1575343492.733015, -581.0
1575343492.852944, -581.0
1575343492.973362, -581.0
1575343493.092838, -581.0
1575343493.212171, -581.0
1575343493.331142, -581.0
1575343493.450541, -581.0
1575343493.569729, -581.0
1575343493.688713, -581.0
1575343493.808072, -581.0
1575343493.927592, -581.0
1575343494.047264, -581.0
1575343494.16646, -581.0
1575343494.286403, -581.0
1575343494.405931, -581.0
1575343494.525446, -581.0
1575343494.645, -581.0
1575343494.764353, -581.0
1575343494.883351, -581.0
1575343495.002637, -581.0
1575343495.122671, -581.0
1575343495.242533, -581.0
1575343495.36183, -581.0
1575343495.481193, -581.0
1575343495.600164, -581.0
1575343495.720326, -581.0
1575343495.839885, -581.0
1575343495.959081, -581.0
1575343496.078663, -581.0
1575343496.198039, -581.0
1575343496.317274, -581.0
1575343496.436252, -581.0
1575343496.555938, -581.0
1575343496.675173, -581.0
1575343496.794511, -581.0
1575343496.913883, -581.0
1575343497.033591, -581.0
1575343497.153034, -581.0
1575343497.272784, -581.0
1575343497.392368, -581.0
1575343497.512836, -581.0
1575343497.632276, -581.0
1575343497.751856, -581.0
1575343497.871271, -581.0
1575343497.991212, -581.0
1575343498.110423, -581.0
1575343498.230225, -581.0
1575343498.349969, -581.0
1575343498.469368, -581.0
1575343492.488455, -581.0
1575343492.542351, -581.0
1575343492.5956, -581.0
1575343492.649102, -581.0
1575343492.702602, -581.0
1575343492.756357, -581.0
1575343492.809988, -581.0
1575343492.863447, -581.0
1575343492.917023, -581.0
1575343492.970281, -581.0
1575343493.024622, -581.0
1575343493.077962, -581.0
1575343493.131268, -581.0
1575343493.184685, -581.0
1575343493.238239, -581.0
1575343493.291734, -581.0
1575343493.34537, -581.0
1575343493.398718, -581.0
1575343493.452307, -581.0
1575343493.505922, -581.0
1575343493.559563, -581.0
1575343493.612943, -581.0
1575343493.666625, -581.0
1575343493.720151, -581.0
1575343493.77353, -581.0
1575343493.826808, -581.0
1575343493.880354, -581.0
1575343493.933878, -581.0
1575343493.987251, -581.0
1575343494.040654, -581.0
1575343494.094172, -581.0
1575343494.147675, -581.0
1575343494.201657, -581.0
1575343494.254891, -581.0
1575343494.308357, -581.0
1575343494.361912, -581.0
1575343494.415171, -581.0
1575343494.468407, -581.0
1575343494.521825, -581.0
1575343494.574984, -581.0
1575343494.628412, -581.0
1575343494.682126, -581.0
1575343494.735988, -581.0
1575343494.789542, -581.0
1575343494.842548, -581.0
1575343494.895986, -581.0
1575343494.949823, -581.0
1575343495.003075, -581.0
1575343495.056104, -581.0
1575343495.110018, -581.0
1575343495.206252, -581.0
1575343495.259449, -581.0
1575343495.313157, -581.0
1575343495.366433, -581.0
1575343495.42002, -581.0
1575343495.473349, -581.0
1575343495.526982, -581.0
1575343495.580171, -581.0
1575343495.633374, -581.0
1575343495.686835, -581.0
1575343495.740412, -581.0
1575343495.793755, -581.0
1575343495.847121, -581.0
1575343495.900651, -581.0
1575343495.954178, -581.0
1575343496.007274, -581.0
1575343496.060656, -581.0
1575343496.1142, -581.0
1575343496.167751, -581.0
1575343496.221284, -581.0
1575343496.274575, -581.0
1575343496.327839, -581.0
1575343496.380869, -581.0
1575343496.434308, -581.0
1575343496.48748, -581.0
1575343496.540758, -581.0
1575343496.594554, -581.0
1575343496.647771, -581.0
1575343496.701279, -581.0
1575343496.754799, -581.0
1575343496.808337, -581.0
1575343497.549523, -581.0
1575343497.602824, -581.0
1575343497.656035, -581.0
1575343498.374822, -581.0
1575343499.446201, -579.0
1575343500.560797, -579.0
1575343501.277739, -579.0
1575343502.340462, -564.0
1575343503.407764, -564.0
1575343504.162467, -564.0
1575343505.215924, -564.0
1575343506.286702, -564.0
1575343506.987752, -564.0
1575343507.041088, -564.0
1575343507.425596, -561.0
1575343507.818048, -561.0
1575343507.871505, -561.0
1575343508.585237, -561.0
1575343508.979089, -561.0
1575343495.212128, -581.0
1575343495.265892, -581.0
1575343495.319367, -581.0
1575343495.37319, -581.0
1575343495.429656, -581.0
1575343495.483192, -581.0
1575343495.536613, -581.0
1575343495.590279, -581.0
1575343495.643757, -581.0
1575343495.6973, -581.0
1575343495.75081, -581.0
1575343495.804617, -581.0
1575343495.858392, -581.0
1575343495.91197, -581.0
1575343495.965649, -581.0
1575343496.019345, -581.0
1575343496.073034, -581.0
1575343496.126345, -581.0
1575343496.179892, -581.0
1575343496.233352, -581.0
1575343496.286983, -581.0
1575343496.341096, -581.0
1575343496.395188, -581.0
1575343496.449435, -581.0
1575343496.503245, -581.0
1575343496.557423, -581.0
1575343496.611349, -581.0
1575343496.665371, -581.0
1575343496.719116, -581.0
1575343496.772635, -581.0
1575343496.826084, -581.0
1575343497.57197, -581.0
1575343497.960014, -581.0
1575343498.353386, -581.0
1575343498.739048, -581.0
1575343499.803103, -579.0
1575343500.570416, -579.0
1575343501.283108, -579.0
1575343502.018993, -564.0
1575343503.122573, -564.0
1575343503.828245, -564.0
1575343504.919162, -564.0
1575343505.997727, -564.0
1575343507.054345, -564.0
1575343508.486074, -561.0
1575343509.541015, -561.0
1575343510.638803, -561.0
1575343511.754055, -561.0
1575343513.160098, -561.0
1575343514.265991, -561.0
1575343495.379074, -581.0
1575343495.498749, -581.0
1575343495.618411, -581.0
1575343495.737715, -581.0
1575343495.856709, -581.0
1575343495.975885, -581.0
1575343496.095487, -581.0
1575343496.215327, -581.0
1575343496.334805, -581.0
1575343496.454809, -581.0
1575343496.574636, -581.0
1575343496.694591, -581.0
1575343496.814036, -581.0
1575343496.933479, -581.0
1575343497.053408, -581.0
1575343497.173869, -581.0
1575343497.293407, -581.0
1575343497.412917, -581.0
1575343497.53239, -581.0
1575343497.651835, -581.0
1575343497.77148, -581.0
1575343497.891342, -581.0
1575343498.011544, -581.0
1575343498.130958, -581.0
1575343498.251109, -581.0
1575343498.370915, -581.0
1575343498.490702, -581.0
1575343498.610008, -581.0
1575343498.729348, -581.0
1575343498.848151, -581.0
1575343498.967443, -581.0
1575343501.441359, -564.0
1575343501.561715, -564.0
1575343502.678209, -564.0
1575343504.469517, -564.0
1575343504.592424, -564.0
1575343505.047447, -564.0
1575343505.818004, -564.0
1575343507.308269, -561.0
1575343508.776405, -561.0
1575343510.843986, -561.0
1575343513.014572, -561.0
1575343515.522838, -561.0
1575343517.378412, -561.0
1575343519.578728, -561.0
1575343522.113505, -561.0
1575343524.311343, -561.0
1575343526.819523, -561.0
1575343528.606552, -561.0
1575343530.758803, -561.0
1575343498.595451, -581.0
1575343498.648869, -581.0
1575343498.702329, -581.0
1575343498.756014, -581.0
1575343498.809693, -581.0
1575343498.863417, -581.0
1575343498.917056, -581.0
1575343498.970826, -581.0
1575343499.024384, -581.0
1575343499.078101, -581.0
1575343499.131603, -581.0
1575343499.185078, -581.0
1575343499.238761, -581.0
1575343499.29236, -581.0
1575343499.34589, -581.0
1575343499.399499, -581.0
1575343499.453072, -579.0
1575343499.50659, -579.0
1575343499.560179, -579.0
1575343499.613775, -579.0
1575343499.667176, -579.0
1575343499.720893, -579.0
1575343499.774576, -579.0
1575343499.828124, -579.0
1575343499.881616, -579.0
1575343499.935007, -579.0
1575343499.988542, -579.0
1575343500.042314, -579.0
1575343500.095933, -579.0
1575343500.149546, -579.0
1575343500.203243, -579.0
1575343500.937425, -579.0
1575343500.990892, -579.0
1575343501.044297, -579.0
1575343501.097778, -579.0
1575343501.151176, -579.0
1575343501.562267, -564.0
1575343502.288031, -564.0
1575343502.34146, -564.0
1575343502.394871, -564.0
1575343502.448374, -564.0
1575343502.501777, -564.0
1575343502.555373, -564.0
1575343502.608859, -564.0
1575343502.99371, -564.0
1575343503.048653, -564.0
1575343503.101746, -564.0
1575343503.154847, -564.0
1575343503.207852, -564.0
1575343503.261026, -564.0
1575343503.386862, -564.0
1575343503.440152, -564.0
1575343503.493827, -564.0
1575343503.54737, -564.0
1575343503.600801, -564.0
1575343503.654407, -564.0
1575343503.708025, -564.0
1575343503.761565, -564.0
1575343503.815252, -564.0
1575343503.868856, -564.0
1575343503.922448, -564.0
1575343503.976135, -564.0
1575343504.030147, -564.0
1575343504.083857, -564.0
1575343504.137392, -564.0
1575343504.190931, -564.0
1575343504.244702, -564.0
1575343504.298457, -564.0
1575343504.351994, -564.0
1575343504.405448, -564.0
1575343504.459048, -564.0
1575343504.512936, -564.0
1575343504.566648, -564.0
1575343504.620205, -564.0
1575343504.673763, -564.0
1575343504.727465, -564.0
1575343504.781564, -564.0
1575343504.835227, -564.0
1575343504.888754, -564.0
1575343504.942462, -564.0
1575343504.99619, -564.0
1575343505.049924, -564.0
1575343505.103578, -564.0
1575343505.157177, -564.0
1575343505.210691, -564.0
1575343505.263924, -564.0
1575343505.317544, -564.0
1575343505.370996, -564.0
1575343505.42444, -564.0
1575343506.504876, -564.0
1575343507.25051, -564.0
1575343507.996829, -561.0
1575343508.753172, -561.0
1575343509.123793, -561.0
1575343509.86086, -561.0
1575343510.246826, -561.0
1575343511.006474, -561.0
1575343511.418045, -561.0
1575343512.203954, -561.0
1575343512.962615, -561.0
1575343509.099858, -561.0
1575343510.57284, -561.0
1575343510.967409, -561.0
1575343511.342745, -561.0
1575343511.740843, -561.0
1575343512.120766, -561.0
1575343512.488844, -561.0
1575343512.870661, -561.0
1575343513.280663, -561.0
1575343513.687336, -561.0
1575343514.743924, -561.0
1575343515.497208, -561.0
1575343516.191677, -561.0
1575343516.937954, -561.0
1575343517.659318, -561.0
1575343518.404461, -561.0
1575343519.104588, -561.0
1575343519.868668, -561.0
1575343520.607147, -561.0
1575343521.339299, -561.0
1575343522.082466, -561.0
1575343523.225199, -561.0
1575343524.627087, -561.0
1575343525.737757, -561.0
1575343526.455987, -561.0
1575343527.505187, -561.0
1575343528.255142, -561.0
1575343529.300419, -561.0
1575343529.975682, -561.0
1575343530.716993, -561.0
1575343531.439351, -561.0
1575343532.520142, -561.0
1575343533.536391, -561.0
1575343534.535859, -561.0
1575343535.946696, -561.0
1575343536.98883, -561.0
1575343538.089487, -561.0
1575343539.172622, -561.0
1575343540.614397, -561.0
1575343542.087298, -561.0
1575343543.490256, -561.0
1575343544.907327, -561.0
1575343546.395862, -561.0
1575343547.797531, -561.0
1575343549.202377, -561.0
1575343550.64385, -561.0
1575343552.061464, -561.0
1575343553.507335, -561.0
1575343554.926817, -561.0
1575343556.103935, -561.0
1575343562.375356, -561.0
1575343562.389734, -561.0
1575343562.412491, -561.0
1575343562.426105, -561.0
1575343562.785114, -561.0
1575343562.798978, -561.0
1575343563.168655, -561.0
1575343563.516289, -561.0
1575343563.890823, -561.0
1575343564.256372, -561.0
1575343564.64427, -561.0
1575343564.986731, -561.0
1575343565.368231, -561.0
1575343565.382025, -561.0
1575343565.750439, -561.0
1575343566.11226, -561.0
1575343566.510355, -561.0
1575343566.907639, -561.0
1575343567.276133, -561.0
1575343567.655912, -561.0
1575343568.017346, -561.0
1575343568.41247, -561.0
1575343568.769274, -561.0
1575343569.137963, -561.0
1575343569.480182, -561.0
1575343569.882269, -561.0
1575343570.268315, -561.0
1575343570.685851, -561.0
1575343571.075786, -561.0
1575343571.445637, -561.0
1575343571.818266, -561.0
1575343572.206015, -561.0
1575343572.577274, -561.0
1575343572.974209, -554.0
1575343573.342532, -554.0
1575343573.726826, -554.0
1575343574.11903, -554.0
1575343574.502822, -554.0
1575343574.880582, -554.0
1575343575.257908, -554.0
1575343575.650328, -554.0
1575343576.011941, -554.0
1575343576.39315, -554.0
1575343576.781681, -554.0
1575343577.152904, -554.0
1575343577.538619, -554.0
1575343577.912227, -554.0
1575343578.307036, -554.0
1575343578.678583, -554.0
1575343579.086349, -554.0
1575343579.100134, -554.0
1575343579.498554, -554.0
1575343579.881738, -554.0
1575343580.263826, -554.0
1575343580.623888, -554.0
1575343580.987956, -554.0
1575343581.376566, -554.0
1575343581.728433, -554.0
1575343582.093057, -554.0
1575343582.485815, -554.0
1575343582.871726, -554.0
1575343583.285533, -554.0
1575343583.669477, -554.0
1575343584.093712, -554.0
1575343584.48064, -554.0
1575343584.86894, -554.0
1575343585.233906, -554.0
1575343585.590587, -554.0
1575343585.973835, -554.0
1575343586.369902, -554.0
1575343586.769592, -554.0
1575343587.152597, -554.0
1575343587.522995, -554.0
1575343587.889606, -554.0
1575343588.289257, -554.0
1575343588.69727, -554.0
1575343589.088161, -554.0
1575343589.493575, -554.0
1575343589.878689, -554.0
1575343590.263762, -554.0
1575343590.653745, -554.0
1575343591.045144, -554.0
1575343591.412248, -554.0
1575343591.761877, -554.0
1575343592.141183, -554.0
1575343592.518565, -554.0
1575343592.894543, -554.0
1575343593.454087, -554.0
1575343593.46848, -554.0
1575343593.909078, -554.0
1575343594.259274, -554.0
1575343594.785818, -554.0
1575343595.124375, -554.0
1575343595.48878, -554.0
1575343595.870788, -554.0
1575343596.23516, -554.0
1575343596.599001, -554.0
1575343596.969896, -554.0
1575343597.361867, -554.0
1575343597.729443, -554.0
1575343598.092765, -554.0
1575343598.442321, -554.0
1575343598.798811, -554.0
1575343599.173704, -554.0
1575343599.554408, -554.0
1575343599.924665, -554.0
1575343600.306136, -554.0
1575343600.675461, -554.0
1575343601.055654, -554.0
1575343601.411408, -554.0
1575343601.767375, -554.0
1575343602.1322, -554.0
1575343602.515461, -554.0
1575343602.89482, -554.0
1575343603.28744, -554.0
1575343603.688091, -554.0
1575343604.05185, -554.0
1575343604.465633, -554.0
1575343604.846797, -554.0
1575343605.249171, -554.0
1575343605.26313, -554.0
1575343605.671688, -554.0
1575343606.054768, -554.0
1575343606.432137, -554.0
1575343606.797009, -554.0
1575343607.186042, -554.0
1575343607.566219, -554.0
1575343607.992274, -554.0
1575343608.378158, -554.0
1575343608.767642, -554.0
1575343609.126059, -554.0
1575343609.508831, -554.0
1575343609.889826, -554.0
1575343610.279585, -554.0
1575343610.63855, -554.0
1575343611.003531, -554.0
1575343611.378024, -554.0
1575343611.76042, -554.0
1575343612.092003, -554.0
1575343612.464124, -554.0
1575343612.832556, -554.0
1575343613.203769, -554.0
1575343613.57736, -554.0
1575343613.938212, -554.0
1575343614.302183, -554.0
1575343614.667885, -554.0
1575343615.034659, -554.0
1575343615.43851, -554.0
1575343615.810665, -554.0
1575343615.824553, -554.0
1575343616.186391, -554.0
1575343616.570395, -554.0
1575343616.957084, -554.0
1575343617.340106, -554.0
1575343617.720403, -554.0
1575343618.088775, -554.0
1575343618.436876, -554.0
1575343618.790307, -554.0
1575343619.184851, -554.0
1575343619.564354, -554.0
1575343619.953523, -554.0
1575343620.337373, -554.0
1575343620.731134, -554.0
1575343620.745649, -554.0
1575343620.760112, -554.0
1575343621.363343, -554.0
1575343621.742172, -554.0
1575343622.115515, -554.0
1575343622.51838, -554.0
1575343622.887495, -554.0
1575343622.90139, -554.0
1575343623.280342, -554.0
1575343623.64616, -554.0
1575343624.013261, -554.0
1575343624.377467, -554.0
1575343624.75751, -554.0
1575343625.113613, -554.0
1575343625.496964, -554.0
1575343625.886257, -554.0
1575343626.264903, -554.0
1575343626.636765, -554.0
1575343626.982597, -554.0
1575343626.9977, -554.0
1575343627.013191, -554.0
1575343627.028597, -554.0
1575343627.044164, -554.0
1575343627.059386, -554.0
1575343627.074948, -554.0
1575343627.090197, -554.0
1575343627.105771, -554.0
1575343627.121139, -554.0
1575343627.136468, -554.0
1575343627.151709, -554.0
1575343627.167163, -554.0
1575343627.182579, -554.0
1575343627.198026, -554.0
1575343627.213332, -554.0
1575343627.228884, -554.0
1575343627.244255, -554.0
1575343627.259709, -554.0
1575343627.27523, -554.0
1575343627.290754, -554.0
1575343627.306152, -554.0
1575343627.321633, -554.0
1575343627.336918, -554.0
1575343627.35247, -554.0
1575343627.367733, -554.0
1575343627.383331, -554.0
1575343627.398634, -554.0
1575343627.414074, -554.0
1575343627.429414, -554.0
1575343627.444209, -554.0
1575343627.458574, -554.0
1575343628.187803, -554.0
1575343628.691602, -554.0
1575343629.082389, -554.0
1575343629.430172, -554.0
1575343629.795552, -554.0
1575343630.170407, -554.0
1575343630.536352, -554.0
1575343630.924775, -554.0
1575343631.286883, -554.0
1575343631.670677, -554.0
1575343632.050489, -554.0
1575343632.43327, -554.0
1575343632.817221, -554.0
1575343633.193335, -554.0
1575343633.578658, -554.0
1575343633.955058, -554.0
1575343634.352721, -554.0
1575343634.724269, -554.0
1575343635.107521, -554.0
1575343635.49235, -554.0
1575343635.893132, -554.0
1575343636.270019, -554.0
1575343636.640927, -554.0
1575343636.991418, -554.0
1575343637.356123, -554.0
1575343637.706508, -554.0
1575343638.112609, -554.0
1575343638.469454, -554.0
1575343638.831814, -554.0
1575343639.212933, -554.0
1575343639.594059, -554.0
1575343639.96446, -554.0
1575343640.323986, -554.0
1575343640.68316, -554.0
1575343641.043024, -554.0
1575343641.415572, -554.0
1575343641.774771, -554.0
1575343562.383725, -561.0
1575343562.406777, -561.0
1575343562.420522, -561.0
1575343562.434228, -561.0
1575343562.780821, -561.0
1575343562.794553, -561.0
1575343562.808227, -561.0
1575343563.425409, -561.0
1575343563.761398, -561.0
1575343564.137459, -561.0
1575343564.750821, -561.0
1575343565.236322, -561.0
1575343565.250603, -561.0
1575343565.265838, -561.0
1575343565.28045, -561.0
1575343565.294961, -561.0
1575343565.309516, -561.0
1575343565.324173, -561.0
1575343565.338647, -561.0
1575343565.353969, -561.0
1575343565.753079, -561.0
1575343566.351823, -561.0
1575343566.867312, -561.0
1575343567.35398, -561.0
1575343567.880166, -561.0
1575343568.470705, -561.0
1575343568.959162, -561.0
1575343568.973597, -561.0
1575343568.988505, -561.0
1575343569.002934, -561.0
1575343569.017429, -561.0
1575343569.032467, -561.0
1575343569.048095, -561.0
1575343569.062716, -561.0
1575343569.078068, -561.0
1575343569.092589, -561.0
1575343569.652681, -561.0
1575343569.667169, -561.0
1575343570.117624, -561.0
1575343570.700952, -561.0
1575343571.434879, -561.0
1575343571.861367, -561.0
1575343571.875799, -561.0
1575343571.890782, -561.0
1575343571.906089, -561.0
1575343571.921137, -561.0
1575343571.936493, -561.0
1575343571.951328, -561.0
1575343571.965908, -561.0
1575343571.979693, -561.0
1575343572.374219, -561.0
1575343572.803958, -554.0
1575343573.199687, -554.0
1575343573.651062, -554.0
1575343574.076925, -554.0
1575343574.496667, -554.0
1575343575.077339, -554.0
1575343575.516185, -554.0
1575343575.529929, -554.0
1575343575.968556, -554.0
1575343576.430689, -554.0
1575343576.839479, -554.0
1575343577.441854, -554.0
1575343578.006149, -554.0
1575343578.503181, -554.0
1575343578.958639, -554.0
1575343579.450375, -554.0
1575343579.91815, -554.0
1575343580.343018, -554.0
1575343580.780366, -554.0
1575343581.201516, -554.0
1575343581.616518, -554.0
1575343582.019799, -554.0
1575343582.461983, -554.0
1575343583.024203, -554.0
1575343583.501912, -554.0
1575343583.991305, -554.0
1575343584.418151, -554.0
1575343584.959354, -554.0
1575343585.36811, -554.0
1575343585.766001, -554.0
1575343586.207303, -554.0
1575343586.847527, -554.0
1575343587.393173, -554.0
1575343587.407226, -554.0
1575343587.868512, -554.0
1575343588.370749, -554.0
1575343588.832666, -554.0
1575343589.242546, -554.0
1575343589.629526, -554.0
1575343590.065027, -554.0
1575343590.500887, -554.0
1575343590.928161, -554.0
1575343591.323698, -554.0
1575343591.79222, -554.0
1575343592.219206, -554.0
1575343592.743762, -554.0
1575343593.208849, -554.0
1575343593.624274, -554.0
1575343594.084912, -554.0
1575343594.497331, -554.0
1575343594.944828, -554.0
1575343595.453211, -554.0
1575343595.988709, -554.0
1575343596.535601, -554.0
1575343597.039905, -554.0
1575343597.47495, -554.0
1575343597.879704, -554.0
1575343598.296398, -554.0
1575343598.771768, -554.0
1575343599.247905, -554.0
1575343599.722403, -554.0
1575343600.123801, -554.0
1575343600.560225, -554.0
1575343600.996146, -554.0
1575343601.424376, -554.0
1575343601.888649, -554.0
1575343602.364791, -554.0
1575343602.7869, -554.0
1575343603.191988, -554.0
1575343603.587614, -554.0
1575343604.311656, -554.0
1575343604.880028, -554.0
1575343605.358703, -554.0
1575343605.372957, -554.0
1575343605.387468, -554.0
1575343605.401859, -554.0
1575343605.841075, -554.0
1575343606.293403, -554.0
1575343606.744844, -554.0
1575343607.233219, -554.0
1575343607.742642, -554.0
1575343608.16639, -554.0
1575343608.678643, -554.0
1575343609.134805, -554.0
1575343609.678663, -554.0
1575343610.17715, -554.0
1575343610.687918, -554.0
1575343611.121612, -554.0
1575343611.560921, -554.0
1575343611.983304, -554.0
1575343612.387889, -554.0
1575343612.830495, -554.0
1575343612.845057, -554.0
1575343612.860149, -554.0
1575343612.874232, -554.0
1575343612.888368, -554.0
1575343612.902398, -554.0
1575343612.916341, -554.0
1575343612.930575, -554.0
1575343612.944619, -554.0
1575343612.958845, -554.0
1575343612.972724, -554.0
1575343612.986774, -554.0
1575343613.000542, -554.0
1575343613.014465, -554.0
1575343613.028315, -554.0
1575343613.042907, -554.0
1575343613.057542, -554.0
1575343613.072136, -554.0
1575343613.086491, -554.0
1575343613.100701, -554.0
1575343613.670123, -554.0
1575343614.133719, -554.0
1575343614.585891, -554.0
1575343614.981836, -554.0
1575343615.439129, -554.0
1575343615.824724, -554.0
1575343616.252818, -554.0
1575343616.710622, -554.0
1575343617.142314, -554.0
1575343617.156678, -554.0
1575343617.1721, -554.0
1575343617.579015, -554.0
1575343618.011907, -554.0
1575343618.451548, -554.0
1575343618.982929, -554.0
1575343619.586693, -554.0
1575343619.959708, -554.0
1575343620.344372, -554.0
1575343620.748317, -554.0
1575343621.144348, -554.0
1575343621.566788, -554.0
1575343622.024702, -554.0
1575343622.479173, -554.0
1575343622.944121, -554.0
1575343623.385773, -554.0
1575343623.975641, -554.0
1575343624.525622, -554.0
1575343625.211211, -554.0
1575343625.704242, -554.0
1575343626.175957, -554.0
1575343626.655326, -554.0
1575343627.107253, -554.0
1575343627.121239, -554.0
1575343627.662073, -554.0
1575343628.160205, -554.0
1575343628.175273, -554.0
1575343628.189973, -554.0
1575343629.208007, -554.0
1575343629.222418, -554.0
1575343629.662881, -554.0
1575343630.263965, -554.0
1575343630.278202, -554.0
1575343630.293114, -554.0
1575343630.30748, -554.0
1575343630.869722, -554.0
1575343631.331893, -554.0
1575343631.76581, -554.0
1575343632.202849, -554.0
1575343632.217081, -554.0
1575343632.231344, -554.0
1575343632.729989, -554.0
1575343632.744164, -554.0
1575343632.758152, -554.0
1575343632.772454, -554.0
1575343633.33098, -554.0
1575343633.345167, -554.0
1575343633.359896, -554.0
1575343633.374818, -554.0
1575343633.389262, -554.0
1575343633.892909, -554.0
1575343634.349439, -554.0
1575343634.841502, -554.0
1575343634.855521, -554.0
1575343634.869344, -554.0
1575343635.376465, -554.0
1575343635.390471, -554.0
1575343635.404609, -554.0
1575343635.41891, -554.0
1575343635.901343, -554.0
1575343636.299192, -554.0
1575343636.313125, -554.0
1575343636.722711, -554.0
1575343637.218959, -554.0
1575343637.233286, -554.0
1575343637.807991, -554.0
1575343638.349714, -554.0
1575343638.879884, -554.0
1575343639.309641, -554.0
1575343639.323679, -554.0
1575343639.338052, -554.0
1575343639.353418, -554.0
1575343639.813645, -554.0
1575343640.24825, -554.0
1575343640.684196, -554.0
1575343641.13072, -554.0
1575343641.576289, -554.0
1575343642.010296, -554.0
1575343642.418602, -554.0
1575343562.39198, -561.0
1575343562.415132, -561.0
1575343562.429244, -561.0
1575343562.443284, -561.0
1575343562.81058, -561.0
1575343562.824393, -561.0
1575343563.197781, -561.0
1575343563.532816, -561.0
1575343563.904342, -561.0
1575343564.280587, -561.0
1575343564.655093, -561.0
1575343565.013871, -561.0
1575343565.027499, -561.0
1575343565.367819, -561.0
1575343565.731676, -561.0
1575343566.097469, -561.0
1575343566.111282, -561.0
1575343566.481879, -561.0
1575343566.878668, -561.0
1575343566.892289, -561.0
1575343567.258604, -561.0
1575343567.593939, -561.0
1575343567.960777, -561.0
1575343568.342078, -561.0
1575343568.698698, -561.0
1575343569.077136, -561.0
1575343569.4269, -561.0
1575343569.829379, -561.0
1575343570.192514, -561.0
1575343570.612833, -561.0
1575343571.013702, -561.0
1575343571.375411, -561.0
1575343571.733638, -561.0
1575343572.12145, -561.0
1575343572.47131, -561.0
1575343572.48517, -561.0
1575343572.499367, -561.0
1575343572.513635, -561.0
1575343572.528202, -561.0
1575343572.542481, -561.0
1575343572.556713, -561.0
1575343572.571338, -561.0
1575343572.585507, -561.0
1575343572.599957, -561.0
1575343572.614239, -561.0
1575343572.627915, -561.0
1575343572.976887, -554.0
1575343573.376612, -554.0
1575343573.390276, -554.0
1575343573.404082, -554.0
1575343573.417723, -554.0
1575343573.784593, -554.0
1575343573.798483, -554.0
1575343574.206704, -554.0
1575343574.220516, -554.0
1575343574.234298, -554.0
1575343574.610457, -554.0
1575343574.624347, -554.0
1575343575.016083, -554.0
1575343575.030008, -554.0
1575343575.387166, -554.0
1575343575.764442, -554.0
1575343575.778214, -554.0
1575343575.792053, -554.0
1575343575.805686, -554.0
1575343576.22065, -554.0
1575343576.651768, -554.0
1575343577.04958, -554.0
1575343577.421177, -554.0
1575343577.435067, -554.0
1575343577.835229, -554.0
1575343578.199225, -554.0
1575343578.213112, -554.0
1575343578.586366, -554.0
1575343578.954587, -554.0
1575343579.331247, -554.0
1575343579.722974, -554.0
1575343580.110459, -554.0
1575343580.508772, -554.0
1575343580.52261, -554.0
1575343580.895976, -554.0
1575343581.257494, -554.0
1575343581.623455, -554.0
1575343581.637207, -554.0
1575343582.028501, -554.0
1575343582.395231, -554.0
1575343582.776386, -554.0
1575343583.141334, -554.0
1575343583.504908, -554.0
1575343583.518442, -554.0
1575343583.532123, -554.0
1575343583.545668, -554.0
1575343583.559475, -554.0
1575343583.963809, -554.0
1575343584.510793, -554.0
1575343584.883484, -554.0
1575343585.224321, -554.0
1575343585.238063, -554.0
1575343585.602791, -554.0
1575343585.61654, -554.0
1575343585.995422, -554.0
1575343586.349285, -554.0
1575343586.712055, -554.0
1575343587.084036, -554.0
1575343587.445835, -554.0
1575343587.459554, -554.0
1575343587.473361, -554.0
1575343587.486902, -554.0
1575343587.854828, -554.0
1575343588.247173, -554.0
1575343588.260966, -554.0
1575343588.274717, -554.0
1575343588.288312, -554.0
1575343588.301897, -554.0
1575343588.315709, -554.0
1575343588.32943, -554.0
1575343588.343241, -554.0
1575343588.743081, -554.0
1575343588.756948, -554.0
1575343589.141618, -554.0
1575343589.487919, -554.0
1575343589.861124, -554.0
1575343590.220829, -554.0
1575343590.599778, -554.0
1575343590.982703, -554.0
1575343591.359166, -554.0
1575343591.716152, -554.0
1575343592.084704, -554.0
1575343592.450319, -554.0
1575343592.817559, -554.0
1575343593.214662, -554.0
1575343593.228298, -554.0
1575343593.242047, -554.0
1575343593.255716, -554.0
1575343593.649935, -554.0
1575343594.041421, -554.0
1575343594.05526, -554.0
1575343594.069072, -554.0
1575343594.082678, -554.0
1575343594.096354, -554.0
1575343594.110204, -554.0
1575343594.123786, -554.0
1575343594.13767, -554.0
1575343594.151356, -554.0
1575343594.165197, -554.0
1575343594.178808, -554.0
1575343594.583084, -554.0
1575343594.977007, -554.0
1575343595.352555, -554.0
1575343595.366407, -554.0
1575343595.725399, -554.0
1575343595.739266, -554.0
1575343596.12014, -554.0
1575343596.483097, -554.0
1575343596.496921, -554.0
1575343596.511311, -554.0
1575343596.524911, -554.0
1575343596.538481, -554.0
1575343596.908276, -554.0
1575343597.260844, -554.0
1575343597.655162, -554.0
1575343598.014036, -554.0
1575343598.027896, -554.0
1575343598.041672, -554.0
1575343598.05534, -554.0
1575343598.4281, -554.0
1575343598.805518, -554.0
1575343598.819212, -554.0
1575343599.207585, -554.0
1575343599.563763, -554.0
1575343599.577613, -554.0
1575343599.958116, -554.0
1575343600.364348, -554.0
1575343600.743544, -554.0
1575343601.134271, -554.0
1575343601.532724, -554.0
1575343601.546621, -554.0
1575343601.936909, -554.0
1575343602.307891, -554.0
1575343602.322848, -554.0
1575343602.337858, -554.0
1575343602.352602, -554.0
1575343602.367311, -554.0
1575343602.382153, -554.0
1575343602.397351, -554.0
1575343602.412133, -554.0
1575343602.426954, -554.0
1575343602.441671, -554.0
1575343602.456414, -554.0
1575343602.471566, -554.0
1575343602.486203, -554.0
1575343602.501208, -554.0
1575343602.515989, -554.0
1575343602.53091, -554.0
1575343602.54568, -554.0
1575343602.560612, -554.0
1575343602.575278, -554.0
1575343602.590282, -554.0
1575343602.605526, -554.0
1575343602.620669, -554.0
1575343602.635532, -554.0
1575343602.650451, -554.0
1575343602.665295, -554.0
1575343602.680853, -554.0
1575343602.695633, -554.0
1575343602.71064, -554.0
1575343602.725408, -554.0
1575343602.740648, -554.0
1575343602.754559, -554.0
1575343602.769145, -554.0
1575343602.783194, -554.0
1575343602.796973, -554.0
1575343603.275427, -554.0
1575343603.67627, -554.0
1575343604.027596, -554.0
1575343604.386914, -554.0
1575343604.40075, -554.0
1575343604.774126, -554.0
1575343605.13926, -554.0
1575343605.54042, -554.0
1575343605.554285, -554.0
1575343605.942343, -554.0
1575343606.285672, -554.0
1575343606.658045, -554.0
1575343606.998893, -554.0
1575343607.404535, -554.0
1575343607.772402, -554.0
1575343608.140601, -554.0
1575343608.500119, -554.0
1575343608.513932, -554.0
1575343608.851163, -554.0
1575343609.20718, -554.0
1575343609.558681, -554.0
1575343609.949368, -554.0
1575343610.30976, -554.0
1575343610.685487, -554.0
1575343611.054803, -554.0
1575343611.426811, -554.0
1575343611.812119, -554.0
1575343612.200904, -554.0
1575343612.641533, -554.0
1575343613.155009, -554.0
1575343613.76312, -554.0
1575343614.293041, -554.0
1575343614.685994, -554.0
1575343615.129718, -554.0
1575343615.546513, -554.0
1575343615.56072, -554.0
1575343616.017632, -554.0
1575343616.457255, -554.0
1575343562.412593, -561.0
1575343562.426702, -561.0
1575343562.440399, -561.0
1575343562.453944, -561.0
1575343562.828775, -561.0
1575343562.842626, -561.0
1575343562.856237, -561.0
1575343562.870026, -561.0
1575343563.255683, -561.0
1575343563.269426, -561.0
1575343563.283045, -561.0
1575343563.297226, -561.0
1575343563.310854, -561.0
1575343563.67995, -561.0
1575343563.693876, -561.0
1575343563.707589, -561.0
1575343563.72126, -561.0
1575343564.086697, -561.0
1575343564.100559, -561.0
1575343564.114456, -561.0
1575343564.495602, -561.0
1575343564.509557, -561.0
1575343564.523327, -561.0
1575343564.537028, -561.0
1575343564.920617, -561.0
1575343564.934526, -561.0
1575343564.94866, -561.0
1575343564.963637, -561.0
1575343564.978029, -561.0
1575343564.992567, -561.0
1575343565.006495, -561.0
1575343565.020575, -561.0
1575343565.034157, -561.0
1575343565.047799, -561.0
1575343565.061294, -561.0
1575343565.074891, -561.0
1575343565.088338, -561.0
1575343565.101913, -561.0
1575343565.115385, -561.0
1575343565.128747, -561.0
1575343565.142456, -561.0
1575343565.155981, -561.0
1575343565.169658, -561.0
1575343565.183038, -561.0
1575343565.19668, -561.0
1575343565.210098, -561.0
1575343565.224101, -561.0
1575343565.238492, -561.0
1575343566.09365, -561.0
1575343566.474399, -561.0
1575343566.964976, -561.0
1575343566.978931, -561.0
1575343566.993026, -561.0
1575343567.007135, -561.0
1575343567.022633, -561.0
1575343567.037956, -561.0
1575343567.753711, -561.0
1575343567.767598, -561.0
1575343568.156954, -561.0
1575343568.170879, -561.0
1575343568.184697, -561.0
1575343568.198691, -561.0
1575343568.214148, -561.0
1575343568.228159, -561.0
1575343568.241832, -561.0
1575343568.256042, -561.0
1575343568.269679, -561.0
1575343568.676822, -561.0
1575343569.067267, -561.0
1575343569.081155, -561.0
1575343569.094814, -561.0
1575343569.108771, -561.0
1575343569.122529, -561.0
1575343569.547447, -561.0
1575343569.561477, -561.0
1575343569.961783, -561.0
1575343570.352243, -561.0
1575343570.735754, -561.0
1575343570.749573, -561.0
1575343570.763207, -561.0
1575343570.777116, -561.0
1575343571.171299, -561.0
1575343571.561672, -561.0
1575343571.995646, -561.0
1575343572.36058, -561.0
1575343572.767359, -561.0
1575343573.137549, -554.0
1575343573.518992, -554.0
1575343573.916738, -554.0
1575343574.289022, -554.0
1575343574.727093, -554.0
1575343575.123606, -554.0
1575343575.486564, -554.0
1575343575.856332, -554.0
1575343576.286461, -554.0
1575343576.676935, -554.0
1575343577.075727, -554.0
1575343577.440071, -554.0
1575343577.850733, -554.0
1575343578.273396, -554.0
1575343578.67122, -554.0
1575343579.047935, -554.0
1575343579.417009, -554.0
1575343579.7981, -554.0
1575343580.17072, -554.0
1575343580.57249, -554.0
1575343581.023085, -554.0
1575343581.811295, -554.0
1575343582.218495, -554.0
1575343582.65816, -554.0
1575343583.087009, -554.0
1575343583.463341, -554.0
1575343583.848686, -554.0
1575343584.236595, -554.0
1575343584.63943, -554.0
1575343585.042206, -554.0
1575343585.420134, -554.0
1575343585.805375, -554.0
1575343586.173278, -554.0
1575343586.546482, -554.0
1575343586.560337, -554.0
1575343586.964111, -554.0
1575343587.346258, -554.0
1575343587.742793, -554.0
1575343588.147377, -554.0
1575343588.539933, -554.0
1575343588.93225, -554.0
1575343589.33155, -554.0
1575343589.72568, -554.0
1575343590.074403, -554.0
1575343590.481063, -554.0
1575343590.888893, -554.0
1575343591.269998, -554.0
1575343591.653333, -554.0
1575343592.03358, -554.0
1575343592.437, -554.0
1575343592.450923, -554.0
1575343592.819573, -554.0
1575343593.217262, -554.0
1575343593.589744, -554.0
1575343593.98303, -554.0
1575343594.402202, -554.0
1575343594.766767, -554.0
1575343595.165642, -554.0
1575343595.557482, -554.0
1575343595.960376, -554.0
1575343596.326062, -554.0
1575343596.701786, -554.0
1575343597.073056, -554.0
1575343597.454887, -554.0
1575343597.846569, -554.0
1575343598.310797, -554.0
1575343598.715732, -554.0
1575343599.110466, -554.0
1575343599.482977, -554.0
1575343599.834825, -554.0
1575343600.249553, -554.0
1575343600.602041, -554.0
1575343600.982682, -554.0
1575343601.371047, -554.0
1575343601.766408, -554.0
1575343602.169264, -554.0
1575343602.579659, -554.0
1575343603.002773, -554.0
1575343603.375844, -554.0
1575343603.753342, -554.0
1575343604.146096, -554.0
1575343604.645648, -554.0
1575343605.073988, -554.0
1575343605.087937, -554.0
1575343605.457633, -554.0
1575343605.833884, -554.0
1575343606.275728, -554.0
1575343606.71289, -554.0
1575343607.089747, -554.0
1575343607.103619, -554.0
1575343607.117369, -554.0
1575343607.567951, -554.0
1575343608.077963, -554.0
1575343608.481935, -554.0
1575343608.857715, -554.0
1575343609.362154, -554.0
1575343609.838601, -554.0
1575343610.263782, -554.0
1575343610.694086, -554.0
1575343610.708265, -554.0
1575343611.312858, -554.0
1575343611.733602, -554.0
1575343611.747781, -554.0
1575343612.30421, -554.0
1575343612.318249, -554.0
1575343612.711999, -554.0
1575343612.725945, -554.0
1575343613.112108, -554.0
1575343613.507028, -554.0
1575343613.8721, -554.0
1575343614.264083, -554.0
1575343614.609779, -554.0
1575343614.974058, -554.0
1575343615.385019, -554.0
1575343615.810598, -554.0
1575343616.19445, -554.0
1575343616.592529, -554.0
1575343616.982105, -554.0
1575343617.347705, -554.0
1575343617.717262, -554.0
1575343618.105474, -554.0
1575343618.491808, -554.0
1575343618.864741, -554.0
1575343619.274701, -554.0
1575343619.644359, -554.0
1575343620.040516, -554.0
1575343620.397937, -554.0
1575343620.778635, -554.0
1575343621.206097, -554.0
1575343621.610051, -554.0
1575343622.020809, -554.0
1575343622.373989, -554.0
1575343622.749352, -554.0
1575343623.117888, -554.0
1575343623.508085, -554.0
1575343623.89633, -554.0
1575343624.262071, -554.0
1575343624.276942, -554.0
1575343624.291975, -554.0
1575343624.715259, -554.0
1575343625.134749, -554.0
1575343625.563809, -554.0
1575343625.99951, -554.0
1575343626.382777, -554.0
1575343626.807997, -554.0
1575343627.23858, -554.0
1575343627.615547, -554.0
1575343628.174829, -554.0
1575343628.188964, -554.0
1575343628.203325, -554.0
1575343628.218086, -554.0
1575343628.232963, -554.0
1575343628.247761, -554.0
1575343628.263083, -554.0
1575343628.277943, -554.0
1575343628.293281, -554.0
1575343628.308201, -554.0
1575343628.323365, -554.0
1575343628.338246, -554.0
1575343628.353396, -554.0
1575343628.368282, -554.0
1575343628.383327, -554.0
1575343628.398204, -554.0
1575343628.413264, -554.0
1575343616.86327, -554.0
1575343616.877101, -554.0
1575343617.40448, -554.0
1575343617.418374, -554.0
1575343617.811913, -554.0
1575343617.825791, -554.0
1575343618.2027, -554.0
1575343618.217718, -554.0
1575343618.231448, -554.0
1575343618.244922, -554.0
1575343618.258523, -554.0
1575343618.273015, -554.0
1575343618.654778, -554.0
1575343619.006529, -554.0
1575343619.020451, -554.0
1575343619.034941, -554.0
1575343619.04992, -554.0
1575343619.063693, -554.0
1575343619.418939, -554.0
1575343619.777894, -554.0
1575343620.174733, -554.0
1575343620.567101, -554.0
1575343620.958557, -554.0
1575343621.313498, -554.0
1575343621.32742, -554.0
1575343621.70411, -554.0
1575343622.089874, -554.0
1575343622.499083, -554.0
1575343622.862731, -554.0
1575343622.876544, -554.0
1575343623.278081, -554.0
1575343623.664246, -554.0
1575343623.678115, -554.0
1575343624.056284, -554.0
1575343624.446971, -554.0
1575343624.839318, -554.0
1575343625.214667, -554.0
1575343625.598467, -554.0
1575343626.006732, -554.0
1575343626.391556, -554.0
1575343626.771974, -554.0
1575343627.132196, -554.0
1575343627.515087, -554.0
1575343627.903878, -554.0
1575343628.260272, -554.0
1575343628.629164, -554.0
1575343628.992034, -554.0
1575343629.38102, -554.0
1575343629.765893, -554.0
1575343629.779789, -554.0
1575343629.793565, -554.0
1575343629.807207, -554.0
1575343629.820727, -554.0
1575343629.834456, -554.0
1575343629.84859, -554.0
1575343629.86335, -554.0
1575343629.876951, -554.0
1575343630.26411, -554.0
1575343630.632576, -554.0
1575343630.986758, -554.0
1575343631.339472, -554.0
1575343631.720764, -554.0
1575343632.093116, -554.0
1575343632.467874, -554.0
1575343632.48146, -554.0
1575343632.495239, -554.0
1575343632.508767, -554.0
1575343632.522569, -554.0
1575343632.53622, -554.0
1575343632.939832, -554.0
1575343633.301604, -554.0
1575343633.655002, -554.0
1575343634.032858, -554.0
1575343634.424016, -554.0
1575343634.791495, -554.0
1575343635.173491, -554.0
1575343635.18724, -554.0
1575343635.525592, -554.0
1575343635.539274, -554.0
1575343635.553025, -554.0
1575343635.566533, -554.0
1575343635.580385, -554.0
1575343635.938548, -554.0
1575343636.31752, -554.0
1575343636.667917, -554.0
1575343637.022025, -554.0
1575343637.401051, -554.0
1575343637.751418, -554.0
1575343638.158107, -554.0
1575343638.519249, -554.0
1575343638.888101, -554.0
1575343639.276405, -554.0
1575343639.661107, -554.0
1575343640.028408, -554.0
1575343640.38628, -554.0
1575343640.400079, -554.0
1575343640.904924, -554.0
1575343640.919821, -554.0
1575343641.370349, -554.0
1575343641.384221, -554.0
1575343641.76131, -554.0
1575343642.15347, -554.0
1575343642.167503, -554.0
1575343642.533549, -554.0
1575343642.949767, -554.0
1575343642.963507, -554.0
1575343642.977223, -554.0
1575343642.990881, -554.0
1575343643.349215, -554.0
1575343643.363037, -554.0
1575343643.757918, -554.0
1575343644.124237, -554.0
1575343644.496661, -554.0
1575343644.92129, -554.0
1575343645.301504, -554.0
1575343645.315309, -554.0
1575343645.667984, -554.0
1575343645.68177, -554.0
1575343646.073103, -554.0
1575343646.445133, -554.0
1575343646.458978, -554.0
1575343646.84531, -554.0
1575343646.858981, -554.0
1575343647.232831, -554.0
1575343647.605107, -554.0
1575343647.976587, -554.0
1575343648.392114, -554.0
1575343648.772915, -554.0
1575343649.110444, -554.0
1575343649.477456, -554.0
1575343649.863019, -554.0
1575343650.257095, -554.0
1575343650.629497, -554.0
1575343651.029068, -554.0
1575343651.415379, -554.0
1575343651.811753, -554.0
1575343652.193767, -554.0
1575343652.56077, -554.0
1575343652.938784, -554.0
1575343653.291327, -554.0
1575343653.661974, -554.0
1575343654.052389, -554.0
1575343654.428682, -554.0
1575343654.776118, -554.0
1575343655.150986, -554.0
1575343655.540255, -554.0
1575343655.92516, -554.0
1575343656.320546, -554.0
1575343656.682036, -554.0
1575343656.695786, -554.0
1575343657.067035, -554.0
1575343657.408598, -554.0
1575343657.79891, -554.0
1575343658.17616, -554.0
1575343658.189986, -554.0
1575343658.571338, -554.0
1575343658.943965, -554.0
1575343659.291882, -554.0
1575343659.655165, -554.0
1575343659.669033, -554.0
1575343659.682611, -554.0
1575343659.696155, -554.0
1575343660.087875, -554.0
1575343660.478236, -554.0
1575343660.852245, -554.0
1575343661.220751, -554.0
1575343661.616956, -554.0
1575343662.004026, -554.0
1575343662.379628, -554.0
1575343662.761252, -554.0
1575343663.143981, -554.0
1575343663.52028, -554.0
1575343663.902373, -554.0
1575343664.275707, -554.0
1575343664.643899, -554.0
1575343665.026623, -554.0
1575343665.403646, -554.0
1575343665.793673, -554.0
1575343666.173903, -554.0
1575343666.571239, -554.0
1575343666.937506, -554.0
1575343667.310488, -554.0
1575343667.683496, -554.0
1575343668.019636, -554.0
1575343668.44884, -554.0
1575343668.827516, -554.0
1575343669.200964, -554.0
1575343669.612534, -554.0
1575343669.989234, -554.0
1575343670.370272, -554.0
1575343670.762951, -554.0
1575343671.140312, -554.0
1575343671.52956, -554.0
1575343671.930589, -554.0
1575343672.336017, -554.0
1575343672.674734, -554.0
1575343673.082894, -554.0
1575343673.494318, -554.0
1575343673.869714, -554.0
1575343674.231942, -554.0
1575343674.589389, -554.0
1575343674.947678, -554.0
1575343675.329969, -554.0
1575343675.703478, -554.0
1575343676.079279, -554.0
1575343676.569013, -554.0
1575343677.071466, -554.0
1575343677.085782, -554.0
1575343677.497648, -554.0
1575343677.511599, -554.0
1575343678.001062, -554.0
1575343678.444805, -554.0
1575343678.872587, -554.0
1575343679.289383, -554.0
1575343679.697045, -554.0
1575343680.06667, -554.0
1575343680.465404, -554.0
1575343680.851553, -554.0
1575343681.218242, -554.0
1575343681.604413, -554.0
1575343681.953223, -554.0
1575343682.338782, -554.0
1575343682.708224, -554.0
1575343683.081064, -554.0
1575343683.434227, -554.0
1575343683.807001, -554.0
1575343684.187871, -554.0
1575343684.58861, -554.0
1575343684.98715, -554.0
1575343685.36826, -554.0
1575343685.764669, -554.0
1575343686.155426, -554.0
1575343686.573638, -554.0
1575343686.984984, -554.0
1575343687.383397, -554.0
1575343688.006639, -554.0
1575343688.475493, -554.0
1575343688.489433, -554.0
1575343689.206535, -554.0
1575343689.220724, -554.0
1575343689.234804, -554.0
1575343689.873696, -554.0
1575343690.341123, -554.0
1575343690.355364, -554.0
1575343691.087655, -554.0
1575343692.037812, -554.0
1575343692.576949, -554.0
1575343693.028689, -554.0
1575343693.495562, -554.0
1575343693.510929, -554.0
1575343628.444104, -554.0
1575343628.457757, -554.0
1575343628.471582, -554.0
1575343628.485155, -554.0
1575343628.499001, -554.0
1575343628.512718, -554.0
1575343628.914309, -554.0
1575343629.291379, -554.0
1575343629.689812, -554.0
1575343630.075088, -554.0
1575343630.088973, -554.0
1575343630.102795, -554.0
1575343630.474302, -554.0
1575343630.856834, -554.0
1575343631.219818, -554.0
1575343631.610326, -554.0
1575343631.983656, -554.0
1575343632.343971, -554.0
1575343632.713981, -554.0
1575343633.078078, -554.0
1575343633.460606, -554.0
1575343633.828559, -554.0
1575343634.222771, -554.0
1575343634.624096, -554.0
1575343635.009004, -554.0
1575343635.385136, -554.0
1575343635.750325, -554.0
1575343636.120947, -554.0
1575343636.468413, -554.0
1575343636.811073, -554.0
1575343637.168402, -554.0
1575343637.543199, -554.0
1575343637.893798, -554.0
1575343638.250175, -554.0
1575343638.629262, -554.0
1575343639.007035, -554.0
1575343639.384562, -554.0
1575343639.751062, -554.0
1575343640.134191, -554.0
1575343640.492095, -554.0
1575343640.878035, -554.0
1575343641.25062, -554.0
1575343641.60954, -554.0
1575343641.982196, -554.0
1575343642.368086, -554.0
1575343642.748153, -554.0
1575343643.114496, -554.0
1575343643.483094, -554.0
1575343643.866498, -554.0
1575343644.251652, -554.0
1575343644.597196, -554.0
1575343644.947951, -554.0
1575343645.28397, -554.0
1575343645.653242, -554.0
1575343646.036109, -554.0
1575343646.387436, -554.0
1575343646.746371, -554.0
1575343647.152441, -554.0
1575343647.5113, -554.0
1575343647.873784, -554.0
1575343648.24286, -554.0
1575343648.256566, -554.0
1575343648.636835, -554.0
1575343649.006479, -554.0
1575343649.398309, -554.0
1575343649.749646, -554.0
1575343650.124027, -554.0
1575343650.492538, -554.0
1575343650.861383, -554.0
1575343651.230502, -554.0
1575343651.578344, -554.0
1575343651.93282, -554.0
1575343652.320634, -554.0
1575343652.702948, -554.0
1575343653.056778, -554.0
1575343653.431701, -554.0
1575343653.794713, -554.0
1575343654.169317, -554.0
1575343654.526922, -554.0
1575343654.916923, -554.0
1575343655.278329, -554.0
1575343655.649299, -554.0
1575343656.023766, -554.0
1575343656.389347, -554.0
1575343656.765054, -554.0
1575343657.129081, -554.0
1575343657.511636, -554.0
1575343657.873395, -554.0
1575343658.239671, -554.0
1575343658.61655, -554.0
1575343658.964756, -554.0
1575343659.313873, -554.0
1575343659.68037, -554.0
1575343660.056963, -554.0
1575343660.416304, -554.0
1575343660.796331, -554.0
1575343661.163769, -554.0
1575343661.530995, -554.0
1575343661.899471, -554.0
1575343662.271971, -554.0
1575343662.63887, -554.0
1575343663.006429, -554.0
1575343663.360956, -554.0
1575343663.747876, -554.0
1575343664.121798, -554.0
1575343664.491523, -554.0
1575343664.869825, -554.0
1575343665.235264, -554.0
1575343665.62454, -554.0
1575343665.971386, -554.0
1575343666.352805, -554.0
1575343666.686887, -554.0
1575343667.039809, -554.0
1575343667.425647, -554.0
1575343667.799043, -554.0
1575343668.182451, -554.0
1575343668.550403, -554.0
1575343668.943764, -554.0
1575343669.303515, -554.0
1575343669.683187, -554.0
1575343670.070185, -554.0
1575343670.434564, -554.0
1575343670.801125, -554.0
1575343671.182873, -554.0
1575343671.530793, -554.0
1575343671.898155, -554.0
1575343672.285496, -554.0
1575343672.668317, -554.0
1575343673.044928, -554.0
1575343673.407486, -554.0
1575343673.769741, -554.0
1575343674.159754, -554.0
1575343674.506244, -554.0
1575343674.873804, -554.0
1575343675.254969, -554.0
1575343675.613072, -554.0
1575343675.999267, -554.0
1575343676.392593, -554.0
1575343676.761769, -554.0
1575343677.106879, -554.0
1575343677.473469, -554.0
1575343677.839662, -554.0
1575343678.189079, -554.0
1575343678.5361, -554.0
1575343678.868639, -554.0
1575343679.246017, -554.0
1575343679.608749, -554.0
1575343679.981388, -554.0
1575343680.350812, -554.0
1575343680.731433, -554.0
1575343681.097569, -554.0
1575343681.460473, -554.0
1575343681.841783, -554.0
1575343682.217813, -554.0
1575343682.589269, -554.0
1575343682.96742, -554.0
1575343683.328416, -554.0
1575343683.704688, -554.0
1575343684.026492, -554.0
1575343684.394624, -554.0
1575343684.752844, -554.0
1575343685.108539, -554.0
1575343685.486918, -554.0
1575343685.836501, -554.0
1575343686.191572, -554.0
1575343686.544296, -554.0
1575343686.933598, -554.0
1575343687.299097, -554.0
1575343687.668702, -554.0
1575343688.028783, -554.0
1575343688.425397, -554.0
1575343688.81594, -554.0
1575343689.198416, -554.0
1575343689.557313, -554.0
1575343689.921176, -554.0
1575343690.324799, -554.0
1575343690.677241, -554.0
1575343691.059129, -554.0
1575343691.423091, -554.0
1575343691.817684, -554.0
1575343692.191811, -554.0
1575343692.561598, -554.0
1575343692.905951, -554.0
1575343693.267954, -554.0
1575343693.639466, -554.0
1575343694.030391, -554.0
1575343694.401607, -554.0
1575343694.759372, -554.0
1575343695.100355, -554.0
1575343695.475181, -554.0
1575343695.848978, -554.0
1575343696.211829, -554.0
1575343696.571128, -554.0
1575343696.937804, -554.0
1575343697.299706, -554.0
1575343697.663516, -554.0
1575343698.016853, -554.0
1575343698.386651, -554.0
1575343698.74908, -554.0
1575343699.109528, -554.0
1575343699.471018, -554.0
1575343699.839624, -554.0
1575343700.208084, -554.0
1575343700.577207, -554.0
1575343700.946658, -554.0
1575343701.3158, -554.0
1575343701.707188, -554.0
1575343702.056648, -554.0
1575343702.440367, -554.0
1575343702.799719, -554.0
1575343703.159352, -554.0
1575343703.526509, -554.0
1575343703.902669, -554.0
1575343704.249187, -554.0
1575343704.615496, -554.0
1575343704.997185, -554.0
1575343705.381223, -554.0
1575343705.754272, -554.0
1575343706.159538, -554.0
1575343706.535011, -554.0
1575343706.890838, -554.0
1575343707.238239, -554.0
1575343707.603774, -554.0
1575343707.617602, -554.0
1575343707.986265, -554.0
1575343708.34859, -554.0
1575343708.711816, -554.0
1575343709.083101, -554.0
1575343709.465602, -554.0
1575343709.833471, -554.0
1575343710.169649, -554.0
1575343710.503857, -554.0
1575343710.838018, -554.0
1575343711.199768, -554.0
1575343711.551787, -554.0
1575343711.921133, -554.0
1575343712.2605, -554.0
1575343712.606622, -554.0
1575343712.936026, -554.0
1575343713.286283, -554.0
1575343713.640063, -554.0
1575343714.00988, -554.0
1575343714.390062, -554.0
1575343714.741199, -554.0
1575343715.107297, -554.0
1575343715.467463, -554.0
1575343715.829579, -554.0
1575343716.213911, -554.0
1575343716.579999, -554.0
1575343716.938937, -554.0
1575343642.14365, -554.0
1575343642.157395, -554.0
1575343642.17113, -554.0
1575343642.184699, -554.0
1575343642.198302, -554.0
1575343642.212183, -554.0
1575343642.225849, -554.0
1575343642.239708, -554.0
1575343642.253431, -554.0
1575343642.26724, -554.0
1575343642.281066, -554.0
1575343642.294996, -554.0
1575343642.308753, -554.0
1575343642.322584, -554.0
1575343642.336316, -554.0
1575343642.350057, -554.0
1575343642.36396, -554.0
1575343642.377619, -554.0
1575343642.39153, -554.0
1575343642.405202, -554.0
1575343642.419184, -554.0
1575343642.433231, -554.0
1575343642.44726, -554.0
1575343642.460903, -554.0
1575343642.474564, -554.0
1575343642.488628, -554.0
1575343642.502407, -554.0
1575343642.515994, -554.0
1575343642.529858, -554.0
1575343642.543562, -554.0
1575343642.557375, -554.0
1575343642.570997, -554.0
1575343642.584685, -554.0
1575343642.59827, -554.0
1575343643.000656, -554.0
1575343643.014542, -554.0
1575343643.028399, -554.0
1575343643.042351, -554.0
1575343643.056043, -554.0
1575343643.069828, -554.0
1575343643.083452, -554.0
1575343643.097125, -554.0
1575343643.111044, -554.0
1575343643.124768, -554.0
1575343643.138581, -554.0
1575343643.152254, -554.0
1575343643.166112, -554.0
1575343643.17976, -554.0
1575343643.193583, -554.0
1575343643.207994, -554.0
1575343643.223269, -554.0
1575343643.237233, -554.0
1575343643.250869, -554.0
1575343643.264944, -554.0
1575343643.279894, -554.0
1575343643.671061, -554.0
1575343643.684942, -554.0
1575343643.69869, -554.0
1575343643.712338, -554.0
1575343643.726012, -554.0
1575343643.739846, -554.0
1575343643.753507, -554.0
1575343643.767215, -554.0
1575343643.782056, -554.0
1575343643.796353, -554.0
1575343643.810007, -554.0
1575343643.823845, -554.0
1575343643.837456, -554.0
1575343644.213409, -554.0
1575343644.227261, -554.0
1575343644.591721, -554.0
1575343644.60539, -554.0
1575343644.619193, -554.0
1575343644.632813, -554.0
1575343644.646539, -554.0
1575343644.660367, -554.0
1575343644.673966, -554.0
1575343644.687781, -554.0
1575343644.701442, -554.0
1575343644.715331, -554.0
1575343644.728959, -554.0
1575343644.742661, -554.0
1575343644.756379, -554.0
1575343644.770044, -554.0
1575343644.783948, -554.0
1575343644.797517, -554.0
1575343644.811345, -554.0
1575343644.824938, -554.0
1575343645.211458, -554.0
1575343645.575464, -554.0
1575343645.971215, -554.0
1575343646.354088, -554.0
1575343646.367819, -554.0
1575343646.381614, -554.0
1575343646.792619, -554.0
1575343646.806433, -554.0
1575343647.214436, -554.0
1575343647.22832, -554.0
1575343647.242028, -554.0
1575343647.689412, -554.0
1575343647.703475, -554.0
1575343647.717521, -554.0
1575343648.211058, -554.0
1575343648.224886, -554.0
1575343648.239258, -554.0
1575343648.253584, -554.0
1575343648.268795, -554.0
1575343648.283415, -554.0
1575343648.782702, -554.0
1575343648.79697, -554.0
1575343648.811012, -554.0
1575343648.824698, -554.0
1575343648.838554, -554.0
1575343648.852373, -554.0
1575343648.866276, -554.0
1575343648.880165, -554.0
1575343648.89448, -554.0
1575343648.908531, -554.0
1575343648.922434, -554.0
1575343649.333541, -554.0
1575343649.694242, -554.0
1575343650.06448, -554.0
1575343650.478249, -554.0
1575343650.909129, -554.0
1575343651.488884, -554.0
1575343651.925089, -554.0
1575343652.714381, -554.0
1575343653.163506, -554.0
1575343653.628063, -554.0
1575343653.641907, -554.0
1575343653.655808, -554.0
1575343653.669519, -554.0
1575343653.683154, -554.0
1575343653.697001, -554.0
1575343653.710734, -554.0
1575343653.724592, -554.0
1575343653.738169, -554.0
1575343653.751943, -554.0
1575343653.765699, -554.0
1575343653.77948, -554.0
1575343654.161682, -554.0
1575343654.175327, -554.0
1575343654.567339, -554.0
1575343654.934307, -554.0
1575343655.295888, -554.0
1575343655.648251, -554.0
1575343655.661987, -554.0
1575343656.046279, -554.0
1575343656.412434, -554.0
1575343656.801547, -554.0
1575343657.185403, -554.0
1575343657.576093, -554.0
1575343657.947939, -554.0
1575343658.33121, -554.0
1575343658.687496, -554.0
1575343659.0736, -554.0
1575343659.484453, -554.0
1575343659.901045, -554.0
1575343660.280369, -554.0
1575343660.653375, -554.0
1575343660.667419, -554.0
1575343661.382501, -554.0
1575343661.396799, -554.0
1575343661.411637, -554.0
1575343661.426135, -554.0
1575343661.441218, -554.0
1575343661.456523, -554.0
1575343661.471654, -554.0
1575343661.486214, -554.0
1575343661.501946, -554.0
1575343661.516405, -554.0
1575343661.531018, -554.0
1575343661.545488, -554.0
1575343661.559717, -554.0
1575343661.574629, -554.0
1575343661.588906, -554.0
1575343662.371484, -554.0
1575343662.385605, -554.0
1575343662.399505, -554.0
1575343662.413276, -554.0
1575343662.84906, -554.0
1575343662.862981, -554.0
1575343662.876748, -554.0
1575343663.263992, -554.0
1575343663.655118, -554.0
1575343663.669031, -554.0
1575343663.682822, -554.0
1575343663.696492, -554.0
1575343664.084987, -554.0
1575343664.450188, -554.0
1575343664.81525, -554.0
1575343665.211155, -554.0
1575343665.577748, -554.0
1575343665.974412, -554.0
1575343666.33713, -554.0
1575343666.726611, -554.0
1575343666.74028, -554.0
1575343667.13869, -554.0
1575343667.513692, -554.0
1575343667.883204, -554.0
1575343668.251959, -554.0
1575343668.619882, -554.0
1575343668.983391, -554.0
1575343669.367421, -554.0
1575343669.923023, -554.0
1575343669.936861, -554.0
1575343670.297035, -554.0
1575343670.677409, -554.0
1575343671.00979, -554.0
1575343671.364051, -554.0
1575343671.712049, -554.0
1575343672.071253, -554.0
1575343672.447129, -554.0
1575343672.804361, -554.0
1575343673.167719, -554.0
1575343673.518141, -554.0
1575343673.888094, -554.0
1575343674.271331, -554.0
1575343674.612808, -554.0
1575343674.976587, -554.0
1575343675.374963, -554.0
1575343675.722833, -554.0
1575343676.112604, -554.0
1575343676.487177, -554.0
1575343676.856079, -554.0
1575343677.20236, -554.0
1575343677.56912, -554.0
1575343677.923109, -554.0
1575343678.265133, -554.0
1575343678.598854, -554.0
1575343678.948008, -554.0
1575343679.375356, -554.0
1575343679.754718, -554.0
1575343680.147653, -554.0
1575343680.518698, -554.0
1575343680.912904, -554.0
1575343681.299961, -554.0
1575343681.680279, -554.0
1575343682.063509, -554.0
1575343682.471319, -554.0
1575343682.883279, -554.0
1575343683.299795, -554.0
1575343683.755547, -554.0
1575343684.236611, -554.0
1575343684.651704, -554.0
1575343685.147866, -554.0
1575343685.594632, -554.0
1575343685.998197, -554.0
1575343686.40005, -554.0
1575343686.809454, -554.0
1575343642.450958, -554.0
1575343642.46445, -554.0
1575343642.478024, -554.0
1575343642.491486, -554.0
1575343642.505029, -554.0
1575343642.519026, -554.0
1575343642.532582, -554.0
1575343642.546096, -554.0
1575343642.559646, -554.0
1575343642.5734, -554.0
1575343642.586863, -554.0
1575343642.600645, -554.0
1575343642.614179, -554.0
1575343642.627845, -554.0
1575343642.641414, -554.0
1575343642.654888, -554.0
1575343642.668531, -554.0
1575343642.68189, -554.0
1575343642.695521, -554.0
1575343642.709007, -554.0
1575343642.722647, -554.0
1575343642.736216, -554.0
1575343642.749738, -554.0
1575343642.763385, -554.0
1575343642.776864, -554.0
1575343642.790561, -554.0
1575343642.80394, -554.0
1575343642.818076, -554.0
1575343642.833367, -554.0
1575343642.848029, -554.0
1575343643.505045, -554.0
1575343644.432275, -554.0
1575343645.176365, -554.0
1575343645.782567, -554.0
1575343646.357959, -554.0
1575343646.998207, -554.0
1575343647.608537, -554.0
1575343648.241793, -554.0
1575343648.856383, -554.0
1575343649.525931, -554.0
1575343650.135634, -554.0
1575343650.66947, -554.0
1575343651.276475, -554.0
1575343651.994699, -554.0
1575343652.009196, -554.0
1575343652.567333, -554.0
1575343653.147393, -554.0
1575343653.750822, -554.0
1575343654.335578, -554.0
1575343654.943994, -554.0
1575343655.518748, -554.0
1575343656.127344, -554.0
1575343656.729714, -554.0
1575343657.33489, -554.0
1575343657.883968, -554.0
1575343658.473411, -554.0
1575343659.084708, -554.0
1575343659.09881, -554.0
1575343659.689446, -554.0
1575343660.312165, -554.0
1575343660.960226, -554.0
1575343661.57264, -554.0
1575343662.154688, -554.0
1575343662.725971, -554.0
1575343663.355037, -554.0
1575343663.947964, -554.0
1575343664.534433, -554.0
1575343665.155199, -554.0
1575343665.719231, -554.0
1575343666.317702, -554.0
1575343666.994396, -554.0
1575343667.559254, -554.0
1575343668.098684, -554.0
1575343668.662981, -554.0
1575343669.255626, -554.0
1575343669.810706, -554.0
1575343670.407508, -554.0
1575343671.022753, -554.0
1575343671.599441, -554.0
1575343672.129616, -554.0
1575343672.703654, -554.0
1575343673.249061, -554.0
1575343673.878728, -554.0
1575343674.338387, -554.0
1575343675.090479, -554.0
1575343675.104868, -554.0
1575343675.119664, -554.0
1575343675.135012, -554.0
1575343675.150267, -554.0
1575343675.164132, -554.0
1575343675.178247, -554.0
1575343675.191993, -554.0
1575343675.205624, -554.0
1575343675.221275, -554.0
1575343675.623007, -554.0
1575343675.637451, -554.0
1575343676.09915, -554.0
1575343676.589461, -554.0
1575343677.145697, -554.0
1575343677.689314, -554.0
1575343678.250091, -554.0
1575343678.843652, -554.0
1575343679.429122, -554.0
1575343679.954139, -554.0
1575343680.541299, -554.0
1575343681.160022, -554.0
1575343681.700871, -554.0
1575343682.250294, -554.0
1575343682.806745, -554.0
1575343683.402309, -554.0
1575343683.881123, -554.0
1575343684.551064, -554.0
1575343685.246145, -554.0
1575343685.966865, -554.0
1575343686.628279, -554.0
1575343687.268186, -554.0
1575343688.126027, -554.0
1575343688.701052, -554.0
1575343689.279249, -554.0
1575343689.839869, -554.0
1575343690.324851, -554.0
1575343690.888307, -554.0
1575343691.463172, -554.0
1575343692.037364, -554.0
1575343692.599507, -554.0
1575343693.226648, -554.0
1575343693.854735, -554.0
1575343694.428562, -554.0
1575343694.977431, -554.0
1575343695.752668, -554.0
1575343696.376531, -554.0
1575343696.39122, -554.0
1575343696.405928, -554.0
1575343696.420023, -554.0
1575343696.951013, -554.0
1575343697.499614, -554.0
1575343697.514037, -554.0
1575343697.528748, -554.0
1575343697.544004, -554.0
1575343698.034482, -554.0
1575343698.61279, -554.0
1575343699.221971, -554.0
1575343699.846824, -554.0
1575343700.433817, -554.0
1575343700.963557, -554.0
1575343701.559855, -554.0
1575343702.27399, -554.0
1575343702.94707, -554.0
1575343703.543272, -554.0
1575343704.16048, -554.0
1575343704.829152, -554.0
1575343705.426511, -554.0
1575343705.991465, -554.0
1575343706.483289, -554.0
1575343707.023881, -554.0
1575343707.527567, -554.0
1575343708.050757, -554.0
1575343708.589249, -554.0
1575343709.183687, -554.0
1575343709.722189, -554.0
1575343710.327867, -554.0
1575343710.964463, -554.0
1575343711.562261, -554.0
1575343712.140651, -554.0
1575343712.706343, -554.0
1575343713.263551, -554.0
1575343713.83857, -554.0
1575343714.420834, -554.0
1575343715.286144, -554.0
1575343715.301124, -554.0
1575343715.316393, -554.0
1575343715.331213, -554.0
1575343715.345386, -554.0
1575343715.784573, -554.0
1575343716.516285, -554.0
1575343717.114033, -554.0
1575343717.683042, -554.0
1575343718.264323, -554.0
1575343718.870785, -554.0
1575343719.396634, -554.0
1575343719.411901, -554.0
1575343719.426785, -554.0
1575343719.441117, -554.0
1575343719.455291, -554.0
1575343719.470231, -554.0
1575343719.485244, -554.0
1575343719.499872, -554.0
1575343719.514382, -554.0
1575343719.528876, -554.0
1575343719.543256, -554.0
1575343719.557841, -554.0
1575343719.572397, -554.0
1575343719.586762, -554.0
1575343719.601343, -554.0
1575343719.615846, -554.0
1575343719.63017, -554.0
1575343719.644406, -554.0
1575343719.658926, -554.0
1575343719.67376, -554.0
1575343719.688829, -554.0
1575343719.703035, -554.0
1575343719.71707, -554.0
1575343719.731166, -554.0
1575343719.745401, -554.0
1575343719.759401, -554.0
1575343719.773291, -554.0
1575343720.453905, -554.0
1575343721.036327, -554.0
1575343721.696656, -554.0
1575343722.35282, -554.0
1575343722.843269, -554.0
1575343723.418081, -554.0
1575343723.907837, -554.0
1575343724.537119, -554.0
1575343725.490868, -554.0
1575343725.505461, -554.0
1575343725.520367, -554.0
1575343725.535597, -554.0
1575343725.550757, -554.0
1575343725.565774, -554.0
1575343726.628427, -554.0
1575343727.655771, -554.0
1575343727.670417, -554.0
1575343727.685087, -554.0
1575343727.699644, -554.0
1575343727.714139, -554.0
1575343727.728556, -554.0
1575343727.742949, -554.0
1575343727.757567, -554.0
1575343727.772003, -554.0
1575343727.786608, -554.0
1575343727.801164, -554.0
1575343727.81569, -554.0
1575343727.830184, -554.0
1575343727.844708, -554.0
1575343727.859218, -554.0
1575343727.873708, -554.0
1575343727.888128, -554.0
1575343727.902632, -554.0
1575343727.916938, -554.0
1575343728.677943, -554.0
1575343729.337087, -554.0
1575343729.351535, -554.0
1575343729.365897, -554.0
1575343730.061117, -554.0
1575343730.59633, -554.0
1575343731.417376, -554.0
1575343732.017994, -554.0
1575343732.6603, -554.0
1575343733.192094, -554.0
1575343686.834892, -554.0
1575343686.849019, -554.0
1575343687.232586, -554.0
1575343687.625395, -554.0
1575343687.639221, -554.0
1575343688.039281, -554.0
1575343688.389321, -554.0
1575343688.756323, -554.0
1575343689.124172, -554.0
1575343689.478157, -554.0
1575343689.492002, -554.0
1575343689.505859, -554.0
1575343689.900374, -554.0
1575343689.914186, -554.0
1575343690.298214, -554.0
1575343690.682577, -554.0
1575343690.696427, -554.0
1575343691.049624, -554.0
1575343691.433772, -554.0
1575343691.776823, -554.0
1575343692.120522, -554.0
1575343692.134378, -554.0
1575343692.148224, -554.0
1575343692.162005, -554.0
1575343692.175596, -554.0
1575343692.561053, -554.0
1575343692.936766, -554.0
1575343693.284305, -554.0
1575343693.297974, -554.0
1575343693.659586, -554.0
1575343694.011516, -554.0
1575343694.38173, -554.0
1575343694.772371, -554.0
1575343695.152878, -554.0
1575343695.527838, -554.0
1575343695.898233, -554.0
1575343696.260008, -554.0
1575343696.631553, -554.0
1575343696.995311, -554.0
1575343697.380175, -554.0
1575343697.71859, -554.0
1575343698.098571, -554.0
1575343698.463407, -554.0
1575343698.814849, -554.0
1575343699.180527, -554.0
1575343699.5396, -554.0
1575343699.895718, -554.0
1575343700.260219, -554.0
1575343700.612145, -554.0
1575343700.979935, -554.0
1575343701.355156, -554.0
1575343701.714058, -554.0
1575343702.093183, -554.0
1575343702.466779, -554.0
1575343702.866306, -554.0
1575343703.244191, -554.0
1575343703.615038, -554.0
1575343703.972793, -554.0
1575343704.347042, -554.0
1575343704.718725, -554.0
1575343705.084788, -554.0
1575343705.465124, -554.0
1575343705.800421, -554.0
1575343706.165097, -554.0
1575343706.539338, -554.0
1575343706.933946, -554.0
1575343707.317422, -554.0
1575343707.678317, -554.0
1575343708.085175, -554.0
1575343708.451818, -554.0
1575343708.465613, -554.0
1575343708.827486, -554.0
1575343709.183647, -554.0
1575343709.55609, -554.0
1575343709.923175, -554.0
1575343710.268482, -554.0
1575343710.642489, -554.0
1575343711.007958, -554.0
1575343711.021791, -554.0
1575343711.035438, -554.0
1575343711.422965, -554.0
1575343711.817289, -554.0
1575343712.197175, -554.0
1575343712.576255, -554.0
1575343712.969379, -554.0
1575343713.346003, -554.0
1575343713.73158, -554.0
1575343714.06595, -554.0
1575343714.433431, -554.0
1575343714.799777, -554.0
1575343714.81368, -554.0
1575343715.204602, -554.0
1575343715.554744, -554.0
1575343715.923334, -554.0
1575343716.288598, -554.0
1575343716.661231, -554.0
1575343717.031085, -554.0
1575343717.41083, -554.0
1575343717.776325, -554.0
1575343718.149289, -554.0
1575343718.527034, -554.0
1575343718.882473, -554.0
1575343719.251413, -554.0
1575343719.626775, -554.0
1575343719.989793, -554.0
1575343720.364989, -554.0
1575343720.697426, -554.0
1575343721.073326, -554.0
1575343721.45273, -554.0
1575343721.466282, -554.0
1575343721.828331, -554.0
1575343722.186598, -554.0
1575343722.564131, -554.0
1575343722.902041, -554.0
1575343723.277064, -554.0
1575343723.638273, -554.0
1575343724.017176, -554.0
1575343724.775666, -554.0
1575343725.140482, -554.0
1575343725.541298, -554.0
1575343725.893478, -554.0
1575343726.233438, -554.0
1575343726.606881, -554.0
1575343726.982627, -554.0
1575343727.333934, -554.0
1575343727.347515, -554.0
1575343727.696103, -554.0
1575343728.072668, -554.0
1575343728.421362, -554.0
1575343728.793799, -554.0
1575343729.188511, -554.0
1575343729.202002, -554.0
1575343729.573554, -554.0
1575343729.931035, -554.0
1575343729.944708, -554.0
1575343730.311143, -554.0
1575343730.677425, -554.0
1575343731.035453, -554.0
1575343731.422284, -554.0
1575343731.774668, -554.0
1575343732.133153, -554.0
1575343732.558206, -554.0
1575343732.572495, -554.0
1575343732.586228, -554.0
1575343732.599542, -554.0
1575343732.612886, -554.0
1575343732.6262, -554.0
1575343732.639516, -554.0
1575343732.652954, -554.0
1575343732.668156, -554.0
1575343733.39934, -554.0
1575343733.743714, -554.0
1575343734.106379, -554.0
1575343734.482655, -554.0
1575343734.877844, -554.0
1575343735.232779, -554.0
1575343735.627567, -554.0
1575343736.028467, -554.0
1575343736.405083, -554.0
1575343736.794049, -554.0
1575343737.185657, -554.0
1575343737.55822, -554.0
1575343737.932939, -554.0
1575343738.477569, -554.0
1575343738.867197, -554.0
1575343739.214959, -554.0
1575343739.575518, -554.0
1575343739.948619, -554.0
1575343740.325601, -554.0
1575343740.339159, -554.0
1575343740.698023, -554.0
1575343741.048796, -554.0
1575343741.405464, -554.0
1575343741.722808, -554.0
1575343742.103686, -554.0
1575343742.514626, -554.0
1575343742.889282, -554.0
1575343743.272672, -554.0
1575343743.65633, -554.0
1575343744.005642, -554.0
1575343744.391082, -554.0
1575343744.763519, -554.0
1575343745.091383, -546.0
1575343745.450338, -546.0
1575343745.819615, -546.0
1575343746.187136, -546.0
1575343746.558558, -546.0
1575343746.924406, -546.0
1575343747.29823, -546.0
1575343747.665551, -546.0
1575343748.069596, -546.0
1575343748.427339, -546.0
1575343748.782615, -546.0
1575343749.124348, -546.0
1575343749.469804, -546.0
1575343749.845944, -546.0
1575343750.201202, -546.0
1575343750.557981, -546.0
1575343750.921563, -546.0
1575343751.299378, -546.0
1575343751.675435, -546.0
1575343752.043742, -546.0
1575343752.437028, -546.0
1575343752.825946, -546.0
1575343753.226704, -546.0
1575343753.572133, -546.0
1575343753.917838, -546.0
1575343754.284979, -546.0
1575343754.659928, -546.0
1575343755.024503, -546.0
1575343755.400542, -546.0
1575343755.768062, -546.0
1575343756.124355, -546.0
1575343756.507834, -546.0
1575343756.878883, -546.0
1575343757.238313, -546.0
1575343757.596447, -546.0
1575343757.943585, -546.0
1575343758.309564, -546.0
1575343758.656648, -546.0
1575343759.032868, -546.0
1575343759.398328, -546.0
1575343759.765039, -546.0
1575343760.121541, -546.0
1575343760.475847, -546.0
1575343760.843297, -546.0
1575343761.24985, -546.0
1575343761.608027, -546.0
1575343761.95785, -546.0
1575343762.323977, -546.0
1575343762.663118, -546.0
1575343763.037484, -546.0
1575343763.398859, -546.0
1575343763.757105, -546.0
1575343764.127968, -546.0
1575343764.50107, -546.0
1575343764.857436, -546.0
1575343765.223301, -546.0
1575343765.624642, -546.0
1575343766.004163, -546.0
1575343766.410048, -546.0
1575343766.423617, -546.0
1575343766.790852, -546.0
1575343766.804391, -546.0
1575343767.171942, -546.0
1575343767.55962, -546.0
1575343767.961157, -546.0
1575343768.357785, -546.0
1575343768.743004, -546.0
1575343769.204751, -546.0
1575343693.892654, -554.0
1575343694.235605, -554.0
1575343694.616899, -554.0
1575343694.987844, -554.0
1575343695.346588, -554.0
1575343695.714223, -554.0
1575343696.09515, -554.0
1575343696.47392, -554.0
1575343696.843663, -554.0
1575343697.223827, -554.0
1575343697.574246, -554.0
1575343697.952158, -554.0
1575343698.343965, -554.0
1575343698.715506, -554.0
1575343699.077689, -554.0
1575343699.440598, -554.0
1575343699.841804, -554.0
1575343700.231589, -554.0
1575343700.639772, -554.0
1575343701.021868, -554.0
1575343701.391493, -554.0
1575343701.785788, -554.0
1575343702.155732, -554.0
1575343702.523268, -554.0
1575343702.916063, -554.0
1575343703.295294, -554.0
1575343703.686848, -554.0
1575343704.063089, -554.0
1575343704.41057, -554.0
1575343704.792994, -554.0
1575343704.808, -554.0
1575343704.821914, -554.0
1575343704.835405, -554.0
1575343704.84885, -554.0
1575343704.862521, -554.0
1575343704.875992, -554.0
1575343704.8897, -554.0
1575343704.9032, -554.0
1575343704.916852, -554.0
1575343704.930317, -554.0
1575343704.943972, -554.0
1575343704.957779, -554.0
1575343704.973422, -554.0
1575343704.988598, -554.0
1575343705.003851, -554.0
1575343705.019239, -554.0
1575343705.034811, -554.0
1575343705.050688, -554.0
1575343705.06617, -554.0
1575343705.081267, -554.0
1575343705.096962, -554.0
1575343705.112099, -554.0
1575343705.127512, -554.0
1575343705.142624, -554.0
1575343705.157818, -554.0
1575343705.17288, -554.0
1575343705.188093, -554.0
1575343705.203209, -554.0
1575343705.218452, -554.0
1575343705.233568, -554.0
1575343705.248791, -554.0
1575343705.263884, -554.0
1575343705.279045, -554.0
1575343705.294159, -554.0
1575343705.30928, -554.0
1575343705.324378, -554.0
1575343705.339712, -554.0
1575343705.354759, -554.0
1575343705.369924, -554.0
1575343705.385021, -554.0
1575343705.400182, -554.0
1575343705.415484, -554.0
1575343705.430104, -554.0
1575343706.042532, -554.0
1575343706.421108, -554.0
1575343706.801011, -554.0
1575343707.148263, -554.0
1575343707.529471, -554.0
1575343707.916888, -554.0
1575343708.308072, -554.0
1575343708.698653, -554.0
1575343708.71244, -554.0
1575343709.106366, -554.0
1575343709.483791, -554.0
1575343709.842022, -554.0
1575343710.197041, -554.0
1575343710.597609, -554.0
1575343710.963947, -554.0
1575343711.353972, -554.0
1575343711.727867, -554.0
1575343712.109438, -554.0
1575343712.465502, -554.0
1575343712.830831, -554.0
1575343713.379678, -554.0
1575343713.739978, -554.0
1575343714.097961, -554.0
1575343714.461787, -554.0
1575343714.859425, -554.0
1575343715.248875, -554.0
1575343715.641134, -554.0
1575343716.037605, -554.0
1575343716.431442, -554.0
1575343716.817995, -554.0
1575343717.197054, -554.0
1575343717.581426, -554.0
1575343717.942154, -554.0
1575343718.314756, -554.0
1575343718.683682, -554.0
1575343719.093002, -554.0
1575343719.459072, -554.0
1575343720.010692, -554.0
1575343720.024193, -554.0
1575343720.438311, -554.0
1575343720.45183, -554.0
1575343720.812083, -554.0
1575343721.174705, -554.0
1575343721.556599, -554.0
1575343721.909349, -554.0
1575343722.278139, -554.0
1575343722.630754, -554.0
1575343723.009501, -554.0
1575343723.410267, -554.0
1575343723.78512, -554.0
1575343724.183404, -554.0
1575343724.580348, -554.0
1575343724.919037, -554.0
1575343725.285211, -554.0
1575343725.654549, -554.0
1575343726.015899, -554.0
1575343726.387179, -554.0
1575343726.736265, -554.0
1575343727.141998, -554.0
1575343727.510731, -554.0
1575343727.865835, -554.0
1575343728.226009, -554.0
1575343728.596408, -554.0
1575343728.962684, -554.0
1575343729.356937, -554.0
1575343729.742779, -554.0
1575343730.149346, -554.0
1575343730.504237, -554.0
1575343730.869912, -554.0
1575343731.232795, -554.0
1575343731.582223, -554.0
1575343731.945662, -554.0
1575343732.317441, -554.0
1575343732.682424, -554.0
1575343733.086333, -554.0
1575343733.457132, -554.0
1575343733.834265, -554.0
1575343734.237786, -554.0
1575343734.926246, -554.0
1575343735.284422, -554.0
1575343735.615714, -554.0
1575343735.986878, -554.0
1575343736.372935, -554.0
1575343736.75876, -554.0
1575343737.124718, -554.0
1575343737.485399, -554.0
1575343737.883492, -554.0
1575343738.254461, -554.0
1575343738.636255, -554.0
1575343738.996904, -554.0
1575343739.396275, -554.0
1575343739.77038, -554.0
1575343740.135459, -554.0
1575343740.499632, -554.0
1575343740.850704, -554.0
1575343741.233153, -554.0
1575343741.247215, -554.0
1575343741.622543, -554.0
1575343741.996199, -554.0
1575343742.3741, -554.0
1575343742.743509, -554.0
1575343743.123782, -554.0
1575343743.495372, -554.0
1575343743.84827, -554.0
1575343744.208824, -554.0
1575343744.594031, -554.0
1575343744.965204, -546.0
1575343745.337964, -546.0
1575343745.701806, -546.0
1575343746.083441, -546.0
1575343746.473795, -546.0
1575343746.863515, -546.0
1575343747.267017, -546.0
1575343747.655808, -546.0
1575343748.024222, -546.0
1575343748.430818, -546.0
1575343748.825121, -546.0
1575343749.228455, -546.0
1575343749.609041, -546.0
1575343749.98389, -546.0
1575343750.373081, -546.0
1575343750.785405, -546.0
1575343751.19441, -546.0
1575343751.580132, -546.0
1575343751.976626, -546.0
1575343752.346799, -546.0
1575343752.729075, -546.0
1575343753.122328, -546.0
1575343753.504956, -546.0
1575343753.922527, -546.0
1575343754.337245, -546.0
1575343754.737754, -546.0
1575343755.223776, -546.0
1575343755.57708, -546.0
1575343755.969858, -546.0
1575343756.492146, -546.0
1575343757.096755, -546.0
1575343757.481066, -546.0
1575343757.856017, -546.0
1575343758.203303, -546.0
1575343758.857293, -546.0
1575343759.406357, -546.0
1575343759.420149, -546.0
1575343759.435511, -546.0
1575343759.449925, -546.0
1575343759.463762, -546.0
1575343759.477608, -546.0
1575343759.491299, -546.0
1575343759.505045, -546.0
1575343759.518763, -546.0
1575343759.532394, -546.0
1575343759.546091, -546.0
1575343759.560914, -546.0
1575343760.209759, -546.0
1575343760.961847, -546.0
1575343761.562847, -546.0
1575343761.577889, -546.0
1575343761.593089, -546.0
1575343761.608039, -546.0
1575343761.622737, -546.0
1575343761.63752, -546.0
1575343761.65192, -546.0
1575343761.666085, -546.0
1575343761.679642, -546.0
1575343761.693247, -546.0
1575343761.707197, -546.0
1575343763.331395, -546.0
1575343763.34625, -546.0
1575343763.360661, -546.0
1575343763.37511, -546.0
1575343763.873744, -546.0
1575343764.307242, -546.0
1575343764.71044, -546.0
1575343765.089869, -546.0
1575343765.104339, -546.0
1575343765.119172, -546.0
1575343765.134045, -546.0
