1575344169.835233, -574.0
1575344169.944143, -574.0
1575344170.051915, -574.0
1575344170.158353, -574.0
1575344170.663156, -574.0
1575344170.781543, -574.0
1575344170.888895, -574.0
1575344170.995038, -574.0
1575344171.1019, -574.0
1575344171.20749, -574.0
1575344171.313498, -574.0
1575344171.419186, -574.0
1575344171.5247, -574.0
1575344171.631103, -574.0
1575344171.737446, -574.0
1575344171.843361, -574.0
1575344171.94896, -574.0
1575344172.054735, -574.0
1575344172.160842, -574.0
1575344172.267212, -569.0
1575344172.373276, -569.0
1575344172.47939, -557.0
1575344173.342911, -557.0
1575344173.44971, -557.0
1575344173.55583, -557.0
1575344173.661938, -557.0
1575344173.768101, -557.0
1575344173.873965, -557.0
1575344173.979983, -557.0
1575344174.434609, -555.0
1575344175.61578, -530.0
1575344177.216325, -530.0
1575344177.322273, -530.0
1575344177.817459, -530.0
1575344177.92381, -530.0
1575344178.7637, -530.0
1575344179.996908, -530.0
1575344180.480473, -530.0
1575344182.081608, -530.0
1575344182.942801, -530.0
1575344183.807789, -530.0
1575344185.056126, -530.0
1575344186.664356, -530.0
1575344187.131113, -530.0
1575344187.611883, -530.0
1575344188.786705, -530.0
1575344190.390352, -530.0
1575344191.644332, -530.0
1575344192.782354, -530.0
1575344192.888509, -530.0
1575344169.721419, -587.0
1575344169.775682, -587.0
1575344169.829239, -587.0
1575344169.882822, -574.0
1575344169.93642, -574.0
1575344169.996342, -574.0
1575344170.05023, -574.0
1575344170.103501, -574.0
1575344170.157941, -574.0
1575344170.211486, -574.0
1575344170.265095, -574.0
1575344170.318847, -574.0
1575344170.372254, -574.0
1575344170.425628, -574.0
1575344170.479013, -574.0
1575344170.532798, -574.0
1575344170.586664, -574.0
1575344170.640133, -574.0
1575344170.693376, -574.0
1575344170.746839, -574.0
1575344170.800044, -574.0
1575344171.241075, -574.0
1575344171.294669, -574.0
1575344172.202863, -569.0
1575344172.25656, -569.0
1575344172.310327, -569.0
1575344172.363974, -569.0
1575344172.417746, -557.0
1575344172.471315, -557.0
1575344172.524817, -557.0
1575344172.57905, -557.0
1575344172.632678, -557.0
1575344172.686493, -557.0
1575344172.740658, -557.0
1575344172.794829, -557.0
1575344172.848614, -557.0
1575344172.902827, -557.0
1575344172.956562, -557.0
1575344173.010495, -557.0
1575344173.064177, -557.0
1575344173.117704, -557.0
1575344173.604286, -557.0
1575344174.020576, -557.0
1575344175.157629, -539.0
1575344175.948999, -530.0
1575344176.699219, -530.0
1575344177.431267, -530.0
1575344178.175396, -530.0
1575344179.33367, -530.0
1575344179.730063, -530.0
1575344169.734226, -587.0
1575344169.788528, -587.0
1575344169.841888, -574.0
1575344169.895763, -574.0
1575344170.374665, -574.0
1575344170.433325, -574.0
1575344170.487235, -574.0
1575344170.541138, -574.0
1575344170.595135, -574.0
1575344170.649052, -574.0
1575344170.702708, -574.0
1575344170.756686, -574.0
1575344170.810351, -574.0
1575344170.86396, -574.0
1575344170.917927, -574.0
1575344170.971523, -574.0
1575344171.025745, -574.0
1575344171.454841, -574.0
1575344171.508561, -574.0
1575344171.562183, -574.0
1575344171.615715, -574.0
1575344172.379544, -557.0
1575344173.136874, -557.0
1575344173.916694, -557.0
1575344174.314805, -555.0
1575344175.064483, -539.0
1575344175.793855, -530.0
1575344176.214489, -530.0
1575344177.019459, -530.0
1575344177.826289, -530.0
1575344178.240971, -530.0
1575344179.028869, -530.0
1575344180.167618, -530.0
1575344181.295106, -530.0
1575344182.070297, -530.0
1575344183.215961, -530.0
1575344183.63501, -530.0
1575344184.783756, -530.0
1575344186.313208, -530.0
1575344186.749373, -530.0
1575344187.88707, -530.0
1575344189.003456, -530.0
1575344190.178056, -530.0
1575344191.326877, -530.0
1575344191.769967, -530.0
1575344193.301205, -530.0
1575344194.418667, -530.0
1575344195.934237, -530.0
1575344196.706058, -530.0
1575344197.848141, -530.0
1575344169.754696, -587.0
1575344169.808918, -587.0
1575344169.871464, -574.0
1575344169.924757, -574.0
1575344169.979434, -574.0
1575344170.039989, -574.0
1575344170.093595, -574.0
1575344170.146842, -574.0
1575344170.20061, -574.0
1575344170.254095, -574.0
1575344170.30746, -574.0
1575344170.361074, -574.0
1575344170.414637, -574.0
1575344170.46812, -574.0
1575344170.521501, -574.0
1575344170.574824, -574.0
1575344170.628379, -574.0
1575344170.681979, -574.0
1575344170.735241, -574.0
1575344170.78884, -574.0
1575344170.842386, -574.0
1575344170.896065, -574.0
1575344170.949899, -574.0
1575344171.003864, -574.0
1575344171.057383, -574.0
1575344171.111265, -574.0
1575344171.164723, -574.0
1575344171.218656, -574.0
1575344171.272579, -574.0
1575344171.326403, -574.0
1575344171.380158, -574.0
1575344171.433717, -574.0
1575344171.487223, -574.0
1575344171.540739, -574.0
1575344171.594148, -574.0
1575344171.647554, -574.0
1575344171.701087, -574.0
1575344171.754736, -574.0
1575344171.808814, -574.0
1575344171.862375, -574.0
1575344171.915979, -574.0
1575344171.970335, -574.0
1575344172.023922, -574.0
1575344172.077627, -574.0
1575344172.131386, -574.0
1575344172.18496, -574.0
1575344172.238453, -569.0
1575344172.29213, -569.0
1575344172.345438, -569.0
1575344172.39888, -557.0
1575344172.582151, -557.0
1575344173.014483, -557.0
1575344173.094278, -557.0
1575344173.174191, -557.0
1575344173.253897, -557.0
1575344173.333793, -557.0
1575344174.442463, -552.0
1575344174.5224, -539.0
1575344174.602231, -539.0
1575344174.682111, -539.0
1575344174.761909, -539.0
1575344174.841768, -539.0
1575344174.921947, -539.0
1575344175.002586, -539.0
1575344175.082916, -539.0
1575344175.163488, -539.0
1575344175.615727, -530.0
1575344175.695002, -530.0
1575344175.774946, -530.0
1575344175.855312, -530.0
1575344176.291876, -530.0
1575344176.723747, -530.0
1575344177.150953, -530.0
1575344177.235982, -530.0
1575344177.320425, -530.0
1575344177.405274, -530.0
1575344177.490655, -530.0
1575344177.572263, -530.0
1575344177.655379, -530.0
1575344177.735532, -530.0
1575344178.160177, -530.0
1575344178.591211, -530.0
1575344179.025437, -530.0
1575344179.106806, -530.0
1575344179.188279, -530.0
1575344179.268028, -530.0
1575344179.34802, -530.0
1575344179.427677, -530.0
1575344179.507683, -530.0
1575344179.588615, -530.0
1575344180.828075, -530.0
1575344180.908867, -530.0
1575344181.36562, -530.0
1575344181.445504, -530.0
1575344181.8836, -530.0
1575344181.963668, -530.0
1575344182.04385, -530.0
1575344182.123948, -530.0
1575344182.203816, -530.0
1575344182.721759, -530.0
1575344179.970057, -530.0
1575344182.556035, -530.0
1575344183.019085, -530.0
1575344183.125234, -530.0
1575344183.573413, -530.0
1575344184.025422, -530.0
1575344184.131394, -530.0
1575344184.236923, -530.0
1575344184.688102, -530.0
1575344185.150801, -530.0
1575344185.957399, -530.0
1575344186.76382, -530.0
1575344187.561226, -530.0
1575344188.002855, -530.0
1575344188.47471, -530.0
1575344188.956025, -530.0
1575344189.062949, -530.0
1575344189.169647, -530.0
1575344189.276701, -530.0
1575344189.383192, -530.0
1575344189.489739, -530.0
1575344189.958681, -530.0
1575344192.153354, -530.0
1575344194.391209, -530.0
1575344196.310346, -530.0
1575344197.817062, -530.0
1575344200.06721, -530.0
1575344201.944124, -523.0
1575344203.807961, -523.0
1575344205.371869, -523.0
1575344206.906225, -523.0
1575344208.422216, -523.0
1575344211.098981, -523.0
1575344214.09564, -523.0
1575344216.303843, -523.0
1575344219.266965, -523.0
1575344221.85585, -523.0
1575344224.077514, -523.0
1575344226.350679, -523.0
1575344229.218961, -523.0
1575344231.750262, -523.0
1575344234.662608, -523.0
1575344237.557333, -523.0
1575344240.408029, -523.0
1575344243.360029, -523.0
1575344245.895179, -523.0
1575344248.794803, -523.0
1575344251.77746, -523.0
1575344254.317316, -523.0
1575344257.238324, -523.0
1575344182.844016, -530.0
1575344182.897894, -530.0
1575344182.951242, -530.0
1575344183.00488, -530.0
1575344183.058503, -530.0
1575344183.112346, -530.0
1575344183.1657, -530.0
1575344183.219301, -530.0
1575344183.272933, -530.0
1575344183.327274, -530.0
1575344183.381199, -530.0
1575344183.434885, -530.0
1575344183.488511, -530.0
1575344183.542133, -530.0
1575344183.595807, -530.0
1575344183.649493, -530.0
1575344183.702807, -530.0
1575344183.756405, -530.0
1575344183.809958, -530.0
1575344183.864621, -530.0
1575344183.918691, -530.0
1575344183.972604, -530.0
1575344184.026587, -530.0
1575344184.080666, -530.0
1575344184.134368, -530.0
1575344184.187945, -530.0
1575344184.241428, -530.0
1575344184.295321, -530.0
1575344184.348858, -530.0
1575344184.402601, -530.0
1575344184.45622, -530.0
1575344184.509712, -530.0
1575344184.56332, -530.0
1575344184.616936, -530.0
1575344184.670426, -530.0
1575344184.723997, -530.0
1575344184.777787, -530.0
1575344184.831417, -530.0
1575344184.884991, -530.0
1575344184.93859, -530.0
1575344184.992, -530.0
1575344185.045295, -530.0
1575344185.098892, -530.0
1575344185.152423, -530.0
1575344185.206276, -530.0
1575344185.259805, -530.0
1575344185.313466, -530.0
1575344185.367305, -530.0
1575344185.421032, -530.0
1575344185.474425, -530.0
1575344185.601027, -530.0
1575344186.675179, -530.0
1575344186.728982, -530.0
1575344186.78247, -530.0
1575344186.835887, -530.0
1575344186.889225, -530.0
1575344186.942587, -530.0
1575344186.995881, -530.0
1575344187.049381, -530.0
1575344187.102942, -530.0
1575344187.156296, -530.0
1575344187.209814, -530.0
1575344187.933091, -530.0
1575344188.363894, -530.0
1575344189.098386, -530.0
1575344189.151695, -530.0
1575344189.205039, -530.0
1575344189.258995, -530.0
1575344189.313226, -530.0
1575344189.366921, -530.0
1575344189.420486, -530.0
1575344189.475916, -530.0
1575344189.532111, -530.0
1575344189.58885, -530.0
1575344189.645203, -530.0
1575344189.701522, -530.0
1575344189.758343, -530.0
1575344189.814519, -530.0
1575344189.871461, -530.0
1575344189.927844, -530.0
1575344190.310548, -530.0
1575344190.733659, -530.0
1575344190.787836, -530.0
1575344190.841781, -530.0
1575344191.237548, -530.0
1575344191.643652, -530.0
1575344192.065898, -530.0
1575344192.483003, -530.0
1575344192.893196, -530.0
1575344194.009412, -530.0
1575344194.739702, -530.0
1575344195.169561, -530.0
1575344195.9649, -530.0
1575344196.018594, -530.0
1575344196.418709, -530.0
1575344197.500856, -530.0
1575344197.92318, -530.0
1575344198.702926, -530.0
1575344199.448189, -530.0
1575344199.50127, -530.0
1575344193.015666, -530.0
1575344193.069065, -530.0
1575344193.122442, -530.0
1575344193.175605, -530.0
1575344193.228987, -530.0
1575344193.282279, -530.0
1575344193.33894, -530.0
1575344193.398012, -530.0
1575344193.454724, -530.0
1575344194.586517, -530.0
1575344194.63981, -530.0
1575344195.065341, -530.0
1575344195.118719, -530.0
1575344195.172252, -530.0
1575344196.309098, -530.0
1575344196.694938, -530.0
1575344198.143656, -530.0
1575344198.900513, -530.0
1575344200.323968, -523.0
1575344201.414412, -523.0
1575344201.803009, -523.0
1575344201.856085, -523.0
1575344201.909012, -523.0
1575344201.961832, -523.0
1575344202.014851, -523.0
1575344202.067866, -523.0
1575344202.12104, -523.0
1575344202.174376, -523.0
1575344202.227463, -523.0
1575344202.280291, -523.0
1575344203.06686, -523.0
1575344204.161855, -523.0
1575344204.572148, -523.0
1575344205.72086, -523.0
1575344206.809552, -523.0
1575344207.564225, -523.0
1575344208.301613, -523.0
1575344209.427703, -523.0
1575344210.548682, -523.0
1575344212.0536, -523.0
1575344212.456295, -523.0
1575344213.218877, -523.0
1575344213.985756, -523.0
1575344215.085893, -523.0
1575344216.5999, -523.0
1575344216.994621, -523.0
1575344218.074508, -523.0
1575344218.878059, -523.0
1575344219.628416, -523.0
1575344220.388903, -523.0
1575344197.969617, -530.0
1575344199.404702, -530.0
1575344199.458348, -530.0
1575344199.511797, -530.0
1575344199.564978, -530.0
1575344199.617848, -530.0
1575344199.670969, -530.0
1575344200.084969, -530.0
1575344200.50194, -523.0
1575344200.554897, -523.0
1575344200.608297, -523.0
1575344201.359204, -523.0
1575344202.089753, -523.0
1575344202.501371, -523.0
1575344202.554202, -523.0
1575344202.949316, -523.0
1575344203.002245, -523.0
1575344203.750564, -523.0
1575344204.501214, -523.0
1575344204.893186, -523.0
1575344205.659098, -523.0
1575344206.776718, -523.0
1575344207.550865, -523.0
1575344208.62822, -523.0
1575344209.708572, -523.0
1575344210.797591, -523.0
1575344211.89613, -523.0
1575344212.622491, -523.0
1575344213.683914, -523.0
1575344215.124594, -523.0
1575344216.215585, -523.0
1575344216.973131, -523.0
1575344217.726317, -523.0
1575344218.127576, -523.0
1575344218.180284, -523.0
1575344218.578399, -523.0
1575344218.631271, -523.0
1575344218.684404, -523.0
1575344218.737114, -523.0
1575344219.162958, -523.0
1575344219.558309, -523.0
1575344219.960902, -523.0
1575344220.014269, -523.0
1575344220.067178, -523.0
1575344220.455876, -523.0
1575344221.581712, -523.0
1575344221.634569, -523.0
1575344223.072191, -523.0
1575344223.826375, -523.0
1575344224.93961, -523.0
1575344263.822999, -523.0
1575344264.186058, -523.0
1575344264.584533, -523.0
1575344264.598215, -523.0
1575344265.002394, -523.0
1575344265.016035, -523.0
1575344265.43759, -523.0
1575344265.45124, -523.0
1575344265.847019, -523.0
1575344265.860837, -523.0
1575344266.271409, -523.0
1575344266.672103, -523.0
1575344266.685888, -523.0
1575344266.699738, -523.0
1575344266.713283, -523.0
1575344267.129236, -523.0
1575344267.531845, -523.0
1575344267.94864, -523.0
1575344268.344912, -523.0
1575344268.728723, -523.0
1575344268.742391, -523.0
1575344268.756103, -523.0
1575344269.14989, -523.0
1575344269.538299, -523.0
1575344269.552151, -523.0
1575344269.935212, -523.0
1575344269.949133, -523.0
1575344270.348697, -523.0
1575344270.738502, -523.0
1575344270.752457, -523.0
1575344271.1209, -523.0
1575344271.134705, -523.0
1575344271.148505, -523.0
1575344271.162072, -523.0
1575344271.536884, -523.0
1575344271.950662, -523.0
1575344272.342488, -523.0
1575344272.356346, -523.0
1575344272.37016, -523.0
1575344272.383772, -523.0
1575344272.397424, -523.0
1575344272.797939, -523.0
1575344272.811785, -523.0
1575344273.198504, -523.0
1575344273.212437, -523.0
1575344273.22621, -523.0
1575344273.627555, -523.0
1575344274.044006, -523.0
1575344274.42712, -523.0
1575344274.440765, -523.0
1575344274.841784, -523.0
1575344274.855623, -523.0
1575344275.260839, -523.0
1575344275.665225, -523.0
1575344275.679096, -523.0
1575344276.073534, -523.0
1575344276.087406, -523.0
1575344276.475656, -523.0
1575344276.832356, -523.0
1575344277.251373, -523.0
1575344277.63708, -523.0
1575344278.021623, -523.0
1575344278.42044, -523.0
1575344278.798024, -523.0
1575344279.213419, -523.0
1575344279.619809, -523.0
1575344280.019196, -523.0
1575344280.423118, -523.0
1575344280.847073, -523.0
1575344281.247574, -523.0
1575344281.650967, -523.0
1575344282.044966, -523.0
1575344282.468419, -523.0
1575344282.907157, -523.0
1575344283.317558, -523.0
1575344283.722237, -523.0
1575344284.121298, -523.0
1575344284.518247, -523.0
1575344284.950305, -523.0
1575344285.355343, -523.0
1575344285.764, -523.0
1575344286.163694, -523.0
1575344286.583314, -523.0
1575344286.987366, -523.0
1575344287.377274, -523.0
1575344287.772092, -523.0
1575344288.172609, -523.0
1575344288.576927, -523.0
1575344288.981056, -523.0
1575344289.385882, -523.0
1575344289.796286, -523.0
1575344290.207612, -523.0
1575344290.605371, -523.0
1575344290.988588, -523.0
1575344291.358885, -523.0
1575344291.754455, -523.0
1575344292.164818, -523.0
1575344292.566107, -523.0
1575344292.962911, -523.0
1575344292.976883, -523.0
1575344293.350866, -523.0
1575344293.757991, -523.0
1575344294.162489, -523.0
1575344294.533602, -523.0
1575344294.915793, -523.0
1575344295.314372, -523.0
1575344295.708584, -523.0
1575344296.129259, -523.0
1575344296.533084, -523.0
1575344296.901649, -523.0
1575344297.276967, -523.0
1575344297.684828, -523.0
1575344298.0535, -523.0
1575344298.448263, -523.0
1575344298.846915, -523.0
1575344299.254029, -523.0
1575344299.653018, -523.0
1575344300.050713, -523.0
1575344300.437051, -523.0
1575344300.830322, -523.0
1575344301.236377, -523.0
1575344301.652431, -523.0
1575344302.07423, -523.0
1575344302.496257, -523.0
1575344302.897595, -523.0
1575344303.267549, -523.0
1575344303.617855, -523.0
1575344304.012485, -523.0
1575344304.437644, -523.0
1575344304.83665, -523.0
1575344305.235059, -523.0
1575344305.628231, -523.0
1575344306.028394, -523.0
1575344306.412064, -523.0
1575344306.80764, -523.0
1575344307.214717, -523.0
1575344307.596278, -523.0
1575344307.992098, -523.0
1575344308.397622, -523.0
1575344308.411462, -523.0
1575344308.821184, -523.0
1575344309.208885, -523.0
1575344309.611945, -523.0
1575344309.996295, -523.0
1575344310.393381, -523.0
1575344310.787594, -523.0
1575344311.186674, -523.0
1575344311.582585, -523.0
1575344311.960294, -523.0
1575344312.343612, -523.0
1575344312.741394, -523.0
1575344313.129911, -523.0
1575344313.55815, -523.0
1575344313.96906, -523.0
1575344314.360816, -523.0
1575344314.762026, -523.0
1575344315.14788, -523.0
1575344315.161723, -523.0
1575344315.54488, -523.0
1575344315.930611, -523.0
1575344316.335524, -523.0
1575344316.744666, -523.0
1575344317.14487, -523.0
1575344317.540127, -523.0
1575344317.930873, -523.0
1575344318.320149, -523.0
1575344318.700428, -523.0
1575344319.084405, -523.0
1575344319.486402, -523.0
1575344319.897482, -523.0
1575344320.331072, -523.0
1575344320.727751, -523.0
1575344321.134602, -523.0
1575344321.490085, -523.0
1575344321.883365, -523.0
1575344322.303232, -523.0
1575344322.679497, -523.0
1575344323.06217, -523.0
1575344323.457516, -523.0
1575344323.832072, -523.0
1575344324.218562, -523.0
1575344324.611647, -523.0
1575344324.62545, -523.0
1575344325.026851, -523.0
1575344325.437797, -523.0
1575344325.846666, -523.0
1575344326.249684, -523.0
1575344326.64642, -523.0
1575344327.060665, -523.0
1575344327.439953, -523.0
1575344327.834342, -523.0
1575344328.230738, -523.0
1575344328.657281, -523.0
1575344329.055331, -523.0
1575344329.452528, -523.0
1575344329.842367, -523.0
1575344330.259763, -523.0
1575344330.662496, -523.0
1575344331.071374, -523.0
1575344331.465362, -523.0
1575344331.859753, -523.0
1575344331.873586, -523.0
1575344332.280773, -523.0
1575344332.676198, -523.0
1575344333.094353, -523.0
1575344333.482638, -523.0
1575344333.91053, -523.0
1575344334.307625, -523.0
1575344334.704458, -523.0
1575344335.116893, -523.0
1575344335.536532, -523.0
1575344335.92486, -523.0
1575344336.330921, -523.0
1575344336.717557, -523.0
1575344336.731215, -523.0
1575344336.744895, -523.0
1575344336.758526, -523.0
1575344336.772075, -523.0
1575344336.785863, -523.0
1575344337.149492, -523.0
1575344337.163354, -523.0
1575344337.177116, -523.0
1575344337.548427, -523.0
1575344337.926989, -523.0
1575344338.297301, -523.0
1575344338.679425, -523.0
1575344338.69327, -523.0
1575344338.707168, -523.0
1575344339.092748, -523.0
1575344339.106616, -523.0
1575344339.120396, -523.0
1575344339.134057, -523.0
1575344339.147703, -523.0
1575344339.513573, -523.0
1575344339.867202, -523.0
1575344340.245538, -523.0
1575344340.259367, -523.0
1575344340.273133, -523.0
1575344340.28677, -523.0
1575344340.671379, -523.0
1575344340.685421, -523.0
1575344341.070972, -523.0
1575344341.084677, -523.0
1575344341.440829, -523.0
1575344341.817543, -523.0
1575344341.831622, -523.0
1575344342.228449, -523.0
1575344342.610302, -523.0
1575344343.016301, -523.0
1575344343.41568, -523.0
1575344263.454831, -523.0
1575344263.805935, -523.0
1575344263.81979, -523.0
1575344263.833586, -523.0
1575344263.847256, -523.0
1575344263.860951, -523.0
1575344264.226602, -523.0
1575344264.592961, -523.0
1575344264.973987, -523.0
1575344265.344146, -523.0
1575344265.357936, -523.0
1575344265.371686, -523.0
1575344265.776028, -523.0
1575344266.156037, -523.0
1575344266.522011, -523.0
1575344266.898372, -523.0
1575344267.269809, -523.0
1575344267.643639, -523.0
1575344268.019208, -523.0
1575344268.390294, -523.0
1575344268.772858, -523.0
1575344269.117953, -523.0
1575344269.492532, -523.0
1575344269.852193, -523.0
1575344270.236091, -523.0
1575344270.607883, -523.0
1575344271.004865, -523.0
1575344271.352248, -523.0
1575344271.703776, -523.0
1575344272.080768, -523.0
1575344272.456587, -523.0
1575344272.854567, -523.0
1575344273.193216, -523.0
1575344273.555116, -523.0
1575344273.920691, -523.0
1575344273.934549, -523.0
1575344274.323258, -523.0
1575344274.706606, -523.0
1575344275.083117, -523.0
1575344275.424146, -523.0
1575344275.800432, -523.0
1575344276.15463, -523.0
1575344276.526576, -523.0
1575344276.910718, -523.0
1575344277.293706, -523.0
1575344277.664238, -523.0
1575344278.032125, -523.0
1575344278.415093, -523.0
1575344278.771335, -523.0
1575344279.15839, -523.0
1575344279.503312, -523.0
1575344279.867838, -523.0
1575344280.24249, -523.0
1575344280.588921, -523.0
1575344280.94941, -523.0
1575344281.349079, -523.0
1575344281.72448, -523.0
1575344282.072339, -523.0
1575344282.414403, -523.0
1575344282.779987, -523.0
1575344283.146119, -523.0
1575344283.503685, -523.0
1575344283.860994, -523.0
1575344284.206625, -523.0
1575344284.556391, -523.0
1575344284.914359, -523.0
1575344285.281594, -523.0
1575344285.671263, -523.0
1575344286.013779, -523.0
1575344286.371956, -523.0
1575344286.718164, -523.0
1575344287.107662, -523.0
1575344287.467668, -523.0
1575344287.830249, -523.0
1575344288.19316, -523.0
1575344288.562818, -523.0
1575344288.896574, -523.0
1575344289.285792, -523.0
1575344289.66432, -523.0
1575344290.036038, -523.0
1575344290.386307, -523.0
1575344290.746456, -523.0
1575344291.098613, -523.0
1575344291.452664, -523.0
1575344291.818028, -523.0
1575344292.195774, -523.0
1575344292.559086, -523.0
1575344292.908638, -523.0
1575344293.267962, -523.0
1575344293.646421, -523.0
1575344293.990901, -523.0
1575344294.340051, -523.0
1575344294.701975, -523.0
1575344295.062495, -523.0
1575344295.412136, -523.0
1575344295.734306, -523.0
1575344296.089849, -523.0
1575344296.430925, -523.0
1575344296.790916, -523.0
1575344297.144664, -523.0
1575344297.493325, -523.0
1575344297.841499, -523.0
1575344298.185643, -523.0
1575344298.53176, -523.0
1575344298.887767, -523.0
1575344299.238297, -523.0
1575344299.578685, -523.0
1575344299.931663, -523.0
1575344300.264253, -523.0
1575344300.610744, -523.0
1575344300.988172, -523.0
1575344301.35285, -523.0
1575344301.691209, -523.0
1575344302.057043, -523.0
1575344302.396034, -523.0
1575344302.74458, -523.0
1575344303.087593, -523.0
1575344303.449423, -523.0
1575344303.799633, -523.0
1575344304.151454, -523.0
1575344304.523812, -523.0
1575344304.866253, -523.0
1575344305.219136, -523.0
1575344305.583896, -523.0
1575344305.951229, -523.0
1575344306.304369, -523.0
1575344306.652416, -523.0
1575344307.011273, -523.0
1575344307.404642, -523.0
1575344307.740291, -523.0
1575344308.110296, -523.0
1575344308.481409, -523.0
1575344308.810611, -523.0
1575344309.165877, -523.0
1575344309.503168, -523.0
1575344309.854189, -523.0
1575344310.190436, -523.0
1575344310.568373, -523.0
1575344310.923142, -523.0
1575344311.264429, -523.0
1575344311.622083, -523.0
1575344311.961499, -523.0
1575344312.301021, -523.0
1575344312.628509, -523.0
1575344312.998798, -523.0
1575344313.360722, -523.0
1575344313.714096, -523.0
1575344314.088841, -523.0
1575344314.441938, -523.0
1575344314.785646, -523.0
1575344315.146352, -523.0
1575344315.492999, -523.0
1575344315.852559, -523.0
1575344316.225565, -523.0
1575344316.600199, -523.0
1575344316.934549, -523.0
1575344317.286972, -523.0
1575344317.642538, -523.0
1575344318.000007, -523.0
1575344318.357241, -523.0
1575344318.706475, -523.0
1575344319.065182, -523.0
1575344319.426797, -523.0
1575344319.772139, -523.0
1575344320.110014, -523.0
1575344320.474304, -523.0
1575344320.835818, -523.0
1575344321.183537, -523.0
1575344321.524654, -523.0
1575344321.888394, -523.0
1575344322.251301, -523.0
1575344322.622078, -523.0
1575344322.9813, -523.0
1575344323.338932, -523.0
1575344323.701759, -523.0
1575344324.105626, -523.0
1575344324.481045, -523.0
1575344324.837178, -523.0
1575344325.182004, -523.0
1575344325.575862, -523.0
1575344325.940261, -523.0
1575344326.313908, -523.0
1575344326.675192, -523.0
1575344327.032639, -523.0
1575344327.385829, -523.0
1575344327.739406, -523.0
1575344328.107665, -523.0
1575344328.455897, -523.0
1575344328.838451, -523.0
1575344329.186883, -523.0
1575344329.53277, -523.0
1575344329.885984, -523.0
1575344330.268439, -523.0
1575344330.657579, -523.0
1575344330.998858, -523.0
1575344331.337688, -523.0
1575344331.702378, -523.0
1575344332.060609, -523.0
1575344332.42614, -523.0
1575344332.786286, -523.0
1575344333.159154, -523.0
1575344333.525266, -523.0
1575344333.883697, -523.0
1575344334.254449, -523.0
1575344334.595806, -523.0
1575344334.941809, -523.0
1575344335.283294, -523.0
1575344335.660271, -523.0
1575344336.014407, -523.0
1575344336.39198, -523.0
1575344336.754227, -523.0
1575344337.126702, -523.0
1575344337.492027, -523.0
1575344337.866068, -523.0
1575344338.220656, -523.0
1575344338.572706, -523.0
1575344338.941795, -523.0
1575344339.284044, -523.0
1575344339.622048, -523.0
1575344339.988007, -523.0
1575344340.352395, -523.0
1575344340.691154, -523.0
1575344341.037518, -523.0
1575344341.408791, -523.0
1575344341.812673, -523.0
1575344342.167702, -523.0
1575344342.535332, -523.0
1575344342.87468, -523.0
1575344343.23445, -523.0
1575344343.600912, -523.0
1575344343.966391, -523.0
1575344344.330101, -523.0
1575344344.713542, -523.0
1575344345.072228, -523.0
1575344345.411945, -523.0
1575344345.764808, -523.0
1575344346.12949, -523.0
1575344346.491013, -523.0
1575344346.843333, -523.0
1575344347.212871, -523.0
1575344347.561131, -523.0
1575344347.928581, -523.0
1575344348.271668, -523.0
1575344348.608731, -523.0
1575344348.950352, -523.0
1575344349.281821, -523.0
1575344349.632232, -523.0
1575344350.011616, -523.0
1575344350.379408, -523.0
1575344350.746618, -523.0
1575344263.463513, -523.0
1575344263.829384, -523.0
1575344263.843417, -523.0
1575344263.857176, -523.0
1575344263.870793, -523.0
1575344263.884444, -523.0
1575344264.269318, -523.0
1575344264.659182, -523.0
1575344265.037849, -523.0
1575344265.425377, -523.0
1575344265.766872, -523.0
1575344266.118985, -523.0
1575344266.504632, -523.0
1575344266.897392, -523.0
1575344267.270878, -523.0
1575344267.649289, -523.0
1575344267.999146, -523.0
1575344268.357995, -523.0
1575344268.73672, -523.0
1575344269.1007, -523.0
1575344269.475945, -523.0
1575344269.489873, -523.0
1575344269.877895, -523.0
1575344270.249965, -523.0
1575344270.631641, -523.0
1575344271.014487, -523.0
1575344271.396089, -523.0
1575344271.753074, -523.0
1575344272.137426, -523.0
1575344272.510033, -523.0
1575344272.905981, -523.0
1575344273.256158, -523.0
1575344273.638405, -523.0
1575344274.016752, -523.0
1575344274.386532, -523.0
1575344274.769166, -523.0
1575344275.138004, -523.0
1575344275.525563, -523.0
1575344275.912538, -523.0
1575344276.290332, -523.0
1575344276.655679, -523.0
1575344277.038827, -523.0
1575344277.442174, -523.0
1575344277.833748, -523.0
1575344278.188539, -523.0
1575344278.562419, -523.0
1575344278.929665, -523.0
1575344279.307936, -523.0
1575344279.663145, -523.0
1575344280.058756, -523.0
1575344280.447448, -523.0
1575344280.807368, -523.0
1575344281.181941, -523.0
1575344281.584286, -523.0
1575344281.972495, -523.0
1575344282.337324, -523.0
1575344282.694377, -523.0
1575344283.07184, -523.0
1575344283.442332, -523.0
1575344283.788189, -523.0
1575344284.176278, -523.0
1575344284.557076, -523.0
1575344284.923377, -523.0
1575344285.29271, -523.0
1575344285.673416, -523.0
1575344286.059405, -523.0
1575344286.427418, -523.0
1575344286.823167, -523.0
1575344287.196825, -523.0
1575344287.578097, -523.0
1575344287.942206, -523.0
1575344288.302978, -523.0
1575344288.664899, -523.0
1575344289.038295, -523.0
1575344289.415263, -523.0
1575344289.791947, -523.0
1575344290.182298, -523.0
1575344290.551731, -523.0
1575344290.897903, -523.0
1575344291.273952, -523.0
1575344291.652092, -523.0
1575344292.009709, -523.0
1575344292.379527, -523.0
1575344292.753278, -523.0
1575344293.102706, -523.0
1575344293.481883, -523.0
1575344293.851361, -523.0
1575344294.235132, -523.0
1575344294.590353, -523.0
1575344294.940685, -523.0
1575344295.311686, -523.0
1575344295.697822, -523.0
1575344296.083536, -523.0
1575344296.425989, -523.0
1575344296.801419, -523.0
1575344297.165107, -523.0
1575344297.534663, -523.0
1575344297.905874, -523.0
1575344298.279192, -523.0
1575344298.636755, -523.0
1575344298.999311, -523.0
1575344299.361552, -523.0
1575344299.72699, -523.0
1575344300.104182, -523.0
1575344300.47507, -523.0
1575344300.843162, -523.0
1575344301.198484, -523.0
1575344301.560111, -523.0
1575344301.943312, -523.0
1575344302.323986, -523.0
1575344302.69623, -523.0
1575344303.07692, -523.0
1575344303.441357, -523.0
1575344303.810511, -523.0
1575344304.179478, -523.0
1575344304.554271, -523.0
1575344304.925406, -523.0
1575344305.277562, -523.0
1575344305.651648, -523.0
1575344306.006637, -523.0
1575344306.369204, -523.0
1575344306.743735, -523.0
1575344307.094119, -523.0
1575344307.45558, -523.0
1575344307.815746, -523.0
1575344308.182302, -523.0
1575344308.554932, -523.0
1575344308.894119, -523.0
1575344309.262356, -523.0
1575344309.622499, -523.0
1575344309.970094, -523.0
1575344310.335175, -523.0
1575344310.6979, -523.0
1575344311.061336, -523.0
1575344311.415324, -523.0
1575344311.798422, -523.0
1575344312.150917, -523.0
1575344312.517604, -523.0
1575344312.890721, -523.0
1575344313.264326, -523.0
1575344313.61644, -523.0
1575344313.957954, -523.0
1575344314.330242, -523.0
1575344314.687618, -523.0
1575344315.066185, -523.0
1575344315.439825, -523.0
1575344315.812185, -523.0
1575344316.178554, -523.0
1575344316.570747, -523.0
1575344316.94336, -523.0
1575344317.322062, -523.0
1575344317.678443, -523.0
1575344318.049821, -523.0
1575344318.399399, -523.0
1575344318.752871, -523.0
1575344319.111141, -523.0
1575344319.456063, -523.0
1575344319.816353, -523.0
1575344320.18284, -523.0
1575344320.531445, -523.0
1575344320.907383, -523.0
1575344321.261199, -523.0
1575344321.595858, -523.0
1575344321.966491, -523.0
1575344322.346674, -523.0
1575344322.712429, -523.0
1575344323.072641, -523.0
1575344323.431476, -523.0
1575344323.813368, -523.0
1575344324.193562, -523.0
1575344324.549537, -523.0
1575344324.90697, -523.0
1575344325.266552, -523.0
1575344325.645228, -523.0
1575344325.998787, -523.0
1575344326.349401, -523.0
1575344326.722326, -523.0
1575344327.099762, -523.0
1575344327.486261, -523.0
1575344327.864664, -523.0
1575344328.214626, -523.0
1575344328.585597, -523.0
1575344328.95038, -523.0
1575344329.327198, -523.0
1575344329.684185, -523.0
1575344330.051242, -523.0
1575344330.438238, -523.0
1575344330.802432, -523.0
1575344331.156778, -523.0
1575344331.528441, -523.0
1575344331.894233, -523.0
1575344332.267966, -523.0
1575344332.62615, -523.0
1575344332.969647, -523.0
1575344333.344839, -523.0
1575344333.73393, -523.0
1575344334.109958, -523.0
1575344334.49575, -523.0
1575344334.841714, -523.0
1575344335.223427, -523.0
1575344335.596255, -523.0
1575344335.965863, -523.0
1575344336.327964, -523.0
1575344336.688597, -523.0
1575344337.052443, -523.0
1575344337.433737, -523.0
1575344337.80527, -523.0
1575344338.166225, -523.0
1575344338.525625, -523.0
1575344338.873822, -523.0
1575344339.26354, -523.0
1575344339.641799, -523.0
1575344340.035795, -523.0
1575344340.410149, -523.0
1575344340.781165, -523.0
1575344341.155718, -523.0
1575344341.513762, -523.0
1575344341.876121, -523.0
1575344342.253385, -523.0
1575344342.608362, -523.0
1575344342.97543, -523.0
1575344343.371962, -523.0
1575344343.764593, -523.0
1575344344.134592, -523.0
1575344344.519985, -523.0
1575344344.870644, -523.0
1575344345.247831, -523.0
1575344345.586907, -523.0
1575344345.965987, -523.0
1575344346.317753, -523.0
1575344346.654372, -523.0
1575344347.008329, -523.0
1575344347.344585, -523.0
1575344347.695284, -523.0
1575344348.09078, -523.0
1575344348.451916, -523.0
1575344348.833363, -523.0
1575344349.20593, -523.0
1575344349.572717, -523.0
1575344349.961031, -523.0
1575344350.347187, -523.0
1575344350.713719, -523.0
1575344351.07692, -523.0
1575344351.424229, -523.0
1575344351.772123, -523.0
1575344352.146704, -523.0
1575344352.518276, -523.0
1575344352.89705, -523.0
1575344353.24994, -523.0
1575344353.591315, -523.0
1575344263.475899, -523.0
1575344263.490014, -523.0
1575344263.846663, -523.0
1575344264.209359, -523.0
1575344264.599405, -523.0
1575344264.613235, -523.0
1575344264.626793, -523.0
1575344264.640339, -523.0
1575344264.654185, -523.0
1575344264.667839, -523.0
1575344264.681598, -523.0
1575344264.695286, -523.0
1575344264.709811, -523.0
1575344264.725161, -523.0
1575344264.740588, -523.0
1575344264.755765, -523.0
1575344264.771217, -523.0
1575344264.786595, -523.0
1575344264.801354, -523.0
1575344265.181026, -523.0
1575344265.194855, -523.0
1575344265.208575, -523.0
1575344265.222186, -523.0
1575344265.601674, -523.0
1575344265.615531, -523.0
1575344265.629305, -523.0
1575344265.642995, -523.0
1575344265.656655, -523.0
1575344265.670815, -523.0
1575344265.684449, -523.0
1575344266.06816, -523.0
1575344266.426455, -523.0
1575344266.791825, -523.0
1575344266.80568, -523.0
1575344267.190154, -523.0
1575344267.542723, -523.0
1575344267.556323, -523.0
1575344267.929824, -523.0
1575344267.943588, -523.0
1575344267.957189, -523.0
1575344268.363336, -523.0
1575344268.377215, -523.0
1575344268.390763, -523.0
1575344268.404567, -523.0
1575344268.418172, -523.0
1575344268.432218, -523.0
1575344268.446106, -523.0
1575344268.460256, -523.0
1575344268.474663, -523.0
1575344268.489004, -523.0
1575344268.503312, -523.0
1575344268.517055, -523.0
1575344268.925491, -523.0
1575344269.286964, -523.0
1575344269.668361, -523.0
1575344269.682178, -523.0
1575344270.052498, -523.0
1575344270.066245, -523.0
1575344270.080131, -523.0
1575344270.442735, -523.0
1575344270.456641, -523.0
1575344270.839384, -523.0
1575344271.206823, -523.0
1575344271.220694, -523.0
1575344271.234228, -523.0
1575344271.601428, -523.0
1575344271.965177, -523.0
1575344272.356209, -523.0
1575344272.7319, -523.0
1575344273.111432, -523.0
1575344273.125421, -523.0
1575344273.494585, -523.0
1575344273.508467, -523.0
1575344273.522295, -523.0
1575344273.535935, -523.0
1575344273.549525, -523.0
1575344273.563343, -523.0
1575344273.576925, -523.0
1575344273.938371, -523.0
1575344273.952112, -523.0
1575344274.340983, -523.0
1575344274.354856, -523.0
1575344274.740788, -523.0
1575344275.127489, -523.0
1575344275.503308, -523.0
1575344275.51719, -523.0
1575344275.530774, -523.0
1575344275.544349, -523.0
1575344275.557954, -523.0
1575344275.571858, -523.0
1575344275.585512, -523.0
1575344275.951197, -523.0
1575344275.964775, -523.0
1575344276.328807, -523.0
1575344276.342559, -523.0
1575344276.724123, -523.0
1575344276.738004, -523.0
1575344276.751746, -523.0
1575344276.765477, -523.0
1575344277.162402, -523.0
1575344277.176233, -523.0
1575344277.538778, -523.0
1575344277.924353, -523.0
1575344278.307021, -523.0
1575344278.678556, -523.0
1575344279.050333, -523.0
1575344279.064217, -523.0
1575344279.078227, -523.0
1575344279.091871, -523.0
1575344279.462585, -523.0
1575344279.849833, -523.0
1575344280.212452, -523.0
1575344280.226329, -523.0
1575344280.240146, -523.0
1575344280.253781, -523.0
1575344280.267378, -523.0
1575344280.28117, -523.0
1575344280.294797, -523.0
1575344280.308518, -523.0
1575344280.670281, -523.0
1575344281.038533, -523.0
1575344281.052324, -523.0
1575344281.066106, -523.0
1575344281.079658, -523.0
1575344281.454366, -523.0
1575344281.468273, -523.0
1575344281.853888, -523.0
1575344282.227615, -523.0
1575344282.588865, -523.0
1575344282.602767, -523.0
1575344282.616537, -523.0
1575344282.989394, -523.0
1575344283.364045, -523.0
1575344283.740135, -523.0
1575344283.754025, -523.0
1575344283.767707, -523.0
1575344283.781435, -523.0
1575344283.795039, -523.0
1575344283.808688, -523.0
1575344283.82256, -523.0
1575344283.836187, -523.0
1575344283.850004, -523.0
1575344283.863573, -523.0
1575344283.877465, -523.0
1575344284.238869, -523.0
1575344284.598841, -523.0
1575344284.946636, -523.0
1575344285.308188, -523.0
1575344285.673052, -523.0
1575344286.035486, -523.0
1575344286.390677, -523.0
1575344286.404443, -523.0
1575344286.779748, -523.0
1575344287.159191, -523.0
1575344287.534815, -523.0
1575344287.54872, -523.0
1575344287.917691, -523.0
1575344288.289986, -523.0
1575344288.303783, -523.0
1575344288.673428, -523.0
1575344288.687273, -523.0
1575344289.056086, -523.0
1575344289.422776, -523.0
1575344289.805174, -523.0
1575344290.177599, -523.0
1575344290.547723, -523.0
1575344290.919511, -523.0
1575344290.933391, -523.0
1575344290.94705, -523.0
1575344290.960894, -523.0
1575344290.974426, -523.0
1575344290.988211, -523.0
1575344291.001811, -523.0
1575344291.373983, -523.0
1575344291.75834, -523.0
1575344292.124433, -523.0
1575344292.485543, -523.0
1575344292.849769, -523.0
1575344293.222437, -523.0
1575344293.582592, -523.0
1575344293.596421, -523.0
1575344293.98681, -523.0
1575344294.343981, -523.0
1575344294.708247, -523.0
1575344294.722133, -523.0
1575344295.106052, -523.0
1575344295.119928, -523.0
1575344295.492005, -523.0
1575344295.862224, -523.0
1575344295.876021, -523.0
1575344296.241832, -523.0
1575344296.59603, -523.0
1575344296.609852, -523.0
1575344296.623676, -523.0
1575344296.990101, -523.0
1575344297.351035, -523.0
1575344297.727338, -523.0
1575344298.097678, -523.0
1575344298.496273, -523.0
1575344298.857379, -523.0
1575344299.22266, -523.0
1575344299.585794, -523.0
1575344299.958541, -523.0
1575344299.972207, -523.0
1575344300.348622, -523.0
1575344300.720034, -523.0
1575344300.733958, -523.0
1575344301.089594, -523.0
1575344301.469318, -523.0
1575344301.827825, -523.0
1575344302.216025, -523.0
1575344302.582235, -523.0
1575344302.954654, -523.0
1575344302.968506, -523.0
1575344303.350552, -523.0
1575344303.724096, -523.0
1575344304.07818, -523.0
1575344304.443236, -523.0
1575344304.817809, -523.0
1575344305.180209, -523.0
1575344305.530076, -523.0
1575344305.925551, -523.0
1575344306.295929, -523.0
1575344306.663291, -523.0
1575344307.061273, -523.0
1575344307.429112, -523.0
1575344307.79604, -523.0
1575344308.146852, -523.0
1575344308.160619, -523.0
1575344308.545059, -523.0
1575344308.901614, -523.0
1575344309.24955, -523.0
1575344309.263453, -523.0
1575344309.618263, -523.0
1575344310.010138, -523.0
1575344310.023823, -523.0
1575344310.374424, -523.0
1575344310.74305, -523.0
1575344311.098296, -523.0
1575344311.474103, -523.0
1575344311.854468, -523.0
1575344312.241687, -523.0
1575344312.610638, -523.0
1575344312.977146, -523.0
1575344313.36743, -523.0
1575344313.746129, -523.0
1575344314.130187, -523.0
1575344314.493068, -523.0
1575344314.855847, -523.0
1575344315.234568, -523.0
1575344315.265139, -523.0
1575344315.279493, -523.0
1575344315.294748, -523.0
1575344315.308589, -523.0
1575344315.323789, -523.0
1575344315.339079, -523.0
1575344315.354486, -523.0
1575344315.369098, -523.0
1575344315.383818, -523.0
1575344315.398362, -523.0
1575344315.4125, -523.0
1575344315.426425, -523.0
1575344315.440071, -523.0
1575344315.454011, -523.0
1575344315.467758, -523.0
1575344315.481966, -523.0
1575344315.496073, -523.0
1575344315.510364, -523.0
1575344315.524974, -523.0
1575344315.540167, -523.0
1575344315.554833, -523.0
1575344315.569664, -523.0
1575344315.584245, -523.0
1575344315.598246, -523.0
1575344315.611964, -523.0
1575344315.989016, -523.0
1575344316.38726, -523.0
1575344316.770446, -523.0
1575344317.141387, -523.0
1575344317.507689, -523.0
1575344317.899021, -523.0
1575344317.912969, -523.0
1575344317.926774, -523.0
1575344318.302437, -523.0
1575344318.683268, -523.0
1575344319.071779, -523.0
1575344319.085625, -523.0
1575344319.099542, -523.0
1575344319.113295, -523.0
1575344319.127154, -523.0
1575344319.140834, -523.0
1575344319.154656, -523.0
1575344319.168275, -523.0
1575344319.181944, -523.0
1575344319.195841, -523.0
1575344319.209546, -523.0
1575344319.223423, -523.0
1575344319.237115, -523.0
1575344319.250967, -523.0
1575344319.264573, -523.0
1575344319.278435, -523.0
1575344319.658681, -523.0
1575344319.672492, -523.0
1575344320.050897, -523.0
1575344320.434712, -523.0
1575344320.835054, -523.0
1575344320.848831, -523.0
1575344320.862769, -523.0
1575344320.87643, -523.0
1575344321.249483, -523.0
1575344321.639856, -523.0
1575344322.024616, -523.0
1575344322.389667, -523.0
1575344322.748831, -523.0
1575344323.116255, -523.0
1575344323.514351, -523.0
1575344323.890192, -523.0
1575344324.269695, -523.0
1575344324.283587, -523.0
1575344324.297451, -523.0
1575344324.31117, -523.0
1575344324.324828, -523.0
1575344324.33866, -523.0
1575344324.712641, -523.0
1575344325.100801, -523.0
1575344325.494196, -523.0
1575344325.508091, -523.0
1575344325.521917, -523.0
1575344325.535586, -523.0
1575344325.549205, -523.0
1575344325.934054, -523.0
1575344326.330624, -523.0
1575344326.694785, -523.0
1575344327.061234, -523.0
1575344327.445982, -523.0
1575344327.459669, -523.0
1575344327.473573, -523.0
1575344327.487296, -523.0
1575344327.851629, -523.0
1575344328.228182, -523.0
1575344328.630304, -523.0
1575344328.644197, -523.0
1575344328.657896, -523.0
1575344328.671558, -523.0
1575344328.685767, -523.0
1575344328.699398, -523.0
1575344328.713594, -523.0
1575344328.727298, -523.0
1575344328.741157, -523.0
1575344329.1021, -523.0
1575344329.461724, -523.0
1575344329.836471, -523.0
1575344330.193243, -523.0
1575344330.585869, -523.0
1575344330.943662, -523.0
1575344331.313935, -523.0
1575344331.691552, -523.0
1575344332.081808, -523.0
1575344332.43133, -523.0
1575344332.445229, -523.0
1575344332.459125, -523.0
1575344332.472852, -523.0
1575344332.48669, -523.0
1575344332.500442, -523.0
1575344332.514296, -523.0
1575344332.527918, -523.0
1575344332.54156, -523.0
1575344332.55548, -523.0
1575344332.924617, -523.0
1575344332.938523, -523.0
1575344332.952375, -523.0
1575344332.966118, -523.0
1575344332.979799, -523.0
1575344332.993718, -523.0
1575344333.007473, -523.0
1575344333.021391, -523.0
1575344333.40853, -523.0
1575344333.785968, -523.0
1575344334.17288, -523.0
1575344334.554077, -523.0
1575344334.567941, -523.0
1575344334.581746, -523.0
1575344334.595444, -523.0
1575344334.965354, -523.0
1575344335.349045, -523.0
1575344335.748792, -523.0
1575344336.112582, -523.0
1575344336.475906, -523.0
1575344336.843717, -523.0
1575344337.232475, -523.0
1575344337.246304, -523.0
1575344337.630243, -523.0
1575344338.008841, -523.0
1575344338.382728, -523.0
1575344338.772392, -523.0
1575344339.160948, -523.0
1575344339.543193, -523.0
1575344339.913499, -523.0
1575344339.92738, -523.0
1575344340.283335, -523.0
1575344340.664704, -523.0
1575344341.0459, -523.0
1575344341.433035, -523.0
1575344341.805059, -523.0
1575344342.19734, -523.0
1575344342.566812, -523.0
1575344342.926258, -523.0
1575344343.293215, -523.0
1575344343.677173, -523.0
1575344343.691125, -523.0
1575344344.066107, -523.0
1575344344.080087, -523.0
1575344344.457167, -523.0
1575344344.838564, -523.0
1575344345.220269, -523.0
1575344345.586464, -523.0
1575344345.969858, -523.0
1575344346.354322, -523.0
1575344346.735531, -523.0
1575344347.115133, -523.0
1575344347.128984, -523.0
1575344347.142933, -523.0
1575344347.156693, -523.0
1575344347.545946, -523.0
1575344347.917956, -523.0
1575344347.931664, -523.0
1575344347.945804, -523.0
1575344348.319507, -523.0
1575344348.715009, -523.0
1575344348.728956, -523.0
1575344348.742886, -523.0
1575344348.756682, -523.0
1575344348.77035, -523.0
1575344348.784164, -523.0
1575344348.79789, -523.0
1575344348.811583, -523.0
1575344348.825301, -523.0
1575344348.839222, -523.0
1575344348.853201, -523.0
1575344348.867089, -523.0
1575344349.274053, -523.0
1575344349.287724, -523.0
1575344349.301522, -523.0
1575344349.315445, -523.0
1575344349.74626, -523.0
1575344349.760148, -523.0
1575344350.146055, -523.0
1575344350.509424, -523.0
1575344350.882689, -523.0
1575344351.239194, -523.0
1575344351.253035, -523.0
1575344351.266666, -523.0
1575344351.280309, -523.0
1575344351.29391, -523.0
1575344351.30755, -523.0
1575344351.321619, -523.0
1575344351.335343, -523.0
1575344351.348996, -523.0
1575344351.363183, -523.0
1575344351.376804, -523.0
1575344351.390632, -523.0
1575344351.40436, -523.0
1575344351.418188, -523.0
1575344351.431803, -523.0
1575344351.807295, -523.0
1575344352.205687, -523.0
1575344352.219409, -523.0
1575344352.233571, -523.0
1575344352.247315, -523.0
1575344352.261037, -523.0
1575344352.275348, -523.0
1575344352.289052, -523.0
1575344352.655867, -523.0
1575344353.055592, -523.0
1575344353.407688, -523.0
1575344353.778421, -523.0
1575344354.160679, -523.0
1575344354.538322, -523.0
1575344354.915703, -523.0
1575344355.285592, -523.0
1575344355.681766, -523.0
1575344356.063119, -523.0
1575344356.077041, -523.0
1575344356.090866, -523.0
1575344356.506435, -523.0
1575344356.906217, -523.0
1575344357.261512, -523.0
1575344357.625266, -523.0
1575344357.998564, -523.0
1575344358.380266, -523.0
1575344358.767914, -523.0
1575344359.132694, -523.0
1575344359.507496, -523.0
1575344359.867479, -523.0
1575344360.225935, -523.0
1575344360.594666, -523.0
1575344360.965207, -523.0
1575344361.313143, -523.0
1575344361.686628, -523.0
1575344362.047085, -523.0
1575344343.804891, -523.0
1575344344.173304, -523.0
1575344344.549308, -523.0
1575344344.563062, -523.0
1575344344.576981, -523.0
1575344344.590713, -523.0
1575344344.60437, -523.0
1575344344.618269, -523.0
1575344345.018827, -523.0
1575344345.387079, -523.0
1575344345.769819, -523.0
1575344346.156014, -523.0
1575344346.521496, -523.0
1575344346.891537, -523.0
1575344347.280593, -523.0
1575344347.670354, -523.0
1575344348.031991, -523.0
1575344348.412326, -523.0
1575344348.79881, -523.0
1575344349.191468, -523.0
1575344349.591008, -523.0
1575344349.998323, -523.0
1575344350.360362, -523.0
1575344350.763206, -523.0
1575344351.119939, -523.0
1575344351.52054, -523.0
1575344351.916064, -523.0
1575344352.264624, -523.0
1575344352.642258, -523.0
1575344353.00919, -523.0
1575344353.374345, -523.0
1575344353.771708, -523.0
1575344354.164381, -523.0
1575344354.554756, -523.0
1575344354.944273, -523.0
1575344355.326993, -523.0
1575344355.747036, -523.0
1575344356.123808, -523.0
1575344356.491367, -523.0
1575344356.885989, -523.0
1575344357.249573, -523.0
1575344357.625433, -523.0
1575344358.056831, -523.0
1575344358.445387, -523.0
1575344358.848558, -523.0
1575344359.24642, -523.0
1575344359.614795, -523.0
1575344359.985526, -523.0
1575344360.37897, -523.0
1575344360.771572, -523.0
1575344360.785536, -523.0
1575344361.165791, -523.0
1575344361.1797, -523.0
1575344361.560257, -523.0
1575344361.939153, -523.0
1575344362.311642, -523.0
1575344362.676627, -523.0
1575344363.050407, -523.0
1575344363.422556, -523.0
1575344363.782188, -523.0
1575344363.796188, -523.0
1575344364.199375, -523.0
1575344364.584931, -523.0
1575344364.947313, -523.0
1575344365.309181, -523.0
1575344365.660177, -523.0
1575344366.038319, -523.0
1575344366.41304, -523.0
1575344366.779978, -523.0
1575344367.177249, -523.0
1575344367.540441, -523.0
1575344367.913821, -523.0
1575344368.291674, -523.0
1575344368.671986, -523.0
1575344369.051612, -523.0
1575344369.445761, -523.0
1575344369.848879, -523.0
1575344370.23474, -523.0
1575344370.61763, -523.0
1575344371.016357, -523.0
1575344371.426425, -523.0
1575344371.811645, -523.0
1575344372.184555, -523.0
1575344372.582774, -523.0
1575344372.970012, -523.0
1575344373.361322, -523.0
1575344373.755273, -523.0
1575344374.142939, -523.0
1575344374.513006, -523.0
1575344374.911083, -523.0
1575344375.285209, -523.0
1575344375.69636, -523.0
1575344376.083077, -523.0
1575344376.452905, -523.0
1575344376.828868, -523.0
1575344377.198326, -523.0
1575344377.583036, -523.0
1575344377.971926, -523.0
1575344378.350267, -523.0
1575344378.717312, -523.0
1575344379.07572, -523.0
1575344379.461937, -523.0
1575344379.826705, -523.0
1575344380.182646, -523.0
1575344380.582688, -523.0
1575344380.956268, -523.0
1575344381.343218, -523.0
1575344381.730299, -523.0
1575344382.095143, -523.0
1575344382.476048, -523.0
1575344382.866166, -523.0
1575344383.219224, -523.0
1575344383.619664, -523.0
1575344384.022085, -523.0
1575344384.406701, -523.0
1575344384.78729, -523.0
1575344385.170506, -523.0
1575344385.184241, -523.0
1575344385.552609, -523.0
1575344385.948983, -523.0
1575344386.338323, -523.0
1575344386.724654, -523.0
1575344387.13505, -523.0
1575344387.512077, -523.0
1575344387.886962, -523.0
1575344388.269375, -523.0
1575344388.67284, -523.0
1575344389.039642, -523.0
1575344389.401364, -523.0
1575344389.778136, -523.0
1575344390.155012, -523.0
1575344390.54856, -523.0
1575344390.922808, -523.0
1575344391.296562, -523.0
1575344391.669258, -523.0
1575344392.041705, -523.0
1575344392.415651, -523.0
1575344392.800633, -523.0
1575344392.814552, -523.0
1575344393.180744, -523.0
1575344393.555072, -523.0
1575344393.90154, -523.0
1575344394.26804, -523.0
1575344394.64689, -523.0
1575344395.04567, -523.0
1575344395.428321, -523.0
1575344395.817904, -523.0
1575344396.15884, -523.0
1575344396.53125, -523.0
1575344396.909314, -523.0
1575344397.310802, -523.0
1575344397.69351, -523.0
1575344398.062069, -523.0
1575344398.443726, -523.0
1575344398.818818, -523.0
1575344399.172013, -523.0
1575344399.552702, -523.0
1575344399.566581, -523.0
1575344399.971285, -523.0
1575344400.355698, -523.0
1575344400.740347, -523.0
1575344401.126825, -523.0
1575344401.495357, -523.0
1575344401.86167, -523.0
1575344402.23578, -523.0
1575344402.609842, -523.0
1575344402.985289, -523.0
1575344403.365024, -523.0
1575344403.744029, -523.0
1575344404.135171, -523.0
1575344404.510347, -523.0
1575344404.910215, -523.0
1575344405.314976, -523.0
1575344405.697689, -523.0
1575344406.118915, -523.0
1575344406.547146, -523.0
1575344406.937935, -523.0
1575344407.324874, -523.0
1575344407.697133, -523.0
1575344408.069465, -523.0
1575344408.444453, -523.0
1575344408.803552, -523.0
1575344409.170997, -523.0
1575344409.53341, -523.0
1575344409.926258, -523.0
1575344410.299173, -523.0
1575344410.67073, -523.0
1575344411.047425, -523.0
1575344411.432337, -523.0
1575344411.819741, -523.0
1575344412.223833, -523.0
1575344412.632078, -523.0
1575344413.090432, -523.0
1575344413.524185, -523.0
1575344413.94298, -523.0
1575344414.380811, -523.0
1575344414.840775, -523.0
1575344415.290849, -523.0
1575344415.780421, -523.0
1575344416.249123, -523.0
1575344416.744397, -523.0
1575344417.175597, -523.0
1575344417.5924, -523.0
1575344417.971909, -523.0
1575344418.359906, -523.0
1575344418.738159, -523.0
1575344419.116786, -523.0
1575344419.515534, -523.0
1575344419.907154, -523.0
1575344420.308934, -523.0
1575344420.658988, -523.0
1575344421.040464, -523.0
1575344421.414215, -523.0
1575344421.79129, -523.0
1575344422.161104, -523.0
1575344422.588084, -523.0
1575344423.027386, -523.0
1575344423.448042, -523.0
1575344423.811839, -523.0
1575344424.175989, -523.0
1575344424.565283, -523.0
1575344424.925964, -523.0
1575344425.304696, -523.0
1575344425.657885, -523.0
1575344426.026876, -523.0
1575344426.403894, -523.0
1575344426.776199, -523.0
1575344427.148785, -523.0
1575344427.523484, -523.0
1575344427.923377, -523.0
1575344428.327095, -523.0
1575344428.715468, -523.0
1575344429.098588, -523.0
1575344429.448487, -523.0
1575344429.841931, -523.0
1575344430.227119, -523.0
1575344430.589983, -523.0
1575344430.991465, -523.0
1575344431.367416, -523.0
1575344431.751219, -523.0
1575344432.134046, -523.0
1575344432.531299, -523.0
1575344432.890543, -523.0
1575344433.27992, -523.0
1575344433.719902, -523.0
1575344433.733757, -523.0
1575344433.747515, -523.0
1575344433.761435, -523.0
1575344433.776675, -523.0
1575344433.791853, -523.0
1575344350.772572, -523.0
1575344350.786239, -523.0
1575344351.172511, -523.0
1575344351.186313, -523.0
1575344351.200243, -523.0
1575344351.214227, -523.0
1575344351.227928, -523.0
1575344351.242037, -523.0
1575344351.257099, -523.0
1575344351.272196, -523.0
1575344351.286495, -523.0
1575344351.300582, -523.0
1575344351.314924, -523.0
1575344351.329465, -523.0
1575344351.343995, -523.0
1575344351.35847, -523.0
1575344351.372842, -523.0
1575344351.387173, -523.0
1575344351.401785, -523.0
1575344351.41657, -523.0
1575344351.810309, -523.0
1575344352.198396, -523.0
1575344352.5885, -523.0
1575344352.951241, -523.0
1575344353.303861, -523.0
1575344353.681505, -523.0
1575344354.058069, -523.0
1575344354.071897, -523.0
1575344354.43366, -523.0
1575344354.778224, -523.0
1575344355.157163, -523.0
1575344355.532636, -523.0
1575344355.905416, -523.0
1575344356.265002, -523.0
1575344356.604553, -523.0
1575344356.962529, -523.0
1575344357.347769, -523.0
1575344357.707022, -523.0
1575344358.067556, -523.0
1575344358.434198, -523.0
1575344358.804879, -523.0
1575344359.190376, -523.0
1575344359.537224, -523.0
1575344359.897804, -523.0
1575344360.251487, -523.0
1575344360.615696, -523.0
1575344360.999125, -523.0
1575344361.354005, -523.0
1575344361.740593, -523.0
1575344362.107541, -523.0
1575344362.473422, -523.0
1575344362.861443, -523.0
1575344363.227294, -523.0
1575344363.608427, -523.0
1575344363.963855, -523.0
1575344364.322135, -523.0
1575344364.680794, -523.0
1575344365.050465, -523.0
1575344365.406011, -523.0
1575344365.779653, -523.0
1575344366.141678, -523.0
1575344366.523672, -523.0
1575344366.919487, -523.0
1575344367.283112, -523.0
1575344367.627524, -523.0
1575344368.011749, -523.0
1575344368.35681, -523.0
1575344368.715279, -523.0
1575344369.074843, -523.0
1575344369.433335, -523.0
1575344369.781465, -523.0
1575344370.142755, -523.0
1575344370.509062, -523.0
1575344370.87559, -523.0
1575344371.24702, -523.0
1575344371.609294, -523.0
1575344371.957722, -523.0
1575344372.329556, -523.0
1575344372.702532, -523.0
1575344373.074613, -523.0
1575344373.443466, -523.0
1575344373.810303, -523.0
1575344374.1546, -523.0
1575344374.528756, -523.0
1575344374.898504, -523.0
1575344375.274798, -523.0
1575344375.644471, -523.0
1575344376.017031, -523.0
1575344376.369005, -523.0
1575344376.724042, -523.0
1575344377.097369, -523.0
1575344377.440112, -523.0
1575344377.808481, -523.0
1575344378.190161, -523.0
1575344378.551421, -523.0
1575344378.899944, -523.0
1575344379.26414, -523.0
1575344379.636138, -523.0
1575344380.008547, -523.0
1575344380.372812, -523.0
1575344380.747252, -523.0
1575344381.106002, -523.0
1575344381.461491, -523.0
1575344381.827642, -523.0
1575344382.193174, -523.0
1575344382.564517, -523.0
1575344382.926867, -523.0
1575344383.300102, -523.0
1575344383.670857, -523.0
1575344384.039955, -523.0
1575344384.383246, -523.0
1575344384.75317, -523.0
1575344385.111676, -523.0
1575344385.49634, -523.0
1575344385.865855, -523.0
1575344386.239482, -523.0
1575344386.573125, -523.0
1575344386.953561, -523.0
1575344387.330165, -523.0
1575344387.720268, -523.0
1575344388.084875, -523.0
1575344388.45674, -523.0
1575344388.8359, -523.0
1575344389.212754, -523.0
1575344389.564476, -523.0
1575344389.943881, -523.0
1575344390.322441, -523.0
1575344390.697656, -523.0
1575344391.055248, -523.0
1575344391.443719, -523.0
1575344391.799195, -523.0
1575344392.162184, -523.0
1575344392.535818, -523.0
1575344392.905139, -523.0
1575344393.25704, -523.0
1575344393.633183, -523.0
1575344393.986277, -523.0
1575344394.363375, -523.0
1575344394.725172, -523.0
1575344395.109808, -523.0
1575344395.50262, -523.0
1575344395.863493, -523.0
1575344396.219268, -523.0
1575344396.585247, -523.0
1575344396.959913, -523.0
1575344397.329934, -523.0
1575344397.689431, -523.0
1575344398.061815, -523.0
1575344398.439846, -523.0
1575344398.453563, -523.0
1575344398.862468, -523.0
1575344398.876344, -523.0
1575344398.890023, -523.0
1575344398.903662, -523.0
1575344399.266499, -523.0
1575344399.280411, -523.0
1575344399.294193, -523.0
1575344399.30785, -523.0
1575344399.695497, -523.0
1575344400.060151, -523.0
1575344400.409247, -523.0
1575344400.764222, -523.0
1575344401.139203, -523.0
1575344401.521656, -523.0
1575344401.535286, -523.0
1575344401.910375, -523.0
1575344402.269997, -523.0
1575344402.639594, -523.0
1575344403.023156, -523.0
1575344403.386942, -523.0
1575344403.756777, -523.0
1575344404.143088, -523.0
1575344404.522307, -523.0
1575344404.871672, -523.0
1575344405.241178, -523.0
1575344405.609227, -523.0
1575344405.992709, -523.0
1575344406.363583, -523.0
1575344406.76279, -523.0
1575344407.142278, -523.0
1575344407.519629, -523.0
1575344407.903826, -523.0
1575344408.28141, -523.0
1575344408.647435, -523.0
1575344409.054631, -523.0
1575344409.436421, -523.0
1575344409.823077, -523.0
1575344410.208108, -523.0
1575344410.221997, -523.0
1575344410.573034, -523.0
1575344410.964667, -523.0
1575344411.349632, -523.0
1575344411.747717, -523.0
1575344412.103334, -523.0
1575344412.479389, -523.0
1575344412.849632, -523.0
1575344413.22477, -523.0
1575344413.598324, -523.0
1575344413.94711, -523.0
1575344413.960979, -523.0
1575344414.327653, -523.0
1575344414.708406, -523.0
1575344415.090891, -523.0
1575344415.471076, -523.0
1575344415.840576, -523.0
1575344416.237934, -523.0
1575344416.603298, -523.0
1575344416.97658, -523.0
1575344417.349557, -523.0
1575344417.74026, -523.0
1575344418.132822, -523.0
1575344418.509425, -523.0
1575344418.863831, -523.0
1575344419.222347, -523.0
1575344419.590653, -523.0
1575344419.949596, -523.0
1575344420.338835, -523.0
1575344420.725597, -523.0
1575344421.099468, -523.0
1575344421.472144, -523.0
1575344421.826144, -523.0
1575344422.202243, -523.0
1575344422.573791, -523.0
1575344422.94425, -523.0
1575344423.342319, -523.0
1575344423.715509, -523.0
1575344424.081928, -523.0
1575344424.441113, -523.0
1575344424.790998, -523.0
1575344425.163474, -523.0
1575344425.518405, -523.0
1575344425.860638, -523.0
1575344426.226349, -523.0
1575344426.579954, -523.0
1575344426.945085, -523.0
1575344427.310374, -523.0
1575344427.677447, -523.0
1575344428.053317, -523.0
1575344428.453027, -523.0
1575344428.83188, -523.0
1575344429.189742, -523.0
1575344429.564243, -523.0
1575344429.578146, -523.0
1575344429.965154, -523.0
1575344430.33128, -523.0
1575344430.691965, -523.0
1575344431.073204, -523.0
1575344431.444514, -523.0
1575344431.816162, -523.0
1575344432.193207, -523.0
1575344353.972171, -523.0
1575344354.374789, -523.0
1575344354.757648, -523.0
1575344355.135911, -523.0
1575344355.533345, -523.0
1575344355.547253, -523.0
1575344355.561176, -523.0
1575344355.574748, -523.0
1575344355.955669, -523.0
1575344356.327433, -523.0
1575344356.693612, -523.0
1575344357.070961, -523.0
1575344357.449349, -523.0
1575344357.808607, -523.0
1575344358.179955, -523.0
1575344358.547844, -523.0
1575344358.932293, -523.0
1575344359.295786, -523.0
1575344359.691376, -523.0
1575344360.070358, -523.0
1575344360.430019, -523.0
1575344360.810607, -523.0
1575344361.184647, -523.0
1575344361.549547, -523.0
1575344361.926222, -523.0
1575344362.28855, -523.0
1575344362.667363, -523.0
1575344363.023723, -523.0
1575344363.411911, -523.0
1575344363.811142, -523.0
1575344364.187706, -523.0
1575344364.559693, -523.0
1575344364.92399, -523.0
1575344365.297081, -523.0
1575344365.676201, -523.0
1575344366.048965, -523.0
1575344366.436919, -523.0
1575344366.791048, -523.0
1575344367.167309, -523.0
1575344367.547792, -523.0
1575344367.937984, -523.0
1575344368.30327, -523.0
1575344368.692179, -523.0
1575344369.061337, -523.0
1575344369.450557, -523.0
1575344369.841125, -523.0
1575344370.208866, -523.0
1575344370.578995, -523.0
1575344370.936616, -523.0
1575344371.321792, -523.0
1575344371.706073, -523.0
1575344372.080526, -523.0
1575344372.454354, -523.0
1575344372.813642, -523.0
1575344373.194417, -523.0
1575344373.557579, -523.0
1575344373.910092, -523.0
1575344374.275379, -523.0
1575344374.645002, -523.0
1575344375.022544, -523.0
1575344375.398899, -523.0
1575344375.762727, -523.0
1575344376.140026, -523.0
1575344376.516706, -523.0
1575344376.877257, -523.0
1575344377.268045, -523.0
1575344377.643929, -523.0
1575344378.03092, -523.0
1575344378.412157, -523.0
1575344378.788351, -523.0
1575344379.158885, -523.0
1575344379.527427, -523.0
1575344379.907101, -523.0
1575344380.262885, -523.0
1575344380.655083, -523.0
1575344381.043011, -523.0
1575344381.416588, -523.0
1575344381.794382, -523.0
1575344382.168903, -523.0
1575344382.553883, -523.0
1575344382.933405, -523.0
1575344383.301179, -523.0
1575344383.681572, -523.0
1575344384.051929, -523.0
1575344384.411865, -523.0
1575344384.787949, -523.0
1575344385.149961, -523.0
1575344385.525684, -523.0
1575344385.901024, -523.0
1575344386.28163, -523.0
1575344386.664061, -523.0
1575344387.041655, -523.0
1575344387.386853, -523.0
1575344387.750007, -523.0
1575344388.111616, -523.0
1575344388.49915, -523.0
1575344388.865019, -523.0
1575344389.240199, -523.0
1575344389.574129, -523.0
1575344389.58793, -523.0
1575344389.953029, -523.0
1575344390.286794, -523.0
1575344390.300616, -523.0
1575344390.674967, -523.0
1575344391.048675, -523.0
1575344391.417954, -523.0
1575344391.800449, -523.0
1575344392.168376, -523.0
1575344392.521693, -523.0
1575344392.900907, -523.0
1575344393.279919, -523.0
1575344393.651034, -523.0
1575344394.026122, -523.0
1575344394.412061, -523.0
1575344394.77509, -523.0
1575344395.137016, -523.0
1575344395.508064, -523.0
1575344395.874248, -523.0
1575344396.235892, -523.0
1575344396.609993, -523.0
1575344396.979593, -523.0
1575344397.349203, -523.0
1575344397.715946, -523.0
1575344398.100713, -523.0
1575344398.497388, -523.0
1575344398.511189, -523.0
1575344398.89539, -523.0
1575344398.909162, -523.0
1575344398.922809, -523.0
1575344399.308103, -523.0
1575344399.677482, -523.0
1575344400.072569, -523.0
1575344400.45316, -523.0
1575344400.841779, -523.0
1575344401.20953, -523.0
1575344401.570469, -523.0
1575344401.950737, -523.0
1575344402.326465, -523.0
1575344402.704612, -523.0
1575344403.076586, -523.0
1575344403.457777, -523.0
1575344403.833384, -523.0
1575344404.225282, -523.0
1575344404.620853, -523.0
1575344405.010285, -523.0
1575344405.367557, -523.0
1575344405.727872, -523.0
1575344406.116764, -523.0
1575344406.491185, -523.0
1575344406.862854, -523.0
1575344407.251464, -523.0
1575344407.668666, -523.0
1575344408.050018, -523.0
1575344408.439301, -523.0
1575344408.828483, -523.0
1575344409.236571, -523.0
1575344409.60493, -523.0
1575344410.011881, -523.0
1575344410.374278, -523.0
1575344410.734481, -523.0
1575344411.102395, -523.0
1575344411.473692, -523.0
1575344411.861049, -523.0
1575344412.238233, -523.0
1575344412.614116, -523.0
1575344412.971216, -523.0
1575344413.351732, -523.0
1575344413.727208, -523.0
1575344414.094371, -523.0
1575344414.463224, -523.0
1575344414.84299, -523.0
1575344415.234277, -523.0
1575344415.612938, -523.0
1575344415.977728, -523.0
1575344416.345219, -523.0
1575344416.729584, -523.0
1575344417.097026, -523.0
1575344417.477304, -523.0
1575344417.828267, -523.0
1575344418.200277, -523.0
1575344418.579095, -523.0
1575344418.935472, -523.0
1575344419.297551, -523.0
1575344419.674955, -523.0
1575344420.074773, -523.0
1575344420.473219, -523.0
1575344420.852636, -523.0
1575344421.226222, -523.0
1575344421.585524, -523.0
1575344421.959675, -523.0
1575344422.334309, -523.0
1575344422.691754, -523.0
1575344423.072714, -523.0
1575344423.438426, -523.0
1575344423.809381, -523.0
1575344424.183485, -523.0
1575344424.575208, -523.0
1575344424.940291, -523.0
1575344425.295235, -523.0
1575344425.678637, -523.0
1575344426.061129, -523.0
1575344426.428929, -523.0
1575344426.80961, -523.0
1575344427.192096, -523.0
1575344427.589765, -523.0
1575344427.993715, -523.0
1575344428.365669, -523.0
1575344428.747303, -523.0
1575344429.118594, -523.0
1575344429.518557, -523.0
1575344429.912203, -523.0
1575344430.301596, -523.0
1575344430.690757, -523.0
1575344431.100445, -523.0
1575344431.507293, -523.0
1575344431.886213, -523.0
1575344432.283061, -523.0
1575344432.675221, -523.0
1575344432.688872, -523.0
1575344433.08121, -523.0
1575344433.441815, -523.0
1575344433.817259, -523.0
1575344434.193989, -523.0
1575344434.207573, -523.0
1575344434.578123, -523.0
1575344434.932669, -523.0
1575344435.301955, -523.0
1575344435.6552, -523.0
1575344436.001775, -523.0
1575344436.383914, -523.0
1575344436.774348, -523.0
1575344437.159575, -523.0
1575344437.516187, -523.0
1575344437.883245, -523.0
1575344438.269077, -523.0
1575344438.655268, -523.0
1575344439.030634, -523.0
1575344439.407876, -523.0
1575344439.760122, -523.0
1575344440.13031, -523.0
1575344440.488758, -523.0
1575344440.855146, -523.0
1575344441.226865, -523.0
1575344441.605036, -523.0
1575344441.985419, -523.0
1575344442.359423, -523.0
1575344442.731336, -523.0
1575344443.092203, -523.0
1575344443.469328, -523.0
1575344443.839448, -523.0
1575344362.42977, -523.0
1575344362.791596, -523.0
1575344363.165264, -523.0
1575344363.533345, -523.0
1575344363.898891, -523.0
1575344364.288021, -523.0
1575344364.302105, -523.0
1575344364.316158, -523.0
1575344364.330471, -523.0
1575344364.345241, -523.0
1575344364.360539, -523.0
1575344364.376238, -523.0
1575344364.39151, -523.0
1575344364.406691, -523.0
1575344364.422189, -523.0
1575344364.436895, -523.0
1575344365.039934, -523.0
1575344365.053926, -523.0
1575344365.068595, -523.0
1575344365.083807, -523.0
1575344365.09829, -523.0
1575344365.112455, -523.0
1575344365.127153, -523.0
1575344365.142414, -523.0
1575344365.519469, -523.0
1575344365.893196, -523.0
1575344366.262637, -523.0
1575344366.62457, -523.0
1575344366.969512, -523.0
1575344366.983554, -523.0
1575344367.423801, -523.0
1575344367.908776, -523.0
1575344368.258791, -523.0
1575344368.735555, -523.0
1575344369.245701, -523.0
1575344369.624996, -523.0
1575344369.984946, -523.0
1575344369.999042, -523.0
1575344370.014632, -523.0
1575344370.029425, -523.0
1575344370.422558, -523.0
1575344370.436659, -523.0
1575344370.450985, -523.0
1575344370.465358, -523.0
1575344370.479916, -523.0
1575344370.495132, -523.0
1575344370.510448, -523.0
1575344370.525791, -523.0
1575344370.541324, -523.0
1575344370.556685, -523.0
1575344370.572217, -523.0
1575344370.586602, -523.0
1575344370.601028, -523.0
1575344370.615988, -523.0
1575344370.630237, -523.0
1575344370.644276, -523.0
1575344370.658051, -523.0
1575344371.190163, -523.0
1575344371.558639, -523.0
1575344371.974309, -523.0
1575344372.504861, -523.0
1575344372.913221, -523.0
1575344373.396721, -523.0
1575344373.762458, -523.0
1575344374.12669, -523.0
1575344374.518533, -523.0
1575344374.909111, -523.0
1575344375.276712, -523.0
1575344375.733592, -523.0
1575344375.74819, -523.0
1575344375.763026, -523.0
1575344375.777193, -523.0
1575344375.791832, -523.0
1575344376.25134, -523.0
1575344376.656085, -523.0
1575344377.036351, -523.0
1575344377.422444, -523.0
1575344377.875945, -523.0
1575344377.89015, -523.0
1575344377.904361, -523.0
1575344377.918693, -523.0
1575344377.934226, -523.0
1575344377.949588, -523.0
1575344377.96513, -523.0
1575344377.98051, -523.0
1575344377.995993, -523.0
1575344378.011314, -523.0
1575344378.026751, -523.0
1575344378.042045, -523.0
1575344378.057012, -523.0
1575344378.071531, -523.0
1575344378.086126, -523.0
1575344378.100551, -523.0
1575344378.114883, -523.0
1575344378.130389, -523.0
1575344378.145789, -523.0
1575344378.161111, -523.0
1575344378.176386, -523.0
1575344378.192057, -523.0
1575344378.206654, -523.0
1575344378.63207, -523.0
1575344378.646111, -523.0
1575344379.028978, -523.0
1575344379.446665, -523.0
1575344379.460965, -523.0
1575344380.0602, -523.0
1575344380.497028, -523.0
1575344380.511414, -523.0
1575344380.525747, -523.0
1575344380.540212, -523.0
1575344380.555465, -523.0
1575344380.570575, -523.0
1575344380.584664, -523.0
1575344380.975679, -523.0
1575344381.349962, -523.0
1575344381.72653, -523.0
1575344382.126233, -523.0
1575344382.479797, -523.0
1575344382.841055, -523.0
1575344383.199841, -523.0
1575344383.576438, -523.0
1575344383.960536, -523.0
1575344384.390775, -523.0
1575344384.775788, -523.0
1575344384.789756, -523.0
1575344385.17241, -523.0
1575344385.186396, -523.0
1575344385.201231, -523.0
1575344385.216344, -523.0
1575344385.231326, -523.0
1575344385.246136, -523.0
1575344385.26045, -523.0
1575344385.619831, -523.0
1575344385.999357, -523.0
1575344386.38429, -523.0
1575344386.769162, -523.0
1575344387.148466, -523.0
1575344387.550224, -523.0
1575344387.56433, -523.0
1575344387.578664, -523.0
1575344387.592315, -523.0
1575344387.999335, -523.0
1575344388.013273, -523.0
1575344388.461861, -523.0
1575344388.897106, -523.0
1575344389.297347, -523.0
1575344389.671083, -523.0
1575344390.059089, -523.0
1575344390.428231, -523.0
1575344390.822062, -523.0
1575344390.836035, -523.0
1575344391.243593, -523.0
1575344391.61965, -523.0
1575344392.004939, -523.0
1575344392.375859, -523.0
1575344392.737218, -523.0
1575344393.105669, -523.0
1575344393.459916, -523.0
1575344393.827115, -523.0
1575344394.246347, -523.0
1575344394.622347, -523.0
1575344394.636247, -523.0
1575344395.009308, -523.0
1575344395.375859, -523.0
1575344395.748287, -523.0
1575344396.115707, -523.0
1575344396.478317, -523.0
1575344396.844213, -523.0
1575344397.220307, -523.0
1575344397.590863, -523.0
1575344397.974593, -523.0
1575344398.568492, -523.0
1575344398.910896, -523.0
1575344399.278393, -523.0
1575344399.657975, -523.0
1575344400.046374, -523.0
1575344400.43724, -523.0
1575344400.810923, -523.0
1575344400.824806, -523.0
1575344401.23028, -523.0
1575344401.603733, -523.0
1575344401.962969, -523.0
1575344402.328729, -523.0
1575344402.710114, -523.0
1575344403.075892, -523.0
1575344403.089575, -523.0
1575344403.103828, -523.0
1575344403.509812, -523.0
1575344403.885832, -523.0
1575344404.254527, -523.0
1575344404.63167, -523.0
1575344405.014976, -523.0
1575344405.378472, -523.0
1575344405.855835, -523.0
1575344406.213621, -523.0
1575344406.588676, -523.0
1575344406.9851, -523.0
1575344407.348371, -523.0
1575344407.737686, -523.0
1575344408.107086, -523.0
1575344408.464099, -523.0
1575344408.83027, -523.0
1575344409.1802, -523.0
1575344409.536432, -523.0
1575344409.921055, -523.0
1575344410.283194, -523.0
1575344410.651642, -523.0
1575344411.022673, -523.0
1575344411.39399, -523.0
1575344411.777944, -523.0
1575344412.146534, -523.0
1575344412.527145, -523.0
1575344412.910106, -523.0
1575344413.276085, -523.0
1575344413.697908, -523.0
1575344413.712094, -523.0
1575344414.103698, -523.0
1575344414.47231, -523.0
1575344414.829419, -523.0
1575344415.172229, -523.0
1575344415.528026, -523.0
1575344415.873728, -523.0
1575344416.249907, -523.0
1575344416.599253, -523.0
1575344416.957862, -523.0
1575344417.33693, -523.0
1575344417.705036, -523.0
1575344418.062225, -523.0
1575344418.431427, -523.0
1575344418.811149, -523.0
1575344419.189818, -523.0
1575344419.546146, -523.0
1575344419.944527, -523.0
1575344420.374698, -523.0
1575344420.787766, -523.0
1575344421.179647, -523.0
1575344421.598442, -523.0
1575344421.978044, -523.0
1575344422.35868, -523.0
1575344422.731298, -523.0
1575344423.099607, -523.0
1575344423.473758, -523.0
1575344423.846228, -523.0
1575344424.22105, -523.0
1575344424.613327, -523.0
1575344424.999589, -523.0
1575344425.369147, -523.0
1575344425.734646, -523.0
1575344426.095776, -523.0
1575344426.470805, -523.0
1575344426.85327, -523.0
1575344427.209779, -523.0
1575344427.599375, -523.0
1575344427.968585, -523.0
1575344428.345134, -523.0
1575344428.718148, -523.0
1575344429.112964, -523.0
1575344429.46814, -523.0
1575344429.809903, -523.0
1575344430.175989, -523.0
1575344430.544931, -523.0
1575344430.909949, -523.0
1575344431.269726, -523.0
1575344431.641133, -523.0
1575344432.031384, -523.0
1575344432.416399, -523.0
1575344432.766581, -523.0
1575344433.15107, -523.0
1575344433.506345, -523.0
1575344433.903349, -523.0
1575344434.271342, -523.0
1575344434.64215, -523.0
1575344435.003533, -523.0
1575344435.389616, -523.0
1575344435.77792, -523.0
1575344436.14232, -523.0
1575344436.510247, -523.0
1575344436.875016, -523.0
1575344437.251258, -523.0
1575344437.601519, -523.0
1575344437.963325, -523.0
1575344438.314626, -523.0
1575344438.676653, -523.0
1575344439.021371, -523.0
1575344439.382625, -523.0
1575344439.753186, -523.0
1575344440.109105, -523.0
1575344440.480765, -523.0
1575344440.845418, -523.0
1575344441.222034, -523.0
1575344441.584351, -523.0
1575344441.957869, -523.0
1575344442.34222, -523.0
1575344442.734093, -523.0
1575344443.083569, -523.0
1575344443.461418, -523.0
1575344443.81126, -523.0
1575344444.161169, -523.0
1575344444.52351, -523.0
1575344444.875109, -523.0
1575344445.237404, -523.0
1575344445.608434, -523.0
1575344445.971266, -523.0
1575344446.337058, -523.0
1575344446.698688, -523.0
1575344447.057028, -523.0
1575344447.419456, -523.0
1575344447.777174, -523.0
1575344448.161685, -523.0
1575344448.534264, -523.0
1575344448.916983, -523.0
1575344449.280955, -523.0
1575344449.644894, -523.0
1575344450.016951, -523.0
1575344450.385844, -523.0
1575344450.758617, -523.0
1575344451.132975, -523.0
1575344451.504214, -523.0
1575344451.847693, -523.0
1575344452.192983, -523.0
1575344452.550223, -523.0
1575344452.913268, -523.0
1575344453.264205, -523.0
1575344453.621249, -523.0
1575344453.964729, -523.0
1575344454.35076, -523.0
1575344454.725169, -523.0
1575344455.080963, -523.0
1575344455.432761, -523.0
1575344455.808432, -523.0
1575344456.147611, -523.0
1575344456.518943, -523.0
1575344456.873912, -523.0
1575344457.230764, -523.0
1575344457.591242, -523.0
1575344457.942482, -523.0
1575344458.305381, -523.0
1575344458.672113, -523.0
1575344459.025864, -523.0
1575344459.406382, -523.0
1575344459.763761, -523.0
1575344460.137056, -523.0
1575344460.485306, -523.0
1575344460.871173, -523.0
1575344461.240895, -523.0
1575344461.601094, -523.0
1575344461.960365, -523.0
1575344462.330578, -523.0
1575344462.699303, -523.0
1575344463.058109, -523.0
1575344463.42063, -523.0
1575344463.796106, -523.0
1575344464.166704, -523.0
1575344464.539045, -523.0
1575344464.90243, -523.0
1575344465.255958, -523.0
1575344465.598451, -523.0
1575344465.966975, -523.0
1575344466.325835, -523.0
1575344466.684175, -523.0
1575344467.053829, -523.0
1575344467.420082, -523.0
1575344467.767146, -523.0
1575344468.142274, -523.0
1575344468.501003, -523.0
1575344468.869385, -523.0
1575344469.234724, -523.0
1575344469.620059, -523.0
1575344469.98162, -523.0
1575344470.344027, -523.0
1575344470.712271, -523.0
1575344471.084328, -523.0
1575344471.45873, -523.0
1575344471.816847, -523.0
1575344472.198048, -523.0
1575344472.546611, -523.0
1575344472.909333, -523.0
1575344473.287559, -523.0
1575344473.664256, -523.0
1575344474.029594, -523.0
1575344474.392813, -523.0
1575344474.762327, -523.0
1575344475.117278, -523.0
1575344475.4818, -523.0
1575344475.856511, -523.0
1575344476.228497, -523.0
1575344476.599415, -523.0
1575344476.959927, -523.0
1575344477.334283, -523.0
1575344477.685918, -523.0
1575344478.048067, -523.0
1575344478.426162, -523.0
1575344478.794945, -523.0
1575344479.161123, -523.0
1575344479.543055, -523.0
1575344479.906344, -523.0
1575344480.271515, -523.0
1575344480.637358, -523.0
1575344481.006907, -523.0
1575344481.361829, -523.0
1575344481.737761, -523.0
1575344482.109721, -523.0
1575344482.490006, -523.0
1575344482.841448, -523.0
1575344483.202708, -523.0
1575344483.566014, -523.0
1575344483.926942, -523.0
1575344484.304429, -523.0
1575344484.656138, -523.0
1575344485.033636, -523.0
1575344485.391695, -523.0
1575344485.754737, -523.0
1575344486.133935, -523.0
1575344486.512565, -523.0
1575344486.871351, -523.0
1575344487.243994, -523.0
1575344487.62301, -523.0
1575344487.983696, -523.0
1575344488.335186, -523.0
1575344488.713059, -523.0
1575344489.075069, -523.0
1575344489.453255, -523.0
1575344489.823996, -523.0
1575344490.194575, -523.0
1575344490.557154, -523.0
1575344490.924576, -523.0
1575344491.298227, -523.0
1575344491.666743, -523.0
1575344492.05306, -523.0
1575344492.444164, -523.0
1575344492.817413, -523.0
1575344493.217772, -523.0
1575344493.582785, -523.0
1575344493.959062, -523.0
1575344494.346312, -523.0
1575344494.734493, -523.0
1575344495.094163, -523.0
1575344495.451592, -523.0
1575344495.835192, -523.0
1575344496.232887, -523.0
1575344496.611523, -523.0
1575344496.978921, -523.0
1575344497.353097, -523.0
1575344497.733897, -523.0
1575344498.123779, -523.0
1575344498.487398, -523.0
1575344498.854421, -523.0
1575344499.220085, -523.0
1575344499.619759, -523.0
1575344499.994905, -523.0
1575344500.391037, -523.0
1575344500.755172, -523.0
1575344501.136985, -523.0
1575344501.523711, -523.0
1575344501.889847, -523.0
1575344502.274251, -523.0
1575344502.65438, -523.0
1575344503.034459, -523.0
1575344503.404745, -523.0
1575344503.782373, -523.0
1575344504.155205, -523.0
1575344504.557062, -523.0
1575344504.949497, -523.0
1575344505.323194, -523.0
1575344505.685757, -523.0
1575344506.049875, -523.0
1575344506.42807, -523.0
1575344506.808618, -523.0
1575344507.185762, -523.0
1575344507.199301, -523.0
1575344507.591398, -523.0
1575344507.942873, -523.0
1575344508.311371, -523.0
1575344508.687623, -523.0
1575344509.061734, -523.0
1575344509.416687, -523.0
1575344509.793756, -523.0
1575344510.178973, -523.0
1575344510.548939, -523.0
1575344510.911396, -523.0
1575344511.278044, -523.0
1575344511.641601, -523.0
1575344512.006799, -523.0
1575344512.39674, -523.0
1575344512.779343, -523.0
1575344513.165537, -523.0
1575344513.525333, -523.0
1575344513.88433, -523.0
1575344514.25176, -523.0
1575344514.627743, -523.0
1575344515.012179, -523.0
1575344515.377629, -523.0
1575344515.758268, -523.0
1575344516.142954, -523.0
1575344516.52082, -523.0
1575344516.898965, -523.0
1575344517.290183, -523.0
1575344517.66614, -523.0
1575344518.046234, -523.0
1575344518.443312, -523.0
