1574566187.332761, -261.0
1574566188.444936, -261.0
1574566189.557683, -261.0
1574566190.672748, -261.0
1574566191.784125, -261.0
1574566192.897219, -261.0
1574566194.005092, -261.0
1574566195.115472, -261.0
1574566196.228061, -261.0
1574566199.211113, -258.0
1574566203.332462, -258.0
1574566206.773458, -252.0
1574566210.160913, -252.0
1574566213.265421, -252.0
1574566216.223121, -252.0
1574566219.227404, -252.0
1574566222.070998, -252.0
1574566225.101935, -252.0
1574566234.688141, -252.0
1574566237.505089, -252.0
1574566240.208152, -252.0
1574566241.322407, -252.0
1574566242.432277, -252.0
1574566243.544682, -252.0
1574566244.676596, -252.0
1574566245.824148, -252.0
1574566252.393448, -252.0
1574566261.514591, -251.0
1574566262.653986, -251.0
1574566263.790917, -251.0
1574566264.914792, -251.0
1574566266.030956, -251.0
1574566267.139228, -251.0
1574566268.255694, -251.0
1574566270.667862, -251.0
1574566274.628083, -251.0
1574566288.442066, -251.0
1574566295.473119, -251.0
1574566298.087857, -251.0
1574566308.086648, -251.0
1574566324.65861, -251.0
1574566333.701945, -251.0
1574566344.170482, -251.0
1574566356.227569, -251.0
1574566361.657663, -251.0
1574566366.660417, -251.0
1574566382.499621, -251.0
1574566399.140886, -251.0
1574566416.588083, -251.0
1574566437.450268, -251.0
1574566186.646053, -277.0
1574566187.018986, -261.0
1574566187.391934, -261.0
1574566187.780849, -261.0
1574566188.172629, -261.0
1574566188.565482, -261.0
1574566188.953273, -261.0
1574566189.343729, -261.0
1574566189.730474, -261.0
1574566193.57587, -261.0
1574566196.269991, -258.0
1574566198.561281, -258.0
1574566200.318847, -258.0
1574566202.016637, -258.0
1574566205.205225, -252.0
1574566207.024175, -252.0
1574566208.767951, -252.0
1574566209.147611, -252.0
1574566211.210185, -252.0
1574566214.430455, -252.0
1574566218.723423, -252.0
1574566222.938692, -252.0
1574566227.306622, -252.0
1574566231.516996, -252.0
1574566235.719405, -252.0
1574566239.942656, -252.0
1574566245.304574, -252.0
1574566249.886429, -252.0
1574566254.240185, -251.0
1574566258.771833, -251.0
1574566263.080136, -251.0
1574566268.607059, -251.0
1574566274.344857, -251.0
1574566280.039638, -251.0
1574566285.703378, -251.0
1574566291.117623, -251.0
1574566296.561047, -251.0
1574566301.904089, -251.0
1574566307.042964, -251.0
1574566312.386311, -251.0
1574566317.756066, -251.0
1574566322.941209, -251.0
1574566328.357921, -251.0
1574566333.634696, -251.0
1574566338.951401, -251.0
1574566344.155934, -251.0
1574566349.125944, -251.0
1574566354.279057, -251.0
1574566359.135537, -251.0
1574566364.059645, -251.0
1574566186.729472, -261.0
1574566187.149243, -261.0
1574566187.586301, -261.0
1574566188.001973, -261.0
1574566188.414281, -261.0
1574566188.820598, -261.0
1574566189.227955, -261.0
1574566189.647469, -261.0
1574566190.057104, -261.0
1574566190.476982, -261.0
1574566190.931026, -261.0
1574566192.783318, -261.0
1574566193.186519, -261.0
1574566193.577464, -261.0
1574566193.974409, -261.0
1574566194.402526, -261.0
1574566194.812476, -261.0
1574566198.406605, -258.0
1574566200.221119, -258.0
1574566202.016025, -258.0
1574566203.859548, -258.0
1574566205.765949, -252.0
1574566207.656907, -252.0
1574566209.525009, -252.0
1574566211.578952, -252.0
1574566213.501725, -252.0
1574566215.390973, -252.0
1574566218.89643, -252.0
1574566222.435868, -252.0
1574566225.764153, -252.0
1574566228.815822, -252.0
1574566231.752325, -252.0
1574566233.818579, -252.0
1574566236.272952, -252.0
1574566239.162429, -252.0
1574566241.169321, -252.0
1574566243.105145, -252.0
1574566244.952573, -252.0
1574566246.848, -252.0
1574566248.598638, -252.0
1574566254.211478, -251.0
1574566258.536647, -251.0
1574566262.340207, -251.0
1574566265.990607, -251.0
1574566268.403732, -251.0
1574566274.522955, -251.0
1574566281.08181, -251.0
1574566287.892698, -251.0
1574566294.590108, -251.0
1574566302.186975, -251.0
1574566186.776362, -261.0
1574566187.147093, -261.0
1574566187.517835, -261.0
1574566187.889995, -261.0
1574566188.262547, -261.0
1574566188.636215, -261.0
1574566189.008429, -261.0
1574566189.381269, -261.0
1574566189.752296, -261.0
1574566190.12213, -261.0
1574566190.492444, -261.0
1574566190.862632, -261.0
1574566191.233217, -261.0
1574566191.605191, -261.0
1574566191.977639, -261.0
1574566192.363381, -261.0
1574566192.745133, -261.0
1574566194.947366, -261.0
1574566195.362032, -261.0
1574566195.758869, -261.0
1574566196.146934, -261.0
1574566196.568469, -258.0
1574566197.014219, -258.0
1574566197.430857, -258.0
1574566197.836863, -258.0
1574566198.222984, -258.0
1574566198.594578, -258.0
1574566198.964838, -258.0
1574566199.335139, -258.0
1574566199.706638, -258.0
1574566204.613541, -252.0
1574566208.105328, -252.0
1574566212.772197, -252.0
1574566214.589474, -252.0
1574566214.961011, -252.0
1574566215.345331, -252.0
1574566220.393347, -252.0
1574566225.354414, -252.0
1574566227.212916, -252.0
1574566227.586321, -252.0
1574566230.477644, -252.0
1574566230.887033, -252.0
1574566231.278819, -252.0
1574566231.701004, -252.0
1574566233.470192, -252.0
1574566233.844336, -252.0
1574566235.588901, -252.0
1574566237.171837, -252.0
1574566243.083235, -252.0
1574566249.557211, -252.0
1574566249.918889, -252.0
1574566253.649293, -252.0
1574566253.944928, -252.0
1574566254.242198, -251.0
1574566254.528541, -251.0
1574566254.815547, -251.0
1574566255.092991, -251.0
1574566255.381708, -251.0
1574566255.66374, -251.0
1574566255.948495, -251.0
1574566256.240692, -251.0
1574566256.539954, -251.0
1574566256.841442, -251.0
1574566257.136959, -251.0
1574566257.429462, -251.0
1574566257.721964, -251.0
1574566258.022941, -251.0
1574566259.867564, -251.0
1574566261.631388, -251.0
1574566263.443977, -251.0
1574566265.144341, -251.0
1574566266.73642, -251.0
1574566268.103016, -251.0
1574566272.647919, -251.0
1574566274.442066, -251.0
1574566276.227037, -251.0
1574566277.974135, -251.0
1574566281.353076, -251.0
1574566284.416777, -251.0
1574566288.750519, -251.0
1574566292.762601, -251.0
1574566296.676113, -251.0
1574566300.650829, -251.0
1574566304.82257, -251.0
1574566307.443138, -251.0
1574566311.449181, -251.0
1574566315.533343, -251.0
1574566319.485285, -251.0
1574566321.9497, -251.0
1574566324.574514, -251.0
1574566326.906758, -251.0
1574566331.277971, -251.0
1574566335.458286, -251.0
1574566338.957898, -251.0
1574566343.11735, -251.0
1574566347.342383, -251.0
1574566351.435198, -251.0
1574566355.300008, -251.0
1574566359.913001, -251.0
1574566364.156591, -251.0
1574566303.276321, -251.0
1574566304.283438, -251.0
1574566305.293421, -251.0
1574566306.297531, -251.0
1574566307.276199, -251.0
1574566308.261973, -251.0
1574566312.979399, -251.0
1574566315.625705, -251.0
1574566317.997097, -251.0
1574566319.897626, -251.0
1574566321.790664, -251.0
1574566323.703392, -251.0
1574566325.579776, -251.0
1574566327.482923, -251.0
1574566329.376842, -251.0
1574566331.266976, -251.0
1574566333.216386, -251.0
1574566335.332692, -251.0
1574566337.445092, -251.0
1574566339.442399, -251.0
1574566341.337997, -251.0
1574566343.394907, -251.0
1574566345.321321, -251.0
1574566358.663069, -251.0
1574566370.213272, -251.0
1574566380.278829, -251.0
1574566390.103977, -251.0
1574566401.537848, -251.0
1574566415.007599, -251.0
1574566429.044116, -251.0
1574566440.595403, -251.0
1574566449.616836, -250.0
1574566457.016373, -250.0
1574566463.425401, -250.0
1574566474.93964, -250.0
1574566483.418495, -250.0
1574566492.137956, -250.0
1574566500.109063, -250.0
1574566507.380537, -250.0
1574566520.00482, -250.0
1574566528.933285, -250.0
1574566538.376276, -250.0
1574566550.704434, -250.0
1574566562.443281, -250.0
1574566571.512877, -250.0
1574566583.900228, -250.0
1574566595.848924, -250.0
1574566605.537236, -250.0
1574566615.663441, -250.0
1574566636.24316, -250.0
1574566364.32768, -251.0
1574566364.512504, -251.0
1574566365.99377, -251.0
1574566366.185806, -251.0
1574566366.401422, -251.0
1574566366.594456, -251.0
1574566366.794174, -251.0
1574566367.017023, -251.0
1574566367.210894, -251.0
1574566367.414225, -251.0
1574566371.325364, -251.0
1574566373.763462, -251.0
1574566376.419784, -251.0
1574566376.619607, -251.0
1574566376.803256, -251.0
1574566376.985832, -251.0
1574566377.174962, -251.0
1574566380.430307, -251.0
1574566382.357043, -251.0
1574566384.336339, -251.0
1574566386.162772, -251.0
1574566388.474199, -251.0
1574566391.509229, -251.0
1574566394.330345, -251.0
1574566394.532473, -251.0
1574566394.744596, -251.0
1574566394.95622, -251.0
1574566395.162883, -251.0
1574566397.60249, -251.0
1574566399.153088, -251.0
1574566400.811616, -251.0
1574566402.321256, -251.0
1574566403.906765, -251.0
1574566405.482339, -251.0
1574566406.917076, -251.0
1574566408.390464, -251.0
1574566410.401288, -251.0
1574566410.607558, -251.0
1574566410.813315, -251.0
1574566411.033147, -251.0
1574566411.251511, -251.0
1574566411.474858, -251.0
1574566411.696389, -251.0
1574566411.920235, -251.0
1574566412.143439, -251.0
1574566412.365757, -251.0
1574566412.596413, -251.0
1574566412.825888, -251.0
1574566413.058061, -251.0
1574566413.287055, -251.0
1574566365.753893, -251.0
1574566367.833236, -251.0
1574566367.941668, -251.0
1574566368.052345, -251.0
1574566369.659024, -251.0
1574566369.76035, -251.0
1574566369.865947, -251.0
1574566369.973936, -251.0
1574566370.080426, -251.0
1574566370.187282, -251.0
1574566370.296704, -251.0
1574566370.403892, -251.0
1574566370.510715, -251.0
1574566370.618056, -251.0
1574566370.726753, -251.0
1574566370.833655, -251.0
1574566370.940375, -251.0
1574566371.047311, -251.0
1574566371.154057, -251.0
1574566371.26045, -251.0
1574566371.378545, -251.0
1574566371.491319, -251.0
1574566371.610157, -251.0
1574566371.723253, -251.0
1574566371.838097, -251.0
1574566371.952229, -251.0
1574566372.064081, -251.0
1574566372.173118, -251.0
1574566372.282286, -251.0
1574566372.394144, -251.0
1574566372.506373, -251.0
1574566372.622311, -251.0
1574566372.740351, -251.0
1574566372.858451, -251.0
1574566372.960879, -251.0
1574566373.061759, -251.0
1574566373.162371, -251.0
1574566373.263704, -251.0
1574566373.364491, -251.0
1574566373.46671, -251.0
1574566373.573549, -251.0
1574566373.68846, -251.0
1574566373.796739, -251.0
1574566373.912013, -251.0
1574566374.014046, -251.0
1574566374.11587, -251.0
1574566374.222034, -251.0
1574566374.324576, -251.0
1574566374.428722, -251.0
1574566374.531027, -251.0
1574566374.886597, -251.0
1574566375.182576, -251.0
1574566375.461199, -251.0
1574566375.748055, -251.0
1574566376.034407, -251.0
1574566376.313622, -251.0
1574566376.593805, -251.0
1574566376.888349, -251.0
1574566377.177987, -251.0
1574566377.464827, -251.0
1574566377.753122, -251.0
1574566378.038166, -251.0
1574566378.33315, -251.0
1574566378.674958, -251.0
1574566383.521349, -251.0
1574566386.208785, -251.0
1574566391.149517, -251.0
1574566394.722452, -251.0
1574566398.998223, -251.0
1574566401.794649, -251.0
1574566405.86086, -251.0
1574566407.09028, -251.0
1574566408.289248, -251.0
1574566409.557439, -251.0
1574566411.105119, -251.0
1574566417.740734, -251.0
1574566422.639566, -251.0
1574566422.938847, -251.0
1574566423.230949, -251.0
1574566425.500804, -251.0
1574566431.997928, -251.0
1574566437.357818, -251.0
1574566441.97704, -251.0
1574566445.47177, -251.0
1574566448.208765, -250.0
1574566451.1495, -250.0
1574566453.927271, -250.0
1574566456.947196, -250.0
1574566459.79043, -250.0
1574566463.23353, -250.0
1574566465.259513, -250.0
1574566467.340131, -250.0
1574566469.295837, -250.0
1574566473.650643, -250.0
1574566477.647266, -250.0
1574566481.08753, -250.0
1574566482.847228, -250.0
1574566486.955756, -250.0
1574566491.2481, -250.0
1574566496.507965, -250.0
1574566413.740162, -251.0
1574566414.131532, -251.0
1574566414.516219, -251.0
1574566414.932031, -251.0
1574566415.35407, -251.0
1574566415.773504, -251.0
1574566416.178152, -251.0
1574566416.573002, -251.0
1574566416.962501, -251.0
1574566417.357788, -251.0
1574566417.749012, -251.0
1574566418.13661, -251.0
1574566418.527202, -251.0
1574566418.909012, -251.0
1574566419.290885, -251.0
1574566419.712827, -251.0
1574566420.102087, -251.0
1574566423.034355, -251.0
1574566425.734034, -251.0
1574566428.953951, -251.0
1574566431.992742, -251.0
1574566435.005358, -251.0
1574566438.307202, -251.0
1574566442.424131, -251.0
1574566446.699052, -250.0
1574566452.390755, -250.0
1574566458.142277, -250.0
1574566463.682617, -250.0
1574566469.331338, -250.0
1574566474.834476, -250.0
1574566480.245192, -250.0
1574566485.839134, -250.0
1574566491.705393, -250.0
1574566497.479302, -250.0
1574566503.597116, -250.0
1574566510.019264, -250.0
1574566510.434827, -250.0
1574566517.204871, -250.0
1574566523.20281, -250.0
1574566528.950413, -250.0
1574566534.54203, -250.0
1574566540.073527, -250.0
1574566546.265237, -250.0
1574566552.351932, -250.0
1574566558.077033, -250.0
1574566563.631902, -250.0
1574566569.246499, -250.0
1574566574.695068, -250.0
1574566580.234303, -250.0
1574566585.552087, -250.0
1574566437.774248, -251.0
1574566438.06167, -251.0
1574566438.362186, -251.0
1574566438.649633, -251.0
1574566438.929317, -251.0
1574566439.211261, -251.0
1574566439.506122, -251.0
1574566439.824355, -251.0
1574566440.134469, -251.0
1574566440.432249, -251.0
1574566440.73159, -251.0
1574566441.023415, -251.0
1574566441.317194, -251.0
1574566441.651945, -251.0
1574566441.952818, -251.0
1574566442.230366, -251.0
1574566442.511271, -251.0
1574566442.79736, -251.0
1574566443.083992, -251.0
1574566443.370264, -251.0
1574566443.653436, -251.0
1574566443.955911, -251.0
1574566447.46057, -250.0
1574566452.238825, -250.0
1574566456.89985, -250.0
1574566461.767447, -250.0
1574566465.258947, -250.0
1574566469.193882, -250.0
1574566471.403265, -250.0
1574566471.712545, -250.0
1574566474.092491, -250.0
1574566474.376705, -250.0
1574566474.664372, -250.0
1574566476.636854, -250.0
1574566478.437281, -250.0
1574566480.576745, -250.0
1574566480.869308, -250.0
1574566481.156232, -250.0
1574566481.460725, -250.0
1574566483.353155, -250.0
1574566485.182197, -250.0
1574566490.103181, -250.0
1574566494.728687, -250.0
1574566499.469852, -250.0
1574566504.004844, -250.0
1574566508.404176, -250.0
1574566512.966677, -250.0
1574566517.539825, -250.0
1574566522.199515, -250.0
1574566527.048282, -250.0
1574566674.043974, -250.0
1574566674.139353, -250.0
1574566674.248101, -250.0
1574566676.245104, -250.0
1574566677.977566, -250.0
1574566679.916409, -250.0
1574566681.333206, -250.0
1574566682.851751, -250.0
1574566684.193068, -250.0
1574566685.554404, -250.0
1574566687.005961, -250.0
1574566688.509911, -250.0
1574566689.813746, -250.0
1574566691.251614, -250.0
1574566692.64406, -250.0
1574566694.118935, -250.0
1574566695.52479, -250.0
1574566696.987133, -250.0
1574566698.29453, -250.0
1574566699.705257, -250.0
1574566701.054791, -250.0
1574566702.660781, -250.0
1574566702.763258, -250.0
1574566702.867797, -250.0
1574566702.974997, -250.0
1574566704.475353, -250.0
1574566706.27573, -250.0
1574566708.362434, -250.0
1574566710.898397, -250.0
1574566710.996918, -250.0
1574566713.580263, -250.0
1574566713.68241, -250.0
1574566713.785134, -250.0
1574566713.887114, -250.0
1574566713.989509, -250.0
1574566714.091602, -250.0
1574566714.19409, -250.0
1574566714.297105, -250.0
1574566714.399861, -250.0
1574566714.501688, -250.0
1574566714.60164, -250.0
1574566714.694806, -250.0
1574566716.077553, -250.0
1574566717.479915, -250.0
1574566718.851826, -250.0
1574566720.202617, -250.0
1574566720.296265, -250.0
1574566720.398898, -250.0
1574566720.494331, -250.0
1574566722.110574, -250.0
1574566724.724327, -250.0
1574566726.393733, -250.0
1574566727.788438, -250.0
1574566729.17571, -250.0
1574566730.548442, -250.0
1574566731.954523, -250.0
1574566732.051216, -250.0
1574566733.597889, -250.0
1574566735.127332, -250.0
1574566736.730603, -250.0
1574566738.292851, -250.0
1574566739.773065, -250.0
1574566741.203622, -250.0
1574566742.546754, -250.0
1574566743.960451, -250.0
1574566745.308536, -250.0
1574566746.713799, -250.0
1574566748.089832, -250.0
1574566749.475149, -250.0
1574566750.854095, -250.0
1574566752.289709, -250.0
1574566753.708118, -250.0
1574566755.209869, -250.0
1574566756.723631, -250.0
1574566758.180223, -250.0
1574566760.278079, -250.0
1574566760.380386, -250.0
1574566760.482645, -250.0
1574566762.100778, -250.0
1574566763.563526, -250.0
1574566764.942997, -250.0
1574566766.338479, -250.0
1574566767.728359, -250.0
1574566769.18208, -250.0
1574566770.729288, -250.0
1574566772.253998, -250.0
1574566773.711335, -250.0
1574566775.153687, -250.0
1574566776.661609, -250.0
1574566778.085162, -250.0
1574566779.496794, -250.0
1574566780.904838, -250.0
1574566782.532031, -250.0
1574566784.31992, -250.0
1574566784.432102, -250.0
1574566784.545299, -250.0
1574566784.655836, -250.0
1574566786.08055, -250.0
1574566787.791847, -250.0
1574566789.328116, -250.0
1574566790.727894, -250.0
1574566792.165735, -250.0
1574566793.713308, -250.0
1574566795.180611, -250.0
1574566796.568008, -250.0
1574566798.035265, -250.0
1574566799.518167, -250.0
1574566801.020674, -250.0
1574566802.617464, -250.0
1574566804.308958, -250.0
1574566805.873935, -250.0
1574566807.419564, -250.0
1574566808.857441, -250.0
1574566810.281747, -250.0
1574566811.670631, -250.0
1574566813.134048, -250.0
1574566814.545905, -250.0
1574566816.061836, -250.0
1574566817.501759, -250.0
1574566818.932849, -250.0
1574566820.534402, -250.0
1574566822.113764, -250.0
1574566823.754163, -250.0
1574566825.442489, -250.0
1574566827.24541, -250.0
1574566828.63827, -250.0
1574566830.230774, -250.0
1574566830.347698, -250.0
1574566830.449607, -250.0
1574566830.551086, -250.0
1574566830.668149, -250.0
1574566830.779086, -250.0
1574566830.879202, -250.0
1574566830.979439, -250.0
1574566831.082414, -250.0
1574566831.182768, -250.0
1574566831.288054, -250.0
1574566833.178875, -250.0
1574566834.701108, -250.0
1574566836.13643, -250.0
1574566837.707108, -250.0
1574566839.222798, -250.0
1574566840.640069, -250.0
1574566842.213486, -250.0
1574566843.742244, -250.0
1574566845.1595, -250.0
1574566846.576739, -250.0
1574566848.019719, -250.0
1574566849.459697, -250.0
1574566850.92047, -250.0
1574566852.50805, -250.0
1574566853.957131, -250.0
1574566855.48713, -250.0
1574566856.928691, -250.0
1574566858.389449, -250.0
1574566859.847445, -250.0
1574566861.317482, -250.0
1574566861.430735, -250.0
1574566861.547161, -250.0
1574566861.657855, -250.0
1574566861.762873, -250.0
1574566861.881881, -250.0
1574566861.990472, -250.0
1574566862.099646, -250.0
1574566862.208701, -250.0
1574566862.317815, -250.0
1574566862.428713, -250.0
1574566862.533632, -250.0
1574566862.63916, -250.0
1574566862.749246, -250.0
1574566862.855599, -250.0
1574566862.973449, -250.0
1574566863.083185, -250.0
1574566863.197531, -250.0
1574566863.31069, -250.0
1574566863.415425, -250.0
1574566863.525483, -250.0
1574566863.62409, -250.0
1574566863.728206, -250.0
1574566863.833401, -250.0
1574566863.93579, -250.0
1574566864.041247, -250.0
1574566864.14463, -250.0
1574566864.248444, -250.0
1574566864.350776, -250.0
1574566864.457358, -250.0
1574566864.559005, -250.0
1574566864.66538, -250.0
1574566864.762399, -250.0
1574566864.857669, -250.0
1574566864.967834, -250.0
1574566865.066683, -250.0
1574566865.166461, -250.0
1574566865.270792, -250.0
1574566865.370324, -250.0
1574566865.486799, -250.0
1574566865.594038, -250.0
1574566865.701783, -250.0
1574566867.257946, -250.0
1574566868.776074, -250.0
1574566870.22506, -250.0
1574566871.790151, -250.0
1574566873.378637, -250.0
1574566874.812289, -250.0
1574566876.26313, -250.0
1574566877.858616, -250.0
1574566879.48335, -250.0
1574566881.004243, -250.0
1574566882.54794, -250.0
1574566884.133193, -250.0
1574566885.584691, -250.0
1574566887.065309, -250.0
1574566888.573058, -250.0
1574566890.176933, -250.0
1574566891.705785, -250.0
1574566893.279638, -250.0
1574566894.802658, -250.0
1574566896.265691, -250.0
1574566897.823317, -250.0
1574566899.383368, -250.0
1574566900.812218, -250.0
1574566902.286804, -250.0
1574566903.804012, -250.0
1574566905.192188, -250.0
1574566906.593803, -250.0
1574566908.014088, -250.0
1574566909.533367, -250.0
1574566911.029426, -250.0
1574566912.467553, -250.0
1574566914.06302, -250.0
1574566915.617942, -250.0
1574566917.092231, -250.0
1574566918.648329, -250.0
1574566920.09031, -250.0
1574566921.69901, -250.0
1574566923.259752, -250.0
1574566924.713047, -250.0
1574566926.140685, -250.0
1574566927.636475, -250.0
1574566929.072761, -250.0
1574566930.582435, -250.0
1574566932.090644, -250.0
1574566933.589402, -250.0
1574566935.061992, -250.0
1574566936.565268, -250.0
1574566938.209174, -250.0
1574566939.5176, -250.0
1574566941.04455, -250.0
1574566942.596158, -250.0
1574566944.097893, -250.0
1574566675.278101, -250.0
1574566676.630722, -250.0
1574566678.492609, -250.0
1574566678.598307, -250.0
1574566678.696597, -250.0
1574566678.791254, -250.0
1574566678.891616, -250.0
1574566678.998742, -250.0
1574566680.623353, -250.0
1574566682.345435, -250.0
1574566683.934172, -250.0
1574566685.536015, -250.0
1574566687.057846, -250.0
1574566688.4706, -250.0
1574566689.862484, -250.0
1574566691.279629, -250.0
1574566692.668516, -250.0
1574566694.054642, -250.0
1574566695.405084, -250.0
1574566696.877746, -250.0
1574566698.2538, -250.0
1574566699.711164, -250.0
1574566701.050727, -250.0
1574566702.555501, -250.0
1574566703.894734, -250.0
1574566705.297188, -250.0
1574566706.69018, -250.0
1574566708.129497, -250.0
1574566709.50278, -250.0
1574566711.050243, -250.0
1574566713.301128, -250.0
1574566713.405053, -250.0
1574566714.987879, -250.0
1574566716.446696, -250.0
1574566717.833468, -250.0
1574566719.355656, -250.0
1574566720.800797, -250.0
1574566722.212438, -250.0
1574566723.541601, -250.0
1574566724.991728, -250.0
1574566726.401226, -250.0
1574566727.927694, -250.0
1574566729.315152, -250.0
1574566730.629505, -250.0
1574566731.982053, -250.0
1574566733.431521, -250.0
1574566734.851297, -250.0
1574566736.165642, -250.0
1574566737.664609, -250.0
1574566739.276121, -250.0
1574566740.808751, -250.0
1574566742.273938, -250.0
1574566743.78706, -250.0
1574566745.247037, -250.0
1574566746.600265, -250.0
1574566747.990989, -250.0
1574566749.442597, -250.0
1574566750.804244, -250.0
1574566752.191541, -250.0
1574566753.772118, -250.0
1574566755.162524, -250.0
1574566756.657961, -250.0
1574566758.108232, -250.0
1574566759.54743, -250.0
1574566760.956478, -250.0
1574566762.370365, -250.0
1574566763.818637, -250.0
1574566765.21219, -250.0
1574566766.659839, -250.0
1574566768.06376, -250.0
1574566769.558807, -250.0
1574566771.532671, -250.0
1574566771.636451, -250.0
1574566771.739875, -250.0
1574566771.842959, -250.0
1574566771.954196, -250.0
1574566772.056506, -250.0
1574566772.164854, -250.0
1574566772.273441, -250.0
1574566772.386983, -250.0
1574566772.485602, -250.0
1574566772.600769, -250.0
1574566775.347476, -250.0
1574566777.388204, -250.0
1574566778.874853, -250.0
1574566780.486251, -250.0
1574566781.950299, -250.0
1574566784.196985, -250.0
1574566784.299445, -250.0
1574566784.407167, -250.0
1574566784.516392, -250.0
1574566784.620991, -250.0
1574566786.097533, -250.0
1574566787.51887, -250.0
1574566788.907098, -250.0
1574566790.277764, -250.0
1574566791.741972, -250.0
1574566793.132023, -250.0
1574566794.527875, -250.0
1574566795.964349, -250.0
1574566797.387642, -250.0
1574566798.878086, -250.0
1574566800.411702, -250.0
1574566801.787393, -250.0
1574566803.213056, -250.0
1574566804.675874, -250.0
1574566806.239484, -250.0
1574566807.674173, -250.0
1574566809.260939, -250.0
1574566810.825699, -250.0
1574566812.355707, -250.0
1574566813.815634, -250.0
1574566815.320558, -250.0
1574566816.743323, -250.0
1574566818.202248, -250.0
1574566819.639848, -250.0
1574566821.083439, -250.0
1574566822.498928, -250.0
1574566823.879936, -250.0
1574566825.208252, -250.0
1574566826.682131, -250.0
1574566828.049134, -250.0
1574566829.478998, -250.0
1574566830.995232, -250.0
1574566832.441729, -250.0
1574566833.94424, -250.0
1574566835.382129, -250.0
1574566836.802508, -250.0
1574566838.147603, -250.0
1574566839.545327, -250.0
1574566840.968106, -250.0
1574566841.070702, -250.0
1574566841.169136, -250.0
1574566841.271178, -250.0
1574566841.367797, -250.0
1574566841.461284, -250.0
1574566841.555875, -250.0
1574566841.649879, -250.0
1574566841.743269, -250.0
1574566841.837536, -250.0
1574566841.931272, -250.0
1574566842.025117, -250.0
1574566842.119609, -250.0
1574566842.214173, -250.0
1574566842.307877, -250.0
1574566842.401422, -250.0
1574566842.494911, -250.0
1574566842.588384, -250.0
1574566842.682369, -250.0
1574566842.775604, -250.0
1574566842.869793, -250.0
1574566842.963307, -250.0
1574566843.058806, -250.0
1574566843.152317, -250.0
1574566843.245982, -250.0
1574566843.339931, -250.0
1574566843.433379, -250.0
1574566843.532962, -250.0
1574566843.635486, -250.0
1574566843.72922, -250.0
1574566843.837107, -250.0
1574566845.524801, -250.0
1574566847.002918, -250.0
1574566848.462593, -250.0
1574566849.949697, -250.0
1574566851.333742, -250.0
1574566852.771839, -250.0
1574566854.257348, -250.0
1574566855.698095, -250.0
1574566857.047579, -250.0
1574566858.480861, -250.0
1574566859.950851, -250.0
1574566861.482131, -250.0
1574566862.901139, -250.0
1574566864.384446, -250.0
1574566866.144811, -250.0
1574566868.191682, -250.0
1574566869.645059, -250.0
1574566871.626276, -250.0
1574566871.732213, -250.0
1574566871.839787, -250.0
1574566871.934724, -250.0
1574566872.037252, -250.0
1574566872.151917, -250.0
1574566872.251369, -250.0
1574566872.349071, -250.0
1574566872.446018, -250.0
1574566872.552424, -250.0
1574566872.652997, -250.0
1574566872.755903, -250.0
1574566874.241741, -250.0
1574566875.746568, -250.0
1574566877.11727, -250.0
1574566878.489367, -250.0
1574566879.791134, -250.0
1574566881.273635, -250.0
1574566882.700823, -250.0
1574566884.039004, -250.0
1574566885.480592, -250.0
1574566886.906258, -250.0
1574566888.237489, -250.0
1574566889.661158, -250.0
1574566891.078348, -250.0
1574566892.482544, -250.0
1574566893.947241, -250.0
1574566895.244813, -250.0
1574566896.663232, -250.0
1574566898.05873, -250.0
1574566899.345784, -250.0
1574566900.762995, -250.0
1574566902.210748, -250.0
1574566903.649588, -250.0
1574566905.040897, -250.0
1574566906.4852, -250.0
1574566907.868776, -250.0
1574566909.275663, -250.0
1574566910.761146, -250.0
1574566912.183927, -250.0
1574566913.558695, -250.0
1574566914.990455, -250.0
1574566916.375279, -250.0
1574566917.713417, -250.0
1574566919.143322, -250.0
1574566920.667857, -250.0
1574566924.598099, -250.0
1574566926.042549, -250.0
1574566926.145362, -250.0
1574566926.24425, -250.0
1574566926.343153, -250.0
1574566926.441526, -250.0
1574566926.54113, -250.0
1574566926.640562, -250.0
1574566926.740695, -250.0
1574566926.839304, -250.0
1574566926.943803, -250.0
1574566927.046025, -250.0
1574566928.438377, -250.0
1574566929.935806, -250.0
1574566931.333913, -250.0
1574566932.864463, -250.0
1574566934.366105, -250.0
1574566935.881573, -250.0
1574566937.23166, -250.0
1574566938.64039, -250.0
1574566939.972882, -250.0
1574566941.303549, -250.0
1574566942.748251, -250.0
1574566944.176313, -250.0
1574566945.636611, -250.0
1574566947.026357, -250.0
1574566674.1739, -250.0
1574566674.280321, -250.0
1574566674.392782, -250.0
1574566674.492922, -250.0
1574566676.056355, -250.0
1574566677.595317, -250.0
1574566679.088528, -250.0
1574566680.726927, -250.0
1574566682.351037, -250.0
1574566683.936119, -250.0
1574566685.483555, -250.0
1574566687.121246, -250.0
1574566688.768199, -250.0
1574566690.197617, -250.0
1574566691.741993, -250.0
1574566693.27981, -250.0
1574566694.727886, -250.0
1574566696.207525, -250.0
1574566697.739961, -250.0
1574566699.178051, -250.0
1574566700.713977, -250.0
1574566702.180231, -250.0
1574566703.918203, -250.0
1574566706.712163, -250.0
1574566706.821102, -250.0
1574566706.931222, -250.0
1574566707.031577, -250.0
1574566707.139916, -250.0
1574566707.237355, -250.0
1574566708.614898, -250.0
1574566710.122539, -250.0
1574566711.614145, -250.0
1574566713.018707, -250.0
1574566714.659535, -250.0
1574566716.114877, -250.0
1574566717.513034, -250.0
1574566718.948706, -250.0
1574566720.402168, -250.0
1574566722.017622, -250.0
1574566723.448868, -250.0
1574566724.918774, -250.0
1574566726.401269, -250.0
1574566727.849999, -250.0
1574566729.430435, -250.0
1574566730.898096, -250.0
1574566732.426719, -250.0
1574566733.909383, -250.0
1574566735.339198, -250.0
1574566736.796349, -250.0
1574566738.215882, -250.0
1574566739.690676, -250.0
1574566741.231306, -250.0
1574566742.669274, -250.0
1574566744.16772, -250.0
1574566745.71992, -250.0
1574566747.187042, -250.0
1574566748.636871, -250.0
1574566750.083137, -250.0
1574566751.586277, -250.0
1574566753.134988, -250.0
1574566754.537906, -250.0
1574566755.928559, -250.0
1574566757.426954, -250.0
1574566758.889493, -250.0
1574566760.335346, -250.0
1574566761.814692, -250.0
1574566763.30705, -250.0
1574566764.806188, -250.0
1574566766.313108, -250.0
1574566767.914526, -250.0
1574566769.373069, -250.0
1574566770.809254, -250.0
1574566772.118646, -250.0
1574566773.568426, -250.0
1574566774.943641, -250.0
1574566776.326459, -250.0
1574566777.791046, -250.0
1574566779.222305, -250.0
1574566780.7391, -250.0
1574566782.349842, -250.0
1574566783.795651, -250.0
1574566785.48237, -250.0
1574566785.581702, -250.0
1574566785.684102, -250.0
1574566787.163764, -250.0
1574566787.258966, -250.0
1574566787.359722, -250.0
1574566787.461812, -250.0
1574566787.568003, -250.0
1574566787.670676, -250.0
1574566787.770589, -250.0
1574566789.264745, -250.0
1574566790.70512, -250.0
1574566792.141128, -250.0
1574566793.587294, -250.0
1574566795.094124, -250.0
1574566796.680677, -250.0
1574566798.275256, -250.0
1574566799.874186, -250.0
1574566801.382388, -250.0
1574566802.956573, -250.0
1574566804.271151, -250.0
1574566805.726373, -250.0
1574566807.154741, -250.0
1574566808.62271, -250.0
1574566810.024267, -250.0
1574566811.433216, -250.0
1574566812.907671, -250.0
1574566814.435647, -250.0
1574566815.840642, -250.0
1574566817.364337, -250.0
1574566818.853699, -250.0
1574566820.192684, -250.0
1574566821.592425, -250.0
1574566823.064471, -250.0
1574566824.447896, -250.0
1574566825.852085, -250.0
1574566827.270062, -250.0
1574566828.56027, -250.0
1574566829.947583, -250.0
1574566831.381926, -250.0
1574566832.761047, -250.0
1574566834.227277, -250.0
1574566835.65055, -250.0
1574566837.02101, -250.0
1574566838.505224, -250.0
1574566839.995354, -250.0
1574566841.497814, -250.0
1574566843.043079, -250.0
1574566844.51476, -250.0
1574566845.945519, -250.0
1574566847.391708, -250.0
1574566848.883118, -250.0
1574566850.301271, -250.0
1574566851.740444, -250.0
1574566853.064747, -250.0
1574566854.538252, -250.0
1574566855.989597, -250.0
1574566857.39127, -250.0
1574566858.852975, -250.0
1574566860.453132, -250.0
1574566861.827097, -250.0
1574566863.169622, -250.0
1574566864.609722, -250.0
1574566866.025316, -250.0
1574566867.430242, -250.0
1574566868.908288, -250.0
1574566870.325121, -250.0
1574566871.780605, -250.0
1574566873.223639, -250.0
1574566874.634609, -250.0
1574566876.106814, -250.0
1574566877.568911, -250.0
1574566879.038878, -250.0
1574566880.550044, -250.0
1574566881.996681, -250.0
1574566883.422737, -250.0
1574566884.898012, -250.0
1574566886.346428, -250.0
1574566887.868474, -250.0
1574566887.981732, -250.0
1574566888.080711, -250.0
1574566888.184003, -250.0
1574566888.286853, -250.0
1574566888.384456, -250.0
1574566888.48694, -250.0
1574566888.582625, -250.0
1574566888.681273, -250.0
1574566888.784413, -250.0
1574566888.886841, -250.0
1574566888.991344, -250.0
1574566889.098592, -250.0
1574566889.219029, -250.0
1574566889.324846, -250.0
1574566889.427189, -250.0
1574566889.531861, -250.0
1574566889.630301, -250.0
1574566889.736025, -250.0
1574566889.833825, -250.0
1574566889.931027, -250.0
1574566890.031917, -250.0
1574566890.132015, -250.0
1574566890.234637, -250.0
1574566890.340835, -250.0
1574566890.439892, -250.0
1574566890.542487, -250.0
1574566890.644246, -250.0
1574566890.747012, -250.0
1574566890.848363, -250.0
1574566890.95105, -250.0
1574566891.052523, -250.0
1574566891.155578, -250.0
1574566891.256156, -250.0
1574566891.35765, -250.0
1574566891.460682, -250.0
1574566891.565043, -250.0
1574566891.66524, -250.0
1574566891.766926, -250.0
1574566891.867618, -250.0
1574566891.97108, -250.0
1574566892.07201, -250.0
1574566892.174092, -250.0
1574566892.276959, -250.0
1574566892.388136, -250.0
1574566892.490842, -250.0
1574566894.594574, -250.0
1574566894.695455, -250.0
1574566894.798192, -250.0
1574566894.898422, -250.0
1574566895.004188, -250.0
1574566896.47351, -250.0
1574566898.000429, -250.0
1574566899.359709, -250.0
1574566900.749796, -250.0
1574566902.188825, -250.0
1574566903.628629, -250.0
1574566905.12521, -250.0
1574566906.41666, -250.0
1574566907.798225, -250.0
1574566909.224025, -250.0
1574566910.682423, -250.0
1574566912.077142, -250.0
1574566913.555742, -250.0
1574566914.900507, -250.0
1574566916.287826, -250.0
1574566917.723593, -250.0
1574566919.133177, -250.0
1574566920.643181, -250.0
1574566922.016468, -250.0
1574566923.479408, -250.0
1574566924.862211, -250.0
1574566926.438671, -250.0
1574566928.065691, -250.0
1574566929.675034, -250.0
1574566931.587971, -250.0
1574566931.685382, -250.0
1574566934.968186, -250.0
1574566936.589342, -250.0
1574566938.116356, -250.0
1574566939.647396, -250.0
1574566941.074007, -250.0
1574566942.439085, -250.0
1574566944.079368, -250.0
1574566945.779195, -250.0
1574566945.87355, -250.0
1574566947.471683, -250.0
1574566949.061203, -250.0
1574566950.586587, -250.0
1574566952.362706, -250.0
1574566953.981408, -250.0
1574566675.512131, -250.0
1574566677.051741, -250.0
1574566679.075455, -250.0
1574566679.179349, -250.0
1574566679.276421, -250.0
1574566679.37102, -250.0
1574566679.471364, -250.0
1574566679.577963, -250.0
1574566681.255966, -250.0
1574566682.896623, -250.0
1574566684.387743, -250.0
1574566685.812161, -250.0
1574566687.168628, -250.0
1574566688.577019, -250.0
1574566689.928837, -250.0
1574566691.300193, -250.0
1574566692.67592, -250.0
1574566694.075199, -250.0
1574566695.401703, -250.0
1574566696.795318, -250.0
1574566698.155427, -250.0
1574566699.626084, -250.0
1574566701.097469, -250.0
1574566702.7222, -250.0
1574566704.095459, -250.0
1574566705.498968, -250.0
1574566706.902974, -250.0
1574566708.307537, -250.0
1574566709.62376, -250.0
1574566711.110038, -250.0
1574566713.146143, -250.0
1574566713.249768, -250.0
1574566714.789807, -250.0
1574566716.213456, -250.0
1574566717.544078, -250.0
1574566719.038345, -250.0
1574566720.538794, -250.0
1574566721.951631, -250.0
1574566723.348785, -250.0
1574566724.840902, -250.0
1574566726.322483, -250.0
1574566727.805981, -250.0
1574566729.155072, -250.0
1574566730.452534, -250.0
1574566731.824601, -250.0
1574566733.214945, -250.0
1574566734.616149, -250.0
1574566735.974241, -250.0
1574566737.50726, -250.0
1574566739.11232, -250.0
1574566740.598298, -250.0
1574566741.954017, -250.0
1574566743.374727, -250.0
1574566744.850742, -250.0
1574566746.232617, -250.0
1574566747.717783, -250.0
1574566749.173049, -250.0
1574566750.542743, -250.0
1574566751.865259, -250.0
1574566753.371672, -250.0
1574566754.819213, -250.0
1574566756.244338, -250.0
1574566757.639023, -250.0
1574566759.017665, -250.0
1574566760.400616, -250.0
1574566761.809091, -250.0
1574566763.222766, -250.0
1574566764.573095, -250.0
1574566766.004013, -250.0
1574566767.399373, -250.0
1574566768.841518, -250.0
1574566770.710054, -250.0
1574566773.353006, -250.0
1574566774.960144, -250.0
1574566775.066661, -250.0
1574566776.499215, -250.0
1574566777.883661, -250.0
1574566779.273371, -250.0
1574566780.813736, -250.0
1574566782.314293, -250.0
1574566783.763255, -250.0
1574566785.275279, -250.0
1574566786.835881, -250.0
1574566788.203326, -250.0
1574566789.671753, -250.0
1574566791.075183, -250.0
1574566792.613364, -250.0
1574566794.093314, -250.0
1574566795.610464, -250.0
1574566797.01476, -250.0
1574566798.396842, -250.0
1574566799.863146, -250.0
1574566801.287865, -250.0
1574566802.709325, -250.0
1574566804.080622, -250.0
1574566805.451213, -250.0
1574566806.853784, -250.0
1574566808.253501, -250.0
1574566809.720614, -250.0
1574566811.190067, -250.0
1574566812.613576, -250.0
1574566814.108603, -250.0
1574566815.47588, -250.0
1574566816.929608, -250.0
1574566818.432597, -250.0
1574566819.926131, -250.0
1574566821.541126, -250.0
1574566822.954348, -250.0
1574566824.281111, -250.0
1574566825.649928, -250.0
1574566827.077152, -250.0
1574566828.519143, -250.0
1574566829.998763, -250.0
1574566831.537764, -250.0
1574566831.650542, -250.0
1574566833.682387, -250.0
1574566835.083897, -250.0
1574566836.591064, -250.0
1574566838.000792, -250.0
1574566839.442638, -250.0
1574566840.766699, -250.0
1574566842.15217, -250.0
1574566843.574946, -250.0
1574566845.005224, -250.0
1574566846.409604, -250.0
1574566847.888689, -250.0
1574566849.219051, -250.0
1574566850.782811, -250.0
1574566852.225621, -250.0
1574566853.690012, -250.0
1574566855.116842, -250.0
1574566856.710548, -250.0
1574566858.13168, -250.0
1574566859.703727, -250.0
1574566859.800057, -250.0
1574566859.896719, -250.0
1574566861.814429, -250.0
1574566863.483802, -250.0
1574566864.929705, -250.0
1574566866.392436, -250.0
1574566867.776609, -250.0
1574566869.128613, -250.0
1574566870.458627, -250.0
1574566871.848453, -250.0
1574566873.239981, -250.0
1574566874.68675, -250.0
1574566876.033763, -250.0
1574566877.502891, -250.0
1574566878.885863, -250.0
1574566880.345495, -250.0
1574566881.74823, -250.0
1574566883.136764, -250.0
1574566884.615991, -250.0
1574566886.025104, -250.0
1574566887.459845, -250.0
1574566888.850997, -250.0
1574566890.284039, -250.0
1574566891.715586, -250.0
1574566893.143938, -250.0
1574566894.722237, -250.0
1574566896.333446, -250.0
1574566898.021661, -250.0
1574566899.879369, -250.0
1574566901.389642, -250.0
1574566902.830401, -250.0
1574566904.159186, -250.0
1574566905.549925, -250.0
1574566906.958824, -250.0
1574566908.410108, -250.0
1574566909.804865, -250.0
1574566911.240248, -250.0
1574566912.654483, -250.0
1574566914.09432, -250.0
1574566915.493882, -250.0
1574566916.94197, -250.0
1574566918.379968, -250.0
1574566919.849271, -250.0
1574566921.203334, -250.0
1574566922.628471, -250.0
1574566924.043966, -250.0
1574566925.52479, -250.0
1574566927.076836, -250.0
1574566928.460972, -250.0
1574566929.794907, -250.0
1574566931.324998, -250.0
1574566932.726362, -250.0
1574566934.193411, -250.0
1574566935.752075, -250.0
1574566937.320235, -250.0
1574566937.415343, -250.0
1574566937.52285, -250.0
1574566939.685778, -250.0
1574566941.154231, -250.0
1574566941.255605, -250.0
1574566941.351272, -250.0
1574566943.630769, -250.0
1574566943.737824, -250.0
1574566943.83087, -250.0
1574566943.923942, -250.0
1574566944.019095, -250.0
1574566944.123092, -250.0
1574566944.230985, -250.0
1574566944.32976, -250.0
1574566944.423885, -250.0
1574566944.522391, -250.0
1574566944.622305, -250.0
1574566946.272267, -250.0
1574566947.769371, -250.0
1574566949.358297, -250.0
1574566949.470327, -250.0
1574566949.567765, -250.0
1574566949.666151, -250.0
1574566949.763916, -250.0
1574566949.861766, -250.0
1574566949.962913, -250.0
1574566950.06153, -250.0
1574566950.167248, -250.0
1574566950.283351, -250.0
1574566950.380469, -250.0
1574566950.480357, -250.0
1574566950.578626, -250.0
1574566950.675414, -250.0
1574566950.772526, -250.0
1574566950.883541, -250.0
1574566951.002079, -250.0
1574566951.124212, -250.0
1574566951.242488, -250.0
1574566951.356767, -250.0
1574566951.455023, -250.0
1574566951.555886, -250.0
1574566951.65725, -250.0
1574566951.759466, -250.0
1574566951.873598, -250.0
1574566951.97591, -250.0
1574566952.084541, -250.0
1574566952.185196, -250.0
1574566952.29839, -250.0
1574566954.046216, -250.0
1574566955.635621, -248.0
1574566957.075672, -248.0
1574566958.57423, -248.0
1574566960.074673, -248.0
1574566961.62868, -248.0
1574566963.081114, -248.0
1574566964.669076, -248.0
1574566966.146765, -248.0
1574566966.242366, -248.0
1574566966.341747, -248.0
1574566966.449744, -248.0
1574566968.555404, -248.0
1574566945.787803, -250.0
1574566947.413139, -250.0
1574566948.927083, -250.0
1574566950.457823, -250.0
1574566951.977817, -250.0
1574566953.509633, -250.0
1574566955.069388, -250.0
1574566956.534229, -248.0
1574566958.060794, -248.0
1574566959.537958, -248.0
1574566961.038987, -248.0
1574566962.550181, -248.0
1574566963.982397, -248.0
1574566965.491628, -248.0
1574566967.076573, -248.0
1574566968.557691, -248.0
1574566970.233543, -248.0
1574566971.894329, -248.0
1574566973.546769, -248.0
1574566973.649049, -248.0
1574566973.763443, -248.0
1574566973.876281, -248.0
1574566975.621332, -248.0
1574566975.725551, -248.0
1574566975.830497, -248.0
1574566975.937253, -248.0
1574566977.564691, -248.0
1574566977.686747, -248.0
1574566980.325408, -248.0
1574566980.434603, -248.0
1574566980.536835, -248.0
1574566980.645902, -248.0
1574566980.751602, -248.0
1574566983.060926, -248.0
1574566984.629617, -248.0
1574566986.179234, -248.0
1574566987.776073, -248.0
1574566987.878983, -248.0
1574566987.983156, -248.0
1574566989.894122, -248.0
1574566992.225353, -248.0
1574566992.329051, -248.0
1574566994.14894, -248.0
1574566994.25093, -248.0
1574566994.355332, -248.0
1574566994.458661, -248.0
1574566994.562654, -248.0
1574566994.670152, -248.0
1574566994.776219, -248.0
1574566994.885897, -248.0
1574566994.995947, -248.0
1574566995.108405, -248.0
1574566995.232388, -248.0
1574566995.346595, -248.0
1574566995.456461, -248.0
1574566997.405118, -248.0
1574566999.511363, -248.0
1574567002.159356, -248.0
1574567002.270805, -248.0
1574567002.383275, -248.0
1574567002.495362, -248.0
1574567002.599369, -248.0
1574567002.726583, -248.0
1574567002.916871, -248.0
1574567003.011969, -248.0
1574567004.428443, -248.0
1574567005.674857, -248.0
1574567007.031979, -248.0
1574567008.371416, -248.0
1574567009.803411, -248.0
1574567011.26276, -248.0
1574567012.612561, -248.0
1574567013.977755, -248.0
1574567015.359349, -248.0
1574567016.789401, -248.0
1574567018.222374, -248.0
1574567019.644479, -248.0
1574567019.741564, -248.0
1574567019.850213, -248.0
1574567019.950109, -248.0
1574567020.059629, -248.0
1574567022.268428, -248.0
1574567023.685546, -248.0
1574567025.100553, -248.0
1574567026.520436, -248.0
1574567027.915526, -248.0
1574567029.369326, -248.0
1574567030.846421, -248.0
1574567032.298964, -248.0
1574567033.681227, -248.0
1574567035.072322, -248.0
1574567036.651228, -248.0
1574567038.379237, -248.0
1574567040.213721, -248.0
1574567041.744232, -248.0
1574567043.161064, -248.0
1574567044.53941, -248.0
1574567045.948614, -248.0
1574567047.280519, -248.0
1574567048.663139, -248.0
1574567050.116685, -248.0
1574567051.524155, -248.0
1574567052.905815, -248.0
1574567054.265217, -248.0
1574567055.637785, -248.0
1574567057.150297, -248.0
1574567057.246046, -248.0
1574567058.74328, -248.0
1574567060.154877, -248.0
1574567061.602661, -248.0
1574567063.064569, -248.0
1574567064.512784, -248.0
1574567066.022407, -248.0
1574567067.445631, -248.0
1574567068.968159, -248.0
1574567070.549991, -248.0
1574567072.105972, -248.0
1574567073.649019, -248.0
1574567075.098117, -248.0
1574567076.647822, -248.0
1574567078.258957, -248.0
1574567079.734653, -248.0
1574567081.329428, -248.0
1574567083.011284, -248.0
1574567087.168397, -248.0
1574567087.275749, -248.0
1574567087.382094, -248.0
1574567087.48808, -248.0
1574567087.599728, -248.0
1574567087.708448, -248.0
1574567087.817658, -248.0
1574567087.92158, -248.0
1574567090.510752, -248.0
1574567090.615711, -248.0
1574567093.538356, -248.0
1574567093.645939, -248.0
1574567093.752909, -248.0
1574567093.858635, -248.0
1574567093.967035, -248.0
1574567094.077182, -248.0
1574567094.184977, -248.0
1574567094.301099, -248.0
1574567096.254934, -248.0
1574567096.367657, -248.0
1574567096.476077, -248.0
1574567096.583455, -248.0
1574567098.456479, -248.0
1574567100.02652, -248.0
1574567101.758153, -248.0
1574567103.26477, -248.0
1574567104.840263, -248.0
1574567106.514079, -248.0
1574567108.04637, -248.0
1574567109.670023, -248.0
1574567111.177754, -248.0
1574567112.669086, -248.0
1574567114.0871, -248.0
1574567115.551884, -248.0
1574567117.014563, -248.0
1574567118.545979, -247.0
1574567120.186767, -247.0
1574567121.791757, -247.0
1574567123.73363, -247.0
1574567125.756005, -247.0
1574567125.861571, -247.0
1574567125.977061, -247.0
1574567126.094845, -247.0
1574567126.209952, -247.0
1574567126.323574, -247.0
1574567128.08789, -247.0
1574567129.835618, -247.0
1574567131.456318, -247.0
1574567133.039502, -247.0
1574567134.614273, -247.0
1574567136.178109, -247.0
1574567137.790257, -247.0
1574567137.894724, -247.0
1574567139.499444, -247.0
1574567141.079006, -247.0
1574567142.662019, -247.0
1574567144.213673, -247.0
1574567145.691863, -247.0
1574567147.33209, -247.0
1574567148.795952, -247.0
1574567150.272782, -247.0
1574567151.760586, -247.0
1574567153.352266, -247.0
1574567154.882889, -247.0
1574567156.487725, -247.0
1574567158.28586, -247.0
1574567160.079346, -247.0
1574567162.067722, -247.0
1574567163.795184, -247.0
1574567165.409542, -247.0
1574567167.095522, -247.0
1574567167.206982, -247.0
1574567170.468385, -247.0
1574567170.564982, -247.0
1574567172.109565, -247.0
1574567173.673623, -247.0
1574567175.220324, -247.0
1574567175.316532, -247.0
1574567176.986588, -247.0
1574567178.672081, -247.0
1574567180.184768, -247.0
1574567181.717227, -247.0
1574567183.275035, -247.0
1574567184.783996, -247.0
1574567186.327549, -247.0
1574567187.890469, -247.0
1574567189.3228, -247.0
1574567190.733203, -247.0
1574567192.203789, -247.0
1574567193.854052, -247.0
1574567195.247691, -247.0
1574567196.935873, -247.0
1574567198.778579, -247.0
1574567200.516843, -247.0
1574567202.089363, -247.0
1574567204.188342, -247.0
1574567204.296756, -247.0
1574567204.404079, -247.0
1574567207.130453, -247.0
1574567207.23824, -247.0
1574567207.357512, -247.0
1574567207.483208, -247.0
1574567207.593028, -247.0
1574567207.720035, -247.0
1574567207.831217, -247.0
1574567207.94211, -247.0
1574567208.047795, -247.0
1574567208.156267, -247.0
1574567208.278013, -247.0
1574567208.389178, -247.0
1574567208.510394, -247.0
1574567210.12344, -247.0
1574567211.976754, -247.0
1574567212.07613, -247.0
1574567212.172035, -247.0
1574567214.902022, -247.0
1574567214.995628, -247.0
1574567216.454325, -247.0
1574567217.938575, -247.0
1574567219.461581, -247.0
1574567221.037124, -247.0
1574567222.551955, -247.0
1574567224.017495, -247.0
1574567225.457934, -247.0
1574567227.219144, -247.0
1574567228.961293, -247.0
1574566947.208008, -250.0
1574566949.945228, -250.0
1574566950.05243, -250.0
1574566950.150279, -250.0
1574566950.254709, -250.0
1574566951.319377, -250.0
1574566952.68875, -250.0
1574566953.743908, -250.0
1574566954.986157, -250.0
1574566955.953802, -248.0
1574566956.879587, -248.0
1574566957.7851, -248.0
1574566958.689062, -248.0
1574566959.666164, -248.0
1574566961.071008, -248.0
1574566962.266254, -248.0
1574566963.298878, -248.0
1574566964.310749, -248.0
1574566965.495998, -248.0
1574566966.923375, -248.0
1574566967.018087, -248.0
1574566967.11886, -248.0
1574566967.221395, -248.0
1574566967.320352, -248.0
1574566968.754118, -248.0
1574566970.249256, -248.0
1574566971.728957, -248.0
1574566973.114219, -248.0
1574566974.612233, -248.0
1574566974.712327, -248.0
1574566974.825656, -248.0
1574566974.942297, -248.0
1574566975.045605, -248.0
1574566976.408844, -248.0
1574566977.839793, -248.0
1574566979.848981, -248.0
1574566979.948081, -248.0
1574566980.051484, -248.0
1574566980.157096, -248.0
1574566980.261211, -248.0
1574566981.921835, -248.0
1574566983.324361, -248.0
1574566983.424666, -248.0
1574566983.529836, -248.0
1574566983.633665, -248.0
1574566983.739471, -248.0
1574566983.836938, -248.0
1574566983.933662, -248.0
1574566985.307739, -248.0
1574566986.602052, -248.0
1574566987.977869, -248.0
1574566989.469141, -248.0
1574566990.899247, -248.0
1574566992.236515, -248.0
1574566993.595609, -248.0
1574566995.154476, -248.0
1574566996.94248, -248.0
1574566997.058087, -248.0
1574566997.17617, -248.0
1574566997.296141, -248.0
1574566997.407829, -248.0
1574566997.518889, -248.0
1574566997.627612, -248.0
1574566997.741723, -248.0
1574566997.848068, -248.0
1574566997.959129, -248.0
1574566998.075084, -248.0
1574566998.184023, -248.0
1574566999.799464, -248.0
1574567001.228122, -248.0
1574567002.758675, -248.0
1574567004.409697, -248.0
1574567005.953, -248.0
1574567007.626923, -248.0
1574567007.726819, -248.0
1574567007.836276, -248.0
1574567007.936078, -248.0
1574567008.045666, -248.0
1574567008.155181, -248.0
1574567008.264918, -248.0
1574567008.374868, -248.0
1574567008.477515, -248.0
1574567008.580177, -248.0
1574567008.687415, -248.0
1574567008.793322, -248.0
1574567008.897753, -248.0
1574567009.006723, -248.0
1574567009.114777, -248.0
1574567009.223129, -248.0
1574567009.332327, -248.0
1574567009.440371, -248.0
1574567009.546015, -248.0
1574567009.652066, -248.0
1574567009.759654, -248.0
1574567009.867933, -248.0
1574567009.977503, -248.0
1574567010.087212, -248.0
1574567010.194068, -248.0
1574567011.989422, -248.0
1574567013.832914, -248.0
1574567016.027845, -248.0
1574567016.131763, -248.0
1574567018.201174, -248.0
1574567020.205409, -248.0
1574567020.304677, -248.0
1574567022.200565, -248.0
1574567023.753807, -248.0
1574567025.19814, -248.0
1574567026.686779, -248.0
1574567028.321087, -248.0
1574567030.056714, -248.0
1574567030.151948, -248.0
1574567030.247831, -248.0
1574567030.344715, -248.0
1574567030.442701, -248.0
1574567030.544465, -248.0
1574567030.644329, -248.0
1574567030.744638, -248.0
1574567030.83985, -248.0
1574567030.933443, -248.0
1574567031.027484, -248.0
1574567031.120263, -248.0
1574567033.240576, -248.0
1574567034.766984, -248.0
1574567036.618032, -248.0
1574567036.712985, -248.0
1574567036.813538, -248.0
1574567036.918223, -248.0
1574567037.01618, -248.0
1574567037.110976, -248.0
1574567039.182941, -248.0
1574567039.278303, -248.0
1574567039.377143, -248.0
1574567039.489297, -248.0
1574567039.590837, -248.0
1574567039.69137, -248.0
1574567039.79582, -248.0
1574567039.910162, -248.0
1574567040.024077, -248.0
1574567040.133951, -248.0
1574567040.247213, -248.0
1574567040.35875, -248.0
1574567040.468886, -248.0
1574567040.572154, -248.0
1574567042.092258, -248.0
1574567043.540709, -248.0
1574567045.000816, -248.0
1574567046.555406, -248.0
1574567048.061759, -248.0
1574567049.519265, -248.0
1574567050.911736, -248.0
1574567052.437631, -248.0
1574567053.965086, -248.0
1574567057.267906, -248.0
1574567057.369766, -248.0
1574567057.471451, -248.0
1574567057.568738, -248.0
1574567057.664272, -248.0
1574567057.765313, -248.0
1574567057.860195, -248.0
1574567059.309201, -248.0
1574567060.746512, -248.0
1574567062.215087, -248.0
1574567062.324673, -248.0
1574567062.429416, -248.0
1574567062.537482, -248.0
1574567062.643839, -248.0
1574567065.431563, -248.0
1574567065.530643, -248.0
1574567065.63173, -248.0
1574567065.731777, -248.0
1574567067.43166, -248.0
1574567068.989567, -248.0
1574567070.830587, -248.0
1574567070.923959, -248.0
1574567071.02135, -248.0
1574567071.115518, -248.0
1574567071.209051, -248.0
1574567072.633837, -248.0
1574567074.072335, -248.0
1574567075.536751, -248.0
1574567077.062275, -248.0
1574567078.624025, -248.0
1574567080.740711, -248.0
1574567082.205121, -248.0
1574567083.798544, -248.0
1574567085.33242, -248.0
1574567085.425198, -248.0
1574567085.520504, -248.0
1574567085.617001, -248.0
1574567085.713854, -248.0
1574567087.979636, -248.0
1574567089.612524, -248.0
1574567091.08569, -248.0
1574567092.500045, -248.0
1574567093.991104, -248.0
1574567095.392494, -248.0
1574567096.891255, -248.0
1574567098.281568, -248.0
1574567099.762036, -248.0
1574567101.488564, -248.0
1574567101.590151, -248.0
1574567101.698783, -248.0
1574567101.806531, -248.0
1574567103.324513, -248.0
1574567105.079003, -248.0
1574567106.727287, -248.0
1574567108.272099, -248.0
1574567109.834159, -248.0
1574567111.394859, -248.0
1574567112.928276, -248.0
1574567114.364594, -248.0
1574567115.900734, -248.0
1574567117.484013, -247.0
1574567119.036371, -247.0
1574567120.518822, -247.0
1574567121.931047, -247.0
1574567123.65785, -247.0
1574567125.264055, -247.0
1574567126.642322, -247.0
1574567128.236395, -247.0
1574567129.802734, -247.0
1574567131.29458, -247.0
1574567133.140413, -247.0
1574567134.714385, -247.0
1574567136.361134, -247.0
1574567136.455356, -247.0
1574567138.671531, -247.0
1574567138.767608, -247.0
1574567138.866502, -247.0
1574567138.967882, -247.0
1574567141.529011, -247.0
1574567141.625345, -247.0
1574567141.721229, -247.0
1574567141.818936, -247.0
1574567141.915363, -247.0
1574567143.370328, -247.0
1574567144.796675, -247.0
1574567146.226953, -247.0
1574567147.690253, -247.0
1574567149.106915, -247.0
1574567150.499327, -247.0
1574567151.90506, -247.0
1574567153.408075, -247.0
1574567154.934209, -247.0
1574567156.320061, -247.0
1574567157.822445, -247.0
1574567159.188266, -247.0
1574567160.714084, -247.0
1574567162.216738, -247.0
1574566954.161571, -250.0
1574566955.558051, -248.0
1574566956.942702, -248.0
1574566958.425798, -248.0
1574566959.966829, -248.0
1574566961.30977, -248.0
1574566962.81064, -248.0
1574566964.215969, -248.0
1574566965.513251, -248.0
1574566966.945839, -248.0
1574566968.433694, -248.0
1574566969.938492, -248.0
1574566971.457855, -248.0
1574566972.903873, -248.0
1574566975.164766, -248.0
1574566975.261426, -248.0
1574566975.35849, -248.0
1574566975.456237, -248.0
1574566975.552783, -248.0
1574566975.649257, -248.0
1574566975.745177, -248.0
1574566975.840516, -248.0
1574566978.282831, -248.0
1574566980.026562, -248.0
1574566980.121039, -248.0
1574566980.22507, -248.0
1574566980.327375, -248.0
1574566980.427769, -248.0
1574566980.527328, -248.0
1574566980.633906, -248.0
1574566983.034824, -248.0
1574566983.132379, -248.0
1574566983.229952, -248.0
1574566983.331253, -248.0
1574566983.431643, -248.0
1574566983.536393, -248.0
1574566983.639192, -248.0
1574566983.739282, -248.0
1574566985.507816, -248.0
1574566985.610857, -248.0
1574566985.72215, -248.0
1574566985.839308, -248.0
1574566985.951403, -248.0
1574566986.067263, -248.0
1574566986.182557, -248.0
1574566988.051642, -248.0
1574566989.440137, -248.0
1574566990.826913, -248.0
1574566992.435569, -248.0
1574566994.070769, -248.0
1574566995.820983, -248.0
1574566997.466834, -248.0
1574566999.063207, -248.0
1574566999.159304, -248.0
1574567000.844292, -248.0
1574567002.481772, -248.0
1574567004.496853, -248.0
1574567006.467496, -248.0
1574567006.570099, -248.0
1574567006.676777, -248.0
1574567006.790556, -248.0
1574567006.902314, -248.0
1574567007.013346, -248.0
1574567007.115588, -248.0
1574567007.215044, -248.0
1574567007.316633, -248.0
1574567007.421119, -248.0
1574567007.52531, -248.0
1574567007.630217, -248.0
1574567007.74407, -248.0
1574567007.863948, -248.0
1574567007.981218, -248.0
1574567008.085576, -248.0
1574567008.191509, -248.0
1574567008.292794, -248.0
1574567008.397365, -248.0
1574567008.500686, -248.0
1574567008.609851, -248.0
1574567008.716824, -248.0
1574567008.825778, -248.0
1574567008.933541, -248.0
1574567011.182019, -248.0
1574567013.253973, -248.0
1574567013.355398, -248.0
1574567013.463597, -248.0
1574567013.564649, -248.0
1574567015.212043, -248.0
1574567017.088721, -248.0
1574567017.184021, -248.0
1574567018.758493, -248.0
1574567020.423876, -248.0
1574567020.518605, -248.0
1574567020.614117, -248.0
1574567020.709514, -248.0
1574567020.808257, -248.0
1574567020.915007, -248.0
1574567021.019751, -248.0
1574567021.120308, -248.0
1574567021.217061, -248.0
1574567021.316232, -248.0
1574567021.413436, -248.0
1574567021.512525, -248.0
1574567021.615913, -248.0
1574567023.106037, -248.0
1574567024.529988, -248.0
1574567026.047606, -248.0
1574567027.496462, -248.0
1574567027.597942, -248.0
1574567029.079471, -248.0
1574567030.718706, -248.0
1574567032.279455, -248.0
1574567033.791729, -248.0
1574567035.48022, -248.0
1574567037.726402, -248.0
1574567039.474401, -248.0
1574567040.946859, -248.0
1574567042.456808, -248.0
1574567043.950341, -248.0
1574567045.498739, -248.0
1574567046.86391, -248.0
1574567048.346712, -248.0
1574567049.932922, -248.0
1574567051.489235, -248.0
1574567052.964356, -248.0
1574567054.423485, -248.0
1574567055.980443, -248.0
1574567057.409315, -248.0
1574567058.923266, -248.0
1574567060.438966, -248.0
1574567061.889437, -248.0
1574567063.387627, -248.0
1574567064.938573, -248.0
1574567066.542664, -248.0
1574567068.090157, -248.0
1574567069.669213, -248.0
1574567071.210169, -248.0
1574567072.639369, -248.0
1574567074.1478, -248.0
1574567075.734508, -248.0
1574567077.187781, -248.0
1574567078.743407, -248.0
1574567080.293909, -248.0
1574567081.943888, -248.0
1574567083.498333, -248.0
1574567084.975897, -248.0
1574567086.428224, -248.0
1574567087.979232, -248.0
1574567089.522835, -248.0
1574567090.994707, -248.0
1574567092.592402, -248.0
1574567094.071393, -248.0
1574567095.600382, -248.0
1574567097.104616, -248.0
1574567098.730835, -248.0
1574567100.4093, -248.0
1574567102.086433, -248.0
1574567102.187101, -248.0
1574567103.961475, -248.0
1574567105.520664, -248.0
1574567107.083307, -248.0
1574567108.669594, -248.0
1574567110.457121, -248.0
1574567112.357312, -248.0
1574567114.000667, -248.0
1574567115.539959, -248.0
1574567117.417287, -247.0
1574567119.026681, -247.0
1574567120.71942, -247.0
1574567122.36158, -247.0
1574567123.957311, -247.0
1574567125.490074, -247.0
1574567126.931136, -247.0
1574567128.478864, -247.0
1574567130.41858, -247.0
1574567132.091229, -247.0
1574567133.556117, -247.0
1574567135.222955, -247.0
1574567135.324276, -247.0
1574567135.425818, -247.0
1574567135.526368, -247.0
1574567137.260514, -247.0
1574567138.793682, -247.0
1574567140.310036, -247.0
1574567141.985891, -247.0
1574567143.500434, -247.0
1574567144.982543, -247.0
1574567146.495494, -247.0
1574567149.099925, -247.0
1574567149.196247, -247.0
1574567149.294593, -247.0
1574567150.95489, -247.0
1574567152.431653, -247.0
1574567153.804837, -247.0
1574567155.309367, -247.0
1574567156.783588, -247.0
1574567158.165706, -247.0
1574567159.61781, -247.0
1574567161.058522, -247.0
1574567162.6378, -247.0
1574567164.100762, -247.0
1574567165.59979, -247.0
1574567167.334793, -247.0
1574567168.835721, -247.0
1574567170.392165, -247.0
1574567170.488162, -247.0
1574567170.584381, -247.0
1574567170.682046, -247.0
1574567172.183981, -247.0
1574567173.607792, -247.0
1574567174.995785, -247.0
1574567176.377449, -247.0
1574567177.823487, -247.0
1574567179.224319, -247.0
1574567180.638272, -247.0
1574567182.069172, -247.0
1574567183.492089, -247.0
1574567184.857155, -247.0
1574567186.410611, -247.0
1574567187.957355, -247.0
1574567189.518155, -247.0
1574567190.998172, -247.0
1574567192.891086, -247.0
1574567192.986036, -247.0
1574567193.080886, -247.0
1574567193.174863, -247.0
1574567193.269261, -247.0
1574567193.367333, -247.0
1574567194.726034, -247.0
1574567196.129371, -247.0
1574567197.612156, -247.0
1574567199.099019, -247.0
1574567200.824902, -247.0
1574567202.314816, -247.0
1574567203.795175, -247.0
1574567205.30641, -247.0
1574567206.863318, -247.0
1574567208.234584, -247.0
1574567209.63587, -247.0
1574567211.28981, -247.0
1574567212.723467, -247.0
1574567214.127281, -247.0
1574567215.867477, -247.0
1574567217.386714, -247.0
1574567218.891332, -247.0
1574567220.516856, -247.0
1574567220.61742, -247.0
1574567222.208585, -247.0
1574567223.829906, -247.0
1574567225.386979, -247.0
1574567227.017745, -247.0
1574566968.745216, -248.0
1574566968.837609, -248.0
1574566968.931283, -248.0
1574566969.02613, -248.0
1574566969.119713, -248.0
1574566969.214311, -248.0
1574566969.310588, -248.0
1574566969.404795, -248.0
1574566969.498826, -248.0
1574566969.59334, -248.0
1574566969.688237, -248.0
1574566969.782018, -248.0
1574566969.875984, -248.0
1574566969.971275, -248.0
1574566970.075273, -248.0
1574566970.169989, -248.0
1574566970.268451, -248.0
1574566970.365141, -248.0
1574566970.461969, -248.0
1574566970.570277, -248.0
1574566970.678589, -248.0
1574566970.778149, -248.0
1574566970.875518, -248.0
1574566970.970605, -248.0
1574566971.06503, -248.0
1574566971.161169, -248.0
1574566971.2595, -248.0
1574566971.368771, -248.0
1574566971.465337, -248.0
1574566971.560778, -248.0
1574566973.180559, -248.0
1574566974.638937, -248.0
1574566976.109047, -248.0
1574566977.629227, -248.0
1574566980.29451, -248.0
1574566980.389253, -248.0
1574566982.339213, -248.0
1574566984.65065, -248.0
1574566984.747247, -248.0
1574566984.844711, -248.0
1574566984.94253, -248.0
1574566985.041635, -248.0
1574566985.140253, -248.0
1574566985.238531, -248.0
1574566987.314956, -248.0
1574566987.419901, -248.0
1574566989.887167, -248.0
1574566989.982346, -248.0
1574566991.810228, -248.0
1574566993.594646, -248.0
1574566993.689184, -248.0
1574566995.456602, -248.0
1574566997.4858, -248.0
1574566999.112516, -248.0
1574567000.590195, -248.0
1574567001.985797, -248.0
1574567003.705136, -248.0
1574567005.271796, -248.0
1574567007.020066, -248.0
1574567009.582208, -248.0
1574567009.691126, -248.0
1574567009.807374, -248.0
1574567009.913848, -248.0
1574567010.016246, -248.0
1574567011.758462, -248.0
1574567011.864944, -248.0
1574567011.973977, -248.0
1574567012.084697, -248.0
1574567013.843496, -248.0
1574567015.754186, -248.0
1574567015.870547, -248.0
1574567015.99035, -248.0
1574567016.115819, -248.0
1574567016.231097, -248.0
1574567016.352777, -248.0
1574567016.470782, -248.0
1574567016.587915, -248.0
1574567016.709572, -248.0
1574567016.840965, -248.0
1574567016.958526, -248.0
1574567017.066725, -248.0
1574567018.781042, -248.0
1574567020.357402, -248.0
1574567022.037883, -248.0
1574567023.661233, -248.0
1574567025.276435, -248.0
1574567026.870601, -248.0
1574567028.392448, -248.0
1574567029.966355, -248.0
1574567031.712207, -248.0
1574567033.368824, -248.0
1574567034.932557, -248.0
1574567036.619414, -248.0
1574567038.322831, -248.0
1574567040.083667, -248.0
1574567041.733845, -248.0
1574567043.395156, -248.0
1574567045.151941, -248.0
1574567047.001015, -248.0
1574567048.729551, -248.0
1574567050.359738, -248.0
1574567052.002665, -248.0
1574567053.848541, -248.0
1574567055.666993, -248.0
1574567057.467351, -248.0
1574567059.117461, -248.0
1574567060.849541, -248.0
1574567062.573938, -248.0
1574567064.302323, -248.0
1574567066.028258, -248.0
1574567067.70327, -248.0
1574567069.343724, -248.0
1574567071.26488, -248.0
1574567071.385504, -248.0
1574567071.498771, -248.0
1574567071.594283, -248.0
1574567071.697265, -248.0
1574567071.801895, -248.0
1574567071.90961, -248.0
1574567072.005529, -248.0
1574567073.515255, -248.0
1574567074.891665, -248.0
1574567076.264275, -248.0
1574567077.631904, -248.0
1574567078.982975, -248.0
1574567080.40041, -248.0
1574567081.726114, -248.0
1574567083.222476, -248.0
1574567084.935099, -248.0
1574567085.040803, -248.0
1574567085.1439, -248.0
1574567086.802519, -248.0
1574567088.236243, -248.0
1574567089.62076, -248.0
1574567091.15919, -248.0
1574567092.753571, -248.0
1574567094.424666, -248.0
1574567094.518874, -248.0
1574567094.612787, -248.0
1574567094.709593, -248.0
1574567094.809376, -248.0
1574567094.91642, -248.0
1574567095.02144, -248.0
1574567095.126697, -248.0
1574567095.2301, -248.0
1574567095.335367, -248.0
1574567095.429231, -248.0
1574567096.943192, -248.0
1574567098.445466, -248.0
1574567100.679727, -248.0
1574567100.778928, -248.0
1574567100.87979, -248.0
1574567100.985876, -248.0
1574567101.08675, -248.0
1574567101.186229, -248.0
1574567101.282571, -248.0
1574567102.862679, -248.0
1574567104.365895, -248.0
1574567105.84852, -248.0
1574567107.465928, -248.0
1574567108.990994, -248.0
1574567110.497666, -248.0
1574567112.039646, -248.0
1574567113.536254, -248.0
1574567115.634349, -248.0
1574567115.733528, -248.0
1574567117.202176, -247.0
1574567118.664812, -247.0
1574567120.157041, -247.0
1574567123.512302, -247.0
1574567123.61245, -247.0
1574567125.470591, -247.0
1574567126.919909, -247.0
1574567128.379692, -247.0
1574567128.473485, -247.0
1574567128.570862, -247.0
1574567128.673168, -247.0
1574567128.776657, -247.0
1574567128.880701, -247.0
1574567130.657176, -247.0
1574567132.603746, -247.0
1574567134.189911, -247.0
1574567135.692971, -247.0
1574567137.287878, -247.0
1574567138.882571, -247.0
1574567140.304654, -247.0
1574567141.897896, -247.0
1574567143.385004, -247.0
1574567144.99398, -247.0
1574567146.449691, -247.0
1574567147.908375, -247.0
1574567149.428158, -247.0
1574567150.964157, -247.0
1574567152.530263, -247.0
1574567154.006851, -247.0
1574567155.470103, -247.0
1574567156.970155, -247.0
1574567158.540861, -247.0
1574567160.065552, -247.0
1574567161.654663, -247.0
1574567163.187906, -247.0
1574567164.674465, -247.0
1574567166.20262, -247.0
1574567167.730117, -247.0
1574567169.850577, -247.0
1574567169.946969, -247.0
1574567170.046063, -247.0
1574567171.752551, -247.0
1574567173.231406, -247.0
1574567173.327864, -247.0
1574567173.445103, -247.0
1574567173.545268, -247.0
1574567173.661495, -247.0
1574567173.769088, -247.0
1574567173.873284, -247.0
1574567173.982777, -247.0
1574567174.092663, -247.0
1574567175.857095, -247.0
1574567175.957625, -247.0
1574567176.064922, -247.0
1574567176.175682, -247.0
1574567176.288776, -247.0
1574567176.394961, -247.0
1574567176.502947, -247.0
1574567176.60144, -247.0
1574567176.704976, -247.0
1574567176.811359, -247.0
1574567176.91176, -247.0
1574567177.027695, -247.0
1574567177.137259, -247.0
1574567177.232646, -247.0
1574567177.329885, -247.0
1574567177.432911, -247.0
1574567179.0562, -247.0
1574567180.588102, -247.0
1574567182.044724, -247.0
1574567183.490946, -247.0
1574567184.965327, -247.0
1574567186.427227, -247.0
1574567187.9138, -247.0
1574567189.41713, -247.0
1574567190.960184, -247.0
1574567192.527592, -247.0
1574567192.625794, -247.0
1574567192.72891, -247.0
1574567192.830071, -247.0
1574567192.93765, -247.0
1574567193.04247, -247.0
1574567193.147688, -247.0
1574567193.251895, -247.0
1574567164.777045, -247.0
1574567166.423145, -247.0
1574567167.836239, -247.0
1574567169.238783, -247.0
1574567170.623794, -247.0
1574567172.007431, -247.0
1574567173.390505, -247.0
1574567174.807365, -247.0
1574567176.272102, -247.0
1574567177.818689, -247.0
1574567179.35083, -247.0
1574567180.652083, -247.0
1574567182.414656, -247.0
1574567182.511185, -247.0
1574567182.610314, -247.0
1574567182.716524, -247.0
1574567182.822215, -247.0
1574567182.926808, -247.0
1574567183.026656, -247.0
1574567184.671866, -247.0
1574567184.770264, -247.0
1574567184.871861, -247.0
1574567184.981956, -247.0
1574567185.090805, -247.0
1574567185.199165, -247.0
1574567185.305888, -247.0
1574567187.044943, -247.0
1574567187.154485, -247.0
1574567187.266558, -247.0
1574567187.384175, -247.0
1574567187.492051, -247.0
1574567188.959716, -247.0
1574567190.475668, -247.0
1574567191.926788, -247.0
1574567193.419696, -247.0
1574567194.894775, -247.0
1574567196.432905, -247.0
1574567197.912678, -247.0
1574567199.480046, -247.0
1574567201.044554, -247.0
1574567202.538052, -247.0
1574567204.092045, -247.0
1574567205.726939, -247.0
1574567207.354665, -247.0
1574567208.961405, -247.0
1574567211.300443, -247.0
1574567211.396028, -247.0
1574567211.491263, -247.0
1574567211.586547, -247.0
1574567211.682419, -247.0
1574567211.778992, -247.0
1574567211.876781, -247.0
1574567211.977273, -247.0
1574567212.07687, -247.0
1574567212.177014, -247.0
1574567212.276524, -247.0
1574567212.385127, -247.0
1574567214.346244, -247.0
1574567214.44876, -247.0
1574567214.551881, -247.0
1574567214.658123, -247.0
1574567214.763385, -247.0
1574567214.869475, -247.0
1574567214.979429, -247.0
1574567215.090946, -247.0
1574567215.197596, -247.0
1574567215.307431, -247.0
1574567215.417288, -247.0
1574567215.525509, -247.0
1574567218.062663, -247.0
1574567219.878631, -247.0
1574567219.973673, -247.0
1574567220.071202, -247.0
1574567220.169884, -247.0
1574567220.276056, -247.0
1574567220.380794, -247.0
1574567220.487327, -247.0
1574567220.596939, -247.0
1574567220.706589, -247.0
1574567220.814589, -247.0
1574567220.921016, -247.0
1574567221.027375, -247.0
1574567221.132469, -247.0
1574567221.239162, -247.0
1574567221.345962, -247.0
1574567221.452601, -247.0
1574567221.55954, -247.0
1574567221.663621, -247.0
1574567223.29638, -247.0
1574567224.886501, -247.0
1574567226.34834, -247.0
1574567227.787646, -247.0
1574567229.301648, -247.0
1574567230.681487, -247.0
1574567232.157436, -247.0
1574567233.522652, -247.0
1574567235.025376, -247.0
1574567236.574944, -247.0
1574567238.11744, -247.0
1574567240.012039, -247.0
1574567240.107814, -247.0
1574567240.207431, -247.0
1574567242.356859, -247.0
1574567242.450327, -247.0
1574567242.546254, -247.0
1574567242.642044, -247.0
1574567242.739089, -247.0
1574567242.834134, -247.0
1574567242.937319, -247.0
1574567243.044257, -247.0
1574567243.141272, -247.0
1574567243.234775, -247.0
1574567243.32899, -247.0
1574567243.423124, -247.0
1574567243.516793, -247.0
1574567243.61886, -247.0
1574567243.724235, -247.0
1574567243.831506, -247.0
1574567243.927095, -247.0
1574567244.024073, -247.0
1574567244.124361, -247.0
1574567244.22619, -247.0
1574567244.321155, -247.0
1574567244.415969, -247.0
1574567244.511999, -247.0
1574567244.607211, -247.0
1574567244.714232, -247.0
1574567244.809174, -247.0
1574567246.543191, -247.0
1574567248.018383, -247.0
1574567249.614353, -247.0
1574567249.707916, -247.0
1574567251.195672, -247.0
1574567252.592195, -247.0
1574567254.058471, -247.0
1574567255.484469, -247.0
1574567257.082338, -247.0
1574567258.581955, -247.0
1574567260.26462, -247.0
1574567260.359049, -247.0
1574567262.327623, -247.0
1574567262.422396, -247.0
1574567262.519062, -247.0
1574567262.613351, -247.0
1574567262.715569, -247.0
1574567262.816497, -247.0
1574567262.915253, -247.0
1574567265.693178, -247.0
1574567267.217471, -247.0
1574567268.673395, -247.0
1574567270.108708, -247.0
1574567271.508639, -247.0
1574567272.906966, -247.0
1574567274.310271, -247.0
1574567276.037528, -247.0
1574567276.135114, -247.0
1574567276.233863, -247.0
1574567276.341426, -247.0
1574567276.448755, -247.0
1574567276.549448, -247.0
1574567276.646681, -247.0
1574567276.747353, -247.0
1574567276.846871, -247.0
1574567276.945133, -247.0
1574567277.037797, -247.0
1574567278.739466, -247.0
1574567280.69817, -247.0
1574567282.398685, -247.0
1574567282.494833, -247.0
1574567282.59358, -247.0
1574567282.693904, -247.0
1574567282.790439, -247.0
1574567284.503802, -247.0
1574567284.596773, -247.0
1574567284.689779, -247.0
1574567286.357755, -247.0
1574567286.451582, -247.0
1574567287.907518, -247.0
1574567289.527475, -247.0
1574567289.621694, -247.0
1574567291.738446, -247.0
1574567291.832315, -247.0
1574567293.528856, -247.0
1574567295.156319, -247.0
1574567295.249869, -247.0
1574567296.776483, -247.0
1574567298.430704, -247.0
1574567300.27472, -247.0
1574567302.333671, -247.0
1574567302.433785, -247.0
1574567302.538638, -247.0
1574567302.641818, -247.0
1574567302.745888, -247.0
1574567302.852833, -247.0
1574567302.962048, -247.0
1574567303.070853, -247.0
1574567303.16756, -247.0
1574567305.051085, -247.0
1574567306.749401, -247.0
1574567308.44332, -247.0
1574567310.029226, -247.0
1574567311.681605, -247.0
1574567313.283825, -247.0
1574567315.04523, -247.0
1574567316.815026, -247.0
1574567318.295396, -247.0
1574567319.773711, -247.0
1574567321.268058, -247.0
1574567322.779214, -247.0
1574567324.248472, -247.0
1574567325.713016, -247.0
1574567327.163963, -247.0
1574567328.740128, -247.0
1574567330.177293, -247.0
1574567331.626945, -247.0
1574567333.10253, -247.0
1574567334.562146, -247.0
1574567336.075547, -247.0
1574567337.533109, -247.0
1574567339.166297, -247.0
1574567340.722759, -247.0
1574567342.2313, -247.0
1574567344.068418, -247.0
1574567345.628384, -247.0
1574567347.205977, -247.0
1574567349.050297, -247.0
1574567350.584175, -247.0
1574567352.051148, -247.0
1574567353.641927, -247.0
1574567355.226007, -247.0
1574567356.814753, -247.0
1574567358.281463, -247.0
1574567359.815083, -247.0
1574567361.266434, -247.0
1574567362.816662, -247.0
1574567364.325835, -247.0
1574567365.880193, -247.0
1574567367.484192, -247.0
1574567369.109467, -247.0
1574567370.609312, -247.0
1574567372.186382, -247.0
1574567373.685014, -247.0
1574567375.121841, -247.0
1574567376.639097, -247.0
1574567378.017169, -247.0
1574567379.404259, -247.0
1574567380.775336, -247.0
1574567382.141345, -247.0
1574567383.5716, -247.0
1574567385.002365, -247.0
1574567194.776697, -247.0
1574567196.726153, -247.0
1574567196.835134, -247.0
1574567196.941866, -247.0
1574567197.046593, -247.0
1574567197.159438, -247.0
1574567197.277577, -247.0
1574567197.389363, -247.0
1574567197.505977, -247.0
1574567197.617751, -247.0
1574567197.723087, -247.0
1574567200.037633, -247.0
1574567201.669517, -247.0
1574567203.198081, -247.0
1574567204.75839, -247.0
1574567206.274027, -247.0
1574567207.821443, -247.0
1574567209.37373, -247.0
1574567209.468286, -247.0
1574567212.099193, -247.0
1574567214.234847, -247.0
1574567214.332101, -247.0
1574567214.431885, -247.0
1574567214.533044, -247.0
1574567214.637971, -247.0
1574567214.747473, -247.0
1574567214.856214, -247.0
1574567214.962809, -247.0
1574567215.07145, -247.0
1574567215.183032, -247.0
1574567215.294624, -247.0
1574567215.402492, -247.0
1574567215.510458, -247.0
1574567215.619365, -247.0
1574567215.737025, -247.0
1574567215.850115, -247.0
1574567217.50344, -247.0
1574567219.041038, -247.0
1574567220.668708, -247.0
1574567222.567454, -247.0
1574567222.668795, -247.0
1574567224.507821, -247.0
1574567226.081589, -247.0
1574567227.703149, -247.0
1574567227.82419, -247.0
1574567227.925082, -247.0
1574567228.031292, -247.0
1574567228.135442, -247.0
1574567228.24043, -247.0
1574567228.362156, -247.0
1574567228.472738, -247.0
1574567230.293542, -247.0
1574567231.804818, -247.0
1574567233.668897, -247.0
1574567235.699267, -247.0
1574567235.793818, -247.0
1574567235.88835, -247.0
1574567237.600544, -247.0
1574567239.062849, -247.0
1574567240.543033, -247.0
1574567242.017801, -247.0
1574567243.416203, -247.0
1574567244.827539, -247.0
1574567246.199119, -247.0
1574567247.706611, -247.0
1574567249.448322, -247.0
1574567251.401596, -247.0
1574567251.501053, -247.0
1574567251.603787, -247.0
1574567251.702779, -247.0
1574567253.423042, -247.0
1574567254.935493, -247.0
1574567256.407818, -247.0
1574567257.904032, -247.0
1574567259.472208, -247.0
1574567261.030502, -247.0
1574567262.548144, -247.0
1574567264.143357, -247.0
1574567265.705264, -247.0
1574567267.230993, -247.0
1574567268.660765, -247.0
1574567270.085301, -247.0
1574567271.532503, -247.0
1574567273.095263, -247.0
1574567274.581645, -247.0
1574567276.140156, -247.0
1574567277.660557, -247.0
1574567279.166942, -247.0
1574567280.669753, -247.0
1574567282.100763, -247.0
1574567283.650802, -247.0
1574567285.216808, -247.0
1574567287.582068, -247.0
1574567289.262174, -247.0
1574567289.357019, -247.0
1574567289.462896, -247.0
1574567289.567714, -247.0
1574567289.673204, -247.0
1574567289.767225, -247.0
1574567291.157972, -247.0
1574567292.698509, -247.0
1574567292.792041, -247.0
1574567292.885816, -247.0
1574567292.982448, -247.0
1574567293.076423, -247.0
1574567294.741035, -247.0
1574567294.83415, -247.0
1574567294.929818, -247.0
1574567295.029056, -247.0
1574567295.128462, -247.0
1574567295.22784, -247.0
1574567295.327666, -247.0
1574567295.426936, -247.0
1574567295.52809, -247.0
1574567295.631341, -247.0
1574567295.730579, -247.0
1574567295.82935, -247.0
1574567297.915621, -247.0
1574567299.422099, -247.0
1574567299.516542, -247.0
1574567301.027093, -247.0
1574567302.740799, -247.0
1574567304.424374, -247.0
1574567305.915562, -247.0
1574567306.009847, -247.0
1574567307.741175, -247.0
1574567309.252241, -247.0
1574567310.936431, -247.0
1574567311.029962, -247.0
1574567312.606709, -247.0
1574567314.050937, -247.0
1574567315.510385, -247.0
1574567317.066244, -247.0
1574567318.604344, -247.0
1574567320.137802, -247.0
1574567321.716336, -247.0
1574567323.195133, -247.0
1574567324.79533, -247.0
1574567326.168113, -247.0
1574567327.634514, -247.0
1574567329.202603, -247.0
1574567330.795225, -247.0
1574567332.393622, -247.0
1574567333.876954, -247.0
1574567335.470499, -247.0
1574567336.866897, -247.0
1574567338.340236, -247.0
1574567339.820737, -247.0
1574567341.31556, -247.0
1574567342.879184, -247.0
1574567344.813639, -247.0
1574567344.910887, -247.0
1574567345.010335, -247.0
1574567346.596893, -247.0
1574567348.105306, -247.0
1574567349.607798, -247.0
1574567351.200282, -247.0
1574567352.731198, -247.0
1574567352.826035, -247.0
1574567352.932706, -247.0
1574567353.027108, -247.0
1574567354.800101, -247.0
1574567356.914687, -247.0
1574567357.00865, -247.0
1574567357.101991, -247.0
1574567357.196072, -247.0
1574567357.295302, -247.0
1574567357.401606, -247.0
1574567357.508417, -247.0
1574567357.614971, -247.0
1574567357.721489, -247.0
1574567357.827608, -247.0
1574567357.93451, -247.0
1574567358.030397, -247.0
1574567358.131042, -247.0
1574567358.224042, -247.0
1574567358.316011, -247.0
1574567358.407918, -247.0
1574567358.49994, -247.0
1574567358.592471, -247.0
1574567358.684702, -247.0
1574567358.789087, -247.0
1574567358.89486, -247.0
1574567359.000383, -247.0
1574567360.825913, -247.0
1574567362.396362, -247.0
1574567364.70082, -247.0
1574567364.793642, -247.0
1574567366.427799, -247.0
1574567368.056826, -247.0
1574567369.883858, -247.0
1574567369.978807, -247.0
1574567370.071839, -247.0
1574567371.813124, -247.0
1574567373.366778, -247.0
1574567375.125896, -247.0
1574567376.577235, -247.0
1574567378.122468, -247.0
1574567379.500876, -247.0
1574567380.8678, -247.0
1574567382.263371, -247.0
1574567383.870594, -247.0
1574567385.423886, -247.0
1574567387.027834, -247.0
1574567388.376897, -247.0
1574567389.82606, -247.0
1574567391.200585, -247.0
1574567392.553681, -247.0
1574567394.018746, -247.0
1574567395.520593, -247.0
1574567396.953922, -247.0
1574567398.610226, -247.0
1574567398.705243, -247.0
1574567398.807455, -247.0
1574567398.910147, -247.0
1574567399.014159, -247.0
1574567399.111139, -247.0
1574567400.691673, -247.0
1574567402.235478, -247.0
1574567402.329401, -247.0
1574567402.425709, -247.0
1574567402.521494, -247.0
1574567402.621323, -247.0
1574567402.728662, -247.0
1574567402.834302, -247.0
1574567402.93007, -247.0
1574567403.024131, -247.0
1574567403.126076, -247.0
1574567403.2212, -247.0
1574567403.319776, -247.0
1574567403.41403, -247.0
1574567403.508721, -247.0
1574567403.604756, -247.0
1574567403.700991, -247.0
1574567403.796546, -247.0
1574567403.893196, -247.0
1574567403.990661, -247.0
1574567404.087034, -247.0
1574567404.184104, -247.0
1574567404.278828, -247.0
1574567404.375551, -247.0
1574567404.472003, -247.0
1574567405.977458, -247.0
1574567407.383878, -247.0
1574567408.841234, -247.0
1574567410.362089, -247.0
1574567411.840195, -247.0
1574567413.241317, -247.0
1574567414.797217, -247.0
1574567416.345228, -247.0
1574567228.56965, -247.0
1574567230.208375, -247.0
1574567231.713468, -247.0
1574567233.259624, -247.0
1574567234.699733, -247.0
1574567234.795366, -247.0
1574567234.895388, -247.0
1574567234.997807, -247.0
1574567235.10222, -247.0
1574567235.208945, -247.0
1574567235.315936, -247.0
1574567235.423228, -247.0
1574567235.530798, -247.0
1574567235.636839, -247.0
1574567235.743446, -247.0
1574567235.850919, -247.0
1574567235.956908, -247.0
1574567236.063453, -247.0
1574567236.170782, -247.0
1574567236.27352, -247.0
1574567236.368941, -247.0
1574567237.987861, -247.0
1574567239.526251, -247.0
1574567239.620533, -247.0
1574567239.715976, -247.0
1574567239.813636, -247.0
1574567242.734508, -247.0
1574567242.830322, -247.0
1574567244.676469, -247.0
1574567246.497025, -247.0
1574567246.591097, -247.0
1574567246.684236, -247.0
1574567248.323694, -247.0
1574567249.854062, -247.0
1574567251.767296, -247.0
1574567253.497912, -247.0
1574567255.037153, -247.0
1574567256.751569, -247.0
1574567256.8465, -247.0
1574567256.941893, -247.0
1574567257.041769, -247.0
1574567257.141792, -247.0
1574567257.249172, -247.0
1574567257.356802, -247.0
1574567257.464205, -247.0
1574567257.5715, -247.0
1574567257.67819, -247.0
1574567257.785674, -247.0
1574567257.88036, -247.0
1574567259.307905, -247.0
1574567260.908279, -247.0
1574567262.423748, -247.0
1574567262.517023, -247.0
1574567262.610407, -247.0
1574567264.303716, -247.0
1574567264.398268, -247.0
1574567264.493763, -247.0
1574567264.588649, -247.0
1574567264.682212, -247.0
1574567266.175474, -247.0
1574567266.270639, -247.0
1574567267.743549, -247.0
1574567269.182527, -247.0
1574567270.572122, -247.0
1574567272.187787, -247.0
1574567272.280711, -247.0
1574567273.831596, -247.0
1574567275.569171, -247.0
1574567275.662195, -247.0
1574567275.755561, -247.0
1574567275.850593, -247.0
1574567275.944869, -247.0
1574567277.572042, -247.0
1574567279.23064, -247.0
1574567280.972457, -247.0
1574567281.068582, -247.0
1574567281.164631, -247.0
1574567281.261737, -247.0
1574567281.360263, -247.0
1574567281.459485, -247.0
1574567281.558551, -247.0
1574567281.657402, -247.0
1574567281.75646, -247.0
1574567281.856258, -247.0
1574567281.955308, -247.0
1574567282.054764, -247.0
1574567282.153469, -247.0
1574567282.247114, -247.0
1574567283.786166, -247.0
1574567285.719661, -247.0
1574567287.522994, -247.0
1574567289.166518, -247.0
1574567290.902443, -247.0
1574567290.995377, -247.0
1574567291.090294, -247.0
1574567291.18789, -247.0
1574567291.287714, -247.0
1574567291.385499, -247.0
1574567291.483362, -247.0
1574567291.581053, -247.0
1574567291.676509, -247.0
1574567291.769742, -247.0
1574567293.579075, -247.0
1574567293.675754, -247.0
1574567293.770661, -247.0
1574567293.86513, -247.0
1574567293.960792, -247.0
1574567294.060555, -247.0
1574567294.165622, -247.0
1574567294.268502, -247.0
1574567294.37551, -247.0
1574567294.48287, -247.0
1574567294.58924, -247.0
1574567294.690668, -247.0
1574567294.789188, -247.0
1574567294.883117, -247.0
1574567296.482368, -247.0
1574567297.93471, -247.0
1574567299.382946, -247.0
1574567301.077437, -247.0
1574567302.592852, -247.0
1574567304.082064, -247.0
1574567304.174281, -247.0
1574567305.775321, -247.0
1574567307.168564, -247.0
1574567308.527076, -247.0
1574567309.967001, -247.0
1574567311.859227, -247.0
1574567311.953716, -247.0
1574567312.052021, -247.0
1574567313.522689, -247.0
1574567314.95619, -247.0
1574567316.339101, -247.0
1574567317.857405, -247.0
1574567319.290975, -247.0
1574567320.725792, -247.0
1574567322.173065, -247.0
1574567323.673127, -247.0
1574567325.158084, -247.0
1574567326.656416, -247.0
1574567328.292957, -247.0
1574567329.981779, -247.0
1574567331.457756, -247.0
1574567333.017139, -247.0
1574567334.582345, -247.0
1574567336.128012, -247.0
1574567337.799393, -247.0
1574567337.894373, -247.0
1574567337.990421, -247.0
1574567338.090794, -247.0
1574567338.19651, -247.0
1574567338.293753, -247.0
1574567338.391369, -247.0
1574567338.488763, -247.0
1574567340.302396, -247.0
1574567341.936562, -247.0
1574567343.344797, -247.0
1574567344.863342, -247.0
1574567346.324401, -247.0
1574567347.872105, -247.0
1574567347.965041, -247.0
1574567349.654256, -247.0
1574567351.490143, -247.0
1574567354.027323, -247.0
1574567354.121409, -247.0
1574567356.597084, -247.0
1574567356.690987, -247.0
1574567356.787879, -247.0
1574567356.889796, -247.0
1574567356.988639, -247.0
1574567357.087733, -247.0
1574567357.185947, -247.0
1574567358.766372, -247.0
1574567358.86073, -247.0
1574567360.419919, -247.0
1574567361.881678, -247.0
1574567363.506564, -247.0
1574567363.599611, -247.0
1574567363.694414, -247.0
1574567363.791373, -247.0
1574567363.885581, -247.0
1574567363.97973, -247.0
1574567365.723805, -247.0
1574567365.819632, -247.0
1574567365.915812, -247.0
1574567367.383542, -247.0
1574567368.852466, -247.0
1574567370.212642, -247.0
1574567371.88212, -247.0
1574567373.573573, -247.0
1574567375.141905, -247.0
1574567375.234796, -247.0
1574567377.046146, -247.0
1574567378.598957, -247.0
1574567380.258524, -247.0
1574567381.741899, -247.0
1574567383.275718, -247.0
1574567384.747041, -247.0
1574567386.178606, -247.0
1574567387.729946, -247.0
1574567389.437707, -247.0
1574567389.532201, -247.0
1574567389.628325, -247.0
1574567389.727328, -247.0
1574567392.333793, -247.0
1574567394.156899, -247.0
1574567395.741211, -247.0
1574567397.30457, -247.0
1574567398.76599, -247.0
1574567400.308266, -247.0
1574567401.694674, -247.0
1574567403.255993, -247.0
1574567404.737686, -247.0
1574567406.195175, -247.0
1574567407.741235, -247.0
1574567409.118728, -247.0
1574567410.560781, -247.0
1574567412.013121, -247.0
1574567413.571709, -247.0
1574567415.040446, -247.0
1574567416.479116, -247.0
1574567418.005799, -247.0
1574567419.560013, -247.0
1574567421.299165, -247.0
1574567422.829836, -247.0
1574567424.262433, -247.0
1574567425.664174, -247.0
1574567427.176364, -247.0
1574567428.817694, -247.0
1574567428.911518, -247.0
1574567430.361813, -247.0
1574567431.861978, -247.0
1574567433.278441, -247.0
1574567434.668234, -247.0
1574567436.258558, -247.0
1574567438.213303, -247.0
1574567439.870837, -247.0
1574567441.477124, -247.0
1574567442.909402, -247.0
1574567444.48884, -247.0
1574567445.923758, -247.0
1574567447.384541, -247.0
1574567448.80839, -247.0
1574567450.333823, -247.0
1574567451.855108, -247.0
1574567453.42587, -247.0
1574567454.963656, -247.0
1574567456.780616, -247.0
1574567458.285829, -247.0
1574567459.87123, -247.0
