1575344750.073643, -316.0
1575344751.697005, -288.0
1575344751.796978, -288.0
1575344751.896835, -288.0
1575344751.996717, -288.0
1575344752.096834, -288.0
1575344752.901509, -288.0
1575344754.570961, -288.0
1575344756.129444, -287.0
1575344757.818944, -287.0
1575344759.455342, -283.0
1575344761.124562, -283.0
1575344761.993853, -283.0
1575344762.480322, -283.0
1575344762.951034, -283.0
1575344763.768167, -283.0
1575344765.468729, -281.0
1575344766.74805, -281.0
1575344768.374252, -281.0
1575344770.085402, -281.0
1575344771.352614, -281.0
1575344773.037939, -281.0
1575344773.911828, -281.0
1575344774.41867, -281.0
1575344775.333543, -281.0
1575344777.021887, -281.0
1575344778.683463, -281.0
1575344780.343972, -281.0
1575344781.985737, -281.0
1575344783.599811, -281.0
1575344784.845194, -281.0
1575344786.41837, -281.0
1575344787.254702, -279.0
1575344788.161856, -279.0
1575344789.442148, -279.0
1575344790.293188, -279.0
1575344790.754956, -279.0
1575344791.243977, -279.0
1575344791.72489, -279.0
1575344792.580348, -279.0
1575344793.840437, -279.0
1575344794.707443, -279.0
1575344795.559812, -279.0
1575344796.481233, -279.0
1575344797.394381, -279.0
1575344798.335422, -279.0
1575344799.541603, -279.0
1575344801.237541, -279.0
1575344802.159927, -279.0
1575344803.377781, -279.0
1575344750.588771, -316.0
1575344755.872128, -287.0
1575344757.410689, -287.0
1575344758.973888, -286.0
1575344760.44386, -283.0
1575344761.895278, -283.0
1575344764.175063, -283.0
1575344769.502841, -281.0
1575344774.963245, -281.0
1575344780.452671, -281.0
1575344785.977626, -281.0
1575344791.349349, -279.0
1575344796.825445, -279.0
1575344802.044246, -279.0
1575344807.022352, -278.0
1575344812.288687, -278.0
1575344817.180795, -278.0
1575344822.521933, -278.0
1575344827.931439, -278.0
1575344833.292097, -278.0
1575344838.50253, -278.0
1575344843.666089, -278.0
1575344848.895222, -278.0
1575344854.257524, -278.0
1575344859.517262, -278.0
1575344864.834607, -278.0
1575344870.159337, -278.0
1575344875.409555, -278.0
1575344880.827123, -278.0
1575344886.168207, -278.0
1575344891.42715, -278.0
1575344896.745683, -278.0
1575344902.034636, -278.0
1575344907.270991, -278.0
1575344912.502822, -278.0
1575344917.730443, -278.0
1575344922.947968, -278.0
1575344928.253804, -278.0
1575344933.472877, -278.0
1575344938.806384, -278.0
1575344943.986334, -278.0
1575344949.283128, -278.0
1575344954.613226, -278.0
1575344959.867861, -278.0
1575344965.211066, -278.0
1575344970.554314, -278.0
1575344975.832395, -278.0
1575344981.006546, -278.0
1575344986.265604, -278.0
1575344991.620086, -278.0
1575344750.105533, -316.0
1575344751.707945, -288.0
1575344751.807733, -288.0
1575344751.90736, -288.0
1575344752.007245, -288.0
1575344752.106577, -288.0
1575344753.684302, -288.0
1575344755.32239, -288.0
1575344756.954984, -287.0
1575344758.605258, -286.0
1575344760.269104, -283.0
1575344761.868259, -283.0
1575344763.530792, -283.0
1575344765.184332, -281.0
1575344766.823537, -281.0
1575344768.484939, -281.0
1575344770.26649, -281.0
1575344771.875315, -281.0
1575344773.504535, -281.0
1575344774.762153, -281.0
1575344776.411759, -281.0
1575344778.095618, -281.0
1575344779.812071, -281.0
1575344781.449591, -281.0
1575344783.133425, -281.0
1575344784.801142, -281.0
1575344786.517696, -281.0
1575344788.158731, -279.0
1575344789.780319, -279.0
1575344791.419907, -279.0
1575344793.086456, -279.0
1575344794.760147, -279.0
1575344796.385363, -279.0
1575344798.042362, -279.0
1575344799.741465, -279.0
1575344801.382797, -279.0
1575344803.005134, -279.0
1575344804.628394, -279.0
1575344806.300672, -279.0
1575344807.927162, -278.0
1575344809.563879, -278.0
1575344810.824955, -278.0
1575344812.434318, -278.0
1575344814.092846, -278.0
1575344815.723026, -278.0
1575344817.363239, -278.0
1575344818.944103, -278.0
1575344820.63382, -278.0
1575344822.342506, -278.0
1575344824.047875, -278.0
1575344750.129319, -316.0
1575344751.722045, -288.0
1575344751.821549, -288.0
1575344751.921552, -288.0
1575344752.02164, -288.0
1575344752.122301, -288.0
1575344753.706017, -288.0
1575344755.333931, -288.0
1575344756.935777, -287.0
1575344758.559007, -286.0
1575344760.254717, -283.0
1575344761.9059, -283.0
1575344763.560902, -283.0
1575344765.216025, -281.0
1575344766.819294, -281.0
1575344768.124138, -281.0
1575344769.823591, -281.0
1575344771.484705, -281.0
1575344773.126843, -281.0
1575344774.770085, -281.0
1575344776.449126, -281.0
1575344778.159505, -281.0
1575344779.849678, -281.0
1575344781.456322, -281.0
1575344783.150094, -281.0
1575344784.794788, -281.0
1575344786.505178, -281.0
1575344788.136543, -279.0
1575344789.784202, -279.0
1575344791.414857, -279.0
1575344793.095643, -279.0
1575344794.8126, -279.0
1575344796.463929, -279.0
1575344798.16993, -279.0
1575344799.862092, -279.0
1575344801.499323, -279.0
1575344803.095712, -279.0
1575344804.705594, -279.0
1575344806.346499, -279.0
1575344807.983472, -278.0
1575344809.591406, -278.0
1575344811.252554, -278.0
1575344812.517594, -278.0
1575344814.17727, -278.0
1575344815.829183, -278.0
1575344817.501299, -278.0
1575344819.18385, -278.0
1575344820.826534, -278.0
1575344822.394189, -278.0
1575344824.034178, -278.0
1575344803.625839, -279.0
1575344803.725954, -279.0
1575344803.826389, -279.0
1575344803.926449, -279.0
1575344804.026426, -279.0
1575344804.136692, -279.0
1575344804.236959, -279.0
1575344804.336595, -279.0
1575344804.436444, -279.0
1575344804.536025, -279.0
1575344804.635429, -279.0
1575344804.736422, -279.0
1575344804.837018, -279.0
1575344804.936643, -279.0
1575344805.039589, -279.0
1575344805.13912, -279.0
1575344805.238996, -279.0
1575344805.33885, -279.0
1575344805.438992, -279.0
1575344805.539304, -279.0
1575344805.639224, -279.0
1575344805.741486, -279.0
1575344805.844713, -279.0
1575344805.946775, -279.0
1575344806.050044, -279.0
1575344806.150238, -279.0
1575344806.250165, -279.0
1575344806.34982, -279.0
1575344806.449924, -279.0
1575344806.549552, -279.0
1575344806.649504, -279.0
1575344806.74967, -279.0
1575344806.853101, -279.0
1575344806.953779, -279.0
1575344807.054012, -278.0
1575344807.154652, -278.0
1575344807.261499, -278.0
1575344807.36197, -278.0
1575344807.461896, -278.0
1575344807.561453, -278.0
1575344807.661524, -278.0
1575344807.761551, -278.0
1575344807.861278, -278.0
1575344807.961938, -278.0
1575344808.061147, -278.0
1575344808.160968, -278.0
1575344808.260965, -278.0
1575344808.360958, -278.0
1575344808.460717, -278.0
1575344808.560483, -278.0
1575344808.802525, -278.0
1575344808.903294, -278.0
1575344809.002806, -278.0
1575344809.102536, -278.0
1575344809.202386, -278.0
1575344809.302135, -278.0
1575344809.402302, -278.0
1575344809.501903, -278.0
1575344809.60165, -278.0
1575344809.701487, -278.0
1575344809.801287, -278.0
1575344809.901507, -278.0
1575344810.001285, -278.0
1575344810.101343, -278.0
1575344810.2011, -278.0
1575344810.300855, -278.0
1575344810.400739, -278.0
1575344810.500706, -278.0
1575344810.600557, -278.0
1575344810.700227, -278.0
1575344810.800129, -278.0
1575344810.900866, -278.0
1575344811.001337, -278.0
1575344811.101347, -278.0
1575344811.200743, -278.0
1575344811.30053, -278.0
1575344811.400547, -278.0
1575344811.500239, -278.0
1575344811.599963, -278.0
1575344811.699622, -278.0
1575344811.799345, -278.0
1575344811.89885, -278.0
1575344811.999488, -278.0
1575344812.099484, -278.0
1575344812.199173, -278.0
1575344812.299205, -278.0
1575344812.398886, -278.0
1575344812.498598, -278.0
1575344812.59842, -278.0
1575344812.69841, -278.0
1575344812.79817, -278.0
1575344812.89814, -278.0
1575344812.998512, -278.0
1575344813.099059, -278.0
1575344813.198707, -278.0
1575344813.298501, -278.0
1575344813.398126, -278.0
1575344813.498261, -278.0
1575344813.597971, -278.0
1575344813.697713, -278.0
1575344813.939659, -278.0
1575344814.039655, -278.0
1575344814.140226, -278.0
1575344814.239738, -278.0
1575344814.341568, -278.0
1575344814.443045, -278.0
1575344814.556812, -278.0
1575344814.66352, -278.0
1575344814.763543, -278.0
1575344814.863359, -278.0
1575344814.963041, -278.0
1575344815.062909, -278.0
1575344815.163145, -278.0
1575344815.263373, -278.0
1575344815.377683, -278.0
1575344815.478191, -278.0
1575344815.582064, -278.0
1575344815.681842, -278.0
1575344815.781462, -278.0
1575344815.881424, -278.0
1575344815.981167, -278.0
1575344816.080726, -278.0
1575344816.184856, -278.0
1575344816.28466, -278.0
1575344816.384825, -278.0
1575344816.484608, -278.0
1575344816.587488, -278.0
1575344816.6874, -278.0
1575344816.787494, -278.0
1575344816.887168, -278.0
1575344816.987212, -278.0
1575344817.086911, -278.0
1575344817.188707, -278.0
1575344817.288756, -278.0
1575344817.388957, -278.0
1575344817.48864, -278.0
1575344817.588321, -278.0
1575344817.688196, -278.0
1575344817.78795, -278.0
1575344817.887539, -278.0
1575344817.987266, -278.0
1575344818.086964, -278.0
1575344818.186769, -278.0
1575344818.286313, -278.0
1575344818.386064, -278.0
1575344818.485828, -278.0
1575344818.585437, -278.0
1575344818.685341, -278.0
1575344818.785165, -278.0
1575344818.884867, -278.0
1575344819.156885, -278.0
1575344819.256795, -278.0
1575344819.356425, -278.0
1575344819.456377, -278.0
1575344819.556181, -278.0
1575344819.655957, -278.0
1575344819.755647, -278.0
1575344819.855468, -278.0
1575344819.955328, -278.0
1575344820.062542, -278.0
1575344820.163055, -278.0
1575344820.264537, -278.0
1575344820.364702, -278.0
1575344820.465137, -278.0
1575344820.565967, -278.0
1575344820.666713, -278.0
1575344820.776561, -278.0
1575344820.877569, -278.0
1575344820.98143, -278.0
1575344821.081687, -278.0
1575344821.182114, -278.0
1575344821.283192, -278.0
1575344821.383676, -278.0
1575344821.4842, -278.0
1575344821.584282, -278.0
1575344821.684424, -278.0
1575344821.785051, -278.0
1575344821.885126, -278.0
1575344821.985608, -278.0
1575344822.085989, -278.0
1575344822.186787, -278.0
1575344822.287751, -278.0
1575344822.388474, -278.0
1575344822.488447, -278.0
1575344822.589129, -278.0
1575344822.689381, -278.0
1575344822.791708, -278.0
1575344822.892965, -278.0
1575344822.99503, -278.0
1575344823.095563, -278.0
1575344823.197288, -278.0
1575344823.300261, -278.0
1575344823.402804, -278.0
1575344823.505234, -278.0
1575344823.606416, -278.0
1575344823.708378, -278.0
1575344823.810626, -278.0
1575344823.912762, -278.0
1575344824.015255, -278.0
1575344824.118591, -278.0
1575344824.283675, -278.0
1575344824.382903, -278.0
1575344824.482274, -278.0
1575344824.581463, -278.0
1575344824.680468, -278.0
1575344824.779801, -278.0
1575344824.879012, -278.0
1575344824.978283, -278.0
1575344825.077617, -278.0
1575344825.176527, -278.0
1575344825.275759, -278.0
1575344825.374981, -278.0
1575344825.474098, -278.0
1575344825.573476, -278.0
1575344825.672267, -278.0
1575344825.771463, -278.0
1575344825.870784, -278.0
1575344825.969762, -278.0
1575344826.068663, -278.0
1575344826.16799, -278.0
1575344826.267343, -278.0
1575344826.366784, -278.0
1575344826.465665, -278.0
1575344826.565061, -278.0
1575344826.664007, -278.0
1575344826.763084, -278.0
1575344826.862182, -278.0
1575344826.961515, -278.0
1575344827.060814, -278.0
1575344827.159526, -278.0
1575344827.258304, -278.0
1575344827.357562, -278.0
1575344827.45649, -278.0
1575344827.555718, -278.0
1575344827.655127, -278.0
1575344827.75433, -278.0
1575344827.853526, -278.0
1575344827.952131, -278.0
1575344828.051365, -278.0
1575344828.15062, -278.0
1575344828.249541, -278.0
1575344828.348453, -278.0
1575344828.447244, -278.0
1575344828.546516, -278.0
1575344828.645563, -278.0
1575344828.744644, -278.0
1575344828.843665, -278.0
1575344828.942603, -278.0
1575344829.041594, -278.0
1575344829.140943, -278.0
1575344824.34637, -278.0
1575344824.470604, -278.0
1575344824.594728, -278.0
1575344824.718996, -278.0
1575344824.842867, -278.0
1575344824.96731, -278.0
1575344825.09145, -278.0
1575344825.215032, -278.0
1575344825.338558, -278.0
1575344825.462833, -278.0
1575344825.586407, -278.0
1575344825.710066, -278.0
1575344825.833981, -278.0
1575344825.957601, -278.0
1575344826.081468, -278.0
1575344826.205049, -278.0
1575344826.328917, -278.0
1575344826.453218, -278.0
1575344826.577011, -278.0
1575344826.701018, -278.0
1575344826.82505, -278.0
1575344826.948901, -278.0
1575344827.072786, -278.0
1575344827.196771, -278.0
1575344827.320471, -278.0
1575344827.443783, -278.0
1575344827.567809, -278.0
1575344827.692232, -278.0
1575344827.816794, -278.0
1575344827.941298, -278.0
1575344828.065474, -278.0
1575344828.189367, -278.0
1575344828.313179, -278.0
1575344828.437362, -278.0
1575344828.561531, -278.0
1575344828.685338, -278.0
1575344828.809247, -278.0
1575344828.933385, -278.0
1575344829.057741, -278.0
1575344829.181642, -278.0
1575344829.305728, -278.0
1575344829.429718, -278.0
1575344829.553325, -278.0
1575344829.677022, -278.0
1575344829.801212, -278.0
1575344829.925183, -278.0
1575344830.048862, -278.0
1575344830.17268, -278.0
1575344830.296358, -278.0
1575344830.420154, -278.0
1575344999.731153, -278.0
1575345000.181412, -278.0
1575345000.634371, -278.0
1575345001.038144, -278.0
1575345001.458032, -278.0
1575345001.870831, -278.0
1575345002.284457, -278.0
1575345002.695555, -278.0
1575345003.12685, -278.0
1575345003.522301, -278.0
1575345003.90817, -278.0
1575345004.306199, -278.0
1575345004.746335, -278.0
1575345005.128186, -278.0
1575345005.525642, -278.0
1575345005.930147, -278.0
1575345005.95553, -278.0
1575345005.981253, -278.0
1575345006.396742, -278.0
1575345006.779792, -278.0
1575345007.199659, -278.0
1575345007.617379, -278.0
1575345008.029153, -278.0
1575345008.498816, -278.0
1575345008.880228, -278.0
1575345009.273189, -278.0
1575345009.64916, -278.0
1575345010.086977, -278.0
1575345010.506497, -278.0
1575345010.915137, -278.0
1575345011.326838, -277.0
1575345011.714145, -277.0
1575345012.079377, -277.0
1575345012.50176, -277.0
1575345012.89512, -277.0
1575345012.920608, -277.0
1575345013.344254, -277.0
1575345013.751715, -277.0
1575345014.176183, -277.0
1575345014.578481, -277.0
1575345015.005116, -277.0
1575345015.431847, -277.0
1575345015.836003, -277.0
1575345016.237077, -277.0
1575345016.63096, -277.0
1575345017.018279, -277.0
1575345017.441575, -277.0
1575345017.836318, -277.0
1575345018.210663, -277.0
1575345018.608719, -277.0
1575345019.020439, -277.0
1575345019.430514, -277.0
1575345019.827978, -277.0
1575345020.233929, -277.0
1575345020.637759, -277.0
1575345021.050244, -277.0
1575345021.470069, -277.0
1575345021.864119, -277.0
1575345022.268644, -277.0
1575345022.663996, -277.0
1575345023.100885, -277.0
1575345023.488676, -277.0
1575345023.897016, -277.0
1575345024.311871, -277.0
1575345024.743495, -277.0
1575345025.134979, -277.0
1575345025.525646, -277.0
1575345025.950715, -277.0
1575345026.377833, -277.0
1575345026.781034, -277.0
1575345027.157582, -277.0
1575345027.58597, -277.0
1575345028.000143, -277.0
1575345028.396817, -277.0
1575345028.812356, -277.0
1575345029.207735, -277.0
1575345029.629389, -277.0
1575345030.015648, -277.0
1575345030.418482, -277.0
1575345030.804362, -277.0
1575345031.202479, -277.0
1575345031.579723, -277.0
1575345032.001074, -277.0
1575345032.405415, -277.0
1575345032.820563, -277.0
1575345033.209539, -277.0
1575345033.619215, -277.0
1575345034.02819, -277.0
1575345034.437442, -277.0
1575345034.850131, -277.0
1575345035.243405, -277.0
1575345035.665118, -277.0
1575345036.093097, -277.0
1575345036.497338, -277.0
1575345036.889708, -277.0
1575345037.300508, -277.0
1575345037.678916, -277.0
1575345038.055243, -277.0
1575345038.480742, -277.0
1575345038.919882, -277.0
1575345039.333496, -277.0
1575345039.754131, -277.0
1575345040.162636, -277.0
1575345040.566627, -277.0
1575345040.973235, -277.0
1575345041.394933, -277.0
1575345041.786537, -277.0
1575345042.170113, -277.0
1575345042.595288, -277.0
1575345043.031884, -277.0
1575345043.470271, -277.0
1575345043.863943, -277.0
1575345044.267726, -277.0
1575345044.673246, -277.0
1575345045.087774, -277.0
1575345045.515056, -277.0
1575345045.922466, -277.0
1575345046.36262, -277.0
1575345046.768797, -277.0
1575345047.169194, -277.0
1575345047.570862, -277.0
1575345047.984999, -277.0
1575345048.372683, -277.0
1575345048.78781, -277.0
1575345049.199146, -277.0
1575345049.626512, -277.0
1575345050.030283, -277.0
1575345050.441143, -277.0
1575345050.892267, -277.0
1575345051.309718, -277.0
1575345051.720939, -277.0
1575345052.135251, -277.0
1575345052.544526, -277.0
1575345052.964744, -277.0
1575345053.386504, -277.0
1575345053.777855, -277.0
1575345054.181496, -277.0
1575345054.587385, -277.0
1575345055.009696, -277.0
1575345055.436963, -277.0
1575345055.857624, -277.0
1575345055.883053, -277.0
1575345056.331964, -277.0
1575345056.733643, -277.0
1575345057.142001, -277.0
1575345057.541892, -277.0
1575345057.96572, -277.0
1575345058.359827, -277.0
1575345058.763454, -277.0
1575345059.172596, -277.0
1575345059.564031, -277.0
1575345059.972755, -277.0
1575345060.370178, -277.0
1575345060.801403, -277.0
1575345061.216619, -277.0
1575345061.590632, -277.0
1575345062.009628, -277.0
1575345062.429306, -277.0
1575345062.839791, -277.0
1575345063.248769, -277.0
1575345063.638037, -277.0
1575345064.052844, -277.0
1575345064.454472, -277.0
1575345064.900997, -277.0
1575345065.325589, -277.0
1575345065.742647, -277.0
1575345066.171807, -277.0
1575345066.592064, -277.0
1575345066.999472, -277.0
1575345067.390929, -277.0
1575345067.792733, -277.0
1575345068.209918, -277.0
1575345068.589851, -277.0
1575345069.010352, -277.0
1575345069.406503, -277.0
1575345069.827793, -277.0
1575345070.251843, -277.0
1575345070.643575, -277.0
1575345071.06816, -277.0
1575345071.476772, -277.0
1575345071.869235, -277.0
1575345072.284575, -277.0
1575345072.700209, -277.0
1575345073.10765, -277.0
1575345073.481272, -277.0
1575345073.858173, -277.0
1575345074.26032, -277.0
1575345074.700828, -277.0
1575345075.100186, -277.0
1575345075.539969, -277.0
1575345075.931523, -277.0
1575345076.343051, -277.0
1575345076.781965, -277.0
1575345077.214787, -277.0
1575345077.618127, -277.0
1575345078.038078, -277.0
1575345078.424494, -277.0
1575345078.831273, -277.0
1575345078.857117, -277.0
1575345079.290072, -277.0
1575345079.708813, -277.0
1575345080.123781, -277.0
1575345080.546519, -277.0
1575345080.950314, -277.0
1575345081.381836, -277.0
1575345081.796108, -277.0
1575345082.223814, -277.0
1575345082.627554, -277.0
1575345083.050615, -277.0
1575345083.476615, -277.0
1575345083.925336, -277.0
1575345084.338469, -277.0
1575345084.733434, -277.0
1575345085.153071, -277.0
1575345085.586848, -277.0
1575345085.974642, -277.0
1575345086.409251, -277.0
1575345086.835436, -277.0
1575345087.255189, -277.0
1575345087.705864, -277.0
1575345088.113214, -277.0
1575345088.552416, -277.0
1575345088.969987, -277.0
1575345089.389148, -277.0
1575345089.827615, -277.0
1575345090.246588, -277.0
1575345090.662479, -277.0
1575345091.036463, -277.0
1575345091.464464, -277.0
1575345091.489913, -277.0
1575345091.887572, -277.0
1575345092.310197, -277.0
1575345092.714525, -277.0
1575345093.115958, -277.0
1575345093.557245, -277.0
1575345093.993943, -277.0
1575345094.395917, -277.0
1575345094.817695, -277.0
1575345095.247583, -277.0
1575345095.688808, -277.0
1575345096.129694, -277.0
1575345096.542897, -277.0
1575345096.977572, -277.0
1575345097.391633, -277.0
1575345097.804343, -277.0
1575345098.201442, -277.0
1575345098.6087, -277.0
1575345099.047655, -277.0
1575345099.464611, -277.0
1575345099.864923, -277.0
1575344999.754974, -278.0
1575345000.196479, -278.0
1575345000.642818, -278.0
1575345001.045074, -278.0
1575345001.469209, -278.0
1575345001.494565, -278.0
1575345001.519618, -278.0
1575345001.545284, -278.0
1575345001.570599, -278.0
1575345001.596367, -278.0
1575345001.621789, -278.0
1575345001.647183, -278.0
1575345002.08128, -278.0
1575345002.460305, -278.0
1575345002.839201, -278.0
1575345002.864538, -278.0
1575345002.890124, -278.0
1575345002.915992, -278.0
1575345003.344382, -278.0
1575345003.369911, -278.0
1575345003.39518, -278.0
1575345003.82487, -278.0
1575345003.850239, -278.0
1575345003.875769, -278.0
1575345003.901477, -278.0
1575345003.92682, -278.0
1575345003.952392, -278.0
1575345003.977915, -278.0
1575345004.00364, -278.0
1575345004.02918, -278.0
1575345004.055147, -278.0
1575345004.080779, -278.0
1575345004.106366, -278.0
1575345004.132019, -278.0
1575345004.157519, -278.0
1575345004.182985, -278.0
1575345004.208727, -278.0
1575345004.234599, -278.0
1575345004.260351, -278.0
1575345004.286089, -278.0
1575345004.311986, -278.0
1575345004.337408, -278.0
1575345004.363292, -278.0
1575345004.388921, -278.0
1575345004.414492, -278.0
1575345004.440123, -278.0
1575345004.465661, -278.0
1575345004.491153, -278.0
1575345004.516759, -278.0
1575345004.542413, -278.0
1575345004.56815, -278.0
1575345004.593886, -278.0
1575345005.126287, -278.0
1575345005.151468, -278.0
1575345005.177358, -278.0
1575345005.203349, -278.0
1575345005.229071, -278.0
1575345005.254628, -278.0
1575345005.75912, -278.0
1575345005.784861, -278.0
1575345005.809951, -278.0
1575345006.216464, -278.0
1575345006.59872, -278.0
1575345007.006899, -278.0
1575345007.403674, -278.0
1575345007.796089, -278.0
1575345008.191869, -278.0
1575345008.217372, -278.0
1575345008.242736, -278.0
1575345008.635394, -278.0
1575345008.660868, -278.0
1575345008.686198, -278.0
1575345008.711348, -278.0
1575345008.736777, -278.0
1575345008.76209, -278.0
1575345008.787351, -278.0
1575345008.812645, -278.0
1575345008.839525, -278.0
1575345008.865602, -278.0
1575345008.892296, -278.0
1575345009.306425, -278.0
1575345009.331708, -278.0
1575345009.356779, -278.0
1575345009.38223, -278.0
1575345009.407804, -278.0
1575345009.433181, -278.0
1575345009.458388, -278.0
1575345009.483792, -278.0
1575345009.5091, -278.0
1575345009.534678, -278.0
1575345009.560293, -278.0
1575345009.585939, -278.0
1575345009.611311, -278.0
1575345009.636775, -278.0
1575345009.661929, -278.0
1575345010.104225, -278.0
1575345010.51808, -278.0
1575345010.923558, -278.0
1575345011.333325, -277.0
1575345011.743048, -277.0
1575345012.123365, -277.0
1575345012.518129, -277.0
1575345012.932959, -277.0
1575345012.958509, -277.0
1575345012.987029, -277.0
1575345013.014816, -277.0
1575345013.039861, -277.0
1575345013.065201, -277.0
1575345013.090358, -277.0
1575345013.115671, -277.0
1575345013.144435, -277.0
1575345013.16946, -277.0
1575345013.198356, -277.0
1575345013.592936, -277.0
1575345014.005643, -277.0
1575345014.42424, -277.0
1575345014.827428, -277.0
1575345015.235065, -277.0
1575345015.666865, -277.0
1575345016.066348, -277.0
1575345016.451275, -277.0
1575345016.853866, -277.0
1575345017.276462, -277.0
1575345017.731752, -277.0
1575345018.157917, -277.0
1575345018.569297, -277.0
1575345019.02757, -277.0
1575345019.42803, -277.0
1575345019.834826, -277.0
1575345020.232308, -277.0
1575345020.656675, -277.0
1575345021.044686, -277.0
1575345021.458945, -277.0
1575345021.85353, -277.0
1575345022.236279, -277.0
1575345022.662068, -277.0
1575345023.080465, -277.0
1575345023.558281, -277.0
1575345023.584218, -277.0
1575345023.612502, -277.0
1575345023.637885, -277.0
1575345023.66332, -277.0
1575345023.68844, -277.0
1575345023.713597, -277.0
1575345023.738794, -277.0
1575345023.763862, -277.0
1575345023.789158, -277.0
1575345023.814352, -277.0
1575345023.839679, -277.0
1575345023.864888, -277.0
1575345023.889818, -277.0
1575345023.915022, -277.0
1575345023.940318, -277.0
1575345023.965662, -277.0
1575345023.990899, -277.0
1575345024.016112, -277.0
1575345024.041104, -277.0
1575345024.066349, -277.0
1575345024.093711, -277.0
1575345024.118923, -277.0
1575345024.146151, -277.0
1575345024.565362, -277.0
1575345024.96826, -277.0
1575345025.372526, -277.0
1575345025.763831, -277.0
1575345026.198349, -277.0
1575345026.618471, -277.0
1575345027.03369, -277.0
1575345027.43443, -277.0
1575345027.870697, -277.0
1575345028.317999, -277.0
1575345028.739454, -277.0
1575345029.137841, -277.0
1575345029.575804, -277.0
1575345029.999007, -277.0
1575345030.397045, -277.0
1575345030.813846, -277.0
1575345031.197824, -277.0
1575345031.643367, -277.0
1575345032.051999, -277.0
1575345032.476903, -277.0
1575345032.887975, -277.0
1575345033.309209, -277.0
1575345033.71407, -277.0
1575345034.157028, -277.0
1575345034.540695, -277.0
1575345034.968374, -277.0
1575345035.37042, -277.0
1575345035.781629, -277.0
1575345036.195612, -277.0
1575345036.604283, -277.0
1575345037.021117, -277.0
1575345037.409822, -277.0
1575345037.833034, -277.0
1575345038.272918, -277.0
1575345038.673503, -277.0
1575345039.09123, -277.0
1575345039.530894, -277.0
1575345039.934633, -277.0
1575345040.31597, -277.0
1575345040.731666, -277.0
1575345041.171213, -277.0
1575345041.586275, -277.0
1575345042.006668, -277.0
1575345042.397122, -277.0
1575345042.798211, -277.0
1575345043.22446, -277.0
1575345043.669152, -277.0
1575345044.069146, -277.0
1575345044.47623, -277.0
1575345044.899797, -277.0
1575345045.35534, -277.0
1575345045.787811, -277.0
1575345046.197216, -277.0
1575345046.626978, -277.0
1575345047.055251, -277.0
1575345047.47691, -277.0
1575345047.881177, -277.0
1575345048.289692, -277.0
1575345048.726876, -277.0
1575345049.134924, -277.0
1575345049.542741, -277.0
1575345049.954531, -277.0
1575345050.393581, -277.0
1575345050.815014, -277.0
1575345051.246599, -277.0
1575345051.657049, -277.0
1575345052.095115, -277.0
1575345052.514468, -277.0
1575345052.951387, -277.0
1575345053.405274, -277.0
1575345053.825982, -277.0
1575345054.237327, -277.0
1575345054.66203, -277.0
1575345055.075229, -277.0
1575345055.50591, -277.0
1575345055.931157, -277.0
1575345056.317235, -277.0
1575345056.720445, -277.0
1575345057.125147, -277.0
1575345057.538221, -277.0
1575345057.955983, -277.0
1575345058.374501, -277.0
1575345058.795709, -277.0
1575345059.247809, -277.0
1575345059.682389, -277.0
1575345060.105665, -277.0
1575345060.534055, -277.0
1575345060.939006, -277.0
1575345061.335522, -277.0
1575344999.779969, -278.0
1575345000.214563, -278.0
1575345000.642921, -278.0
1575345001.051875, -278.0
1575345001.481161, -278.0
1575345001.901337, -278.0
1575345002.310389, -278.0
1575345002.716713, -278.0
1575345003.15114, -278.0
1575345003.555898, -278.0
1575345003.95819, -278.0
1575345004.368085, -278.0
1575345004.823046, -278.0
1575345005.217293, -278.0
1575345005.629682, -278.0
1575345006.052524, -278.0
1575345006.476462, -278.0
1575345006.898552, -278.0
1575345007.301958, -278.0
1575345007.720822, -278.0
1575345008.144961, -278.0
1575345008.564637, -278.0
1575345008.977791, -278.0
1575345009.398209, -278.0
1575345009.815673, -278.0
1575345010.25137, -278.0
1575345010.677203, -278.0
1575345011.083321, -277.0
1575345011.489835, -277.0
1575345011.926295, -277.0
1575345012.322358, -277.0
1575345012.742818, -277.0
1575345013.161079, -277.0
1575345013.579052, -277.0
1575345013.994694, -277.0
1575345014.449076, -277.0
1575345014.864433, -277.0
1575345015.313509, -277.0
1575345015.765701, -277.0
1575345016.196346, -277.0
1575345016.620334, -277.0
1575345017.029031, -277.0
1575345017.435004, -277.0
1575345017.869676, -277.0
1575345018.287487, -277.0
1575345018.685673, -277.0
1575345019.111445, -277.0
1575345019.534682, -277.0
1575345019.965725, -277.0
1575345020.373045, -277.0
1575345020.805297, -277.0
1575345021.229203, -277.0
1575345021.659097, -277.0
1575345022.105286, -277.0
1575345022.527442, -277.0
1575345022.940976, -277.0
1575345023.342126, -277.0
1575345023.783157, -277.0
1575345024.186648, -277.0
1575345024.603249, -277.0
1575345025.037126, -277.0
1575345025.470826, -277.0
1575345025.874217, -277.0
1575345026.277413, -277.0
1575345026.7177, -277.0
1575345027.16486, -277.0
1575345027.584105, -277.0
1575345027.974469, -277.0
1575345028.417498, -277.0
1575345028.831537, -277.0
1575345029.246253, -277.0
1575345029.670155, -277.0
1575345030.072545, -277.0
1575345030.520219, -277.0
1575345030.925723, -277.0
1575345031.356584, -277.0
1575345031.76301, -277.0
1575345032.175508, -277.0
1575345032.576361, -277.0
1575345033.010461, -277.0
1575345033.419332, -277.0
1575345033.850913, -277.0
1575345034.25558, -277.0
1575345034.661647, -277.0
1575345035.084291, -277.0
1575345035.496541, -277.0
1575345035.928056, -277.0
1575345036.341345, -277.0
1575345036.776401, -277.0
1575345037.218812, -277.0
1575345037.633357, -277.0
1575345038.047772, -277.0
1575345038.48896, -277.0
1575345038.889158, -277.0
1575345039.272273, -277.0
1575345039.685793, -277.0
1575345040.130224, -277.0
1575345040.547331, -277.0
1575345040.970062, -277.0
1575345041.368237, -277.0
1575345041.784805, -277.0
1575345042.214809, -277.0
1575345042.663542, -277.0
1575345043.05622, -277.0
1575345043.45292, -277.0
1575345043.886711, -277.0
1575345044.323761, -277.0
1575345044.758309, -277.0
1575345045.169141, -277.0
1575345045.599793, -277.0
1575345046.025997, -277.0
1575345046.450313, -277.0
1575345046.878842, -277.0
1575345047.289179, -277.0
1575345047.732211, -277.0
1575345048.14581, -277.0
1575345048.567299, -277.0
1575345048.975605, -277.0
1575345049.410113, -277.0
1575345049.825519, -277.0
1575345050.265117, -277.0
1575345050.69479, -277.0
1575345051.134603, -277.0
1575345051.563152, -277.0
1575345052.001315, -277.0
1575345052.458027, -277.0
1575345052.875774, -277.0
1575345053.292313, -277.0
1575345053.733946, -277.0
1575345054.150746, -277.0
1575345054.580201, -277.0
1575345055.018991, -277.0
1575345055.433097, -277.0
1575345055.844391, -277.0
1575345056.251095, -277.0
1575345056.686557, -277.0
1575345057.114468, -277.0
1575345057.548256, -277.0
1575345057.973969, -277.0
1575345058.427232, -277.0
1575345058.866194, -277.0
1575345059.293434, -277.0
1575345059.74017, -277.0
1575345060.165217, -277.0
1575345060.570729, -277.0
1575345060.988908, -277.0
1575345061.402671, -277.0
1575345061.827274, -277.0
1575345062.238449, -277.0
1575345062.644648, -277.0
1575345063.079213, -277.0
1575345063.463227, -277.0
1575345063.877304, -277.0
1575345064.294632, -277.0
1575345064.699211, -277.0
1575345065.129033, -277.0
1575345065.538857, -277.0
1575345065.969634, -277.0
1575345066.388154, -277.0
1575345066.844069, -277.0
1575345067.281509, -277.0
1575345067.711228, -277.0
1575345068.156752, -277.0
1575345068.579399, -277.0
1575345069.000135, -277.0
1575345069.418943, -277.0
1575345069.833541, -277.0
1575345070.276145, -277.0
1575345070.676022, -277.0
1575345071.117511, -277.0
1575345071.541893, -277.0
1575345071.973799, -277.0
1575345072.409784, -277.0
1575345072.829726, -277.0
1575345073.27799, -277.0
1575345073.70248, -277.0
1575345074.120637, -277.0
1575345074.544402, -277.0
1575345074.980036, -277.0
1575345075.396339, -277.0
1575345075.794704, -277.0
1575345076.184381, -277.0
1575345076.608861, -277.0
1575345077.057457, -277.0
1575345077.463186, -277.0
1575345077.914373, -277.0
1575345078.316097, -277.0
1575345078.745618, -277.0
1575345079.20506, -277.0
1575345079.651661, -277.0
1575345080.063158, -277.0
1575345080.503563, -277.0
1575345080.908034, -277.0
1575345081.332684, -277.0
1575345081.764156, -277.0
1575345082.179236, -277.0
1575345082.59561, -277.0
1575345083.011651, -277.0
1575345083.412163, -277.0
1575345083.847158, -277.0
1575345084.273038, -277.0
1575345084.704727, -277.0
1575345085.133732, -277.0
1575345085.556561, -277.0
1575345086.005208, -277.0
1575345086.435664, -277.0
1575345086.858855, -277.0
1575345087.267086, -277.0
1575345087.691126, -277.0
1575345088.132941, -277.0
1575345088.528668, -277.0
1575345088.969347, -277.0
1575345089.393703, -277.0
1575345089.814174, -277.0
1575345090.267922, -277.0
1575345090.689787, -277.0
1575345091.130772, -277.0
1575345091.555165, -277.0
1575345091.974992, -277.0
1575345092.419509, -277.0
1575345092.865807, -277.0
1575345093.312921, -277.0
1575345093.709618, -277.0
1575345094.143823, -277.0
1575345094.578332, -277.0
1575345095.001514, -277.0
1575345095.396019, -277.0
1575345095.827683, -277.0
1575345096.251937, -277.0
1575345096.650415, -277.0
1575345097.064564, -277.0
1575345097.481499, -277.0
1575345097.881349, -277.0
1575345098.314089, -277.0
1575345098.774908, -277.0
1575345099.211422, -277.0
1575345099.63477, -277.0
1575345100.100525, -277.0
1575345100.521497, -277.0
1575345100.936101, -277.0
1575345101.342113, -277.0
1575345101.770296, -277.0
1575345102.222067, -277.0
1575345102.662346, -277.0
1575345103.073275, -277.0
1575345103.513298, -277.0
1575345103.935675, -277.0
1575345104.347436, -277.0
1575345104.760312, -277.0
1575345105.216179, -277.0
1575344999.806148, -278.0
1575345000.249382, -278.0
1575345000.681055, -278.0
1575345001.08718, -278.0
1575345001.509506, -278.0
1575345001.92927, -278.0
1575345002.338203, -278.0
1575345002.75097, -278.0
1575345003.184993, -278.0
1575345003.593484, -278.0
1575345003.985195, -278.0
1575345004.39648, -278.0
1575345004.849438, -278.0
1575345005.244618, -278.0
1575345005.658183, -278.0
1575345006.087114, -278.0
1575345006.511909, -278.0
1575345006.937296, -278.0
1575345007.339236, -278.0
1575345007.759962, -278.0
1575345008.180042, -278.0
1575345008.598307, -278.0
1575345009.007096, -278.0
1575345009.433347, -278.0
1575345009.854947, -278.0
1575345010.2846, -278.0
1575345010.705118, -278.0
1575345011.11838, -277.0
1575345011.530163, -277.0
1575345011.964469, -277.0
1575345012.368547, -277.0
1575345012.791229, -277.0
1575345013.209944, -277.0
1575345013.621316, -277.0
1575345014.032777, -277.0
1575345014.484783, -277.0
1575345014.899686, -277.0
1575345015.347956, -277.0
1575345015.79586, -277.0
1575345016.216762, -277.0
1575345016.646663, -277.0
1575345017.057515, -277.0
1575345017.463358, -277.0
1575345017.898895, -277.0
1575345018.319535, -277.0
1575345018.721973, -277.0
1575345019.149969, -277.0
1575345019.580662, -277.0
1575345020.005819, -277.0
1575345020.415535, -277.0
1575345020.845921, -277.0
1575345021.277794, -277.0
1575345021.710676, -277.0
1575345022.161274, -277.0
1575345022.582084, -277.0
1575345022.996039, -277.0
1575345023.40015, -277.0
1575345023.836249, -277.0
1575345024.237746, -277.0
1575345024.652212, -277.0
1575345025.084313, -277.0
1575345025.515651, -277.0
1575345025.921736, -277.0
1575345026.326107, -277.0
1575345026.770121, -277.0
1575345027.217397, -277.0
1575345027.64124, -277.0
1575345028.029384, -277.0
1575345028.472892, -277.0
1575345028.895685, -277.0
1575345029.314555, -277.0
1575345029.736858, -277.0
1575345030.140156, -277.0
1575345030.589731, -277.0
1575345030.995947, -277.0
1575345031.42739, -277.0
1575345031.838491, -277.0
1575345032.251994, -277.0
1575345032.65959, -277.0
1575345033.089792, -277.0
1575345033.508297, -277.0
1575345033.939148, -277.0
1575345034.348949, -277.0
1575345034.756706, -277.0
1575345035.186801, -277.0
1575345035.6022, -277.0
1575345036.031975, -277.0
1575345036.446809, -277.0
1575345036.896981, -277.0
1575345037.342277, -277.0
1575345037.75987, -277.0
1575345038.174477, -277.0
1575345038.618839, -277.0
1575345039.01803, -277.0
1575345039.405753, -277.0
1575345039.819864, -277.0
1575345040.269972, -277.0
1575345040.685927, -277.0
1575345041.109684, -277.0
1575345041.509078, -277.0
1575345041.927899, -277.0
1575345042.358283, -277.0
1575345042.806509, -277.0
1575345043.19455, -277.0
1575345043.597173, -277.0
1575345044.031095, -277.0
1575345044.467821, -277.0
1575345044.904135, -277.0
1575345045.31361, -277.0
1575345045.740469, -277.0
1575345046.169514, -277.0
1575345046.591474, -277.0
1575345047.014487, -277.0
1575345047.431522, -277.0
1575345047.874193, -277.0
1575345048.287294, -277.0
1575345048.705369, -277.0
1575345049.114342, -277.0
1575345049.547597, -277.0
1575345049.960941, -277.0
1575345050.397634, -277.0
1575345050.82152, -277.0
1575345051.258995, -277.0
1575345051.687963, -277.0
1575345052.128021, -277.0
1575345052.584776, -277.0
1575345052.999109, -277.0
1575345053.412731, -277.0
1575345053.850694, -277.0
1575345054.267156, -277.0
1575345054.713834, -277.0
1575345055.153305, -277.0
1575345055.567855, -277.0
1575345055.974609, -277.0
1575345056.392314, -277.0
1575345056.831065, -277.0
1575345057.252698, -277.0
1575345057.685128, -277.0
1575345058.109972, -277.0
1575345058.567964, -277.0
1575345059.00724, -277.0
1575345059.434929, -277.0
1575345059.87874, -277.0
1575345060.298685, -277.0
1575345060.706411, -277.0
1575345061.13242, -277.0
1575345061.54289, -277.0
1575345061.967751, -277.0
1575345062.374698, -277.0
1575345062.782001, -277.0
1575345063.224428, -277.0
1575345063.609217, -277.0
1575345064.022829, -277.0
1575345064.43918, -277.0
1575345064.846397, -277.0
1575345065.268232, -277.0
1575345065.672511, -277.0
1575345066.103165, -277.0
1575345066.521943, -277.0
1575345066.980963, -277.0
1575345067.41456, -277.0
1575345067.84799, -277.0
1575345068.287036, -277.0
1575345068.712666, -277.0
1575345069.136155, -277.0
1575345069.552292, -277.0
1575345069.964566, -277.0
1575345070.395214, -277.0
1575345070.792292, -277.0
1575345071.231783, -277.0
1575345071.65592, -277.0
1575345072.086695, -277.0
1575345072.523509, -277.0
1575345072.946702, -277.0
1575345073.395777, -277.0
1575345073.813212, -277.0
1575345074.228994, -277.0
1575345074.657595, -277.0
1575345075.093258, -277.0
1575345075.508363, -277.0
1575345075.902667, -277.0
1575345076.289157, -277.0
1575345076.721537, -277.0
1575345077.170017, -277.0
1575345077.577303, -277.0
1575345078.025924, -277.0
1575345078.426904, -277.0
1575345078.84627, -277.0
1575345079.307989, -277.0
1575345079.751553, -277.0
1575345080.16303, -277.0
1575345080.602788, -277.0
1575345081.007305, -277.0
1575345081.434164, -277.0
1575345081.865542, -277.0
1575345082.282755, -277.0
1575345082.71449, -277.0
1575345083.128159, -277.0
1575345083.526963, -277.0
1575345083.960979, -277.0
1575345084.385624, -277.0
1575345084.817998, -277.0
1575345085.237414, -277.0
1575345085.66306, -277.0
1575345086.110334, -277.0
1575345086.545516, -277.0
1575345086.966273, -277.0
1575345087.379906, -277.0
1575345087.800133, -277.0
1575345088.238966, -277.0
1575345088.634372, -277.0
1575345089.073187, -277.0
1575345089.503276, -277.0
1575345089.924877, -277.0
1575345090.37847, -277.0
1575345090.800388, -277.0
1575345091.238046, -277.0
1575345091.666716, -277.0
1575345092.088023, -277.0
1575345092.530929, -277.0
1575345092.974224, -277.0
1575345093.416834, -277.0
1575345093.815406, -277.0
1575345094.245773, -277.0
1575345094.704916, -277.0
1575345095.130304, -277.0
1575345095.52262, -277.0
1575345095.951627, -277.0
1575345096.371739, -277.0
1575345096.771737, -277.0
1575345097.180491, -277.0
1575345097.596743, -277.0
1575345097.989741, -277.0
1575345098.421016, -277.0
1575345098.880701, -277.0
1575345099.315698, -277.0
1575345099.748118, -277.0
1575345100.208575, -277.0
1575345100.627608, -277.0
1575345101.042794, -277.0
1575345101.454969, -277.0
1575345101.884869, -277.0
1575345102.333354, -277.0
1575345102.775389, -277.0
1575345103.187346, -277.0
1575345103.624986, -277.0
1575345104.054611, -277.0
1575345104.464539, -277.0
1575345104.877751, -277.0
1575345105.340852, -277.0
1575345061.39397, -277.0
1575345061.419327, -277.0
1575345061.82835, -277.0
1575345062.306109, -277.0
1575345062.331483, -277.0
1575345062.357193, -277.0
1575345062.382789, -277.0
1575345062.826961, -277.0
1575345062.85239, -277.0
1575345062.877766, -277.0
1575345062.903164, -277.0
1575345062.928481, -277.0
1575345063.34708, -277.0
1575345063.372583, -277.0
1575345063.398567, -277.0
1575345063.42387, -277.0
1575345063.866908, -277.0
1575345064.286552, -277.0
1575345064.696997, -277.0
1575345065.146438, -277.0
1575345065.568343, -277.0
1575345066.001629, -277.0
1575345066.02702, -277.0
1575345066.05222, -277.0
1575345066.08111, -277.0
1575345066.108697, -277.0
1575345066.134529, -277.0
1575345066.162066, -277.0
1575345066.188862, -277.0
1575345066.216794, -277.0
1575345066.243516, -277.0
1575345066.676569, -277.0
1575345067.123524, -277.0
1575345067.578208, -277.0
1575345067.996644, -277.0
1575345068.022013, -277.0
1575345068.478772, -277.0
1575345068.50517, -277.0
1575345068.533884, -277.0
1575345068.56004, -277.0
1575345068.979682, -277.0
1575345069.005534, -277.0
1575345069.662694, -277.0
1575345070.307316, -277.0
1575345070.332751, -277.0
1575345070.757564, -277.0
1575345071.192522, -277.0
1575345071.60685, -277.0
1575345071.633873, -277.0
1575345071.661021, -277.0
1575345071.688768, -277.0
1575345071.715677, -277.0
1575345071.743917, -277.0
1575345071.76931, -277.0
1575345071.794499, -277.0
1575345071.819827, -277.0
1575345071.844924, -277.0
1575345071.870278, -277.0
1575345071.895563, -277.0
1575345071.924383, -277.0
1575345071.949578, -277.0
1575345071.97489, -277.0
1575345072.000162, -277.0
1575345072.025068, -277.0
1575345072.050325, -277.0
1575345072.075497, -277.0
1575345072.100573, -277.0
1575345072.125684, -277.0
1575345072.151784, -277.0
1575345072.573435, -277.0
1575345072.992398, -277.0
1575345073.349652, -277.0
1575345073.375153, -277.0
1575345073.401374, -277.0
1575345073.42953, -277.0
1575345073.457893, -277.0
1575345073.892684, -277.0
1575345074.305285, -277.0
1575345074.727678, -277.0
1575345074.753141, -277.0
1575345074.778551, -277.0
1575345074.803763, -277.0
1575345075.24396, -277.0
1575345075.269485, -277.0
1575345075.294601, -277.0
1575345075.752584, -277.0
1575345075.778177, -277.0
1575345075.80506, -277.0
1575345075.832211, -277.0
1575345075.857629, -277.0
1575345075.884414, -277.0
1575345075.911966, -277.0
1575345075.938771, -277.0
1575345075.965973, -277.0
1575345075.992156, -277.0
1575345076.018275, -277.0
1575345076.045584, -277.0
1575345076.07274, -277.0
1575345076.099722, -277.0
1575345076.126837, -277.0
1575345076.153725, -277.0
1575345076.180721, -277.0
1575345076.641415, -277.0
1575345077.046725, -277.0
1575345077.464844, -277.0
1575345077.491783, -277.0
1575345077.516946, -277.0
1575345077.542304, -277.0
1575345077.567489, -277.0
1575345077.59529, -277.0
1575345078.123791, -277.0
1575345078.564965, -277.0
1575345078.591241, -277.0
1575345079.055814, -277.0
1575345079.501174, -277.0
1575345079.95997, -277.0
1575345080.3707, -277.0
1575345080.793652, -277.0
1575345081.207377, -277.0
1575345081.645477, -277.0
1575345081.671074, -277.0
1575345082.100995, -277.0
1575345082.527507, -277.0
1575345083.00026, -277.0
1575345083.453356, -277.0
1575345083.47887, -277.0
1575345083.506157, -277.0
1575345083.534135, -277.0
1575345083.559222, -277.0
1575345083.584525, -277.0
1575345083.609892, -277.0
1575345083.635173, -277.0
1575345083.660357, -277.0
1575345083.685441, -277.0
1575345083.710332, -277.0
1575345083.73555, -277.0
1575345083.760697, -277.0
1575345083.786044, -277.0
1575345083.811173, -277.0
1575345083.836554, -277.0
1575345083.864758, -277.0
1575345084.262614, -277.0
1575345084.653793, -277.0
1575345085.080549, -277.0
1575345085.499244, -277.0
1575345085.526502, -277.0
1575345085.97303, -277.0
1575345086.383568, -277.0
1575345086.781809, -277.0
1575345087.200508, -277.0
1575345087.599457, -277.0
1575345088.068542, -277.0
1575345088.467241, -277.0
1575345088.492711, -277.0
1575345088.519715, -277.0
1575345088.545218, -277.0
1575345088.979146, -277.0
1575345089.006493, -277.0
1575345089.033389, -277.0
1575345089.058644, -277.0
1575345089.084926, -277.0
1575345089.540778, -277.0
1575345089.963274, -277.0
1575345090.403036, -277.0
1575345090.838477, -277.0
1575345090.864284, -277.0
1575345091.259774, -277.0
1575345091.696067, -277.0
1575345091.72304, -277.0
1575345091.749316, -277.0
1575345092.256854, -277.0
1575345092.670244, -277.0
1575345093.125326, -277.0
1575345093.989546, -277.0
1575345094.015576, -277.0
1575345094.044518, -277.0
1575345094.867994, -277.0
1575345095.239852, -277.0
1575345095.658359, -277.0
1575345096.075149, -277.0
1575345096.100725, -277.0
1575345096.53032, -277.0
1575345096.942429, -277.0
1575345097.355804, -277.0
1575345097.782549, -277.0
1575345098.225605, -277.0
1575345098.613298, -277.0
1575345099.009072, -277.0
1575345099.430647, -277.0
1575345099.456364, -277.0
1575345099.483206, -277.0
1575345099.508636, -277.0
1575345099.534748, -277.0
1575345099.560355, -277.0
1575345099.585704, -277.0
1575345100.05307, -277.0
1575345100.080147, -277.0
1575345100.10697, -277.0
1575345100.134008, -277.0
1575345100.161038, -277.0
1575345100.188032, -277.0
1575345100.215041, -277.0
1575345100.242004, -277.0
1575345101.286331, -277.0
1575345101.727094, -277.0
1575345101.754104, -277.0
1575345102.160289, -277.0
1575345102.57969, -277.0
1575345103.008511, -277.0
1575345103.442848, -277.0
1575345103.883467, -277.0
1575345104.289964, -277.0
1575345104.731655, -277.0
1575345105.141308, -277.0
1575345105.549528, -277.0
1575345105.952666, -277.0
1575345106.364778, -277.0
1575345106.800751, -277.0
1575345107.214602, -277.0
1575345107.603964, -277.0
1575345108.028924, -277.0
1575345108.444273, -277.0
1575345108.86451, -277.0
1575345109.273231, -277.0
1575345109.680318, -277.0
1575345110.134372, -277.0
1575345110.576936, -277.0
1575345111.00369, -277.0
1575345111.421693, -277.0
1575345111.811996, -277.0
1575345112.227882, -277.0
1575345112.678213, -277.0
1575345113.101397, -277.0
1575345113.528872, -277.0
1575345113.923193, -277.0
1575345114.339101, -277.0
1575345114.750172, -277.0
1575345115.157743, -277.0
1575345115.58955, -277.0
1575345116.023242, -277.0
1575345116.473779, -277.0
1575345116.906527, -277.0
1575345117.313375, -277.0
1575345117.758512, -277.0
1575345118.154703, -277.0
1575345118.548966, -277.0
1575345119.025129, -277.0
1575345119.492489, -277.0
1575345119.899543, -277.0
1575345120.319766, -277.0
1575345099.92287, -277.0
1575345099.948376, -277.0
1575345099.973932, -277.0
1575345100.400655, -277.0
1575345100.814117, -277.0
1575345101.220977, -277.0
1575345101.628514, -277.0
1575345102.058439, -277.0
1575345102.482522, -277.0
1575345102.87608, -277.0
1575345103.520829, -277.0
1575345103.984191, -277.0
1575345104.401634, -277.0
1575345104.820929, -277.0
1575345105.529027, -277.0
1575345105.930358, -277.0
1575345106.327488, -277.0
1575345106.737622, -277.0
1575345107.184487, -277.0
1575345107.588081, -277.0
1575345108.08566, -277.0
1575345108.111819, -277.0
1575345108.140791, -277.0
1575345108.167706, -277.0
1575345108.196817, -277.0
1575345108.224677, -277.0
1575345108.634841, -277.0
1575345109.016417, -277.0
1575345109.436745, -277.0
1575345109.890977, -277.0
1575345110.402444, -277.0
1575345110.827098, -277.0
1575345111.259313, -277.0
1575345111.649966, -277.0
1575345112.13557, -277.0
1575345112.164534, -277.0
1575345112.193074, -277.0
1575345112.220145, -277.0
1575345112.247375, -277.0
1575345112.274597, -277.0
1575345112.691647, -277.0
1575345113.119753, -277.0
1575345113.528226, -277.0
1575345114.01971, -277.0
1575345114.047784, -277.0
1575345114.076519, -277.0
1575345114.104607, -277.0
1575345114.134067, -277.0
1575345114.698539, -277.0
1575345114.727642, -277.0
1575345114.755931, -277.0
1575345114.785221, -277.0
1575345114.814072, -277.0
1575345114.843175, -277.0
1575345114.872321, -277.0
1575345114.899595, -277.0
1575345115.328971, -277.0
1575345115.355972, -277.0
1575345115.384724, -277.0
1575345115.412103, -277.0
1575345115.842866, -277.0
1575345116.250977, -277.0
1575345116.277738, -277.0
1575345116.305744, -277.0
1575345116.331883, -277.0
1575345116.359575, -277.0
1575345116.769609, -277.0
1575345117.204211, -277.0
1575345117.621933, -277.0
1575345117.648418, -277.0
1575345118.086634, -277.0
1575345118.516909, -277.0
1575345118.930771, -277.0
1575345119.312037, -277.0
1575345119.742637, -277.0
1575345120.17816, -277.0
1575345120.781866, -277.0
1575345120.81094, -277.0
1575345121.437865, -277.0
1575345121.894097, -277.0
1575345121.920599, -277.0
1575345121.948863, -277.0
1575345122.566443, -277.0
1575345122.595649, -277.0
1575345122.624294, -277.0
1575345122.653827, -277.0
1575345122.682687, -277.0
1575345122.711969, -277.0
1575345122.74127, -277.0
1575345122.770393, -277.0
1575345122.799537, -277.0
1575345122.828589, -277.0
1575345122.857732, -277.0
1575345122.886987, -277.0
1575345122.916269, -277.0
1575345122.945541, -277.0
1575345122.974655, -277.0
1575345123.003839, -277.0
1575345123.029775, -277.0
1575345123.449756, -277.0
1575345123.894982, -277.0
1575345123.920911, -277.0
1575345123.949928, -277.0
1575345124.397484, -277.0
1575345124.426946, -277.0
1575345124.892744, -277.0
1575345124.921348, -277.0
1575345124.950304, -277.0
1575345124.978049, -277.0
1575345125.004359, -277.0
1575345125.030086, -277.0
1575345125.056259, -277.0
1575345125.084585, -277.0
1575345125.111709, -277.0
1575345125.139297, -277.0
1575345125.55678, -277.0
1575345125.975679, -277.0
1575345126.38583, -277.0
1575345126.836202, -277.0
1575345126.862914, -277.0
1575345126.892329, -277.0
1575345126.921303, -277.0
1575345126.948299, -277.0
1575345126.974206, -277.0
1575345127.003107, -277.0
1575345127.030434, -277.0
1575345127.059397, -277.0
1575345127.088287, -277.0
1575345127.116863, -277.0
1575345127.145584, -277.0
1575345127.608437, -277.0
1575345127.637505, -277.0
1575345127.666376, -277.0
1575345127.695571, -277.0
1575345127.724107, -277.0
1575345127.75324, -277.0
1575345127.780902, -277.0
1575345128.275032, -277.0
1575345128.304711, -277.0
1575345128.333609, -277.0
1575345128.362155, -277.0
1575345128.389316, -277.0
1575345128.418389, -277.0
1575345128.44537, -277.0
1575345128.866075, -277.0
1575345128.892398, -277.0
1575345128.921141, -277.0
1575345129.349921, -277.0
1575345129.779123, -277.0
1575345130.231669, -277.0
1575345130.673507, -277.0
1575345131.315501, -277.0
1575345131.734046, -277.0
1575345132.175006, -277.0
1575345132.604235, -277.0
1575345132.981408, -277.0
1575345133.376055, -277.0
1575345133.401835, -277.0
1575345133.878577, -277.0
1575345133.907403, -277.0
1575345133.936162, -277.0
1575345133.964174, -277.0
1575345133.991164, -277.0
1575345134.017618, -277.0
1575345134.04435, -277.0
1575345134.070803, -277.0
1575345134.096996, -277.0
1575345134.123467, -277.0
1575345134.151549, -277.0
1575345134.17821, -277.0
1575345134.204464, -277.0
1575345134.230597, -277.0
1575345134.257125, -277.0
1575345134.283684, -277.0
1575345134.310044, -277.0
1575345134.336381, -277.0
1575345134.362643, -277.0
1575345134.388868, -277.0
1575345134.417493, -277.0
1575345134.827077, -277.0
1575345135.241782, -277.0
1575345135.660745, -277.0
1575345136.07636, -277.0
1575345136.50843, -277.0
1575345136.940763, -277.0
1575345137.35408, -277.0
1575345137.793527, -277.0
1575345138.221834, -277.0
1575345138.636526, -277.0
1575345139.050597, -277.0
1575345139.468915, -277.0
1575345140.279885, -277.0
1575345140.710297, -277.0
1575345141.119547, -277.0
1575345141.531839, -277.0
1575345141.964458, -277.0
1575345142.377605, -277.0
1575345142.779781, -277.0
1575345143.223204, -277.0
1575345143.656674, -277.0
1575345144.074841, -277.0
1575345144.502608, -277.0
1575345144.895054, -277.0
1575345145.320577, -277.0
1575345145.764177, -277.0
1575345146.206256, -277.0
1575345146.616906, -277.0
1575345147.04048, -277.0
1575345147.466416, -277.0
1575345147.859628, -277.0
1575345148.292505, -277.0
1575345148.716779, -277.0
1575345149.134161, -277.0
1575345149.519736, -277.0
1575345149.546255, -277.0
1575345149.941455, -277.0
1575345150.343705, -277.0
1575345150.751403, -277.0
1575345151.194246, -277.0
1575345151.603307, -277.0
1575345152.062538, -277.0
1575345152.437453, -277.0
1575345152.841526, -277.0
1575345153.271329, -277.0
1575345153.675144, -277.0
1575345154.085482, -277.0
1575345154.527827, -277.0
1575345154.955828, -277.0
1575345155.387017, -277.0
1575345155.83004, -277.0
1575345156.242017, -277.0
1575345156.633144, -277.0
1575345157.081748, -277.0
1575345157.480754, -277.0
1575345157.884881, -277.0
1575345158.330266, -277.0
1575345158.738355, -277.0
1575345159.151742, -277.0
1575345159.556433, -277.0
1575345159.961807, -277.0
1575345160.395564, -277.0
1575345160.836466, -277.0
1575345161.259708, -277.0
1575345161.672475, -277.0
1575345162.078367, -277.0
1575345162.477063, -277.0
1575345162.886725, -277.0
1575345162.911989, -277.0
1575345163.317783, -277.0
1575345163.725686, -277.0
1575345105.27432, -277.0
1575345105.682308, -277.0
1575345105.707816, -277.0
1575345105.732934, -277.0
1575345105.758342, -277.0
1575345105.783895, -277.0
1575345105.809326, -277.0
1575345105.834598, -277.0
1575345105.859738, -277.0
1575345105.885289, -277.0
1575345105.911114, -277.0
1575345105.936582, -277.0
1575345105.962106, -277.0
1575345105.988786, -277.0
1575345106.016545, -277.0
1575345106.045113, -277.0
1575345106.074246, -277.0
1575345106.102801, -277.0
1575345106.13173, -277.0
1575345106.160289, -277.0
1575345106.188859, -277.0
1575345106.217339, -277.0
1575345106.245795, -277.0
1575345106.27424, -277.0
1575345106.302774, -277.0
1575345106.944045, -277.0
1575345107.34094, -277.0
1575345107.751107, -277.0
1575345108.163756, -277.0
1575345108.583465, -277.0
1575345108.971251, -277.0
1575345109.368939, -277.0
1575345109.786302, -277.0
1575345110.209627, -277.0
1575345110.633666, -277.0
1575345111.030265, -277.0
1575345111.422939, -277.0
1575345111.835752, -277.0
1575345112.233067, -277.0
1575345112.671499, -277.0
1575345113.110747, -277.0
1575345113.557849, -277.0
1575345113.992988, -277.0
1575345114.410848, -277.0
1575345114.436349, -277.0
1575345114.850481, -277.0
1575345115.276204, -277.0
1575345115.701737, -277.0
1575345116.13555, -277.0
1575345116.560276, -277.0
1575345116.967844, -277.0
1575345117.403982, -277.0
1575345117.802077, -277.0
1575345118.21732, -277.0
1575345118.645533, -277.0
1575345119.084368, -277.0
1575345119.489145, -277.0
1575345119.900996, -277.0
1575345120.314893, -277.0
1575345120.742935, -277.0
1575345121.150711, -277.0
1575345121.569378, -277.0
1575345121.982616, -277.0
1575345122.367421, -277.0
1575345122.793435, -277.0
1575345123.230272, -277.0
1575345123.656562, -277.0
1575345124.094345, -277.0
1575345124.11992, -277.0
1575345124.145306, -277.0
1575345124.170479, -277.0
1575345124.586823, -277.0
1575345125.013139, -277.0
1575345125.411176, -277.0
1575345125.828494, -277.0
1575345126.251827, -277.0
1575345126.706271, -277.0
1575345127.102548, -277.0
1575345127.502971, -277.0
1575345127.932629, -277.0
1575345128.312487, -277.0
1575345128.735046, -277.0
1575345129.153534, -277.0
1575345129.567887, -277.0
1575345129.987451, -277.0
1575345130.416821, -277.0
1575345130.81555, -277.0
1575345131.207231, -277.0
1575345131.630883, -277.0
1575345132.040279, -277.0
1575345132.449153, -277.0
1575345132.883036, -277.0
1575345133.302045, -277.0
1575345133.71786, -277.0
1575345134.132824, -277.0
1575345134.57404, -277.0
1575345134.957494, -277.0
1575345135.364065, -277.0
1575345135.776817, -277.0
1575345136.182553, -277.0
1575345136.592845, -277.0
1575345136.981714, -277.0
1575345137.383124, -277.0
1575345137.824244, -277.0
1575345138.244434, -277.0
1575345138.674535, -277.0
1575345139.061492, -277.0
1575345139.52502, -277.0
1575345139.937129, -277.0
1575345140.362321, -277.0
1575345140.774272, -277.0
1575345141.21499, -277.0
1575345141.628301, -277.0
1575345142.025295, -277.0
1575345142.460869, -277.0
1575345142.882293, -277.0
1575345143.282595, -277.0
1575345143.720911, -277.0
1575345144.160178, -277.0
1575345144.557397, -277.0
1575345144.975159, -277.0
1575345145.395003, -277.0
1575345145.815067, -277.0
1575345145.84045, -277.0
1575345146.253304, -277.0
1575345146.729673, -277.0
1575345147.137488, -277.0
1575345147.577676, -277.0
1575345147.979087, -277.0
1575345148.417464, -277.0
1575345148.831585, -277.0
1575345149.264294, -277.0
1575345149.67661, -277.0
1575345150.067732, -277.0
1575345150.482729, -277.0
1575345150.881218, -277.0
1575345151.329526, -277.0
1575345151.765069, -277.0
1575345152.187583, -277.0
1575345152.588041, -277.0
1575345152.993835, -277.0
1575345153.415398, -277.0
1575345153.849798, -277.0
1575345154.251091, -277.0
1575345154.621643, -277.0
1575345155.007599, -277.0
1575345155.442105, -277.0
1575345155.876251, -277.0
1575345156.295732, -277.0
1575345156.698075, -277.0
1575345157.107617, -277.0
1575345157.495884, -277.0
1575345157.937478, -277.0
1575345158.346555, -277.0
1575345158.775034, -277.0
1575345159.163384, -277.0
1575345159.574153, -277.0
1575345159.987475, -277.0
1575345160.417553, -277.0
1575345160.820704, -277.0
1575345161.245165, -277.0
1575345161.646948, -277.0
1575345161.672562, -277.0
1575345162.061047, -277.0
1575345162.48325, -277.0
1575345162.886784, -277.0
1575345163.301425, -277.0
1575345163.706107, -277.0
1575345164.12762, -277.0
1575345164.533516, -277.0
1575345164.938086, -277.0
1575345165.338221, -277.0
1575345165.780839, -277.0
1575345166.202907, -277.0
1575345166.605743, -277.0
1575345166.994048, -277.0
1575345167.410749, -277.0
1575345167.853219, -277.0
1575345168.260955, -277.0
1575345168.662461, -277.0
1575345169.06665, -277.0
1575345169.481002, -277.0
1575345169.917866, -277.0
1575345170.326065, -277.0
1575345170.725656, -277.0
1575345171.15198, -277.0
1575345171.583392, -277.0
1575345171.997247, -277.0
1575345172.402681, -277.0
1575345172.807183, -277.0
1575345173.229741, -277.0
1575345173.664734, -277.0
1575345174.085364, -277.0
1575345174.477197, -277.0
1575345174.880675, -277.0
1575345175.284589, -277.0
1575345175.684063, -277.0
1575345176.091731, -277.0
1575345176.520868, -277.0
1575345176.945776, -277.0
1575345177.375498, -277.0
1575345177.798586, -277.0
1575345178.194129, -277.0
1575345178.612036, -277.0
1575345179.042778, -277.0
1575345179.444724, -277.0
1575345179.469755, -277.0
1575345179.88883, -277.0
1575345179.913918, -277.0
1575345179.939141, -277.0
1575345179.964271, -277.0
1575345179.989367, -277.0
1575345180.014713, -277.0
1575345180.040069, -277.0
1575345180.065197, -277.0
1575345180.090317, -277.0
1575345180.520068, -277.0
1575345180.95886, -277.0
1575345181.342264, -277.0
1575345181.367431, -277.0
1575345181.767695, -277.0
1575345182.194455, -277.0
1575345182.219489, -277.0
1575345182.619084, -277.0
1575345183.041744, -277.0
1575345183.470608, -277.0
1575345183.900784, -277.0
1575345184.305188, -277.0
1575345184.723509, -277.0
1575345185.135581, -277.0
1575345185.555709, -277.0
1575345185.966138, -275.0
1575345186.373229, -275.0
1575345186.778353, -275.0
1575345187.185565, -275.0
1575345187.612171, -275.0
1575345188.036694, -275.0
1575345188.456322, -275.0
1575345188.852706, -275.0
1575345189.262271, -275.0
1575345189.67877, -275.0
1575345190.101785, -275.0
1575345190.529721, -275.0
1575345190.932045, -275.0
1575345191.371154, -275.0
1575345191.784457, -275.0
1575345192.200305, -275.0
1575345192.632138, -275.0
1575345193.035018, -275.0
1575345193.476793, -275.0
1575345105.389405, -277.0
1575345105.7837, -277.0
1575345105.808898, -277.0
1575345105.834168, -277.0
1575345105.859462, -277.0
1575345105.884625, -277.0
1575345105.909853, -277.0
1575345105.935137, -277.0
1575345105.962201, -277.0
1575345105.990443, -277.0
1575345106.019263, -277.0
1575345106.047837, -277.0
1575345106.076688, -277.0
1575345106.10541, -277.0
1575345106.134275, -277.0
1575345106.163236, -277.0
1575345106.192166, -277.0
1575345106.22094, -277.0
1575345106.249643, -277.0
1575345106.278492, -277.0
1575345106.307132, -277.0
1575345106.335931, -277.0
1575345106.364627, -277.0
1575345106.393004, -277.0
1575345106.421738, -277.0
1575345106.449708, -277.0
1575345106.478652, -277.0
1575345106.507406, -277.0
1575345106.536052, -277.0
1575345106.564657, -277.0
1575345106.593555, -277.0
1575345106.622474, -277.0
1575345106.651233, -277.0
1575345106.679016, -277.0
1575345106.707752, -277.0
1575345106.736578, -277.0
1575345106.765162, -277.0
1575345107.198129, -277.0
1575345107.611091, -277.0
1575345108.022787, -277.0
1575345108.462425, -277.0
1575345108.865353, -277.0
1575345109.302173, -277.0
1575345109.327521, -277.0
1575345109.722167, -277.0
1575345109.747678, -277.0
1575345109.773157, -277.0
1575345110.201055, -277.0
1575345110.226369, -277.0
1575345110.660624, -277.0
1575345110.686012, -277.0
1575345110.711574, -277.0
1575345110.737186, -277.0
1575345110.762693, -277.0
1575345110.788102, -277.0
1575345111.191584, -277.0
1575345111.2171, -277.0
1575345111.24244, -277.0
1575345111.66064, -277.0
1575345112.093481, -277.0
1575345112.509338, -277.0
1575345112.534815, -277.0
1575345112.970278, -277.0
1575345112.995758, -277.0
1575345113.425297, -277.0
1575345113.451063, -277.0
1575345113.476579, -277.0
1575345113.918281, -277.0
1575345114.340614, -277.0
1575345114.767414, -277.0
1575345114.792564, -277.0
1575345115.208973, -277.0
1575345115.628883, -277.0
1575345116.052434, -277.0
1575345116.468377, -277.0
1575345116.866423, -277.0
1575345117.271612, -277.0
1575345117.690938, -277.0
1575345118.133146, -277.0
1575345118.543171, -277.0
1575345118.9452, -277.0
1575345118.970696, -277.0
1575345119.378933, -277.0
1575345119.802138, -277.0
1575345120.219393, -277.0
1575345120.244921, -277.0
1575345120.65695, -277.0
1575345121.070811, -277.0
1575345121.483668, -277.0
1575345121.916567, -277.0
1575345122.316397, -277.0
1575345122.341925, -277.0
1575345122.767082, -277.0
1575345123.198637, -277.0
1575345123.223988, -277.0
1575345123.249659, -277.0
1575345123.654321, -277.0
1575345124.08788, -277.0
1575345124.495525, -277.0
1575345124.879333, -277.0
1575345124.90524, -277.0
1575345124.930533, -277.0
1575345124.956346, -277.0
1575345124.981826, -277.0
1575345125.00728, -277.0
1575345125.435475, -277.0
1575345125.460926, -277.0
1575345125.486373, -277.0
1575345125.511861, -277.0
1575345125.537301, -277.0
1575345125.961425, -277.0
1575345125.986981, -277.0
1575345126.414436, -277.0
1575345126.439855, -277.0
1575345126.465326, -277.0
1575345126.880729, -277.0
1575345126.905895, -277.0
1575345126.931178, -277.0
1575345126.956481, -277.0
1575345127.373836, -277.0
1575345127.399304, -277.0
1575345127.42459, -277.0
1575345127.845701, -277.0
1575345127.87128, -277.0
1575345128.331938, -277.0
1575345128.357389, -277.0
1575345128.38274, -277.0
1575345128.408171, -277.0
1575345128.433517, -277.0
1575345128.458743, -277.0
1575345128.913108, -277.0
1575345128.938318, -277.0
1575345128.963793, -277.0
1575345128.989252, -277.0
1575345129.014978, -277.0
1575345129.516112, -277.0
1575345129.945669, -277.0
1575345129.971181, -277.0
1575345130.41657, -277.0
1575345130.441966, -277.0
1575345130.879882, -277.0
1575345131.318761, -277.0
1575345131.748446, -277.0
1575345132.131457, -277.0
1575345132.55939, -277.0
1575345132.982867, -277.0
1575345133.41953, -277.0
1575345133.836435, -277.0
1575345134.294508, -277.0
1575345134.721089, -277.0
1575345135.138065, -277.0
1575345135.556977, -277.0
1575345135.58257, -277.0
1575345135.607757, -277.0
1575345135.633315, -277.0
1575345136.052202, -277.0
1575345136.077753, -277.0
1575345136.103105, -277.0
1575345136.128484, -277.0
1575345136.538307, -277.0
1575345136.563531, -277.0
1575345136.588906, -277.0
1575345136.614003, -277.0
1575345137.020862, -277.0
1575345137.046277, -277.0
1575345137.455477, -277.0
1575345137.867689, -277.0
1575345138.283607, -277.0
1575345138.693736, -277.0
1575345139.132668, -277.0
1575345139.516256, -277.0
1575345139.541744, -277.0
1575345139.567201, -277.0
1575345139.592663, -277.0
1575345139.998989, -277.0
1575345140.41298, -277.0
1575345140.830252, -277.0
1575345141.271529, -277.0
1575345141.675931, -277.0
1575345141.701606, -277.0
1575345142.132398, -277.0
1575345142.535629, -277.0
1575345142.953477, -277.0
1575345143.377523, -277.0
1575345143.820749, -277.0
1575345144.242079, -277.0
1575345144.669764, -277.0
1575345145.101827, -277.0
1575345145.127314, -277.0
1575345145.504657, -277.0
1575345145.530244, -277.0
1575345145.555547, -277.0
1575345145.581115, -277.0
1575345146.017828, -277.0
1575345146.04338, -277.0
1575345146.068672, -277.0
1575345146.09429, -277.0
1575345146.119786, -277.0
1575345146.145145, -277.0
1575345146.170509, -277.0
1575345146.196222, -277.0
1575345146.221505, -277.0
1575345146.247412, -277.0
1575345146.272842, -277.0
1575345146.298336, -277.0
1575345146.739611, -277.0
1575345147.148533, -277.0
1575345147.174004, -277.0
1575345147.199304, -277.0
1575345147.630365, -277.0
1575345147.655679, -277.0
1575345148.066626, -277.0
1575345148.489325, -277.0
1575345148.944154, -277.0
1575345149.369539, -277.0
1575345149.802402, -277.0
1575345150.234913, -277.0
1575345150.666464, -277.0
1575345151.09472, -277.0
1575345151.120262, -277.0
1575345151.53022, -277.0
1575345151.94108, -277.0
1575345152.369535, -277.0
1575345152.799015, -277.0
1575345153.231816, -277.0
1575345153.656304, -277.0
1575345154.076207, -277.0
1575345154.518405, -277.0
1575345154.934005, -277.0
1575345155.378609, -277.0
1575345155.820597, -277.0
1575345156.25138, -277.0
1575345156.700501, -277.0
1575345157.124425, -277.0
1575345157.526415, -277.0
1575345157.977657, -277.0
1575345158.391255, -277.0
1575345158.807058, -277.0
1575345159.262302, -277.0
1575345159.681556, -277.0
1575345160.106949, -277.0
1575345160.51908, -277.0
1575345160.931484, -277.0
1575345161.371101, -277.0
1575345161.81134, -277.0
1575345162.247097, -277.0
1575345162.660363, -277.0
1575345163.066655, -277.0
1575345163.471232, -277.0
1575345163.892475, -277.0
1575345120.374616, -277.0
1575345120.782097, -277.0
1575345121.217203, -277.0
1575345121.649294, -277.0
1575345122.087019, -277.0
1575345122.503346, -277.0
1575345122.931228, -277.0
1575345123.360786, -277.0
1575345123.785589, -277.0
1575345124.21042, -277.0
1575345124.614388, -277.0
1575345125.013873, -277.0
1575345125.442179, -277.0
1575345125.908515, -277.0
1575345126.322198, -277.0
1575345126.741428, -277.0
1575345127.146725, -277.0
1575345127.539073, -277.0
1575345127.984678, -277.0
1575345128.388502, -277.0
1575345128.791097, -277.0
1575345129.182169, -277.0
1575345129.608722, -277.0
1575345129.996668, -277.0
1575345130.443881, -277.0
1575345130.826127, -277.0
1575345131.234064, -277.0
1575345131.663991, -277.0
1575345132.092822, -277.0
1575345132.513635, -277.0
1575345132.926457, -277.0
1575345133.336759, -277.0
1575345133.76514, -277.0
1575345134.213458, -277.0
1575345134.617486, -277.0
1575345135.035733, -277.0
1575345135.461727, -277.0
1575345135.846948, -277.0
1575345136.295641, -277.0
1575345136.726003, -277.0
1575345137.136881, -277.0
1575345137.578389, -277.0
1575345138.021257, -277.0
1575345138.437535, -277.0
1575345138.856812, -277.0
1575345139.294122, -277.0
1575345139.713333, -277.0
1575345140.131324, -277.0
1575345140.557345, -277.0
1575345140.974808, -277.0
1575345141.393277, -277.0
1575345141.792926, -277.0
1575345142.197922, -277.0
1575345142.657547, -277.0
1575345143.093871, -277.0
1575345143.539985, -277.0
1575345143.951959, -277.0
1575345144.418844, -277.0
1575345144.853431, -277.0
1575345145.284886, -277.0
1575345145.711945, -277.0
1575345146.155263, -277.0
1575345146.568706, -277.0
1575345147.001444, -277.0
1575345147.431037, -277.0
1575345147.853532, -277.0
1575345148.254022, -277.0
1575345148.691925, -277.0
1575345149.129009, -277.0
1575345149.538613, -277.0
1575345149.976826, -277.0
1575345150.414145, -277.0
1575345150.863898, -277.0
1575345151.300079, -277.0
1575345151.713643, -277.0
1575345152.149989, -277.0
1575345152.547498, -277.0
1575345152.955445, -277.0
1575345153.393932, -277.0
1575345153.419988, -277.0
1575345153.824229, -277.0
1575345154.251944, -277.0
1575345154.693964, -277.0
1575345155.127187, -277.0
1575345155.541719, -277.0
1575345155.95845, -277.0
1575345156.360763, -277.0
1575345156.826799, -277.0
1575345157.261897, -277.0
1575345157.696682, -277.0
1575345158.095875, -277.0
1575345158.533328, -277.0
1575345158.97729, -277.0
1575345159.405241, -277.0
1575345159.873082, -277.0
1575345159.898595, -277.0
1575345160.325021, -277.0
1575345160.761523, -277.0
1575345161.219393, -277.0
1575345161.643145, -277.0
1575345162.080289, -277.0
1575345162.497234, -277.0
1575345162.909757, -277.0
1575345163.333977, -277.0
1575345163.771555, -277.0
1575345164.191234, -277.0
1575345164.597599, -277.0
1575345165.028489, -277.0
1575345165.462474, -277.0
1575345165.884816, -277.0
1575345166.360529, -277.0
1575345166.77308, -277.0
1575345167.171153, -277.0
1575345167.611772, -277.0
1575345168.042132, -277.0
1575345168.461392, -277.0
1575345168.89051, -277.0
1575345169.306162, -277.0
1575345169.71498, -277.0
1575345170.125624, -277.0
1575345170.574278, -277.0
1575345171.023353, -277.0
1575345171.446395, -277.0
1575345171.839589, -277.0
1575345172.241861, -277.0
1575345172.657321, -277.0
1575345173.07813, -277.0
1575345173.51154, -277.0
1575345173.944836, -277.0
1575345174.367781, -277.0
1575345174.802777, -277.0
1575345175.205278, -277.0
1575345175.670601, -277.0
1575345176.090647, -277.0
1575345176.561235, -277.0
1575345176.981106, -277.0
1575345177.413469, -277.0
1575345177.851989, -277.0
1575345178.310623, -277.0
1575345178.750618, -277.0
1575345179.171104, -277.0
1575345179.596681, -277.0
1575345180.050894, -277.0
1575345180.463004, -277.0
1575345180.884222, -277.0
1575345181.289149, -277.0
1575345181.314293, -277.0
1575345181.735148, -277.0
1575345182.177357, -277.0
1575345182.579113, -277.0
1575345183.004094, -277.0
1575345183.424151, -277.0
1575345183.86039, -277.0
1575345184.318209, -277.0
1575345184.734922, -277.0
1575345185.142803, -277.0
1575345185.563765, -275.0
1575345186.008964, -275.0
1575345186.457621, -275.0
1575345186.932004, -275.0
1575345187.330765, -275.0
1575345187.768215, -275.0
1575345188.196743, -275.0
1575345188.604137, -275.0
1575345189.033816, -275.0
1575345189.483366, -275.0
1575345189.949304, -275.0
1575345190.390951, -275.0
1575345190.809019, -275.0
1575345191.247239, -275.0
1575345191.662984, -275.0
1575345192.088134, -275.0
1575345192.508399, -275.0
1575345192.914952, -275.0
1575345193.330337, -275.0
1575345193.768572, -275.0
1575345194.21979, -275.0
1575345194.644119, -275.0
1575345195.064184, -275.0
1575345195.486154, -275.0
1575345195.915314, -275.0
1575345196.336723, -275.0
1575345196.78918, -275.0
1575345197.185776, -275.0
1575345197.65253, -275.0
1575345198.075963, -275.0
1575345198.49059, -275.0
1575345198.928711, -275.0
1575345199.353618, -275.0
1575345199.794825, -275.0
1575345200.224235, -275.0
1575345200.618045, -275.0
1575345201.038808, -275.0
1575345201.432039, -275.0
1575345201.45733, -275.0
1575345201.895491, -275.0
1575345202.319156, -275.0
1575345202.753375, -275.0
1575345203.163812, -275.0
1575345203.610098, -275.0
1575345204.000303, -275.0
1575345204.436538, -275.0
1575345204.860838, -275.0
1575345205.289237, -275.0
1575345205.713999, -275.0
1575345206.122361, -275.0
1575345206.553989, -275.0
1575345206.968302, -275.0
1575345207.40608, -275.0
1575345207.862826, -275.0
1575345208.278272, -275.0
1575345208.70498, -275.0
1575345209.119349, -275.0
1575345209.563577, -275.0
1575345209.995824, -275.0
1575345210.436995, -275.0
1575345210.88767, -275.0
1575345211.319493, -275.0
1575345211.749098, -275.0
1575345212.182321, -275.0
1575345212.619649, -275.0
1575345213.055482, -275.0
1575345213.523107, -275.0
1575345213.975353, -275.0
1575345214.427637, -275.0
1575345214.881179, -275.0
1575345215.280314, -275.0
1575345215.680382, -275.0
1575345216.104831, -275.0
1575345216.563045, -275.0
1575345216.987292, -275.0
1575345217.409114, -275.0
1575345217.815694, -275.0
1575345218.228943, -275.0
1575345218.637544, -275.0
1575345219.07425, -275.0
1575345219.489932, -275.0
1575345219.936823, -275.0
1575345220.360515, -275.0
1575345220.778816, -275.0
1575345221.217184, -275.0
1575345221.643613, -275.0
1575345222.125935, -275.0
1575345222.547851, -275.0
1575345222.982059, -275.0
1575345223.419091, -275.0
1575345223.836592, -275.0
1575345224.249961, -275.0
1575345224.684759, -275.0
1575345225.130654, -275.0
1575345163.773169, -277.0
1575345163.798648, -277.0
1575345163.826943, -277.0
1575345163.855437, -277.0
1575345163.882791, -277.0
1575345163.909081, -277.0
1575345163.934472, -277.0
1575345163.959458, -277.0
1575345163.984489, -277.0
1575345164.009391, -277.0
1575345164.034242, -277.0
1575345164.059085, -277.0
1575345164.084229, -277.0
1575345164.109148, -277.0
1575345164.13819, -277.0
1575345164.53361, -277.0
1575345164.958071, -277.0
1575345165.383816, -277.0
1575345165.40944, -277.0
1575345165.852963, -277.0
1575345166.268663, -277.0
1575345166.726069, -277.0
1575345167.146937, -277.0
1575345167.558292, -277.0
1575345168.024623, -277.0
1575345168.455255, -277.0
1575345168.480736, -277.0
1575345168.505992, -277.0
1575345168.530852, -277.0
1575345168.555756, -277.0
1575345168.580807, -277.0
1575345168.605637, -277.0
1575345168.630623, -277.0
1575345168.655581, -277.0
1575345168.680604, -277.0
1575345168.706385, -277.0
1575345169.371427, -277.0
1575345169.397211, -277.0
1575345169.971217, -277.0
1575345169.996721, -277.0
1575345170.023366, -277.0
1575345170.048474, -277.0
1575345170.075077, -277.0
1575345170.814457, -277.0
1575345171.449803, -277.0
1575345171.861443, -277.0
1575345172.288289, -277.0
1575345172.315067, -277.0
1575345172.34026, -277.0
1575345172.365205, -277.0
1575345172.39018, -277.0
1575345172.415223, -277.0
1575345172.440185, -277.0
1575345172.465146, -277.0
1575345172.490864, -277.0
1575345172.519395, -277.0
1575345172.914085, -277.0
1575345173.518515, -277.0
1575345173.544123, -277.0
1575345173.569443, -277.0
1575345173.594416, -277.0
1575345173.619531, -277.0
1575345173.644546, -277.0
1575345173.672937, -277.0
1575345173.700288, -277.0
1575345173.72534, -277.0
1575345173.75185, -277.0
1575345174.175217, -277.0
1575345174.587259, -277.0
1575345174.614779, -277.0
1575345174.639868, -277.0
1575345174.667453, -277.0
1575345174.693104, -277.0
1575345174.720578, -277.0
1575345175.124428, -277.0
1575345175.149596, -277.0
1575345175.177927, -277.0
1575345175.2028, -277.0
1575345175.227663, -277.0
1575345175.252595, -277.0
1575345175.277499, -277.0
1575345175.302381, -277.0
1575345175.327249, -277.0
1575345175.352182, -277.0
1575345175.377137, -277.0
1575345175.40226, -277.0
1575345175.427198, -277.0
1575345176.4149, -277.0
1575345176.440497, -277.0
1575345176.866786, -277.0
1575345177.302614, -277.0
1575345177.746921, -277.0
1575345178.176709, -277.0
1575345178.599228, -277.0
1575345179.034416, -277.0
1575345179.060181, -277.0
1575345179.624708, -277.0
1575345179.65076, -277.0
1575345180.08228, -277.0
1575345180.109927, -277.0
1575345180.581968, -277.0
1575345180.981163, -277.0
1575345181.407933, -277.0
1575345181.844778, -277.0
1575345182.368072, -277.0
1575345182.799287, -277.0
1575345183.223854, -277.0
1575345183.654776, -277.0
1575345184.067512, -277.0
1575345184.493988, -277.0
1575345184.918115, -277.0
1575345185.353744, -277.0
1575345185.775054, -275.0
1575345186.214583, -275.0
1575345186.619866, -275.0
1575345187.038943, -275.0
1575345187.44129, -275.0
1575345187.871206, -275.0
1575345188.285864, -275.0
1575345188.71487, -275.0
1575345189.140416, -275.0
1575345189.557119, -275.0
1575345189.983447, -275.0
1575345190.402904, -275.0
1575345190.82678, -275.0
1575345191.246781, -275.0
1575345191.676218, -275.0
1575345192.064294, -275.0
1575345192.472859, -275.0
1575345192.946989, -275.0
1575345193.375322, -275.0
1575345193.827413, -275.0
1575345194.283272, -275.0
1575345194.705597, -275.0
1575345195.123103, -275.0
1575345195.535513, -275.0
1575345195.959024, -275.0
1575345196.392977, -275.0
1575345196.826729, -275.0
1575345197.275001, -275.0
1575345197.707194, -275.0
1575345198.222722, -275.0
1575345198.248313, -275.0
1575345198.275546, -275.0
1575345198.717892, -275.0
1575345199.127629, -275.0
1575345199.542098, -275.0
1575345200.051844, -275.0
1575345200.475085, -275.0
1575345200.901587, -275.0
1575345201.3345, -275.0
1575345201.744212, -275.0
1575345202.202282, -275.0
1575345202.631419, -275.0
1575345203.043135, -275.0
1575345203.462392, -275.0
1575345203.881808, -275.0
1575345204.305384, -275.0
1575345204.709828, -275.0
1575345205.11784, -275.0
1575345205.535812, -275.0
1575345205.957249, -275.0
1575345206.399801, -275.0
1575345206.811564, -275.0
1575345207.230132, -275.0
1575345207.638756, -275.0
1575345208.07957, -275.0
1575345208.508549, -275.0
1575345208.928269, -275.0
1575345209.354912, -275.0
1575345209.771992, -275.0
1575345210.190608, -275.0
1575345210.63316, -275.0
1575345210.661813, -275.0
1575345211.363114, -275.0
1575345211.788915, -275.0
1575345212.199479, -275.0
1575345212.612777, -275.0
1575345213.037619, -275.0
1575345213.462811, -275.0
1575345213.861376, -275.0
1575345214.278339, -275.0
1575345214.70086, -275.0
1575345215.131574, -275.0
1575345215.564612, -275.0
1575345216.002674, -275.0
1575345216.411929, -275.0
1575345216.834893, -275.0
1575345217.249162, -275.0
1575345217.685606, -275.0
1575345218.099944, -275.0
1575345218.512967, -275.0
1575345218.932874, -275.0
1575345219.345126, -275.0
1575345219.776729, -275.0
1575345219.80417, -275.0
1575345219.830693, -275.0
1575345220.226942, -275.0
1575345220.672086, -275.0
1575345221.116195, -275.0
1575345221.557242, -275.0
1575345222.002416, -275.0
1575345222.415488, -275.0
1575345222.843989, -275.0
1575345223.283331, -275.0
1575345223.721928, -275.0
1575345224.138572, -275.0
1575345224.541151, -275.0
1575345224.948591, -275.0
1575345225.366313, -275.0
1575345225.779704, -275.0
1575345226.188623, -275.0
1575345226.595624, -275.0
1575345227.23393, -275.0
1575345227.261928, -275.0
1575345227.28748, -275.0
1575345227.312199, -275.0
1575345227.336952, -275.0
1575345227.361729, -275.0
1575345227.386574, -275.0
1575345227.411573, -275.0
1575345227.43982, -275.0
1575345227.465083, -275.0
1575345227.489825, -275.0
1575345227.514994, -275.0
1575345227.539865, -275.0
1575345227.56477, -275.0
1575345227.59022, -275.0
1575345228.073447, -275.0
1575345228.495513, -275.0
1575345228.927021, -275.0
1575345229.372839, -275.0
1575345229.806916, -275.0
1575345230.224369, -275.0
1575345230.653361, -275.0
1575345231.059677, -275.0
1575345231.462426, -275.0
1575345231.868592, -275.0
1575345232.285356, -275.0
1575345232.707319, -275.0
1575345233.143113, -275.0
1575345233.587654, -275.0
1575345234.022014, -275.0
1575345234.43265, -275.0
1575345234.846378, -275.0
1575345235.276144, -275.0
1575345235.6903, -275.0
1575345236.093384, -275.0
1575345236.5423, -275.0
1575345236.980329, -275.0
