1575345241.232682, -325.0
1575345241.432397, -325.0
1575345241.631439, -325.0
1575345241.830828, -325.0
1575345242.029226, -325.0
1575345242.228465, -325.0
1575345242.427341, -325.0
1575345242.626461, -325.0
1575345242.825298, -325.0
1575345243.024207, -325.0
1575345243.223049, -325.0
1575345243.421203, -325.0
1575345243.620436, -325.0
1575345243.819978, -325.0
1575345244.019363, -325.0
1575345244.21855, -325.0
1575345244.417931, -325.0
1575345244.617053, -325.0
1575345244.816064, -325.0
1575345245.015972, -325.0
1575345245.215603, -325.0
1575345245.415158, -325.0
1575345245.614242, -325.0
1575345245.81389, -325.0
1575345246.014821, -325.0
1575345246.21517, -325.0
1575345246.414536, -325.0
1575345246.613897, -325.0
1575345246.813219, -325.0
1575345247.01234, -325.0
1575345247.210849, -325.0
1575345247.409583, -325.0
1575345247.608415, -325.0
1575345247.807152, -325.0
1575345248.006332, -325.0
1575345248.205114, -325.0
1575345248.404256, -325.0
1575345248.602871, -325.0
1575345248.801998, -325.0
1575345249.0006, -325.0
1575345249.199605, -325.0
1575345249.399176, -325.0
1575345249.598488, -325.0
1575345249.797252, -325.0
1575345249.997009, -325.0
1575345250.197033, -325.0
1575345250.395536, -325.0
1575345250.594067, -325.0
1575345250.792612, -325.0
1575345250.992367, -325.0
1575345241.030604, -335.0
1575345241.131371, -325.0
1575345241.231828, -325.0
1575345241.33204, -325.0
1575345241.432229, -325.0
1575345241.532075, -325.0
1575345241.632053, -325.0
1575345241.732392, -325.0
1575345241.832358, -325.0
1575345241.933089, -325.0
1575345242.032959, -325.0
1575345242.133315, -325.0
1575345242.23365, -325.0
1575345242.333292, -325.0
1575345242.433338, -325.0
1575345242.534116, -325.0
1575345242.634211, -325.0
1575345242.733952, -325.0
1575345242.834252, -325.0
1575345242.934727, -325.0
1575345243.034833, -325.0
1575345243.134502, -325.0
1575345243.234537, -325.0
1575345243.334391, -325.0
1575345243.433854, -325.0
1575345243.53408, -325.0
1575345243.634007, -325.0
1575345243.734155, -325.0
1575345243.834162, -325.0
1575345243.934417, -325.0
1575345244.034481, -325.0
1575345244.134583, -325.0
1575345244.234859, -325.0
1575345244.336513, -325.0
1575345244.436432, -325.0
1575345244.536373, -325.0
1575345244.636153, -325.0
1575345244.736254, -325.0
1575345244.836283, -325.0
1575345244.935984, -325.0
1575345245.035566, -325.0
1575345245.135395, -325.0
1575345245.236215, -325.0
1575345245.336322, -325.0
1575345245.436896, -325.0
1575345245.536962, -325.0
1575345245.637027, -325.0
1575345245.737881, -325.0
1575345245.838111, -325.0
1575345245.938829, -325.0
1575345241.044864, -325.0
1575345241.144737, -325.0
1575345241.244493, -325.0
1575345241.343882, -325.0
1575345241.443813, -325.0
1575345241.543359, -325.0
1575345241.643528, -325.0
1575345241.743416, -325.0
1575345241.843337, -325.0
1575345241.942914, -325.0
1575345242.043443, -325.0
1575345242.144095, -325.0
1575345242.244188, -325.0
1575345242.344035, -325.0
1575345242.443985, -325.0
1575345242.543754, -325.0
1575345242.643597, -325.0
1575345242.743131, -325.0
1575345242.843449, -325.0
1575345242.943088, -325.0
1575345243.042648, -325.0
1575345243.142816, -325.0
1575345243.242396, -325.0
1575345243.342565, -325.0
1575345243.442529, -325.0
1575345243.542686, -325.0
1575345243.642928, -325.0
1575345243.743289, -325.0
1575345243.844078, -325.0
1575345243.944003, -325.0
1575345244.043943, -325.0
1575345244.144121, -325.0
1575345244.244178, -325.0
1575345244.344123, -325.0
1575345244.444392, -325.0
1575345244.544159, -325.0
1575345244.644214, -325.0
1575345244.743931, -325.0
1575345244.844244, -325.0
1575345244.943517, -325.0
1575345245.043571, -325.0
1575345245.143449, -325.0
1575345245.243715, -325.0
1575345245.343599, -325.0
1575345245.444091, -325.0
1575345245.543641, -325.0
1575345245.643637, -325.0
1575345245.743702, -325.0
1575345245.843923, -325.0
1575345245.944166, -325.0
1575345241.071026, -325.0
1575345241.171979, -325.0
1575345241.273061, -325.0
1575345241.373799, -325.0
1575345241.474849, -325.0
1575345241.575369, -325.0
1575345241.676384, -325.0
1575345241.777289, -325.0
1575345241.878349, -325.0
1575345241.979731, -325.0
1575345242.081042, -325.0
1575345242.182087, -325.0
1575345242.282656, -325.0
1575345242.38356, -325.0
1575345242.484474, -325.0
1575345242.585196, -325.0
1575345242.68615, -325.0
1575345242.787272, -325.0
1575345242.888405, -325.0
1575345242.989629, -325.0
1575345243.090893, -325.0
1575345243.192213, -325.0
1575345243.2931, -325.0
1575345243.39411, -325.0
1575345243.494988, -325.0
1575345243.595749, -325.0
1575345243.696748, -325.0
1575345243.79757, -325.0
1575345243.898954, -325.0
1575345243.999705, -325.0
1575345244.100809, -325.0
1575345244.202501, -325.0
1575345244.303317, -325.0
1575345244.404223, -325.0
1575345244.505473, -325.0
1575345244.606407, -325.0
1575345244.707623, -325.0
1575345244.808509, -325.0
1575345244.90933, -325.0
1575345245.009959, -325.0
1575345245.11008, -325.0
1575345245.211236, -325.0
1575345245.311212, -325.0
1575345245.411912, -325.0
1575345245.511881, -325.0
1575345245.612295, -325.0
1575345245.71239, -325.0
1575345245.812737, -325.0
1575345245.912549, -325.0
1575345246.014531, -325.0
1575345246.274903, -325.0
1575345246.399834, -325.0
1575345246.524304, -325.0
1575345246.648548, -325.0
1575345246.773949, -325.0
1575345246.898262, -325.0
1575345247.022782, -325.0
1575345247.147151, -325.0
1575345247.271805, -325.0
1575345247.396364, -325.0
1575345247.520878, -325.0
1575345247.64549, -325.0
1575345247.770569, -325.0
1575345247.895399, -325.0
1575345248.019707, -325.0
1575345248.143765, -325.0
1575345248.268168, -325.0
1575345248.392922, -325.0
1575345248.517922, -325.0
1575345248.642994, -325.0
1575345248.767981, -325.0
1575345248.892598, -325.0
1575345249.016533, -325.0
1575345249.141375, -325.0
1575345249.265378, -325.0
1575345249.390515, -325.0
1575345249.521253, -325.0
1575345249.65785, -325.0
1575345249.797157, -325.0
1575345249.938641, -325.0
1575345250.080111, -325.0
1575345250.220973, -325.0
1575345250.363166, -325.0
1575345250.503849, -325.0
1575345250.641816, -325.0
1575345250.78361, -325.0
1575345250.921434, -325.0
1575345251.05124, -325.0
1575345251.176897, -325.0
1575345251.30208, -325.0
1575345251.428292, -325.0
1575345251.55461, -325.0
1575345251.683366, -325.0
1575345252.760301, -304.0
1575345252.885433, -304.0
1575345253.012672, -304.0
1575345253.618047, -304.0
1575345254.651726, -304.0
1575345254.776416, -304.0
1575345255.876417, -299.0
1575345246.235541, -325.0
1575345246.33544, -325.0
1575345246.435025, -325.0
1575345246.534728, -325.0
1575345246.634201, -325.0
1575345246.73397, -325.0
1575345246.83372, -325.0
1575345246.933967, -325.0
1575345247.033594, -325.0
1575345247.133311, -325.0
1575345247.233256, -325.0
1575345247.333124, -325.0
1575345247.432679, -325.0
1575345247.532414, -325.0
1575345247.632189, -325.0
1575345247.731835, -325.0
1575345247.831762, -325.0
1575345247.931734, -325.0
1575345248.03133, -325.0
1575345248.131194, -325.0
1575345248.231029, -325.0
1575345248.330527, -325.0
1575345248.430579, -325.0
1575345248.530249, -325.0
1575345248.630271, -325.0
1575345248.729732, -325.0
1575345248.835457, -325.0
1575345248.945243, -325.0
1575345249.056361, -325.0
1575345249.170231, -325.0
1575345249.283739, -325.0
1575345249.39614, -325.0
1575345249.510073, -325.0
1575345249.621502, -325.0
1575345249.730436, -325.0
1575345249.853556, -325.0
1575345249.963863, -325.0
1575345250.073805, -325.0
1575345250.173403, -325.0
1575345250.273626, -325.0
1575345250.373626, -325.0
1575345250.476086, -325.0
1575345250.581898, -325.0
1575345250.682629, -325.0
1575345250.788472, -325.0
1575345250.893726, -325.0
1575345250.99369, -325.0
1575345251.096818, -325.0
1575345251.196663, -325.0
1575345251.296722, -325.0
1575345246.512244, -325.0
1575345246.711547, -325.0
1575345246.910016, -325.0
1575345247.108776, -325.0
1575345247.308085, -325.0
1575345247.507351, -325.0
1575345247.70547, -325.0
1575345247.905178, -325.0
1575345248.104818, -325.0
1575345248.304365, -325.0
1575345248.503218, -325.0
1575345248.702352, -325.0
1575345248.901367, -325.0
1575345249.100213, -325.0
1575345249.300121, -325.0
1575345249.499434, -325.0
1575345249.697638, -325.0
1575345249.896312, -325.0
1575345250.095218, -325.0
1575345250.294769, -325.0
1575345250.494737, -325.0
1575345250.69347, -325.0
1575345250.892123, -325.0
1575345251.0912, -325.0
1575345251.289475, -325.0
1575345251.489075, -325.0
1575345251.698957, -325.0
1575345251.917324, -325.0
1575345252.138538, -325.0
1575345252.365251, -325.0
1575345252.592053, -325.0
1575345252.816954, -304.0
1575345253.043935, -304.0
1575345253.267243, -304.0
1575345253.483279, -304.0
1575345253.709048, -304.0
1575345253.928156, -304.0
1575345254.134312, -304.0
1575345254.333299, -304.0
1575345254.533054, -304.0
1575345254.732426, -304.0
1575345254.934475, -304.0
1575345255.140097, -304.0
1575345255.79766, -304.0
1575345255.996973, -299.0
1575345256.678223, -299.0
1575345257.893448, -293.0
1575345258.586733, -293.0
1575345260.014606, -293.0
1575345260.217084, -293.0
1575345251.271392, -325.0
1575345251.371546, -325.0
1575345251.471705, -325.0
1575345251.571531, -325.0
1575345251.671195, -325.0
1575345251.770573, -325.0
1575345251.87067, -325.0
1575345251.970709, -325.0
1575345252.070419, -325.0
1575345252.171121, -325.0
1575345252.270825, -325.0
1575345252.370619, -325.0
1575345252.470751, -325.0
1575345252.570507, -325.0
1575345252.670073, -325.0
1575345252.770257, -304.0
1575345252.86979, -304.0
1575345252.969185, -304.0
1575345253.069042, -304.0
1575345253.168939, -304.0
1575345253.268679, -304.0
1575345253.368247, -304.0
1575345253.468041, -304.0
1575345253.567837, -304.0
1575345253.667755, -304.0
1575345253.767451, -304.0
1575345253.872995, -304.0
1575345253.982624, -304.0
1575345254.094042, -304.0
1575345254.207631, -304.0
1575345254.321012, -304.0
1575345254.433883, -304.0
1575345254.548188, -304.0
1575345254.661141, -304.0
1575345254.771559, -304.0
1575345254.884998, -304.0
1575345254.995049, -304.0
1575345255.09867, -304.0
1575345255.198711, -304.0
1575345255.298848, -304.0
1575345255.39877, -304.0
1575345255.500256, -304.0
1575345255.6038, -304.0
1575345255.704319, -304.0
1575345255.808683, -304.0
1575345255.91217, -299.0
1575345256.011853, -299.0
1575345256.111641, -299.0
1575345256.211392, -299.0
1575345256.311298, -299.0
1575345251.54007, -325.0
1575345251.640081, -325.0
1575345251.7403, -325.0
1575345251.840186, -325.0
1575345251.940549, -325.0
1575345252.040751, -325.0
1575345252.140805, -325.0
1575345252.240979, -325.0
1575345252.34096, -325.0
1575345252.440713, -325.0
1575345252.541128, -325.0
1575345252.640959, -325.0
1575345252.740545, -325.0
1575345252.840702, -304.0
1575345252.940545, -304.0
1575345253.040203, -304.0
1575345253.139578, -304.0
1575345253.239892, -304.0
1575345253.340045, -304.0
1575345253.440198, -304.0
1575345253.540131, -304.0
1575345253.640498, -304.0
1575345253.740439, -304.0
1575345253.840364, -304.0
1575345253.940631, -304.0
1575345254.040238, -304.0
1575345254.140313, -304.0
1575345254.240361, -304.0
1575345254.340672, -304.0
1575345254.440763, -304.0
1575345254.540496, -304.0
1575345254.640357, -304.0
1575345254.739947, -304.0
1575345254.840132, -304.0
1575345254.940143, -304.0
1575345255.04002, -304.0
1575345255.1398, -304.0
1575345255.239239, -304.0
1575345255.33865, -304.0
1575345255.439706, -304.0
1575345255.539826, -304.0
1575345255.639773, -304.0
1575345255.740043, -304.0
1575345255.840238, -304.0
1575345255.940614, -299.0
1575345256.041375, -299.0
1575345256.141415, -299.0
1575345256.240968, -299.0
1575345256.341485, -299.0
1575345256.441064, -299.0
1575345256.164249, -299.0
1575345256.289643, -299.0
1575345256.415006, -299.0
1575345256.539411, -299.0
1575345256.663951, -299.0
1575345256.789046, -299.0
1575345256.912987, -299.0
1575345257.037823, -299.0
1575345257.16277, -299.0
1575345257.287169, -299.0
1575345257.411581, -299.0
1575345257.536243, -299.0
1575345257.6607, -299.0
1575345257.784796, -299.0
1575345257.909671, -293.0
1575345258.034041, -293.0
1575345258.159131, -293.0
1575345258.283351, -293.0
1575345258.407737, -293.0
1575345258.532444, -293.0
1575345258.656662, -293.0
1575345258.781217, -293.0
1575345258.906181, -293.0
1575345259.030408, -293.0
1575345259.155015, -293.0
1575345259.2794, -293.0
1575345259.40395, -293.0
1575345259.528322, -293.0
1575345259.652818, -293.0
1575345259.777529, -293.0
1575345259.902124, -293.0
1575345260.026753, -293.0
1575345260.150876, -293.0
1575345260.275415, -293.0
1575345260.400027, -293.0
1575345260.52669, -293.0
1575345260.655286, -293.0
1575345260.782788, -293.0
1575345260.909498, -293.0
1575345261.037041, -293.0
1575345261.164781, -293.0
1575345261.292829, -293.0
1575345261.420565, -293.0
1575345261.546886, -293.0
1575345261.674192, -293.0
1575345261.801912, -293.0
1575345261.929162, -293.0
1575345262.056686, -293.0
1575345262.184077, -293.0
1575345262.312025, -293.0
1575345270.854584, -293.0
1575345271.269556, -293.0
1575345271.295113, -293.0
1575345271.320336, -293.0
1575345271.345646, -293.0
1575345271.372231, -293.0
1575345271.398321, -293.0
1575345271.427068, -293.0
1575345272.029255, -293.0
1575345272.477068, -293.0
1575345272.962553, -293.0
1575345273.374144, -293.0
1575345273.795403, -293.0
1575345274.239565, -293.0
1575345274.688433, -292.0
1575345275.170125, -292.0
1575345275.195826, -292.0
1575345275.220928, -292.0
1575345275.246294, -292.0
1575345275.271641, -292.0
1575345275.297033, -292.0
1575345275.322552, -292.0
1575345275.348103, -292.0
1575345275.373382, -292.0
1575345275.398845, -292.0
1575345275.4244, -292.0
1575345275.449782, -292.0
1575345275.475186, -292.0
1575345275.500374, -292.0
1575345275.9103, -292.0
1575345275.935616, -292.0
1575345275.96128, -292.0
1575345275.986835, -292.0
1575345276.394691, -291.0
1575345276.835149, -291.0
1575345277.325759, -291.0
1575345277.838669, -291.0
1575345278.277543, -291.0
1575345278.302717, -291.0
1575345278.327754, -291.0
1575345278.353194, -291.0
1575345278.380067, -291.0
1575345278.830424, -291.0
1575345279.268197, -291.0
1575345279.293495, -291.0
1575345279.761999, -291.0
1575345280.192506, -291.0
1575345280.217799, -291.0
1575345280.668914, -288.0
1575345281.075681, -288.0
1575345281.500589, -288.0
1575345281.525717, -288.0
1575345281.93365, -288.0
1575345282.419182, -288.0
1575345282.89788, -288.0
1575345283.340266, -288.0
1575345283.79621, -288.0
1575345283.8215, -288.0
1575345283.846824, -288.0
1575345283.87217, -288.0
1575345283.897445, -288.0
1575345284.324283, -288.0
1575345284.34977, -288.0
1575345284.873061, -288.0
1575345285.33902, -288.0
1575345285.811584, -288.0
1575345286.285658, -288.0
1575345286.745831, -288.0
1575345287.198146, -288.0
1575345287.223481, -288.0
1575345287.249334, -288.0
1575345287.275647, -288.0
1575345287.301473, -288.0
1575345287.329587, -288.0
1575345287.354903, -288.0
1575345287.794776, -288.0
1575345288.237268, -288.0
1575345288.678932, -288.0
1575345288.704429, -288.0
1575345288.72956, -288.0
1575345289.201565, -288.0
1575345289.652403, -288.0
1575345290.123685, -288.0
1575345290.591614, -288.0
1575345291.053848, -288.0
1575345291.50825, -286.0
1575345291.936739, -286.0
1575345292.368924, -286.0
1575345292.394365, -286.0
1575345292.419684, -286.0
1575345292.868749, -286.0
1575345293.336834, -286.0
1575345293.766875, -286.0
1575345294.213222, -286.0
1575345294.658067, -286.0
1575345295.074689, -286.0
1575345295.522383, -286.0
1575345295.54807, -286.0
1575345295.57641, -286.0
1575345296.019678, -286.0
1575345296.045126, -286.0
1575345296.512746, -286.0
1575345296.929537, -286.0
1575345297.378622, -286.0
1575345297.825678, -286.0
1575345298.274496, -286.0
1575345298.708333, -286.0
1575345298.733852, -286.0
1575345298.758936, -286.0
1575345298.784367, -286.0
1575345299.200711, -286.0
1575345299.226087, -286.0
1575345299.667714, -286.0
1575345300.15609, -286.0
1575345300.181293, -286.0
1575345300.619422, -282.0
1575345301.082238, -282.0
1575345301.538121, -282.0
1575345301.985825, -282.0
1575345302.011069, -282.0
1575345302.467715, -282.0
1575345302.922849, -282.0
1575345303.410183, -282.0
1575345303.858087, -282.0
1575345303.883759, -282.0
1575345304.349018, -282.0
1575345304.813888, -282.0
1575345304.839587, -282.0
1575345304.86502, -282.0
1575345304.890748, -282.0
1575345304.916264, -282.0
1575345305.374213, -282.0
1575345305.832155, -282.0
1575345305.857665, -282.0
1575345306.306523, -282.0
1575345306.75792, -282.0
1575345307.221801, -282.0
1575345307.701502, -282.0
1575345308.163717, -282.0
1575345308.63378, -282.0
1575345309.112778, -282.0
1575345309.564497, -282.0
1575345310.02537, -282.0
1575345310.508548, -282.0
1575345310.970384, -282.0
1575345311.456091, -282.0
1575345311.919682, -282.0
1575345312.384998, -282.0
1575345312.831182, -282.0
1575345313.319507, -282.0
1575345313.75448, -282.0
1575345314.187967, -282.0
1575345314.630749, -282.0
1575345315.067726, -282.0
1575345315.529749, -282.0
1575345315.996798, -282.0
1575345316.46203, -282.0
1575345316.925715, -282.0
1575345317.375878, -282.0
1575345317.835196, -282.0
1575345318.303686, -282.0
1575345318.746702, -282.0
1575345319.214589, -282.0
1575345319.664968, -282.0
1575345319.690435, -282.0
1575345319.715494, -282.0
1575345320.32402, -282.0
1575345320.349566, -282.0
1575345320.375108, -282.0
1575345320.401057, -282.0
1575345320.427217, -282.0
1575345320.4534, -282.0
1575345320.479328, -282.0
1575345320.504918, -282.0
1575345320.530186, -282.0
1575345320.555782, -282.0
1575345320.581195, -282.0
1575345320.606532, -282.0
1575345320.632162, -282.0
1575345320.657731, -282.0
1575345320.682824, -282.0
1575345321.11929, -282.0
1575345321.144704, -282.0
1575345321.170183, -282.0
1575345321.617967, -282.0
1575345322.071161, -282.0
1575345322.096479, -282.0
1575345322.121844, -282.0
1575345322.612703, -282.0
1575345322.638285, -282.0
1575345322.663726, -282.0
1575345322.689029, -282.0
1575345323.146699, -282.0
1575345323.603415, -282.0
1575345324.069052, -282.0
1575345324.527887, -282.0
1575345325.005689, -282.0
1575345325.446402, -282.0
1575345325.912291, -282.0
1575345326.380902, -282.0
1575345326.843482, -282.0
1575345327.299054, -282.0
1575345327.767898, -282.0
1575345328.243388, -282.0
1575345328.674675, -282.0
1575345329.141269, -282.0
1575345329.6016, -282.0
1575345330.060404, -282.0
1575345330.487599, -282.0
1575345330.963702, -282.0
1575345331.42009, -282.0
1575345331.889927, -282.0
1575345331.915508, -282.0
1575345332.373428, -282.0
1575345332.398906, -282.0
1575345332.42441, -282.0
1575345332.449796, -282.0
1575345332.475257, -282.0
1575345332.933712, -282.0
1575345333.367866, -282.0
1575345333.393226, -282.0
1575345333.418732, -282.0
1575345333.444041, -282.0
1575345333.469378, -282.0
1575345333.494579, -282.0
1575345333.52014, -282.0
1575345333.54604, -282.0
1575345333.573502, -282.0
1575345333.601678, -282.0
1575345333.630484, -282.0
1575345333.658706, -282.0
1575345333.686738, -282.0
1575345333.714524, -282.0
1575345333.742517, -282.0
1575345333.771203, -282.0
1575345333.799832, -282.0
1575345333.828408, -282.0
1575345333.856991, -282.0
1575345333.885563, -282.0
1575345333.914285, -282.0
1575345333.942752, -282.0
1575345333.971505, -282.0
1575345333.999715, -282.0
1575345334.026519, -282.0
1575345334.053932, -282.0
1575345334.082141, -282.0
1575345334.11045, -282.0
1575345334.13911, -282.0
1575345334.168341, -282.0
1575345334.19686, -282.0
1575345270.869886, -293.0
1575345271.318782, -293.0
1575345271.344206, -293.0
1575345271.369486, -293.0
1575345271.394567, -293.0
1575345271.421192, -293.0
1575345271.447225, -293.0
1575345271.476084, -293.0
1575345272.024257, -293.0
1575345272.049575, -293.0
1575345272.487871, -293.0
1575345272.514078, -293.0
1575345272.542147, -293.0
1575345272.567982, -293.0
1575345272.593587, -293.0
1575345272.619203, -293.0
1575345272.645079, -293.0
1575345272.670513, -293.0
1575345272.696346, -293.0
1575345272.72194, -293.0
1575345272.747416, -293.0
1575345272.772614, -293.0
1575345272.798656, -293.0
1575345272.825814, -293.0
1575345272.854211, -293.0
1575345272.881695, -293.0
1575345272.908136, -293.0
1575345272.934094, -293.0
1575345272.960529, -293.0
1575345272.988105, -293.0
1575345273.017085, -293.0
1575345273.044464, -293.0
1575345273.072262, -293.0
1575345273.099953, -293.0
1575345273.127645, -293.0
1575345273.155231, -293.0
1575345273.182675, -293.0
1575345273.2099, -293.0
1575345273.237142, -293.0
1575345273.26387, -293.0
1575345273.290957, -293.0
1575345273.318375, -293.0
1575345273.347077, -293.0
1575345273.373574, -293.0
1575345273.399386, -293.0
1575345273.425221, -293.0
1575345274.051896, -293.0
1575345274.577034, -293.0
1575345274.602453, -293.0
1575345274.629926, -293.0
1575345274.658459, -293.0
1575345274.686793, -293.0
1575345274.715367, -292.0
1575345274.744283, -292.0
1575345274.773072, -292.0
1575345274.801839, -292.0
1575345274.830509, -292.0
1575345274.856738, -292.0
1575345274.88306, -292.0
1575345274.911619, -292.0
1575345275.642138, -292.0
1575345276.079133, -292.0
1575345276.65468, -291.0
1575345276.680269, -291.0
1575345276.709, -291.0
1575345276.736687, -291.0
1575345276.76289, -291.0
1575345276.789135, -291.0
1575345276.815031, -291.0
1575345276.84078, -291.0
1575345276.866422, -291.0
1575345276.89267, -291.0
1575345277.776551, -291.0
1575345278.235343, -291.0
1575345278.261292, -291.0
1575345278.289505, -291.0
1575345278.316392, -291.0
1575345278.34442, -291.0
1575345278.370677, -291.0
1575345278.396794, -291.0
1575345278.423917, -291.0
1575345278.450387, -291.0
1575345278.962917, -291.0
1575345279.473764, -291.0
1575345279.500184, -291.0
1575345280.034662, -291.0
1575345280.060474, -291.0
1575345280.087477, -291.0
1575345280.116082, -291.0
1575345280.143968, -291.0
1575345280.171277, -291.0
1575345280.200131, -291.0
1575345280.226681, -291.0
1575345280.252756, -291.0
1575345280.279198, -291.0
1575345280.304805, -291.0
1575345280.330223, -291.0
1575345280.356196, -291.0
1575345280.383678, -291.0
1575345280.411857, -291.0
1575345280.439734, -291.0
1575345280.467225, -291.0
1575345280.495255, -291.0
1575345280.523307, -291.0
1575345280.550298, -291.0
1575345280.577273, -288.0
1575345280.603991, -288.0
1575345280.630603, -288.0
1575345280.657225, -288.0
1575345280.683583, -288.0
1575345280.710114, -288.0
1575345280.736801, -288.0
1575345280.763325, -288.0
1575345280.790142, -288.0
1575345280.816963, -288.0
1575345280.843704, -288.0
1575345280.870546, -288.0
1575345280.897194, -288.0
1575345280.923101, -288.0
1575345280.949111, -288.0
1575345280.975973, -288.0
1575345281.003623, -288.0
1575345281.032587, -288.0
1575345281.061237, -288.0
1575345281.088432, -288.0
1575345281.997179, -288.0
1575345282.022966, -288.0
1575345282.051866, -288.0
1575345282.07871, -288.0
1575345282.105605, -288.0
1575345282.132386, -288.0
1575345282.159128, -288.0
1575345282.186317, -288.0
1575345282.213318, -288.0
1575345282.24006, -288.0
1575345282.266686, -288.0
1575345282.293422, -288.0
1575345282.32015, -288.0
1575345282.346825, -288.0
1575345282.373277, -288.0
1575345282.399752, -288.0
1575345282.426669, -288.0
1575345282.454561, -288.0
1575345282.483596, -288.0
1575345282.512417, -288.0
1575345282.538775, -288.0
1575345282.564288, -288.0
1575345282.589577, -288.0
1575345282.615027, -288.0
1575345282.64046, -288.0
1575345282.666028, -288.0
1575345282.69153, -288.0
1575345282.717183, -288.0
1575345282.742717, -288.0
1575345282.768202, -288.0
1575345282.793545, -288.0
1575345282.818658, -288.0
1575345282.844098, -288.0
1575345282.869804, -288.0
1575345282.895267, -288.0
1575345282.920505, -288.0
1575345282.945867, -288.0
1575345282.971306, -288.0
1575345282.996833, -288.0
1575345283.491083, -288.0
1575345283.516698, -288.0
1575345283.979191, -288.0
1575345284.445425, -288.0
1575345284.470926, -288.0
1575345284.496315, -288.0
1575345284.521884, -288.0
1575345284.547274, -288.0
1575345284.572389, -288.0
1575345284.597748, -288.0
1575345284.623001, -288.0
1575345284.648513, -288.0
1575345284.673886, -288.0
1575345284.699371, -288.0
1575345284.72478, -288.0
1575345284.750114, -288.0
1575345284.775413, -288.0
1575345284.802378, -288.0
1575345284.827893, -288.0
1575345284.853353, -288.0
1575345284.878918, -288.0
1575345284.904293, -288.0
1575345284.929902, -288.0
1575345284.95522, -288.0
1575345284.981019, -288.0
1575345285.006515, -288.0
1575345285.03204, -288.0
1575345285.057839, -288.0
1575345285.085529, -288.0
1575345285.111069, -288.0
1575345285.136742, -288.0
1575345285.162584, -288.0
1575345285.188879, -288.0
1575345285.21522, -288.0
1575345285.241496, -288.0
1575345285.267391, -288.0
1575345285.293245, -288.0
1575345285.320921, -288.0
1575345285.347375, -288.0
1575345285.37403, -288.0
1575345286.10056, -288.0
1575345286.126578, -288.0
1575345286.151837, -288.0
1575345286.177529, -288.0
1575345286.812707, -288.0
1575345286.838249, -288.0
1575345287.31428, -288.0
1575345287.339968, -288.0
1575345287.365769, -288.0
1575345287.391439, -288.0
1575345287.41731, -288.0
1575345287.44265, -288.0
1575345287.468017, -288.0
1575345287.494193, -288.0
1575345288.298802, -288.0
1575345288.324871, -288.0
1575345288.350581, -288.0
1575345288.376461, -288.0
1575345288.4022, -288.0
1575345289.200096, -288.0
1575345289.225731, -288.0
1575345290.010333, -288.0
1575345290.03612, -288.0
1575345290.061982, -288.0
1575345290.088264, -288.0
1575345290.114558, -288.0
1575345290.140367, -288.0
1575345290.166301, -288.0
1575345290.192487, -288.0
1575345290.218395, -288.0
1575345290.24427, -288.0
1575345290.270158, -288.0
1575345290.296122, -288.0
1575345290.322097, -288.0
1575345290.348206, -288.0
1575345290.37428, -288.0
1575345290.399873, -288.0
1575345290.426304, -288.0
1575345291.086872, -288.0
1575345291.11259, -288.0
1575345291.138093, -286.0
1575345291.69603, -286.0
1575345291.721818, -286.0
1575345291.747453, -286.0
1575345291.773137, -286.0
1575345292.295737, -286.0
1575345270.885884, -293.0
1575345271.313002, -293.0
1575345271.338269, -293.0
1575345271.363697, -293.0
1575345271.388817, -293.0
1575345271.415441, -293.0
1575345271.441558, -293.0
1575345271.470332, -293.0
1575345271.495645, -293.0
1575345272.132425, -293.0
1575345272.583504, -293.0
1575345273.159396, -293.0
1575345273.184841, -293.0
1575345273.210594, -293.0
1575345273.238907, -293.0
1575345273.26549, -293.0
1575345273.29208, -293.0
1575345273.31888, -293.0
1575345273.345734, -293.0
1575345273.372283, -293.0
1575345273.398823, -293.0
1575345273.425296, -293.0
1575345273.452121, -293.0
1575345273.478101, -293.0
1575345273.50416, -293.0
1575345273.530211, -293.0
1575345273.557746, -293.0
1575345273.585745, -293.0
1575345273.614891, -293.0
1575345273.643961, -293.0
1575345273.672572, -293.0
1575345273.701518, -293.0
1575345273.728309, -293.0
1575345273.754162, -293.0
1575345273.779781, -293.0
1575345273.805467, -293.0
1575345273.831457, -293.0
1575345273.857192, -293.0
1575345273.882863, -293.0
1575345273.908423, -293.0
1575345273.933728, -293.0
1575345273.959444, -293.0
1575345273.988368, -293.0
1575345274.519283, -293.0
1575345275.036505, -292.0
1575345275.501654, -292.0
1575345275.974269, -292.0
1575345275.999469, -292.0
1575345276.024705, -292.0
1575345276.050664, -292.0
1575345276.079534, -292.0
1575345276.108326, -292.0
1575345276.135871, -292.0
1575345276.163026, -292.0
1575345276.190745, -292.0
1575345276.219444, -292.0
1575345276.247681, -291.0
1575345276.276284, -291.0
1575345276.304734, -291.0
1575345276.333527, -291.0
1575345276.36238, -291.0
1575345276.391037, -291.0
1575345276.419488, -291.0
1575345276.44788, -291.0
1575345276.476314, -291.0
1575345276.503942, -291.0
1575345276.531828, -291.0
1575345276.559709, -291.0
1575345276.587325, -291.0
1575345276.61488, -291.0
1575345276.64216, -291.0
1575345276.669223, -291.0
1575345276.696105, -291.0
1575345276.72245, -291.0
1575345276.749462, -291.0
1575345276.776338, -291.0
1575345276.802355, -291.0
1575345276.828417, -291.0
1575345276.855039, -291.0
1575345276.881919, -291.0
1575345276.908812, -291.0
1575345276.935651, -291.0
1575345276.962551, -291.0
1575345276.989511, -291.0
1575345277.016742, -291.0
1575345277.043318, -291.0
1575345277.737235, -291.0
1575345278.183544, -291.0
1575345278.670179, -291.0
1575345278.695709, -291.0
1575345279.165101, -291.0
1575345279.619294, -291.0
1575345280.097725, -291.0
1575345280.567005, -288.0
1575345281.018726, -288.0
1575345281.044183, -288.0
1575345281.071359, -288.0
1575345281.097908, -288.0
1575345281.124742, -288.0
1575345281.151605, -288.0
1575345282.057308, -288.0
1575345282.54138, -288.0
1575345282.566657, -288.0
1575345283.041254, -288.0
1575345283.541797, -288.0
1575345283.567318, -288.0
1575345283.997885, -288.0
1575345284.556322, -288.0
1575345285.022694, -288.0
1575345285.499576, -288.0
1575345285.973528, -288.0
1575345286.447278, -288.0
1575345286.472639, -288.0
1575345286.921298, -288.0
1575345287.419562, -288.0
1575345287.867489, -288.0
1575345287.893248, -288.0
1575345287.918425, -288.0
1575345287.944103, -288.0
1575345288.416782, -288.0
1575345288.883948, -288.0
1575345289.332269, -288.0
1575345289.820462, -288.0
1575345289.846161, -288.0
1575345289.871462, -288.0
1575345290.424838, -288.0
1575345290.923179, -288.0
1575345291.37218, -286.0
1575345291.846216, -286.0
1575345292.366714, -286.0
1575345292.864065, -286.0
1575345293.335734, -286.0
1575345293.840021, -286.0
1575345294.299357, -286.0
1575345294.773335, -286.0
1575345295.211755, -286.0
1575345295.654609, -286.0
1575345296.103924, -286.0
1575345296.552803, -286.0
1575345296.578301, -286.0
1575345297.066119, -286.0
1575345297.091507, -286.0
1575345297.117456, -286.0
1575345297.144054, -286.0
1575345297.637826, -286.0
1575345298.099478, -286.0
1575345298.585626, -286.0
1575345298.61111, -286.0
1575345298.636755, -286.0
1575345299.112626, -286.0
1575345299.581978, -286.0
1575345300.13137, -286.0
1575345300.156852, -286.0
1575345300.64435, -282.0
1575345301.199884, -282.0
1575345301.661712, -282.0
1575345302.125966, -282.0
1575345302.628606, -282.0
1575345303.048367, -282.0
1575345303.483611, -282.0
1575345303.975205, -282.0
1575345304.448045, -282.0
1575345304.93929, -282.0
1575345304.964553, -282.0
1575345304.989651, -282.0
1575345305.443611, -282.0
1575345305.916688, -282.0
1575345306.350219, -282.0
1575345306.801126, -282.0
1575345307.235621, -282.0
1575345307.261103, -282.0
1575345307.713894, -282.0
1575345308.140415, -282.0
1575345308.660902, -282.0
1575345309.355989, -282.0
1575345309.383381, -282.0
1575345309.412065, -282.0
1575345309.43937, -282.0
1575345309.467571, -282.0
1575345309.493914, -282.0
1575345309.519932, -282.0
1575345309.546722, -282.0
1575345309.572649, -282.0
1575345310.105002, -282.0
1575345310.131301, -282.0
1575345310.159806, -282.0
1575345310.186757, -282.0
1575345310.213265, -282.0
1575345310.239838, -282.0
1575345310.266439, -282.0
1575345310.292895, -282.0
1575345310.319295, -282.0
1575345310.345662, -282.0
1575345310.371855, -282.0
1575345310.398241, -282.0
1575345310.424416, -282.0
1575345310.450709, -282.0
1575345310.476997, -282.0
1575345310.503146, -282.0
1575345310.52927, -282.0
1575345310.555489, -282.0
1575345310.581886, -282.0
1575345310.608206, -282.0
1575345310.634845, -282.0
1575345310.662772, -282.0
1575345310.68954, -282.0
1575345311.197699, -282.0
1575345311.704892, -282.0
1575345311.730772, -282.0
1575345312.199188, -282.0
1575345312.685159, -282.0
1575345313.141728, -282.0
1575345313.575884, -282.0
1575345314.015745, -282.0
1575345314.487453, -282.0
1575345314.935708, -282.0
1575345315.403185, -282.0
1575345315.86398, -282.0
1575345316.314395, -282.0
1575345316.791873, -282.0
1575345317.268247, -282.0
1575345317.759486, -282.0
1575345318.227856, -282.0
1575345318.679829, -282.0
1575345319.136703, -282.0
1575345319.58505, -282.0
1575345320.030499, -282.0
1575345320.488452, -282.0
1575345320.936316, -282.0
1575345321.363624, -282.0
1575345321.795585, -282.0
1575345322.278598, -282.0
1575345322.724646, -282.0
1575345322.750075, -282.0
1575345322.775442, -282.0
1575345323.217107, -282.0
1575345323.690948, -282.0
1575345324.134196, -282.0
1575345324.59055, -282.0
1575345325.009451, -282.0
1575345325.462842, -282.0
1575345325.875594, -282.0
1575345326.343144, -282.0
1575345326.815202, -282.0
1575345327.277781, -282.0
1575345327.735497, -282.0
1575345328.172493, -282.0
1575345328.61598, -282.0
1575345329.090462, -282.0
1575345329.537351, -282.0
1575345270.908389, -293.0
1575345271.320493, -293.0
1575345271.346186, -293.0
1575345271.371587, -293.0
1575345271.396854, -293.0
1575345271.423743, -293.0
1575345271.449607, -293.0
1575345271.478202, -293.0
1575345271.503678, -293.0
1575345271.529358, -293.0
1575345271.555555, -293.0
1575345271.581926, -293.0
1575345271.608642, -293.0
1575345271.635181, -293.0
1575345271.661861, -293.0
1575345271.68895, -293.0
1575345271.715765, -293.0
1575345271.744371, -293.0
1575345271.772494, -293.0
1575345271.800805, -293.0
1575345271.829358, -293.0
1575345271.857846, -293.0
1575345271.886227, -293.0
1575345271.914512, -293.0
1575345271.941933, -293.0
1575345271.96918, -293.0
1575345271.99628, -293.0
1575345272.023385, -293.0
1575345272.050209, -293.0
1575345272.077484, -293.0
1575345272.104609, -293.0
1575345272.131492, -293.0
1575345272.158157, -293.0
1575345272.184901, -293.0
1575345272.211569, -293.0
1575345272.238338, -293.0
1575345272.264772, -293.0
1575345272.29035, -293.0
1575345272.317501, -293.0
1575345272.344491, -293.0
1575345272.372746, -293.0
1575345272.401544, -293.0
1575345272.430421, -293.0
1575345272.459603, -293.0
1575345272.486524, -293.0
1575345272.511991, -293.0
1575345272.537264, -293.0
1575345272.562503, -293.0
1575345272.587756, -293.0
1575345272.612963, -293.0
1575345272.638778, -293.0
1575345272.664225, -293.0
1575345272.690618, -293.0
1575345272.719141, -293.0
1575345272.747666, -293.0
1575345272.775102, -293.0
1575345272.802218, -293.0
1575345272.829308, -293.0
1575345272.856565, -293.0
1575345272.884714, -293.0
1575345272.913593, -293.0
1575345272.939532, -293.0
1575345273.524997, -293.0
1575345273.979873, -293.0
1575345274.581823, -293.0
1575345274.607818, -293.0
1575345274.633731, -293.0
1575345274.659791, -293.0
1575345274.686097, -293.0
1575345274.712568, -292.0
1575345274.740973, -292.0
1575345274.767722, -292.0
1575345274.795467, -292.0
1575345275.723071, -292.0
1575345276.232518, -291.0
1575345276.957682, -291.0
1575345277.637004, -291.0
1575345278.228407, -291.0
1575345278.781379, -291.0
1575345279.302619, -291.0
1575345279.783638, -291.0
1575345280.291703, -291.0
1575345280.822155, -288.0
1575345281.379507, -288.0
1575345281.405275, -288.0
1575345281.43144, -288.0
1575345281.459906, -288.0
1575345281.488623, -288.0
1575345281.517523, -288.0
1575345281.544912, -288.0
1575345281.570791, -288.0
1575345281.607212, -288.0
1575345281.632701, -288.0
1575345281.65829, -288.0
1575345281.683818, -288.0
1575345282.209593, -288.0
1575345282.234939, -288.0
1575345282.785503, -288.0
1575345283.250876, -288.0
1575345283.763245, -288.0
1575345284.260557, -288.0
1575345284.873827, -288.0
1575345285.524291, -288.0
1575345286.179747, -288.0
1575345286.20574, -288.0
1575345286.845217, -288.0
1575345287.354277, -288.0
1575345287.381172, -288.0
1575345287.410054, -288.0
1575345287.438766, -288.0
1575345287.466191, -288.0
1575345287.49306, -288.0
1575345287.520766, -288.0
1575345287.54895, -288.0
1575345287.575672, -288.0
1575345288.186899, -288.0
1575345288.212674, -288.0
1575345288.827269, -288.0
1575345289.495717, -288.0
1575345289.52171, -288.0
1575345289.547276, -288.0
1575345289.572839, -288.0
1575345290.165311, -288.0
1575345290.190639, -288.0
1575345290.675041, -288.0
1575345291.12761, -286.0
1575345291.588137, -286.0
1575345292.057959, -286.0
1575345292.544686, -286.0
1575345293.018241, -286.0
1575345293.512256, -286.0
1575345293.99132, -286.0
1575345294.453001, -286.0
1575345294.921755, -286.0
1575345295.39866, -286.0
1575345295.42417, -286.0
1575345295.911026, -286.0
1575345295.936598, -286.0
1575345296.399407, -286.0
1575345296.858642, -286.0
1575345297.309737, -286.0
1575345297.335284, -286.0
1575345297.89386, -286.0
1575345298.384017, -286.0
1575345298.409618, -286.0
1575345298.436639, -286.0
1575345298.465286, -286.0
1575345298.493722, -286.0
1575345298.519975, -286.0
1575345298.546435, -286.0
1575345298.573618, -286.0
1575345298.600624, -286.0
1575345298.627988, -286.0
1575345299.665074, -286.0
1575345300.174106, -286.0
1575345300.694786, -282.0
1575345300.720703, -282.0
1575345300.749511, -282.0
1575345300.777644, -282.0
1575345300.805055, -282.0
1575345300.832318, -282.0
1575345300.859586, -282.0
1575345300.886823, -282.0
1575345300.914116, -282.0
1575345300.941464, -282.0
1575345300.968726, -282.0
1575345300.996694, -282.0
1575345301.025554, -282.0
1575345301.054341, -282.0
1575345301.081808, -282.0
1575345301.109012, -282.0
1575345301.137133, -282.0
1575345301.165691, -282.0
1575345301.194711, -282.0
1575345301.22108, -282.0
1575345301.248388, -282.0
1575345301.276041, -282.0
1575345301.303341, -282.0
1575345301.330363, -282.0
1575345301.357354, -282.0
1575345301.384508, -282.0
1575345301.411514, -282.0
1575345301.438661, -282.0
1575345301.465746, -282.0
1575345301.492748, -282.0
1575345301.519764, -282.0
1575345301.546528, -282.0
1575345301.573286, -282.0
1575345301.600146, -282.0
1575345301.626985, -282.0
1575345301.655008, -282.0
1575345301.68197, -282.0
1575345301.708861, -282.0
1575345301.735798, -282.0
1575345301.764689, -282.0
1575345301.78994, -282.0
1575345301.815772, -282.0
1575345301.844537, -282.0
1575345301.872326, -282.0
1575345301.899059, -282.0
1575345301.924967, -282.0
1575345301.950591, -282.0
1575345301.976257, -282.0
1575345302.00248, -282.0
1575345302.028532, -282.0
1575345302.055293, -282.0
1575345302.081181, -282.0
1575345302.106946, -282.0
1575345302.133238, -282.0
1575345302.158643, -282.0
1575345302.187829, -282.0
1575345302.213525, -282.0
1575345302.240133, -282.0
1575345302.268657, -282.0
1575345302.764969, -282.0
1575345303.25209, -282.0
1575345303.755839, -282.0
1575345304.239103, -282.0
1575345304.264599, -282.0
1575345304.71088, -282.0
1575345305.170378, -282.0
1575345305.195611, -282.0
1575345305.650695, -282.0
1575345305.676182, -282.0
1575345305.70142, -282.0
1575345306.175923, -282.0
1575345306.201384, -282.0
1575345306.226546, -282.0
1575345306.251968, -282.0
1575345306.727808, -282.0
1575345307.199443, -282.0
1575345307.693023, -282.0
1575345308.15698, -282.0
1575345308.62473, -282.0
1575345309.098386, -282.0
1575345309.550051, -282.0
1575345310.003265, -282.0
1575345310.028814, -282.0
1575345310.495657, -282.0
1575345310.97064, -282.0
1575345311.470863, -282.0
1575345311.930965, -282.0
1575345312.386067, -282.0
1575345312.85374, -282.0
1575345313.363781, -282.0
1575345313.805468, -282.0
1575345313.83113, -282.0
1575345314.294902, -282.0
1575345314.320245, -282.0
1575345314.345855, -282.0
1575345292.808531, -286.0
1575345292.834139, -286.0
1575345292.862969, -286.0
1575345292.889784, -286.0
1575345292.919013, -286.0
1575345292.944444, -286.0
1575345292.969907, -286.0
1575345292.995395, -286.0
1575345293.020848, -286.0
1575345293.046018, -286.0
1575345293.071522, -286.0
1575345293.097047, -286.0
1575345293.12248, -286.0
1575345293.690784, -286.0
1575345293.716256, -286.0
1575345293.741527, -286.0
1575345294.193234, -286.0
1575345294.219242, -286.0
1575345294.244723, -286.0
1575345294.75512, -286.0
1575345295.272914, -286.0
1575345295.798724, -286.0
1575345296.354034, -286.0
1575345296.891209, -286.0
1575345297.390582, -286.0
1575345297.416671, -286.0
1575345297.913836, -286.0
1575345298.442026, -286.0
1575345298.97544, -286.0
1575345299.521647, -286.0
1575345300.058541, -286.0
1575345300.084088, -286.0
1575345300.557929, -286.0
1575345301.081271, -282.0
1575345301.106735, -282.0
1575345301.132182, -282.0
1575345301.157649, -282.0
1575345301.183146, -282.0
1575345301.83759, -282.0
1575345301.863154, -282.0
1575345302.321979, -282.0
1575345302.347529, -282.0
1575345302.373161, -282.0
1575345302.399147, -282.0
1575345302.425022, -282.0
1575345302.450741, -282.0
1575345302.476518, -282.0
1575345302.50259, -282.0
1575345302.528333, -282.0
1575345302.554384, -282.0
1575345302.580431, -282.0
1575345302.606644, -282.0
1575345302.632764, -282.0
1575345302.658956, -282.0
1575345302.685015, -282.0
1575345302.711303, -282.0
1575345302.737489, -282.0
1575345302.763772, -282.0
1575345302.789598, -282.0
1575345302.81574, -282.0
1575345302.841828, -282.0
1575345302.867789, -282.0
1575345302.894251, -282.0
1575345302.92067, -282.0
1575345302.946764, -282.0
1575345302.972979, -282.0
1575345302.99912, -282.0
1575345303.025199, -282.0
1575345303.051216, -282.0
1575345303.07737, -282.0
1575345303.103601, -282.0
1575345303.12979, -282.0
1575345303.919234, -282.0
1575345304.469161, -282.0
1575345304.494838, -282.0
1575345304.520541, -282.0
1575345304.546297, -282.0
1575345305.175154, -282.0
1575345305.201108, -282.0
1575345305.873729, -282.0
1575345305.899383, -282.0
1575345306.321954, -282.0
1575345306.780995, -282.0
1575345307.261051, -282.0
1575345307.690952, -282.0
1575345308.158023, -282.0
1575345308.61427, -282.0
1575345309.053939, -282.0
1575345309.513254, -282.0
1575345309.95138, -282.0
1575345310.402049, -282.0
1575345310.837932, -282.0
1575345311.255244, -282.0
1575345311.711269, -282.0
1575345312.160111, -282.0
1575345312.577141, -282.0
1575345313.025224, -282.0
1575345313.459561, -282.0
1575345313.896302, -282.0
1575345313.921775, -282.0
1575345313.946997, -282.0
1575345313.972668, -282.0
1575345314.436132, -282.0
1575345314.461657, -282.0
1575345314.487365, -282.0
1575345314.955886, -282.0
1575345315.411095, -282.0
1575345315.8234, -282.0
1575345315.849155, -282.0
1575345315.874521, -282.0
1575345315.900607, -282.0
1575345315.926438, -282.0
1575345315.953915, -282.0
1575345315.979762, -282.0
1575345316.005321, -282.0
1575345316.654448, -282.0
1575345317.096537, -282.0
1575345317.500343, -282.0
1575345317.93709, -282.0
1575345318.383601, -282.0
1575345318.409165, -282.0
1575345318.434654, -282.0
1575345318.459969, -282.0
1575345318.486078, -282.0
1575345318.511982, -282.0
1575345318.537799, -282.0
1575345319.027517, -282.0
1575345319.053134, -282.0
1575345319.078379, -282.0
1575345319.104103, -282.0
1575345319.129622, -282.0
1575345319.154873, -282.0
1575345319.180285, -282.0
1575345319.205548, -282.0
1575345319.230983, -282.0
1575345319.256433, -282.0
1575345319.281966, -282.0
1575345319.711693, -282.0
1575345320.1665, -282.0
1575345320.603745, -282.0
1575345321.061468, -282.0
1575345321.087154, -282.0
1575345321.112871, -282.0
1575345321.138275, -282.0
1575345321.596307, -282.0
1575345322.038118, -282.0
1575345322.480446, -282.0
1575345322.921368, -282.0
1575345323.343922, -282.0
1575345323.793568, -282.0
1575345324.242076, -282.0
1575345324.669502, -282.0
1575345325.114592, -282.0
1575345325.595524, -282.0
1575345326.029155, -282.0
1575345326.466459, -282.0
1575345326.925117, -282.0
1575345327.377958, -282.0
1575345327.828348, -282.0
1575345328.259737, -282.0
1575345328.688591, -282.0
1575345329.133339, -282.0
1575345329.570013, -282.0
1575345330.025065, -282.0
1575345330.540232, -282.0
1575345330.959796, -282.0
1575345331.367196, -282.0
1575345331.782216, -282.0
1575345332.229856, -282.0
1575345332.667435, -282.0
1575345333.114722, -282.0
1575345333.527029, -282.0
1575345333.552352, -282.0
1575345333.986849, -282.0
1575345334.425506, -282.0
1575345334.867521, -282.0
1575345335.297398, -282.0
1575345335.734238, -282.0
1575345336.148449, -282.0
1575345336.592164, -282.0
1575345337.008647, -282.0
1575345337.427864, -282.0
1575345337.855013, -282.0
1575345338.27838, -282.0
1575345338.712023, -282.0
1575345339.170803, -282.0
1575345339.606256, -282.0
1575345340.029476, -282.0
1575345340.466215, -282.0
1575345340.896567, -282.0
1575345341.353674, -282.0
1575345341.786796, -282.0
1575345342.230937, -282.0
1575345342.659302, -282.0
1575345343.082623, -282.0
1575345343.525809, -282.0
1575345343.967642, -282.0
1575345344.382215, -282.0
1575345344.816222, -282.0
1575345345.274733, -282.0
1575345345.700269, -282.0
1575345346.129548, -282.0
1575345346.569035, -282.0
1575345347.015052, -282.0
1575345347.441089, -282.0
1575345347.866337, -282.0
1575345348.283599, -282.0
1575345348.730257, -282.0
1575345349.187173, -282.0
1575345349.656134, -282.0
1575345350.075961, -282.0
1575345350.463727, -282.0
1575345350.866141, -282.0
1575345351.300601, -282.0
1575345351.722003, -282.0
1575345352.179047, -282.0
1575345352.587941, -282.0
1575345352.992532, -282.0
1575345353.432461, -282.0
1575345353.877766, -282.0
1575345354.293103, -282.0
1575345354.73905, -282.0
1575345355.165412, -282.0
1575345355.628904, -282.0
1575345356.069235, -282.0
1575345356.529795, -282.0
1575345356.94827, -282.0
1575345357.3831, -282.0
1575345357.824102, -282.0
1575345358.237959, -282.0
1575345358.673887, -282.0
1575345359.105656, -282.0
1575345359.542054, -282.0
1575345359.993148, -282.0
1575345360.444524, -282.0
1575345360.880404, -282.0
1575345361.291596, -282.0
1575345361.719106, -282.0
1575345362.170549, -282.0
1575345362.591771, -282.0
1575345363.03266, -282.0
1575345363.488153, -282.0
1575345363.957607, -282.0
1575345364.449902, -282.0
1575345364.894361, -282.0
1575345365.3576, -282.0
1575345365.821923, -282.0
1575345366.282564, -282.0
1575345366.736014, -282.0
1575345367.213448, -282.0
1575345314.436354, -282.0
1575345314.907496, -282.0
1575345314.932942, -282.0
1575345314.95828, -282.0
1575345315.384485, -282.0
1575345315.410369, -282.0
1575345315.435985, -282.0
1575345315.465245, -282.0
1575345315.493828, -282.0
1575345315.522697, -282.0
1575345315.549305, -282.0
1575345315.575675, -282.0
1575345315.601454, -282.0
1575345315.627473, -282.0
1575345316.22639, -282.0
1575345316.687263, -282.0
1575345317.107429, -282.0
1575345317.537959, -282.0
1575345317.963293, -282.0
1575345318.377756, -282.0
1575345318.809642, -282.0
1575345319.230063, -282.0
1575345319.664077, -282.0
1575345320.125571, -282.0
1575345320.571631, -282.0
1575345321.006374, -282.0
1575345321.452612, -282.0
1575345321.878187, -282.0
1575345322.294001, -282.0
1575345322.710298, -282.0
1575345323.145172, -282.0
1575345323.592434, -282.0
1575345324.011365, -282.0
1575345324.433335, -282.0
1575345324.88168, -282.0
1575345325.325845, -282.0
1575345325.768456, -282.0
1575345326.211384, -282.0
1575345326.657774, -282.0
1575345327.102486, -282.0
1575345327.561145, -282.0
1575345327.998581, -282.0
1575345328.442527, -282.0
1575345328.863663, -282.0
1575345329.346981, -282.0
1575345329.788809, -282.0
1575345330.223743, -282.0
1575345330.653178, -282.0
1575345331.098975, -282.0
1575345331.584354, -282.0
1575345332.038114, -282.0
1575345332.463152, -282.0
1575345332.932626, -282.0
1575345333.350543, -282.0
1575345333.780879, -282.0
1575345334.19244, -282.0
1575345334.641756, -282.0
1575345335.054023, -282.0
1575345335.48345, -282.0
1575345335.94213, -282.0
1575345336.376903, -282.0
1575345336.793887, -282.0
1575345337.257314, -282.0
1575345337.705168, -282.0
1575345338.143772, -282.0
1575345338.169345, -282.0
1575345338.6183, -282.0
1575345339.069228, -282.0
1575345339.502649, -282.0
1575345339.96581, -282.0
1575345340.41859, -282.0
1575345340.874753, -282.0
1575345341.344362, -282.0
1575345341.786253, -282.0
1575345342.231115, -282.0
1575345342.669859, -282.0
1575345343.07532, -282.0
1575345343.5224, -282.0
1575345343.929777, -282.0
1575345344.381741, -282.0
1575345344.816924, -282.0
1575345345.272831, -282.0
1575345345.723012, -282.0
1575345346.167576, -282.0
1575345346.63343, -282.0
1575345347.092946, -282.0
1575345347.118432, -282.0
1575345347.557402, -282.0
1575345347.997844, -282.0
1575345348.42677, -282.0
1575345348.8505, -282.0
1575345349.307166, -282.0
1575345349.785075, -282.0
1575345350.240727, -282.0
1575345350.675472, -282.0
1575345351.119743, -282.0
1575345351.556747, -282.0
1575345351.993889, -282.0
1575345352.421951, -282.0
1575345352.883761, -282.0
1575345353.312496, -282.0
1575345353.775011, -282.0
1575345354.205555, -282.0
1575345354.640074, -282.0
1575345355.073631, -282.0
1575345355.494031, -282.0
1575345355.9366, -282.0
1575345356.375907, -282.0
1575345356.810633, -282.0
1575345357.284939, -282.0
1575345357.738321, -282.0
1575345358.200831, -282.0
1575345358.623985, -282.0
1575345359.084066, -282.0
1575345359.533261, -282.0
1575345359.983612, -282.0
1575345360.452194, -282.0
1575345360.876013, -282.0
1575345361.29787, -282.0
1575345361.733202, -282.0
1575345362.155624, -282.0
1575345362.619089, -282.0
1575345363.046325, -282.0
1575345363.493915, -282.0
1575345363.949003, -282.0
1575345364.37769, -282.0
1575345364.797655, -282.0
1575345365.234427, -282.0
1575345365.670872, -282.0
1575345366.130677, -282.0
1575345366.596946, -282.0
1575345367.036669, -282.0
1575345367.509724, -282.0
1575345367.979, -282.0
1575345368.416452, -282.0
1575345368.844118, -282.0
1575345369.268935, -282.0
1575345369.692852, -282.0
1575345370.145001, -282.0
1575345370.601055, -282.0
1575345371.017743, -282.0
1575345371.427128, -282.0
1575345371.842197, -282.0
1575345372.286004, -282.0
1575345372.732212, -282.0
1575345373.188879, -282.0
1575345373.622473, -282.0
1575345374.071782, -282.0
1575345374.515278, -282.0
1575345374.98588, -282.0
1575345375.432856, -282.0
1575345375.860435, -282.0
1575345376.337293, -282.0
1575345376.791871, -282.0
1575345376.817402, -282.0
1575345377.268718, -282.0
1575345377.694304, -282.0
1575345378.14431, -282.0
1575345378.617535, -282.0
1575345379.04656, -282.0
1575345379.493568, -282.0
1575345379.933319, -282.0
1575345380.348979, -282.0
1575345380.794889, -282.0
1575345381.245642, -282.0
1575345381.696646, -282.0
1575345382.125676, -282.0
1575345382.558579, -282.0
1575345383.010323, -282.0
1575345383.473471, -282.0
1575345383.944522, -282.0
1575345384.398128, -282.0
1575345384.83275, -282.0
1575345385.277062, -282.0
1575345385.713835, -282.0
1575345386.157819, -282.0
1575345386.632434, -282.0
1575345387.093126, -282.0
1575345387.118856, -282.0
1575345387.144452, -282.0
1575345387.615442, -282.0
1575345387.641191, -282.0
1575345388.131284, -282.0
1575345388.564785, -282.0
1575345389.018505, -282.0
1575345389.484435, -282.0
1575345389.916239, -282.0
1575345390.346323, -282.0
1575345390.784713, -282.0
1575345391.260972, -282.0
1575345391.741162, -282.0
1575345392.221712, -282.0
1575345392.661059, -282.0
1575345393.122918, -282.0
1575345393.552547, -282.0
1575345394.003292, -282.0
1575345394.457604, -282.0
1575345394.907252, -282.0
1575345395.344063, -282.0
1575345395.81194, -282.0
1575345396.270651, -282.0
1575345396.733353, -282.0
1575345397.193943, -282.0
1575345397.657439, -282.0
1575345398.107787, -282.0
1575345398.133176, -282.0
1575345398.581825, -282.0
1575345399.052431, -282.0
1575345399.502948, -282.0
1575345399.528272, -282.0
1575345399.960639, -282.0
1575345400.411054, -282.0
1575345400.863155, -282.0
1575345401.325707, -282.0
1575345401.752236, -282.0
1575345402.213571, -282.0
1575345402.663717, -282.0
1575345403.109546, -282.0
1575345403.580346, -282.0
1575345404.040935, -282.0
1575345404.472122, -282.0
1575345404.921816, -282.0
1575345405.371421, -282.0
1575345405.807982, -282.0
1575345406.268458, -282.0
1575345406.699389, -282.0
1575345407.138417, -282.0
1575345407.584678, -282.0
1575345408.045192, -282.0
1575345408.498885, -282.0
1575345408.943727, -282.0
1575345409.385227, -282.0
1575345409.410579, -282.0
1575345409.43598, -282.0
1575345409.461328, -282.0
1575345409.928099, -282.0
1575345410.398064, -282.0
1575345410.423277, -282.0
1575345410.874265, -282.0
1575345411.338992, -282.0
1575345411.363982, -282.0
1575345411.389229, -282.0
1575345411.414397, -282.0
1575345411.439676, -282.0
1575345411.46504, -282.0
1575345411.490102, -282.0
1575345411.515298, -282.0
1575345411.540395, -282.0
1575345411.565694, -282.0
1575345411.590891, -282.0
1575345329.627198, -282.0
1575345329.652436, -282.0
1575345330.091363, -282.0
1575345330.55821, -282.0
1575345330.995503, -282.0
1575345331.021033, -282.0
1575345331.471232, -282.0
1575345331.496533, -282.0
1575345331.522158, -282.0
1575345331.54798, -282.0
1575345331.573621, -282.0
1575345331.600677, -282.0
1575345331.626361, -282.0
1575345332.046195, -282.0
1575345332.482536, -282.0
1575345332.508075, -282.0
1575345332.533752, -282.0
1575345332.559429, -282.0
1575345332.585494, -282.0
1575345332.612071, -282.0
1575345332.639779, -282.0
1575345332.667505, -282.0
1575345332.694998, -282.0
1575345332.721019, -282.0
1575345333.174394, -282.0
1575345333.1999, -282.0
1575345333.225218, -282.0
1575345333.661043, -282.0
1575345333.686509, -282.0
1575345334.128217, -282.0
1575345334.153427, -282.0
1575345334.58344, -282.0
1575345334.608751, -282.0
1575345335.054358, -282.0
1575345335.485611, -282.0
1575345335.919125, -282.0
1575345336.380546, -282.0
1575345336.406083, -282.0
1575345336.431424, -282.0
1575345336.456934, -282.0
1575345336.482298, -282.0
1575345336.889218, -282.0
1575345337.302662, -282.0
1575345337.328219, -282.0
1575345337.753937, -282.0
1575345337.779364, -282.0
1575345338.189925, -282.0
1575345338.215319, -282.0
1575345338.240669, -282.0
1575345338.662666, -282.0
1575345338.688132, -282.0
1575345338.713591, -282.0
1575345338.738939, -282.0
1575345338.764276, -282.0
1575345338.789629, -282.0
1575345338.815018, -282.0
1575345339.254676, -282.0
1575345339.280161, -282.0
1575345339.305565, -282.0
1575345339.331019, -282.0
1575345339.356554, -282.0
1575345339.381974, -282.0
1575345339.407084, -282.0
1575345339.432401, -282.0
1575345339.457892, -282.0
1575345339.483236, -282.0
1575345339.508675, -282.0
1575345339.534258, -282.0
1575345339.559743, -282.0
1575345339.585106, -282.0
1575345339.610524, -282.0
1575345339.635968, -282.0
1575345339.66136, -282.0
1575345339.686723, -282.0
1575345339.712138, -282.0
1575345339.737418, -282.0
1575345340.178279, -282.0
1575345340.624834, -282.0
1575345341.04262, -282.0
1575345341.068097, -282.0
1575345341.093309, -282.0
1575345341.533092, -282.0
1575345341.996024, -282.0
1575345342.021536, -282.0
1575345342.046842, -282.0
1575345342.072353, -282.0
1575345342.510147, -282.0
1575345342.535711, -282.0
1575345342.560936, -282.0
1575345342.972553, -282.0
1575345342.998499, -282.0
1575345343.023812, -282.0
1575345343.469758, -282.0
1575345343.918851, -282.0
1575345344.340513, -282.0
1575345344.803399, -282.0
1575345345.25903, -282.0
1575345345.688518, -282.0
1575345346.127089, -282.0
1575345346.553891, -282.0
1575345346.579235, -282.0
1575345347.006238, -282.0
1575345347.453592, -282.0
1575345347.882493, -282.0
1575345347.907935, -282.0
1575345347.933489, -282.0
1575345347.958885, -282.0
1575345347.984231, -282.0
1575345348.421053, -282.0
1575345348.446223, -282.0
1575345348.471298, -282.0
1575345348.496751, -282.0
1575345348.522229, -282.0
1575345348.547759, -282.0
1575345348.573189, -282.0
1575345348.59899, -282.0
1575345349.03405, -282.0
1575345349.059594, -282.0
1575345349.084814, -282.0
1575345349.110403, -282.0
1575345349.136223, -282.0
1575345349.162279, -282.0
1575345349.188988, -282.0
1575345349.214942, -282.0
1575345349.240711, -282.0
1575345349.266406, -282.0
1575345349.783413, -282.0
1575345349.808828, -282.0
1575345349.834091, -282.0
1575345350.269963, -282.0
1575345350.700327, -282.0
1575345351.130163, -282.0
1575345351.568134, -282.0
1575345351.978453, -282.0
1575345352.004293, -282.0
1575345352.472351, -282.0
1575345352.901589, -282.0
1575345352.927043, -282.0
1575345353.35689, -282.0
1575345353.790988, -282.0
1575345354.240145, -282.0
1575345354.657711, -282.0
1575345355.058403, -282.0
1575345355.084408, -282.0
1575345355.109717, -282.0
1575345355.562931, -282.0
1575345355.976368, -282.0
1575345356.383734, -282.0
1575345356.808954, -282.0
1575345357.270948, -282.0
1575345357.711071, -282.0
1575345358.128234, -282.0
1575345358.574865, -282.0
1575345359.002945, -282.0
1575345359.028406, -282.0
1575345359.053663, -282.0
1575345359.503021, -282.0
1575345359.943368, -282.0
1575345360.375675, -282.0
1575345360.787092, -282.0
1575345361.234751, -282.0
1575345361.26029, -282.0
1575345361.285409, -282.0
1575345361.310919, -282.0
1575345361.336411, -282.0
1575345361.361963, -282.0
1575345361.387448, -282.0
1575345361.413097, -282.0
1575345361.438427, -282.0
1575345361.46403, -282.0
1575345361.489686, -282.0
1575345361.515383, -282.0
1575345361.540878, -282.0
1575345362.002466, -282.0
1575345362.028138, -282.0
1575345362.443617, -282.0
1575345362.469151, -282.0
1575345362.49436, -282.0
1575345362.519697, -282.0
1575345362.946546, -282.0
1575345363.390931, -282.0
1575345363.805969, -282.0
1575345364.219566, -282.0
1575345364.652575, -282.0
1575345365.101996, -282.0
1575345365.537537, -282.0
1575345365.942983, -282.0
1575345366.329061, -282.0
1575345366.781231, -282.0
1575345366.806663, -282.0
1575345367.222271, -282.0
1575345367.655124, -282.0
1575345368.11039, -282.0
1575345368.136055, -282.0
1575345368.161648, -282.0
1575345368.589631, -282.0
1575345368.615124, -282.0
1575345369.055724, -282.0
1575345369.081714, -282.0
1575345369.107192, -282.0
1575345369.132735, -282.0
1575345369.552452, -282.0
1575345369.99913, -282.0
1575345370.444071, -282.0
1575345370.921896, -282.0
1575345371.339659, -282.0
1575345371.772101, -282.0
1575345372.198802, -282.0
1575345372.636396, -282.0
1575345373.089566, -282.0
1575345373.528527, -282.0
1575345373.963652, -282.0
1575345374.39491, -282.0
1575345374.832552, -282.0
1575345375.248935, -282.0
1575345375.66836, -282.0
1575345376.120883, -282.0
1575345376.55416, -282.0
1575345376.993126, -282.0
1575345377.404335, -282.0
1575345377.83977, -282.0
1575345378.264494, -282.0
1575345378.70928, -282.0
1575345378.734627, -282.0
1575345378.760212, -282.0
1575345378.785383, -282.0
1575345379.238617, -282.0
1575345379.264076, -282.0
1575345379.289339, -282.0
1575345379.726934, -282.0
1575345380.161691, -282.0
1575345380.592759, -282.0
1575345380.618027, -282.0
1575345380.643555, -282.0
1575345380.669306, -282.0
1575345380.694586, -282.0
1575345380.720156, -282.0
1575345380.745682, -282.0
1575345381.433451, -282.0
1575345381.459236, -282.0
1575345381.484769, -282.0
1575345381.510422, -282.0
1575345381.53611, -282.0
1575345381.561545, -282.0
1575345381.983538, -282.0
1575345382.429649, -282.0
1575345382.869937, -282.0
1575345383.304673, -282.0
1575345383.757594, -282.0
1575345383.783111, -282.0
1575345334.27797, -282.0
1575345334.303536, -282.0
1575345334.3287, -282.0
1575345334.769333, -282.0
1575345334.794639, -282.0
1575345334.820284, -282.0
1575345334.846019, -282.0
1575345334.872726, -282.0
1575345334.90105, -282.0
1575345334.927377, -282.0
1575345335.519513, -282.0
1575345335.970617, -282.0
1575345336.448495, -282.0
1575345337.128213, -282.0
1575345337.624609, -282.0
1575345338.261463, -282.0
1575345338.765258, -282.0
1575345339.389473, -282.0
1575345339.913278, -282.0
1575345340.485825, -282.0
1575345340.51117, -282.0
1575345340.536735, -282.0
1575345340.561951, -282.0
1575345340.587523, -282.0
1575345340.61296, -282.0
1575345340.638472, -282.0
1575345340.663932, -282.0
1575345340.68944, -282.0
1575345341.180872, -282.0
1575345341.6918, -282.0
1575345341.7174, -282.0
1575345341.742689, -282.0
1575345342.383989, -282.0
1575345342.997342, -282.0
1575345343.691065, -282.0
1575345343.71679, -282.0
1575345344.253373, -282.0
1575345344.737257, -282.0
1575345344.762858, -282.0
1575345345.498483, -282.0
1575345346.000655, -282.0
1575345346.512671, -282.0
1575345346.538138, -282.0
1575345346.563317, -282.0
1575345347.18422, -282.0
1575345347.209563, -282.0
1575345347.664471, -282.0
1575345348.257464, -282.0
1575345348.283214, -282.0
1575345348.889848, -282.0
1575345348.915369, -282.0
1575345349.420534, -282.0
1575345349.445841, -282.0
1575345349.471499, -282.0
1575345349.497212, -282.0
1575345349.978208, -282.0
1575345350.47189, -282.0
1575345351.147791, -282.0
1575345351.858566, -282.0
1575345352.478027, -282.0
1575345353.270896, -282.0
1575345353.296365, -282.0
1575345353.321786, -282.0
1575345353.347143, -282.0
1575345353.3723, -282.0
1575345353.82698, -282.0
1575345353.852352, -282.0
1575345353.87813, -282.0
1575345353.907347, -282.0
1575345353.936149, -282.0
1575345353.964687, -282.0
1575345353.99342, -282.0
1575345354.02207, -282.0
1575345354.050596, -282.0
1575345354.079239, -282.0
1575345354.108116, -282.0
1575345354.136781, -282.0
1575345354.165331, -282.0
1575345354.194167, -282.0
1575345354.223197, -282.0
1575345354.250253, -282.0
1575345354.275865, -282.0
1575345354.301183, -282.0
1575345354.326499, -282.0
1575345354.351744, -282.0
1575345354.813983, -282.0
1575345355.268478, -282.0
1575345355.794997, -282.0
1575345356.372791, -282.0
1575345356.952346, -282.0
1575345356.977937, -282.0
1575345357.003353, -282.0
1575345357.028854, -282.0
1575345357.49529, -282.0
1575345357.985161, -282.0
1575345358.564927, -282.0
1575345359.19071, -282.0
1575345359.216236, -282.0
1575345359.791865, -282.0
1575345360.536762, -282.0
1575345361.173961, -282.0
1575345361.727046, -282.0
1575345362.302353, -282.0
1575345362.328096, -282.0
1575345362.353654, -282.0
1575345363.022738, -282.0
1575345363.65903, -282.0
1575345363.684725, -282.0
1575345363.710066, -282.0
1575345364.181162, -282.0
1575345364.718199, -282.0
1575345365.174804, -282.0
1575345365.200411, -282.0
1575345366.185758, -282.0
1575345367.077514, -282.0
1575345367.799618, -282.0
1575345367.825928, -282.0
1575345367.85478, -282.0
1575345367.883686, -282.0
1575345367.911396, -282.0
1575345369.046008, -282.0
1575345369.795532, -282.0
1575345370.559987, -282.0
1575345371.359957, -282.0
1575345371.958451, -282.0
1575345371.98429, -282.0
1575345372.645172, -282.0
1575345372.671371, -282.0
1575345373.414025, -282.0
1575345374.172312, -282.0
1575345374.198044, -282.0
1575345374.779866, -282.0
1575345375.421042, -282.0
1575345375.982913, -282.0
1575345376.508782, -282.0
1575345377.11156, -282.0
1575345377.619249, -282.0
1575345378.262224, -282.0
1575345379.321948, -282.0
1575345379.348363, -282.0
1575345379.846273, -282.0
1575345379.871909, -282.0
1575345379.897374, -282.0
1575345379.923399, -282.0
1575345380.578764, -282.0
1575345380.604638, -282.0
1575345380.631972, -282.0
1575345380.661065, -282.0
1575345380.689885, -282.0
1575345380.717991, -282.0
1575345380.746823, -282.0
1575345380.773598, -282.0
1575345380.800429, -282.0
1575345380.828159, -282.0
1575345380.854536, -282.0
1575345380.882183, -282.0
1575345380.911343, -282.0
1575345380.940239, -282.0
1575345380.966072, -282.0
1575345380.991446, -282.0
1575345381.463698, -282.0
1575345381.983434, -282.0
1575345382.490766, -282.0
1575345382.516669, -282.0
1575345382.542387, -282.0
1575345383.34828, -282.0
1575345384.010204, -282.0
1575345384.651855, -282.0
1575345385.36344, -282.0
1575345386.001449, -282.0
1575345386.661746, -282.0
1575345387.233465, -282.0
1575345387.859441, -282.0
1575345387.885141, -282.0
1575345388.513394, -282.0
1575345389.318238, -282.0
1575345389.811851, -282.0
1575345390.351199, -282.0
1575345391.093098, -282.0
1575345391.826226, -282.0
1575345391.85189, -282.0
1575345391.877102, -282.0
1575345392.351722, -282.0
1575345392.936171, -282.0
1575345392.96199, -282.0
1575345393.620922, -282.0
1575345393.646665, -282.0
1575345394.466458, -282.0
1575345394.492833, -282.0
1575345394.51914, -282.0
1575345394.547044, -282.0
1575345394.575867, -282.0
1575345394.60356, -282.0
1575345394.631391, -282.0
1575345394.659195, -282.0
1575345394.687529, -282.0
1575345394.71522, -282.0
1575345394.743045, -282.0
1575345394.771996, -282.0
1575345394.800352, -282.0
1575345394.828584, -282.0
1575345394.857635, -282.0
1575345394.886333, -282.0
1575345394.914261, -282.0
1575345394.942698, -282.0
1575345394.97084, -282.0
1575345394.997484, -282.0
1575345395.808401, -282.0
1575345395.835291, -282.0
1575345396.532573, -282.0
1575345397.119319, -282.0
1575345397.145086, -282.0
1575345397.780642, -282.0
1575345397.805697, -282.0
1575345397.831347, -282.0
1575345397.858541, -282.0
1575345397.884662, -282.0
1575345397.911984, -282.0
1575345397.94072, -282.0
1575345397.968813, -282.0
1575345397.996201, -282.0
1575345398.025086, -282.0
1575345398.054237, -282.0
1575345398.081494, -282.0
1575345398.107839, -282.0
1575345398.134488, -282.0
1575345398.161775, -282.0
1575345398.189217, -282.0
1575345398.217006, -282.0
1575345398.245127, -282.0
1575345398.272649, -282.0
1575345398.299702, -282.0
1575345398.32634, -282.0
1575345398.352102, -282.0
1575345398.377734, -282.0
1575345398.40318, -282.0
1575345398.850986, -282.0
1575345399.335036, -282.0
1575345399.779628, -282.0
1575345399.805079, -282.0
1575345399.830401, -282.0
1575345399.85552, -282.0
1575345399.880709, -282.0
1575345400.357473, -282.0
1575345400.82124, -282.0
1575345400.847108, -282.0
1575345400.872337, -282.0
1575345401.355504, -282.0
1575345401.811208, -282.0
1575345401.836561, -282.0
1575345367.268224, -282.0
1575345367.293859, -282.0
1575345367.319218, -282.0
1575345367.766065, -282.0
1575345367.791583, -282.0
1575345367.816846, -282.0
1575345367.843521, -282.0
1575345367.870854, -282.0
1575345367.899669, -282.0
1575345367.926878, -282.0
1575345368.389563, -282.0
1575345368.812943, -282.0
1575345369.272449, -282.0
1575345369.298719, -282.0
1575345369.324737, -282.0
1575345369.351364, -282.0
1575345369.378212, -282.0
1575345369.404295, -282.0
1575345369.87711, -282.0
1575345369.903482, -282.0
1575345370.384049, -282.0
1575345371.022946, -282.0
1575345371.517154, -282.0
1575345371.939238, -282.0
1575345372.48257, -282.0
1575345372.973155, -282.0
1575345373.433312, -282.0
1575345373.874424, -282.0
1575345374.316798, -282.0
1575345374.344438, -282.0
1575345374.373273, -282.0
1575345374.400603, -282.0
1575345374.835242, -282.0
1575345374.861611, -282.0
1575345375.312129, -282.0
1575345375.749796, -282.0
1575345376.236259, -282.0
1575345376.691743, -282.0
1575345376.717527, -282.0
1575345377.177653, -282.0
1575345377.61863, -282.0
1575345377.644089, -282.0
1575345378.171532, -282.0
1575345378.673542, -282.0
1575345379.112762, -282.0
1575345379.621979, -282.0
1575345380.079071, -282.0
1575345380.532314, -282.0
1575345380.559418, -282.0
1575345380.588355, -282.0
1575345380.615348, -282.0
1575345380.642455, -282.0
1575345380.669985, -282.0
1575345380.697994, -282.0
1575345380.726341, -282.0
1575345380.754922, -282.0
1575345380.783789, -282.0
1575345380.812658, -282.0
1575345380.841072, -282.0
1575345380.869647, -282.0
1575345380.898106, -282.0
1575345380.923911, -282.0
1575345381.356345, -282.0
1575345381.382044, -282.0
1575345381.840219, -282.0
1575345382.293385, -282.0
1575345382.72472, -282.0
1575345383.166144, -282.0
1575345383.606673, -282.0
1575345384.062684, -282.0
1575345384.481089, -282.0
1575345384.507258, -282.0
1575345384.535623, -282.0
1575345384.564675, -282.0
1575345384.593785, -282.0
1575345384.622686, -282.0
1575345384.651818, -282.0
1575345384.6809, -282.0
1575345384.710051, -282.0
1575345384.738103, -282.0
1575345384.765891, -282.0
1575345384.793259, -282.0
1575345384.819352, -282.0
1575345384.844704, -282.0
1575345384.870035, -282.0
1575345384.895601, -282.0
1575345384.921456, -282.0
1575345384.946987, -282.0
1575345384.97251, -282.0
1575345385.428719, -282.0
1575345385.895476, -282.0
1575345385.921174, -282.0
1575345386.345016, -282.0
1575345386.813349, -282.0
1575345387.224709, -282.0
1575345387.697635, -282.0
1575345388.130481, -282.0
1575345388.56888, -282.0
1575345389.045675, -282.0
1575345389.450686, -282.0
1575345389.910302, -282.0
1575345390.348283, -282.0
1575345390.775691, -282.0
1575345391.193089, -282.0
1575345391.625297, -282.0
1575345392.030713, -282.0
1575345392.454569, -282.0
1575345392.972161, -282.0
1575345393.42485, -282.0
1575345393.450329, -282.0
1575345393.903531, -282.0
1575345394.341452, -282.0
1575345394.799794, -282.0
1575345395.225042, -282.0
1575345395.666636, -282.0
1575345396.101628, -282.0
1575345396.523548, -282.0
1575345396.941041, -282.0
1575345397.390325, -282.0
1575345397.919898, -282.0
1575345398.371452, -282.0
1575345398.816144, -282.0
1575345399.262734, -282.0
1575345399.715011, -282.0
1575345400.146079, -282.0
1575345400.605672, -282.0
1575345401.05991, -282.0
1575345401.085174, -282.0
1575345401.528586, -282.0
1575345401.554117, -282.0
1575345402.013952, -282.0
1575345402.470622, -282.0
1575345402.896585, -282.0
1575345403.357492, -282.0
1575345403.802827, -282.0
1575345403.827938, -282.0
1575345403.852926, -282.0
1575345404.316767, -282.0
1575345404.780466, -282.0
1575345405.224719, -282.0
1575345405.674698, -282.0
1575345405.699911, -282.0
1575345406.180209, -282.0
1575345406.590561, -282.0
1575345407.022978, -282.0
1575345407.048246, -282.0
1575345407.54543, -282.0
1575345408.001621, -282.0
1575345408.028446, -282.0
1575345408.544915, -282.0
1575345409.16072, -282.0
1575345409.616031, -282.0
1575345409.641489, -282.0
1575345409.6687, -282.0
1575345409.694778, -282.0
1575345409.720214, -282.0
1575345409.746463, -282.0
1575345409.772085, -282.0
1575345409.798827, -282.0
1575345409.82424, -282.0
1575345409.850799, -282.0
1575345409.877793, -282.0
1575345409.905367, -282.0
1575345409.934227, -282.0
1575345409.962926, -282.0
1575345409.991577, -282.0
1575345410.020243, -282.0
1575345410.04907, -282.0
1575345410.077809, -282.0
1575345410.106458, -282.0
1575345410.13497, -282.0
1575345410.163545, -282.0
1575345410.192026, -282.0
1575345410.220208, -282.0
1575345410.248552, -282.0
1575345410.276952, -282.0
1575345410.30526, -282.0
1575345410.333547, -282.0
1575345410.361888, -282.0
1575345410.390031, -282.0
1575345410.418178, -282.0
1575345410.446519, -282.0
1575345410.474912, -282.0
1575345410.503252, -282.0
1575345410.531468, -282.0
1575345410.559589, -282.0
1575345410.587733, -282.0
1575345410.616102, -282.0
1575345410.64446, -282.0
1575345410.673172, -282.0
1575345410.701666, -282.0
1575345410.729321, -282.0
1575345410.757713, -282.0
1575345410.786272, -282.0
1575345410.81475, -282.0
1575345410.843447, -282.0
1575345410.872055, -282.0
1575345410.900465, -282.0
1575345410.926637, -282.0
1575345410.954273, -282.0
1575345410.982639, -282.0
1575345411.009909, -282.0
1575345411.035762, -282.0
1575345411.760485, -282.0
1575345412.229484, -282.0
1575345412.255431, -282.0
1575345412.953475, -282.0
1575345413.455457, -282.0
1575345413.482134, -282.0
1575345413.510319, -282.0
1575345413.972703, -282.0
1575345414.552527, -282.0
1575345415.130955, -282.0
1575345415.156781, -282.0
1575345415.182907, -282.0
1575345415.208782, -282.0
1575345415.651903, -282.0
1575345416.123094, -282.0
1575345416.667235, -282.0
1575345417.288334, -282.0
1575345417.314709, -282.0
1575345417.340046, -282.0
1575345418.231579, -282.0
1575345418.25729, -282.0
1575345418.736909, -282.0
1575345419.227838, -282.0
1575345419.754484, -282.0
1575345419.780152, -282.0
1575345419.806042, -282.0
1575345420.236024, -282.0
1575345420.685268, -282.0
1575345421.157402, -282.0
1575345421.634796, -282.0
1575345422.097685, -282.0
1575345422.586264, -282.0
1575345423.035406, -282.0
1575345423.060362, -282.0
1575345423.085338, -282.0
1575345423.11044, -282.0
1575345423.135399, -282.0
1575345423.1606, -282.0
1575345423.18574, -282.0
1575345423.210903, -282.0
1575345423.236042, -282.0
1575345423.713102, -282.0
1575345423.738126, -282.0
1575345424.190225, -282.0
1575345424.638596, -282.0
1575345425.104975, -282.0
1575345425.129979, -282.0
1575345383.828272, -282.0
1575345383.853979, -282.0
1575345383.881556, -282.0
1575345383.907454, -282.0
1575345384.352653, -282.0
1575345384.378202, -282.0
1575345384.403476, -282.0
1575345384.428983, -282.0
1575345384.454704, -282.0
1575345384.481388, -282.0
1575345384.507316, -282.0
1575345384.981402, -282.0
1575345385.007161, -282.0
1575345385.032842, -282.0
1575345385.058203, -282.0
1575345385.577174, -282.0
1575345386.057757, -282.0
1575345386.525206, -282.0
1575345386.551266, -282.0
1575345386.576956, -282.0
1575345386.602431, -282.0
1575345387.068464, -282.0
1575345387.478121, -282.0
1575345387.956583, -282.0
1575345387.982677, -282.0
1575345388.008607, -282.0
1575345388.034134, -282.0
1575345388.059695, -282.0
1575345388.592538, -282.0
1575345388.618258, -282.0
1575345388.644211, -282.0
1575345388.66975, -282.0
1575345389.246691, -282.0
1575345389.272238, -282.0
1575345389.84383, -282.0
1575345390.389904, -282.0
1575345391.026965, -282.0
1575345391.562263, -282.0
1575345391.588119, -282.0
1575345391.615255, -282.0
1575345392.185423, -282.0
1575345392.716632, -282.0
1575345392.742394, -282.0
1575345393.388645, -282.0
1575345393.875343, -282.0
1575345393.900956, -282.0
1575345393.926726, -282.0
1575345393.952702, -282.0
1575345393.978663, -282.0
1575345394.004316, -282.0
1575345394.030027, -282.0
1575345394.055428, -282.0
1575345394.512594, -282.0
1575345395.020658, -282.0
1575345395.563227, -282.0
1575345396.074191, -282.0
1575345396.590527, -282.0
1575345396.616069, -282.0
1575345397.184521, -282.0
1575345397.209937, -282.0
1575345397.235658, -282.0
1575345397.261743, -282.0
1575345397.731883, -282.0
1575345397.757477, -282.0
1575345397.78393, -282.0
1575345397.809435, -282.0
1575345398.282217, -282.0
1575345398.307494, -282.0
1575345398.333463, -282.0
1575345398.825082, -282.0
1575345399.376485, -282.0
1575345399.402176, -282.0
1575345399.42823, -282.0
1575345399.454104, -282.0
1575345399.479827, -282.0
1575345399.506197, -282.0
1575345399.532384, -282.0
1575345399.558361, -282.0
1575345399.584153, -282.0
1575345399.610095, -282.0
1575345399.63581, -282.0
1575345399.661674, -282.0
1575345399.687717, -282.0
1575345399.713483, -282.0
1575345399.738879, -282.0
1575345399.764588, -282.0
1575345399.789955, -282.0
1575345399.815769, -282.0
1575345399.841987, -282.0
1575345399.869129, -282.0
1575345399.89598, -282.0
1575345399.924042, -282.0
1575345399.952413, -282.0
1575345399.980571, -282.0
1575345400.008899, -282.0
1575345400.037438, -282.0
1575345400.065473, -282.0
1575345400.092431, -282.0
1575345400.118206, -282.0
1575345400.647003, -282.0
1575345400.672636, -282.0
1575345400.698935, -282.0
1575345400.726624, -282.0
1575345400.754266, -282.0
1575345400.781531, -282.0
1575345400.809436, -282.0
1575345400.838003, -282.0
1575345400.866973, -282.0
1575345400.895946, -282.0
1575345400.924833, -282.0
1575345400.953293, -282.0
1575345400.98097, -282.0
1575345401.008827, -282.0
1575345401.035788, -282.0
1575345401.062649, -282.0
1575345401.088783, -282.0
1575345401.633858, -282.0
1575345401.659523, -282.0
1575345402.199901, -282.0
1575345402.225459, -282.0
1575345402.251231, -282.0
1575345402.276403, -282.0
1575345402.735973, -282.0
1575345403.275591, -282.0
1575345403.847742, -282.0
1575345404.34522, -282.0
1575345404.87803, -282.0
1575345405.41263, -282.0
1575345405.438008, -282.0
1575345406.069051, -282.0
1575345406.660283, -282.0
1575345407.180778, -282.0
1575345407.701769, -282.0
1575345408.272254, -282.0
1575345408.799085, -282.0
1575345409.281121, -282.0
1575345409.806119, -282.0
1575345410.331155, -282.0
1575345410.356798, -282.0
1575345410.383847, -282.0
1575345410.410714, -282.0
1575345411.112697, -282.0
1575345411.13789, -282.0
1575345411.163769, -282.0
1575345411.189575, -282.0
1575345411.21472, -282.0
1575345411.665018, -282.0
1575345412.167775, -282.0
1575345412.659471, -282.0
1575345413.278869, -282.0
1575345413.30435, -282.0
1575345413.787965, -282.0
1575345414.273544, -282.0
1575345414.728341, -282.0
1575345415.19906, -282.0
1575345415.704253, -282.0
1575345416.166624, -282.0
1575345416.632854, -282.0
1575345417.139164, -282.0
1575345417.164534, -282.0
1575345417.189888, -282.0
1575345417.214992, -282.0
1575345417.69446, -282.0
1575345417.719667, -282.0
1575345417.74476, -282.0
1575345418.240375, -282.0
1575345418.734592, -282.0
1575345419.279848, -282.0
1575345419.305194, -282.0
1575345419.33027, -282.0
1575345419.355598, -282.0
1575345419.380983, -282.0
1575345419.40751, -282.0
1575345419.436125, -282.0
1575345419.463913, -282.0
1575345419.491629, -282.0
1575345419.520223, -282.0
1575345419.546333, -282.0
1575345419.571939, -282.0
1575345419.598983, -282.0
1575345419.625612, -282.0
1575345419.651595, -282.0
1575345419.676851, -282.0
1575345419.701848, -282.0
1575345419.727068, -282.0
1575345419.752308, -282.0
1575345419.777481, -282.0
1575345419.802709, -282.0
1575345419.827861, -282.0
1575345419.852836, -282.0
1575345419.877984, -282.0
1575345419.903157, -282.0
1575345419.928286, -282.0
1575345419.953498, -282.0
1575345419.978661, -282.0
1575345420.003866, -282.0
1575345420.029243, -282.0
1575345420.054477, -282.0
1575345420.079715, -282.0
1575345420.104857, -282.0
1575345420.130055, -282.0
1575345420.155097, -282.0
1575345420.18039, -282.0
1575345420.205527, -282.0
1575345420.230836, -282.0
1575345420.255767, -282.0
1575345420.280837, -282.0
1575345420.306056, -282.0
1575345420.33116, -282.0
1575345420.356228, -282.0
1575345421.233517, -282.0
1575345421.259213, -282.0
1575345421.284602, -282.0
1575345421.310432, -282.0
1575345421.336119, -282.0
1575345421.361449, -282.0
1575345421.386575, -282.0
1575345421.411698, -282.0
1575345421.436719, -282.0
1575345421.461895, -282.0
1575345421.486955, -282.0
1575345421.512038, -282.0
1575345421.537056, -282.0
1575345421.562263, -282.0
1575345421.587391, -282.0
1575345422.039651, -282.0
1575345422.515651, -282.0
1575345422.541004, -282.0
1575345422.566016, -282.0
1575345423.084305, -282.0
1575345423.1093, -282.0
1575345423.579111, -282.0
1575345424.098159, -282.0
1575345424.572758, -282.0
1575345425.057018, -282.0
1575345425.082093, -282.0
1575345425.107241, -282.0
1575345425.132453, -282.0
1575345425.1577, -282.0
1575345425.182813, -282.0
1575345425.692591, -282.0
1575345426.207668, -282.0
1575345426.232833, -282.0
1575345426.257752, -282.0
1575345426.780116, -282.0
1575345426.805188, -282.0
1575345426.830297, -282.0
1575345426.855475, -282.0
1575345426.880567, -282.0
1575345426.905629, -282.0
