1575345677.0955, -280.0
1575345677.195811, -280.0
1575345677.295649, -280.0
1575345677.395382, -257.0
1575345677.494915, -257.0
1575345677.59471, -257.0
1575345677.694316, -257.0
1575345677.793944, -257.0
1575345677.893692, -257.0
1575345677.993366, -257.0
1575345678.093281, -257.0
1575345678.193018, -257.0
1575345678.292713, -257.0
1575345678.392291, -257.0
1575345678.492084, -257.0
1575345678.592021, -257.0
1575345678.691772, -257.0
1575345678.791596, -257.0
1575345678.891709, -257.0
1575345678.991873, -257.0
1575345679.092128, -257.0
1575345679.19171, -257.0
1575345679.291286, -257.0
1575345679.390912, -257.0
1575345679.490715, -257.0
1575345679.591298, -257.0
1575345679.691477, -257.0
1575345679.79122, -257.0
1575345679.890962, -257.0
1575345679.991298, -257.0
1575345680.091531, -257.0
1575345680.191451, -257.0
1575345680.291258, -257.0
1575345680.391025, -257.0
1575345680.491006, -257.0
1575345680.591224, -257.0
1575345680.691186, -257.0
1575345680.790919, -257.0
1575345680.891031, -257.0
1575345680.990742, -257.0
1575345681.090831, -257.0
1575345681.190674, -257.0
1575345681.290697, -257.0
1575345681.390641, -257.0
1575345681.49012, -257.0
1575345681.590051, -257.0
1575345681.690017, -257.0
1575345681.78962, -257.0
1575345681.889174, -257.0
1575345681.988689, -257.0
1575345677.383005, -257.0
1575345677.606996, -257.0
1575345677.831182, -257.0
1575345678.054396, -257.0
1575345678.27815, -257.0
1575345678.501903, -257.0
1575345678.726648, -257.0
1575345678.950016, -257.0
1575345679.173029, -257.0
1575345679.396312, -257.0
1575345679.619342, -257.0
1575345679.84284, -257.0
1575345680.065301, -257.0
1575345680.288327, -257.0
1575345680.511576, -257.0
1575345680.735833, -257.0
1575345680.959094, -257.0
1575345681.182501, -257.0
1575345681.406102, -257.0
1575345681.630406, -257.0
1575345681.853571, -257.0
1575345682.079693, -257.0
1575345682.30517, -257.0
1575345682.529653, -257.0
1575345682.751578, -257.0
1575345682.976237, -257.0
1575345683.200507, -257.0
1575345683.423893, -257.0
1575345683.646965, -257.0
1575345683.870945, -257.0
1575345684.094053, -257.0
1575345684.317886, -257.0
1575345684.542251, -257.0
1575345684.765823, -257.0
1575345684.988909, -257.0
1575345685.21314, -257.0
1575345685.436658, -257.0
1575345685.659603, -257.0
1575345685.883579, -257.0
1575345686.106606, -257.0
1575345686.329159, -257.0
1575345686.552038, -257.0
1575345686.774908, -257.0
1575345686.998748, -257.0
1575345687.222665, -257.0
1575345687.446875, -257.0
1575345687.670835, -257.0
1575345687.894559, -257.0
1575345688.118095, -257.0
1575345688.340917, -257.0
1575345677.123538, -280.0
1575345677.223472, -280.0
1575345677.323394, -280.0
1575345677.423118, -257.0
1575345677.523257, -257.0
1575345677.623405, -257.0
1575345677.72303, -257.0
1575345677.822633, -257.0
1575345677.922688, -257.0
1575345678.022693, -257.0
1575345678.122615, -257.0
1575345678.2228, -257.0
1575345678.32316, -257.0
1575345678.423298, -257.0
1575345678.52299, -257.0
1575345678.622603, -257.0
1575345678.722166, -257.0
1575345678.821845, -257.0
1575345678.921834, -257.0
1575345679.022056, -257.0
1575345679.122169, -257.0
1575345679.221991, -257.0
1575345679.321758, -257.0
1575345679.421695, -257.0
1575345679.521805, -257.0
1575345679.622721, -257.0
1575345679.722454, -257.0
1575345679.821821, -257.0
1575345679.922093, -257.0
1575345680.022302, -257.0
1575345680.12238, -257.0
1575345680.222367, -257.0
1575345680.322632, -257.0
1575345680.422971, -257.0
1575345680.523005, -257.0
1575345680.622813, -257.0
1575345680.723096, -257.0
1575345680.823234, -257.0
1575345680.923753, -257.0
1575345681.023609, -257.0
1575345681.123844, -257.0
1575345681.223795, -257.0
1575345681.323465, -257.0
1575345681.42365, -257.0
1575345681.523661, -257.0
1575345681.62362, -257.0
1575345681.723534, -257.0
1575345681.823612, -257.0
1575345681.923615, -257.0
1575345682.024081, -257.0
1575345677.146314, -280.0
1575345677.247154, -280.0
1575345677.346932, -280.0
1575345677.447181, -257.0
1575345677.546803, -257.0
1575345677.646618, -257.0
1575345677.746331, -257.0
1575345677.846398, -257.0
1575345677.946252, -257.0
1575345678.045929, -257.0
1575345678.145929, -257.0
1575345678.246305, -257.0
1575345678.346339, -257.0
1575345678.446619, -257.0
1575345678.54664, -257.0
1575345678.646304, -257.0
1575345678.746148, -257.0
1575345678.846066, -257.0
1575345678.94581, -257.0
1575345679.045607, -257.0
1575345679.145546, -257.0
1575345679.245147, -257.0
1575345679.34681, -257.0
1575345679.44773, -257.0
1575345679.547574, -257.0
1575345679.647989, -257.0
1575345679.748194, -257.0
1575345679.848252, -257.0
1575345679.948227, -257.0
1575345680.047962, -257.0
1575345680.148051, -257.0
1575345680.248282, -257.0
1575345680.348575, -257.0
1575345680.449028, -257.0
1575345680.549166, -257.0
1575345680.648933, -257.0
1575345680.748682, -257.0
1575345680.848663, -257.0
1575345680.949126, -257.0
1575345681.048307, -257.0
1575345681.148016, -257.0
1575345681.247473, -257.0
1575345681.347266, -257.0
1575345681.44799, -257.0
1575345681.54766, -257.0
1575345681.647477, -257.0
1575345681.747264, -257.0
1575345681.846868, -257.0
1575345681.946373, -257.0
1575345682.046877, -257.0
1575345682.23568, -257.0
1575345682.335909, -257.0
1575345682.435759, -257.0
1575345682.546421, -257.0
1575345682.645742, -257.0
1575345682.745967, -257.0
1575345682.845759, -257.0
1575345682.945603, -257.0
1575345683.045329, -257.0
1575345683.145225, -257.0
1575345683.244837, -257.0
1575345683.344949, -257.0
1575345683.444566, -257.0
1575345683.544244, -257.0
1575345683.643848, -257.0
1575345683.743002, -257.0
1575345683.842995, -257.0
1575345683.943085, -257.0
1575345684.043094, -257.0
1575345684.142869, -257.0
1575345684.242876, -257.0
1575345684.342517, -257.0
1575345684.442635, -257.0
1575345684.542498, -257.0
1575345684.642233, -257.0
1575345684.742968, -257.0
1575345684.84479, -257.0
1575345684.949593, -257.0
1575345685.049919, -257.0
1575345685.149551, -257.0
1575345685.249206, -257.0
1575345685.348746, -257.0
1575345685.448372, -257.0
1575345685.548231, -257.0
1575345685.647636, -257.0
1575345685.747206, -257.0
1575345685.846726, -257.0
1575345685.946129, -257.0
1575345686.04582, -257.0
1575345686.14536, -257.0
1575345686.244652, -257.0
1575345686.34715, -257.0
1575345686.449538, -257.0
1575345686.554392, -257.0
1575345686.660841, -257.0
1575345686.772942, -257.0
1575345686.88017, -257.0
1575345686.983414, -257.0
1575345687.08325, -257.0
1575345687.183036, -257.0
1575345682.548038, -257.0
1575345682.771624, -257.0
1575345682.994844, -257.0
1575345683.241087, -257.0
1575345683.464722, -257.0
1575345683.689443, -257.0
1575345683.912449, -257.0
1575345684.136355, -257.0
1575345684.359929, -257.0
1575345684.583705, -257.0
1575345684.807694, -257.0
1575345685.030587, -257.0
1575345685.253607, -257.0
1575345685.477209, -257.0
1575345685.700477, -257.0
1575345685.923311, -257.0
1575345686.147668, -257.0
1575345686.372164, -257.0
1575345686.596125, -257.0
1575345686.819428, -257.0
1575345687.04272, -257.0
1575345687.268266, -257.0
1575345687.495937, -257.0
1575345687.720729, -257.0
1575345687.944837, -257.0
1575345688.169965, -257.0
1575345688.39799, -257.0
1575345688.631336, -257.0
1575345688.856171, -257.0
1575345689.078739, -257.0
1575345689.302175, -257.0
1575345689.525571, -257.0
1575345689.748795, -257.0
1575345689.97236, -257.0
1575345690.195285, -257.0
1575345690.418783, -257.0
1575345690.642047, -257.0
1575345690.86545, -257.0
1575345691.089118, -257.0
1575345691.311788, -257.0
1575345691.534771, -257.0
1575345691.76344, -257.0
1575345691.990841, -257.0
1575345692.223638, -257.0
1575345692.459892, -257.0
1575345692.709476, -257.0
1575345692.946443, -257.0
1575345693.17432, -257.0
1575345693.39756, -257.0
1575345693.619984, -257.0
1575345682.294766, -257.0
1575345682.395263, -257.0
1575345682.495552, -257.0
1575345682.605017, -257.0
1575345682.70493, -257.0
1575345682.80554, -257.0
1575345682.905342, -257.0
1575345683.005069, -257.0
1575345683.10525, -257.0
1575345683.205288, -257.0
1575345683.305192, -257.0
1575345683.405783, -257.0
1575345683.505815, -257.0
1575345683.605413, -257.0
1575345683.705281, -257.0
1575345683.805346, -257.0
1575345683.905597, -257.0
1575345684.004972, -257.0
1575345684.105185, -257.0
1575345684.204915, -257.0
1575345684.305172, -257.0
1575345684.405813, -257.0
1575345684.506308, -257.0
1575345684.606445, -257.0
1575345684.706084, -257.0
1575345684.806264, -257.0
1575345684.906315, -257.0
1575345685.008138, -257.0
1575345685.10784, -257.0
1575345685.20794, -257.0
1575345685.307756, -257.0
1575345685.408266, -257.0
1575345685.508488, -257.0
1575345685.608299, -257.0
1575345685.708311, -257.0
1575345685.808438, -257.0
1575345685.908475, -257.0
1575345686.00799, -257.0
1575345686.107464, -257.0
1575345686.20751, -257.0
1575345686.307053, -257.0
1575345686.407612, -257.0
1575345686.507389, -257.0
1575345686.607673, -257.0
1575345686.709592, -257.0
1575345686.820707, -257.0
1575345686.923257, -257.0
1575345687.023452, -257.0
1575345687.123558, -257.0
1575345687.22356, -257.0
1575345687.426014, -257.0
1575345687.526044, -257.0
1575345687.626464, -257.0
1575345687.726396, -257.0
1575345687.826676, -257.0
1575345687.926722, -257.0
1575345688.026347, -257.0
1575345688.126906, -257.0
1575345688.226906, -257.0
1575345688.327361, -257.0
1575345688.427456, -257.0
1575345688.527627, -257.0
1575345688.628068, -257.0
1575345688.727559, -257.0
1575345688.827777, -257.0
1575345688.927667, -257.0
1575345689.027828, -257.0
1575345689.133706, -257.0
1575345689.242717, -257.0
1575345689.356337, -257.0
1575345689.459254, -257.0
1575345689.559935, -257.0
1575345689.659373, -257.0
1575345689.760072, -257.0
1575345689.860003, -257.0
1575345689.960024, -257.0
1575345690.060135, -257.0
1575345690.159907, -257.0
1575345690.259344, -257.0
1575345690.35942, -257.0
1575345690.459552, -257.0
1575345690.559878, -257.0
1575345690.660157, -257.0
1575345690.759728, -257.0
1575345690.859334, -257.0
1575345690.958572, -257.0
1575345691.058238, -257.0
1575345691.171196, -257.0
1575345691.271101, -257.0
1575345691.373905, -257.0
1575345691.473117, -257.0
1575345691.572384, -257.0
1575345691.671395, -257.0
1575345691.770349, -257.0
1575345691.869811, -257.0
1575345691.969981, -257.0
1575345692.069137, -257.0
1575345692.16858, -257.0
1575345692.267982, -257.0
1575345692.368196, -257.0
1575345687.465949, -257.0
1575345687.566186, -257.0
1575345687.665787, -257.0
1575345687.765533, -257.0
1575345687.865394, -257.0
1575345687.964873, -257.0
1575345688.064612, -257.0
1575345688.164249, -257.0
1575345688.263945, -257.0
1575345688.363928, -257.0
1575345688.463518, -257.0
1575345688.563806, -257.0
1575345688.663162, -257.0
1575345688.762361, -257.0
1575345688.86217, -257.0
1575345688.962017, -257.0
1575345689.062082, -257.0
1575345689.167207, -257.0
1575345689.275872, -257.0
1575345689.389149, -257.0
1575345689.491585, -257.0
1575345689.593122, -257.0
1575345689.692543, -257.0
1575345689.793085, -257.0
1575345689.892782, -257.0
1575345689.992435, -257.0
1575345690.092227, -257.0
1575345690.191912, -257.0
1575345690.291016, -257.0
1575345690.390707, -257.0
1575345690.490611, -257.0
1575345690.591135, -257.0
1575345690.691013, -257.0
1575345690.790625, -257.0
1575345690.890408, -257.0
1575345690.990063, -257.0
1575345691.089525, -257.0
1575345691.202352, -257.0
1575345691.302561, -257.0
1575345691.406178, -257.0
1575345691.505955, -257.0
1575345691.60612, -257.0
1575345691.705904, -257.0
1575345691.805483, -257.0
1575345691.904982, -257.0
1575345692.005593, -257.0
1575345692.10502, -257.0
1575345692.205274, -257.0
1575345692.304631, -257.0
1575345692.405189, -257.0
1575345688.575343, -257.0
1575345688.675327, -257.0
1575345688.774982, -257.0
1575345688.88501, -257.0
1575345688.984614, -257.0
1575345689.08463, -257.0
1575345689.184444, -257.0
1575345689.284621, -257.0
1575345689.384479, -257.0
1575345689.48389, -257.0
1575345689.583603, -257.0
1575345689.683091, -257.0
1575345689.782999, -257.0
1575345689.882603, -257.0
1575345689.98218, -257.0
1575345690.082249, -257.0
1575345690.181862, -257.0
1575345690.281527, -257.0
1575345690.381078, -257.0
1575345690.480452, -257.0
1575345690.580185, -257.0
1575345690.679776, -257.0
1575345690.779167, -257.0
1575345690.878869, -257.0
1575345690.978464, -257.0
1575345691.078425, -257.0
1575345691.178274, -257.0
1575345691.280505, -257.0
1575345691.380534, -257.0
1575345691.480306, -257.0
1575345691.580042, -257.0
1575345691.679441, -257.0
1575345691.779139, -257.0
1575345691.87894, -257.0
1575345691.978902, -257.0
1575345692.078443, -257.0
1575345692.178231, -257.0
1575345692.278652, -257.0
1575345692.37812, -257.0
1575345692.477094, -257.0
1575345692.576589, -257.0
1575345692.675797, -257.0
1575345692.775179, -257.0
1575345692.874889, -257.0
1575345692.976356, -257.0
1575345693.085772, -257.0
1575345693.187511, -257.0
1575345693.286964, -257.0
1575345693.386009, -257.0
1575345693.485433, -257.0
1575345700.897331, -257.0
1575345701.266102, -257.0
1575345701.291734, -257.0
1575345701.317003, -257.0
1575345701.34363, -257.0
1575345701.370796, -257.0
1575345701.398489, -257.0
1575345701.426776, -257.0
1575345701.454398, -257.0
1575345701.480617, -257.0
1575345701.505892, -257.0
1575345701.531315, -257.0
1575345701.556568, -257.0
1575345701.581877, -257.0
1575345701.607007, -257.0
1575345701.632249, -257.0
1575345701.657522, -257.0
1575345701.682947, -257.0
1575345701.708319, -257.0
1575345701.733482, -257.0
1575345701.75938, -257.0
1575345701.784537, -257.0
1575345701.809723, -257.0
1575345701.835174, -257.0
1575345701.860666, -257.0
1575345701.88611, -257.0
1575345701.91193, -257.0
1575345701.937172, -257.0
1575345701.962849, -257.0
1575345701.989, -257.0
1575345702.014949, -257.0
1575345702.040371, -257.0
1575345702.065836, -257.0
1575345702.091128, -257.0
1575345702.116421, -257.0
1575345702.142514, -257.0
1575345702.171033, -257.0
1575345702.199867, -257.0
1575345702.228387, -257.0
1575345702.25399, -257.0
1575345702.279336, -257.0
1575345702.304582, -257.0
1575345702.329738, -257.0
1575345702.355153, -257.0
1575345702.380471, -257.0
1575345702.406045, -257.0
1575345702.431529, -257.0
1575345702.457096, -257.0
1575345702.482274, -257.0
1575345702.507902, -257.0
1575345702.533514, -257.0
1575345702.558847, -257.0
1575345702.584652, -257.0
1575345702.610104, -257.0
1575345702.63553, -257.0
1575345702.661222, -257.0
1575345702.68684, -257.0
1575345702.712269, -257.0
1575345702.738021, -257.0
1575345702.763493, -257.0
1575345702.789749, -257.0
1575345702.815557, -257.0
1575345702.84163, -257.0
1575345702.867792, -257.0
1575345702.89359, -257.0
1575345702.919996, -257.0
1575345702.94616, -257.0
1575345702.97214, -257.0
1575345702.997964, -257.0
1575345703.023828, -257.0
1575345703.049581, -257.0
1575345703.075455, -257.0
1575345703.101231, -257.0
1575345703.127422, -257.0
1575345703.153472, -257.0
1575345703.180295, -257.0
1575345703.208339, -257.0
1575345703.236502, -257.0
1575345703.264812, -257.0
1575345703.292945, -257.0
1575345703.321096, -257.0
1575345703.349195, -257.0
1575345703.377395, -257.0
1575345703.405761, -257.0
1575345703.434419, -257.0
1575345703.462778, -257.0
1575345703.491014, -257.0
1575345703.519264, -257.0
1575345703.547496, -257.0
1575345703.575674, -257.0
1575345703.60378, -257.0
1575345703.631983, -257.0
1575345703.660209, -257.0
1575345703.688598, -257.0
1575345703.717339, -257.0
1575345703.742502, -257.0
1575345703.76819, -257.0
1575345703.793676, -257.0
1575345703.818873, -257.0
1575345703.844049, -257.0
1575345703.86932, -257.0
1575345703.894428, -257.0
1575345703.920473, -257.0
1575345703.945874, -257.0
1575345703.97144, -257.0
1575345703.996896, -257.0
1575345704.022052, -257.0
1575345704.047329, -257.0
1575345704.072631, -257.0
1575345704.097947, -257.0
1575345704.123235, -257.0
1575345704.148405, -257.0
1575345704.173558, -257.0
1575345704.199003, -257.0
1575345704.224291, -257.0
1575345704.249469, -257.0
1575345704.274688, -257.0
1575345704.299824, -257.0
1575345704.325176, -257.0
1575345704.354191, -257.0
1575345704.379485, -257.0
1575345704.405768, -257.0
1575345704.434274, -257.0
1575345704.460686, -257.0
1575345704.487735, -257.0
1575345704.51633, -257.0
1575345704.545167, -257.0
1575345704.573768, -257.0
1575345704.602534, -257.0
1575345704.631373, -257.0
1575345704.660498, -257.0
1575345704.689001, -257.0
1575345704.715548, -257.0
1575345704.741065, -257.0
1575345704.76616, -257.0
1575345704.791248, -257.0
1575345704.816381, -257.0
1575345704.841832, -257.0
1575345704.867223, -257.0
1575345704.892689, -257.0
1575345704.918543, -257.0
1575345704.943673, -257.0
1575345704.96905, -257.0
1575345704.997573, -257.0
1575345705.0231, -257.0
1575345705.048476, -257.0
1575345705.073671, -257.0
1575345705.09913, -257.0
1575345705.124624, -257.0
1575345705.149946, -257.0
1575345705.175561, -257.0
1575345705.201131, -257.0
1575345705.226358, -257.0
1575345705.25173, -257.0
1575345705.276967, -257.0
1575345705.302148, -257.0
1575345705.327688, -257.0
1575345705.353158, -257.0
1575345705.378332, -257.0
1575345705.403436, -257.0
1575345705.42886, -257.0
1575345705.454261, -257.0
1575345705.479775, -257.0
1575345705.505171, -257.0
1575345705.530351, -257.0
1575345705.555432, -257.0
1575345705.580527, -257.0
1575345705.605915, -257.0
1575345705.631353, -257.0
1575345705.656721, -257.0
1575345705.681827, -257.0
1575345705.706957, -257.0
1575345705.732227, -257.0
1575345705.757363, -257.0
1575345705.782466, -257.0
1575345705.807713, -257.0
1575345705.832988, -257.0
1575345705.858238, -257.0
1575345705.884006, -257.0
1575345705.90977, -257.0
1575345705.935127, -257.0
1575345705.960372, -257.0
1575345705.985614, -257.0
1575345706.01079, -257.0
1575345706.036146, -257.0
1575345706.061325, -257.0
1575345706.086655, -257.0
1575345706.111928, -257.0
1575345706.137092, -257.0
1575345706.162197, -257.0
1575345706.187709, -257.0
1575345706.212972, -257.0
1575345706.238108, -257.0
1575345706.263378, -257.0
1575345706.288609, -257.0
1575345706.313998, -257.0
1575345706.339325, -257.0
1575345706.364481, -257.0
1575345706.389715, -257.0
1575345706.41497, -257.0
1575345706.440382, -257.0
1575345706.465802, -257.0
1575345706.49102, -257.0
1575345706.51613, -257.0
1575345706.541313, -257.0
1575345706.566516, -257.0
1575345706.591672, -257.0
1575345706.61707, -257.0
1575345706.642241, -257.0
1575345706.668044, -257.0
1575345706.693235, -257.0
1575345706.718881, -257.0
1575345706.745846, -257.0
1575345706.773252, -257.0
1575345706.800979, -257.0
1575345706.829092, -257.0
1575345706.857004, -257.0
1575345706.88341, -257.0
1575345706.908616, -257.0
1575345706.934416, -257.0
1575345706.959566, -257.0
1575345706.985102, -257.0
1575345707.010566, -257.0
1575345707.035784, -257.0
1575345707.060943, -257.0
1575345707.086138, -257.0
1575345707.111469, -257.0
1575345707.13705, -257.0
1575345707.162766, -257.0
1575345707.188116, -257.0
1575345707.213471, -257.0
1575345707.238696, -257.0
1575345707.264106, -257.0
1575345707.289413, -257.0
1575345707.314934, -257.0
1575345707.340233, -257.0
1575345707.365502, -257.0
1575345707.390716, -257.0
1575345707.41613, -257.0
1575345707.441554, -257.0
1575345707.466945, -257.0
1575345707.492335, -257.0
1575345707.519523, -257.0
1575345707.547213, -257.0
1575345707.572853, -257.0
1575345707.60042, -257.0
1575345707.627531, -257.0
1575345707.65258, -257.0
1575345707.677764, -257.0
1575345707.703052, -257.0
1575345700.913602, -257.0
1575345700.940451, -257.0
1575345700.966164, -257.0
1575345700.991481, -257.0
1575345701.017688, -257.0
1575345701.045127, -257.0
1575345701.071612, -257.0
1575345701.101493, -257.0
1575345701.128982, -257.0
1575345701.156164, -257.0
1575345701.182977, -257.0
1575345701.210195, -257.0
1575345701.237383, -257.0
1575345701.263252, -257.0
1575345701.289547, -257.0
1575345701.316389, -257.0
1575345701.343246, -257.0
1575345701.370332, -257.0
1575345701.397376, -257.0
1575345701.424682, -257.0
1575345701.451939, -257.0
1575345701.479014, -257.0
1575345701.506625, -257.0
1575345701.53386, -257.0
1575345701.561635, -257.0
1575345701.589047, -257.0
1575345701.615425, -257.0
1575345701.641214, -257.0
1575345701.666496, -257.0
1575345701.691874, -257.0
1575345701.71723, -257.0
1575345701.742763, -257.0
1575345701.76918, -257.0
1575345701.79637, -257.0
1575345701.823283, -257.0
1575345701.850212, -257.0
1575345701.877475, -257.0
1575345701.904841, -257.0
1575345701.931924, -257.0
1575345701.957515, -257.0
1575345701.982806, -257.0
1575345702.008078, -257.0
1575345702.033392, -257.0
1575345702.0587, -257.0
1575345702.084081, -257.0
1575345702.109575, -257.0
1575345702.135026, -257.0
1575345702.160548, -257.0
1575345702.185921, -257.0
1575345702.211618, -257.0
1575345702.237034, -257.0
1575345702.262825, -257.0
1575345702.288333, -257.0
1575345702.313813, -257.0
1575345702.339124, -257.0
1575345702.364866, -257.0
1575345702.390215, -257.0
1575345702.415543, -257.0
1575345702.440898, -257.0
1575345702.466175, -257.0
1575345702.491725, -257.0
1575345702.518733, -257.0
1575345702.547504, -257.0
1575345702.573786, -257.0
1575345702.599495, -257.0
1575345702.625011, -257.0
1575345702.650432, -257.0
1575345702.675789, -257.0
1575345702.701141, -257.0
1575345702.727176, -257.0
1575345702.756308, -257.0
1575345702.784508, -257.0
1575345702.813219, -257.0
1575345702.839305, -257.0
1575345702.86821, -257.0
1575345702.896431, -257.0
1575345702.925343, -257.0
1575345702.951661, -257.0
1575345702.979768, -257.0
1575345703.006192, -257.0
1575345703.035262, -257.0
1575345703.061903, -257.0
1575345703.088548, -257.0
1575345703.116541, -257.0
1575345703.145519, -257.0
1575345703.173551, -257.0
1575345703.201723, -257.0
1575345703.229612, -257.0
1575345703.255562, -257.0
1575345703.281081, -257.0
1575345703.307468, -257.0
1575345703.332899, -257.0
1575345703.358191, -257.0
1575345703.385312, -257.0
1575345703.413275, -257.0
1575345703.441499, -257.0
1575345703.469815, -257.0
1575345703.498312, -257.0
1575345703.526518, -257.0
1575345703.551858, -257.0
1575345703.577164, -257.0
1575345703.60252, -257.0
1575345703.62781, -257.0
1575345703.653112, -257.0
1575345703.678518, -257.0
1575345703.70385, -257.0
1575345703.729178, -257.0
1575345703.754535, -257.0
1575345703.779854, -257.0
1575345703.805212, -257.0
1575345703.831051, -257.0
1575345703.856495, -257.0
1575345703.881721, -257.0
1575345703.9074, -257.0
1575345703.934362, -257.0
1575345703.961839, -257.0
1575345703.989062, -257.0
1575345704.014793, -257.0
1575345704.040725, -257.0
1575345704.066033, -257.0
1575345704.091329, -257.0
1575345704.11669, -257.0
1575345704.141956, -257.0
1575345704.167614, -257.0
1575345704.193057, -257.0
1575345704.218487, -257.0
1575345704.243739, -257.0
1575345704.269187, -257.0
1575345704.294941, -257.0
1575345704.320556, -257.0
1575345704.345924, -257.0
1575345704.371209, -257.0
1575345704.396546, -257.0
1575345704.421994, -257.0
1575345704.447232, -257.0
1575345704.472595, -257.0
1575345704.498059, -257.0
1575345704.523354, -257.0
1575345704.548673, -257.0
1575345704.574353, -257.0
1575345704.601625, -257.0
1575345704.627226, -257.0
1575345704.655244, -257.0
1575345704.683767, -257.0
1575345704.711838, -257.0
1575345704.73946, -257.0
1575345704.767813, -257.0
1575345704.795473, -257.0
1575345704.823792, -257.0
1575345704.851442, -257.0
1575345704.879865, -257.0
1575345704.908299, -257.0
1575345704.936134, -257.0
1575345704.963878, -257.0
1575345704.992648, -257.0
1575345705.021392, -257.0
1575345705.048986, -257.0
1575345705.076434, -257.0
1575345705.103845, -257.0
1575345705.131206, -257.0
1575345705.158591, -257.0
1575345705.186025, -257.0
1575345705.214047, -257.0
1575345705.239724, -257.0
1575345705.265092, -257.0
1575345705.293684, -257.0
1575345705.319058, -257.0
1575345705.344374, -257.0
1575345705.369712, -257.0
1575345705.395092, -257.0
1575345705.420569, -257.0
1575345705.44584, -257.0
1575345705.471253, -257.0
1575345705.496608, -257.0
1575345705.521944, -257.0
1575345705.547256, -257.0
1575345705.572553, -257.0
1575345705.598015, -257.0
1575345705.623401, -257.0
1575345705.648693, -257.0
1575345705.673947, -257.0
1575345705.699537, -257.0
1575345705.725025, -257.0
1575345705.750318, -257.0
1575345705.775626, -257.0
1575345705.800961, -257.0
1575345705.826254, -257.0
1575345705.851541, -257.0
1575345705.87695, -257.0
1575345705.902369, -257.0
1575345705.927661, -257.0
1575345705.952963, -257.0
1575345705.978331, -257.0
1575345706.003685, -257.0
1575345706.028976, -257.0
1575345706.05445, -257.0
1575345706.079724, -257.0
1575345706.105672, -257.0
1575345706.131014, -257.0
1575345706.156728, -257.0
1575345706.182059, -257.0
1575345706.207439, -257.0
1575345706.232694, -257.0
1575345706.25819, -257.0
1575345706.28423, -257.0
1575345706.310194, -257.0
1575345706.335887, -257.0
1575345706.361356, -257.0
1575345706.386939, -257.0
1575345706.412669, -257.0
1575345706.43816, -257.0
1575345706.463858, -257.0
1575345706.489408, -257.0
1575345706.514934, -257.0
1575345706.540415, -257.0
1575345706.565714, -257.0
1575345706.591034, -257.0
1575345706.616372, -257.0
1575345706.641553, -257.0
1575345706.666887, -257.0
1575345706.692316, -257.0
1575345706.717894, -257.0
1575345706.743161, -257.0
1575345706.768454, -257.0
1575345706.793672, -257.0
1575345706.81899, -257.0
1575345706.84425, -257.0
1575345706.869581, -257.0
1575345706.895153, -257.0
1575345706.920515, -257.0
1575345706.945828, -257.0
1575345706.971087, -257.0
1575345706.996394, -257.0
1575345707.021852, -257.0
1575345707.047356, -257.0
1575345707.07265, -257.0
1575345707.09801, -257.0
1575345707.123627, -257.0
1575345707.14917, -257.0
1575345707.174908, -257.0
1575345707.201261, -257.0
1575345707.22677, -257.0
1575345707.252415, -257.0
1575345707.278078, -257.0
1575345707.303942, -257.0
1575345707.330814, -257.0
1575345707.357087, -257.0
1575345707.383918, -257.0
1575345707.410972, -257.0
1575345707.444155, -257.0
1575345700.931402, -257.0
1575345700.957143, -257.0
1575345700.982664, -257.0
1575345701.008784, -257.0
1575345701.035474, -257.0
1575345701.062204, -257.0
1575345701.088097, -257.0
1575345701.114466, -257.0
1575345701.140888, -257.0
1575345701.167008, -257.0
1575345701.193254, -257.0
1575345701.219967, -257.0
1575345701.246558, -257.0
1575345701.851704, -257.0
1575345701.877076, -257.0
1575345701.902299, -257.0
1575345701.92784, -257.0
1575345702.313172, -257.0
1575345702.338715, -257.0
1575345702.701359, -257.0
1575345702.727068, -257.0
1575345702.752385, -257.0
1575345702.778439, -257.0
1575345702.805584, -257.0
1575345702.833343, -257.0
1575345702.861053, -257.0
1575345702.888663, -257.0
1575345702.916282, -257.0
1575345702.944225, -257.0
1575345702.971863, -257.0
1575345702.999497, -257.0
1575345703.027145, -257.0
1575345703.054955, -257.0
1575345703.082708, -257.0
1575345703.110323, -257.0
1575345703.138092, -257.0
1575345703.165621, -257.0
1575345703.190768, -257.0
1575345703.216242, -257.0
1575345703.241519, -257.0
1575345703.266662, -257.0
1575345703.291746, -257.0
1575345703.316972, -257.0
1575345703.342657, -257.0
1575345703.36822, -257.0
1575345703.39346, -257.0
1575345703.418782, -257.0
1575345703.444236, -257.0
1575345703.469402, -257.0
1575345703.494532, -257.0
1575345703.519639, -257.0
1575345703.5448, -257.0
1575345703.570267, -257.0
1575345703.595647, -257.0
1575345703.621865, -257.0
1575345703.64848, -257.0
1575345703.675005, -257.0
1575345703.701311, -257.0
1575345703.726989, -257.0
1575345703.752595, -257.0
1575345703.779068, -257.0
1575345703.806114, -257.0
1575345703.832674, -257.0
1575345703.858894, -257.0
1575345703.885666, -257.0
1575345703.912241, -257.0
1575345703.938801, -257.0
1575345703.965782, -257.0
1575345703.992782, -257.0
1575345704.019643, -257.0
1575345704.047119, -257.0
1575345704.074312, -257.0
1575345704.101529, -257.0
1575345704.128554, -257.0
1575345704.154169, -257.0
1575345704.179357, -257.0
1575345704.204501, -257.0
1575345704.230037, -257.0
1575345704.255498, -257.0
1575345704.280771, -257.0
1575345704.305919, -257.0
1575345704.33116, -257.0
1575345704.356208, -257.0
1575345704.381595, -257.0
1575345704.40688, -257.0
1575345704.432264, -257.0
1575345704.457531, -257.0
1575345704.482622, -257.0
1575345704.50919, -257.0
1575345704.534723, -257.0
1575345704.561743, -257.0
1575345704.587225, -257.0
1575345704.612427, -257.0
1575345704.637637, -257.0
1575345704.662759, -257.0
1575345704.688147, -257.0
1575345704.713363, -257.0
1575345704.738495, -257.0
1575345704.763741, -257.0
1575345704.789059, -257.0
1575345704.81435, -257.0
1575345704.839555, -257.0
1575345704.864835, -257.0
1575345704.88994, -257.0
1575345704.915196, -257.0
1575345704.940801, -257.0
1575345704.966314, -257.0
1575345704.991854, -257.0
1575345705.016995, -257.0
1575345705.042239, -257.0
1575345705.06755, -257.0
1575345705.092745, -257.0
1575345705.118006, -257.0
1575345705.143434, -257.0
1575345705.168647, -257.0
1575345705.193839, -257.0
1575345705.219074, -257.0
1575345705.244286, -257.0
1575345705.269557, -257.0
1575345705.295113, -257.0
1575345705.320396, -257.0
1575345705.345775, -257.0
1575345705.370901, -257.0
1575345705.396028, -257.0
1575345705.421425, -257.0
1575345705.446583, -257.0
1575345705.471762, -257.0
1575345705.496865, -257.0
1575345705.522177, -257.0
1575345705.547359, -257.0
1575345705.572797, -257.0
1575345705.597871, -257.0
1575345705.623172, -257.0
1575345705.64836, -257.0
1575345705.673576, -257.0
1575345705.69884, -257.0
1575345705.724971, -257.0
1575345705.750397, -257.0
1575345705.775671, -257.0
1575345705.800848, -257.0
1575345705.826445, -257.0
1575345705.8537, -257.0
1575345705.878968, -257.0
1575345705.904179, -257.0
1575345705.929403, -257.0
1575345705.954649, -257.0
1575345705.979746, -257.0
1575345706.005021, -257.0
1575345706.030307, -257.0
1575345706.055533, -257.0
1575345706.080768, -257.0
1575345706.106681, -257.0
1575345706.131797, -257.0
1575345706.157881, -257.0
1575345706.184116, -257.0
1575345706.21041, -257.0
1575345706.237228, -257.0
1575345706.264071, -257.0
1575345706.290895, -257.0
1575345706.316734, -257.0
1575345706.342646, -257.0
1575345706.367857, -257.0
1575345706.39312, -257.0
1575345706.418211, -257.0
1575345706.443333, -257.0
1575345706.468455, -257.0
1575345706.493836, -257.0
1575345706.519226, -257.0
1575345706.544835, -257.0
1575345706.570172, -257.0
1575345706.595559, -257.0
1575345706.620684, -257.0
1575345706.646237, -257.0
1575345706.671668, -257.0
1575345706.697075, -257.0
1575345706.722461, -257.0
1575345706.748064, -257.0
1575345706.773314, -257.0
1575345706.799217, -257.0
1575345706.824582, -257.0
1575345706.84972, -257.0
1575345706.874994, -257.0
1575345706.90041, -257.0
1575345706.925788, -257.0
1575345706.951537, -257.0
1575345706.977217, -257.0
1575345707.002337, -257.0
1575345707.028144, -257.0
1575345707.054116, -257.0
1575345707.079662, -257.0
1575345707.104969, -257.0
1575345707.130225, -257.0
1575345707.155673, -257.0
1575345707.181279, -257.0
1575345707.206995, -257.0
1575345707.233466, -257.0
1575345707.259193, -257.0
1575345707.28463, -257.0
1575345707.310438, -257.0
1575345707.336189, -257.0
1575345707.362198, -257.0
1575345707.390399, -257.0
1575345707.418654, -257.0
1575345707.445977, -257.0
1575345707.472688, -257.0
1575345707.498804, -257.0
1575345707.524792, -257.0
1575345707.550219, -257.0
1575345707.575862, -257.0
1575345707.601153, -257.0
1575345707.626493, -257.0
1575345707.651979, -257.0
1575345707.677465, -257.0
1575345707.702883, -257.0
1575345707.730993, -257.0
1575345707.756377, -257.0
1575345707.781863, -257.0
1575345707.807359, -257.0
1575345707.832833, -257.0
1575345707.858256, -257.0
1575345707.883554, -257.0
1575345707.908728, -254.0
1575345707.934392, -254.0
1575345707.959861, -254.0
1575345707.985273, -254.0
1575345708.010704, -254.0
1575345708.036042, -254.0
1575345708.061253, -254.0
1575345708.087752, -254.0
1575345708.11522, -254.0
1575345708.141236, -254.0
1575345708.166877, -254.0
1575345708.19275, -254.0
1575345708.22057, -254.0
1575345708.621579, -254.0
1575345708.647558, -254.0
1575345709.0031, -252.0
1575345709.369445, -241.0
1575345709.764876, -241.0
1575345710.13862, -241.0
1575345710.526148, -241.0
1575345710.931871, -241.0
1575345711.285633, -241.0
1575345711.691872, -241.0
1575345712.079174, -241.0
1575345712.472952, -241.0
1575345712.850891, -241.0
1575345713.239163, -241.0
1575345713.618976, -241.0
1575345713.982761, -241.0
1575345700.955587, -257.0
1575345701.328751, -257.0
1575345701.354232, -257.0
1575345701.774036, -257.0
1575345701.799518, -257.0
1575345701.824815, -257.0
1575345701.8503, -257.0
1575345701.87643, -257.0
1575345701.90211, -257.0
1575345702.31879, -257.0
1575345702.344207, -257.0
1575345702.369709, -257.0
1575345702.395491, -257.0
1575345702.420929, -257.0
1575345702.894021, -257.0
1575345702.919744, -257.0
1575345702.946068, -257.0
1575345702.973239, -257.0
1575345703.001842, -257.0
1575345703.029485, -257.0
1575345703.058205, -257.0
1575345703.085786, -257.0
1575345703.111716, -257.0
1575345703.138456, -257.0
1575345703.166753, -257.0
1575345703.195136, -257.0
1575345703.223554, -257.0
1575345703.252313, -257.0
1575345703.280038, -257.0
1575345703.308474, -257.0
1575345703.336936, -257.0
1575345703.365372, -257.0
1575345703.393798, -257.0
1575345703.422195, -257.0
1575345703.450776, -257.0
1575345703.477724, -257.0
1575345703.50312, -257.0
1575345703.528344, -257.0
1575345703.55462, -257.0
1575345703.580306, -257.0
1575345703.605791, -257.0
1575345703.631077, -257.0
1575345703.656339, -257.0
1575345703.681709, -257.0
1575345703.707178, -257.0
1575345703.732668, -257.0
1575345703.758027, -257.0
1575345703.783344, -257.0
1575345703.808621, -257.0
1575345703.833832, -257.0
1575345703.859283, -257.0
1575345703.884884, -257.0
1575345703.910204, -257.0
1575345703.935527, -257.0
1575345703.960742, -257.0
1575345703.986171, -257.0
1575345704.011525, -257.0
1575345704.036746, -257.0
1575345704.062363, -257.0
1575345704.088508, -257.0
1575345704.114899, -257.0
1575345704.141395, -257.0
1575345704.167681, -257.0
1575345704.193019, -257.0
1575345704.218553, -257.0
1575345704.244003, -257.0
1575345704.269301, -257.0
1575345704.294777, -257.0
1575345704.320172, -257.0
1575345704.345664, -257.0
1575345704.370995, -257.0
1575345704.396315, -257.0
1575345704.421602, -257.0
1575345704.447289, -257.0
1575345704.473081, -257.0
1575345704.498615, -257.0
1575345704.523955, -257.0
1575345704.549622, -257.0
1575345704.575319, -257.0
1575345704.601143, -257.0
1575345704.626445, -257.0
1575345704.65193, -257.0
1575345704.677597, -257.0
1575345704.703343, -257.0
1575345704.729037, -257.0
1575345704.7548, -257.0
1575345704.780466, -257.0
1575345704.806052, -257.0
1575345704.831622, -257.0
1575345704.857032, -257.0
1575345704.882432, -257.0
1575345704.907872, -257.0
1575345704.933157, -257.0
1575345704.958545, -257.0
1575345704.983956, -257.0
1575345705.009163, -257.0
1575345705.034296, -257.0
1575345705.059706, -257.0
1575345705.085272, -257.0
1575345705.110499, -257.0
1575345705.135696, -257.0
1575345705.160964, -257.0
1575345705.186308, -257.0
1575345705.21166, -257.0
1575345705.237106, -257.0
1575345705.262383, -257.0
1575345705.288072, -257.0
1575345705.313313, -257.0
1575345705.3386, -257.0
1575345705.364081, -257.0
1575345705.39025, -257.0
1575345705.416109, -257.0
1575345705.442487, -257.0
1575345705.469013, -257.0
1575345705.495382, -257.0
1575345705.521738, -257.0
1575345705.548189, -257.0
1575345705.574951, -257.0
1575345705.601274, -257.0
1575345705.627469, -257.0
1575345705.653802, -257.0
1575345705.680098, -257.0
1575345705.706368, -257.0
1575345705.732692, -257.0
1575345705.758841, -257.0
1575345705.784355, -257.0
1575345705.809801, -257.0
1575345705.835059, -257.0
1575345705.861328, -257.0
1575345705.88739, -257.0
1575345705.912916, -257.0
1575345705.938465, -257.0
1575345705.964001, -257.0
1575345705.989431, -257.0
1575345706.014818, -257.0
1575345706.040119, -257.0
1575345706.065719, -257.0
1575345706.091121, -257.0
1575345706.116395, -257.0
1575345706.141767, -257.0
1575345706.167004, -257.0
1575345706.192214, -257.0
1575345706.217775, -257.0
1575345706.243353, -257.0
1575345706.269548, -257.0
1575345706.296363, -257.0
1575345706.324, -257.0
1575345706.350016, -257.0
1575345706.375285, -257.0
1575345706.401151, -257.0
1575345706.426626, -257.0
1575345706.455163, -257.0
1575345706.484003, -257.0
1575345706.509221, -257.0
1575345706.536752, -257.0
1575345706.562028, -257.0
1575345706.589054, -257.0
1575345706.614458, -257.0
1575345706.64228, -257.0
1575345706.668103, -257.0
1575345706.69344, -257.0
1575345706.718743, -257.0
1575345706.744171, -257.0
1575345706.769485, -257.0
1575345706.794847, -257.0
1575345706.820282, -257.0
1575345706.845459, -257.0
1575345706.870713, -257.0
1575345706.896172, -257.0
1575345706.921491, -257.0
1575345706.948184, -257.0
1575345706.975232, -257.0
1575345707.00083, -257.0
1575345707.027509, -257.0
1575345707.053129, -257.0
1575345707.078529, -257.0
1575345707.104219, -257.0
1575345707.130566, -257.0
1575345707.155827, -257.0
1575345707.181108, -257.0
1575345707.206321, -257.0
1575345707.231681, -257.0
1575345707.256958, -257.0
1575345707.282231, -257.0
1575345707.30752, -257.0
1575345707.332886, -257.0
1575345707.358137, -257.0
1575345707.384713, -257.0
1575345707.410086, -257.0
1575345707.436679, -257.0
1575345707.462413, -257.0
1575345707.487911, -257.0
1575345707.513286, -257.0
1575345707.538616, -257.0
1575345707.563902, -257.0
1575345707.589128, -257.0
1575345707.614281, -257.0
1575345707.639462, -257.0
1575345707.664795, -257.0
1575345707.690109, -257.0
1575345707.715925, -257.0
1575345707.741546, -257.0
1575345707.766728, -257.0
1575345707.792355, -257.0
1575345707.81761, -257.0
1575345707.842875, -257.0
1575345707.868136, -257.0
1575345707.893395, -257.0
1575345707.918656, -254.0
1575345707.945388, -254.0
1575345707.970582, -254.0
1575345707.995803, -254.0
1575345708.381841, -254.0
1575345708.755574, -252.0
1575345708.781078, -252.0
1575345709.137605, -252.0
1575345709.466146, -241.0
1575345709.816051, -241.0
1575345710.199438, -241.0
1575345710.565593, -241.0
1575345710.926927, -241.0
1575345711.296315, -241.0
1575345711.636691, -241.0
1575345712.004821, -241.0
1575345712.373299, -241.0
1575345712.76524, -241.0
1575345713.124659, -241.0
1575345713.481685, -241.0
1575345713.899447, -241.0
1575345713.927365, -241.0
1575345713.954311, -241.0
1575345713.981494, -241.0
1575345714.008803, -241.0
1575345714.03589, -241.0
1575345714.062489, -241.0
1575345714.088896, -241.0
1575345714.115593, -241.0
1575345714.144004, -241.0
1575345714.170706, -241.0
1575345714.197558, -241.0
1575345714.224974, -241.0
1575345714.25193, -241.0
1575345714.278775, -241.0
1575345714.305577, -241.0
1575345714.332334, -241.0
1575345714.359117, -241.0
1575345714.385766, -241.0
1575345714.412533, -241.0
1575345714.439474, -241.0
1575345714.466387, -241.0
1575345707.502389, -257.0
1575345707.904884, -254.0
1575345707.930104, -254.0
1575345707.955141, -254.0
1575345707.980406, -254.0
1575345708.326583, -254.0
1575345708.705429, -254.0
1575345709.124295, -252.0
1575345709.49061, -241.0
1575345709.877759, -241.0
1575345710.254371, -241.0
1575345710.621827, -241.0
1575345711.022227, -241.0
1575345711.417504, -241.0
1575345711.810029, -241.0
1575345712.17412, -241.0
1575345712.549338, -241.0
1575345712.953834, -241.0
1575345713.347744, -241.0
1575345713.73293, -241.0
1575345714.089528, -241.0
1575345714.453487, -241.0
1575345714.843845, -241.0
1575345715.207445, -241.0
1575345715.585905, -241.0
1575345716.01348, -241.0
1575345716.394844, -241.0
1575345716.773279, -241.0
1575345717.167442, -241.0
1575345717.553985, -241.0
1575345717.917753, -241.0
1575345718.317471, -241.0
1575345718.748871, -241.0
1575345719.089123, -241.0
1575345719.480601, -241.0
1575345719.84015, -241.0
1575345720.221611, -241.0
1575345720.592266, -241.0
1575345720.976896, -241.0
1575345721.357397, -241.0
1575345721.74435, -241.0
1575345722.109489, -241.0
1575345722.489349, -241.0
1575345722.857982, -241.0
1575345723.208945, -241.0
1575345723.570382, -241.0
1575345723.933285, -241.0
1575345724.303761, -241.0
1575345724.666875, -241.0
1575345725.048346, -241.0
1575345725.440766, -241.0
1575345725.813081, -241.0
1575345726.171553, -241.0
1575345726.558563, -241.0
1575345726.956954, -241.0
1575345727.364133, -241.0
1575345727.746973, -241.0
1575345728.160286, -241.0
1575345728.551714, -241.0
1575345728.92839, -241.0
1575345729.293987, -241.0
1575345729.655616, -241.0
1575345730.039435, -241.0
1575345730.432652, -241.0
1575345730.792771, -241.0
1575345731.175012, -241.0
1575345731.580241, -241.0
1575345731.950313, -241.0
1575345732.358134, -241.0
1575345732.766452, -241.0
1575345733.15255, -241.0
1575345733.534496, -241.0
1575345733.947747, -241.0
1575345734.313841, -241.0
1575345734.700733, -241.0
1575345735.103422, -241.0
1575345735.474014, -241.0
1575345735.837338, -241.0
1575345736.208828, -241.0
1575345736.605633, -241.0
1575345736.984082, -241.0
1575345737.371219, -241.0
1575345737.765687, -241.0
1575345738.163137, -241.0
1575345738.544694, -241.0
1575345738.902026, -241.0
1575345739.259928, -241.0
1575345739.642677, -241.0
1575345740.035447, -241.0
1575345740.394955, -241.0
1575345740.790989, -241.0
1575345741.17275, -241.0
1575345741.567348, -241.0
1575345741.963091, -241.0
1575345742.318693, -241.0
1575345742.344485, -241.0
1575345742.370285, -241.0
1575345742.396023, -241.0
1575345742.761614, -241.0
1575345743.131859, -241.0
1575345743.532706, -241.0
1575345743.906092, -241.0
1575345744.272245, -241.0
1575345744.654119, -241.0
1575345745.038927, -241.0
1575345745.44379, -241.0
1575345745.839347, -241.0
1575345746.228287, -241.0
1575345746.619605, -241.0
1575345746.993816, -241.0
1575345747.34948, -241.0
1575345747.787338, -241.0
1575345748.143635, -241.0
1575345748.54096, -241.0
1575345748.937396, -241.0
1575345749.341578, -241.0
1575345749.742356, -241.0
1575345750.115032, -241.0
1575345750.516441, -241.0
1575345750.92474, -241.0
1575345751.311746, -241.0
1575345751.680691, -241.0
1575345752.060616, -241.0
1575345752.419781, -241.0
1575345752.790288, -241.0
1575345753.186742, -241.0
1575345753.559996, -241.0
1575345753.94654, -241.0
1575345754.34895, -241.0
1575345754.738527, -241.0
1575345755.15922, -241.0
1575345755.575442, -241.0
1575345755.918701, -241.0
1575345756.253425, -241.0
1575345756.616251, -241.0
1575345756.991154, -241.0
1575345757.3626, -241.0
1575345757.748653, -241.0
1575345758.140733, -241.0
1575345758.5374, -241.0
1575345758.902252, -241.0
1575345759.259812, -241.0
1575345759.285421, -241.0
1575345760.025944, -241.0
1575345760.052252, -241.0
1575345760.400361, -241.0
1575345760.903698, -241.0
1575345761.27795, -241.0
1575345761.659569, -241.0
1575345762.076125, -241.0
1575345762.436968, -241.0
1575345762.860513, -241.0
1575345763.250556, -241.0
1575345763.657598, -241.0
1575345764.056552, -241.0
1575345764.410336, -241.0
1575345764.756642, -241.0
1575345765.131847, -241.0
1575345765.595045, -241.0
1575345765.620852, -241.0
1575345766.07627, -241.0
1575345766.453838, -241.0
1575345766.832953, -241.0
1575345767.240559, -241.0
1575345767.268893, -241.0
1575345767.705617, -241.0
1575345768.107429, -241.0
1575345768.504237, -241.0
1575345768.890987, -241.0
1575345769.280429, -241.0
1575345769.668656, -241.0
1575345770.059693, -241.0
1575345770.085506, -241.0
1575345770.111482, -241.0
1575345770.590949, -241.0
1575345771.093352, -241.0
1575345771.119287, -241.0
1575345771.535879, -241.0
1575345772.07825, -241.0
1575345772.104089, -241.0
1575345772.129599, -241.0
1575345772.587023, -241.0
1575345772.985438, -241.0
1575345773.372958, -241.0
1575345773.731532, -241.0
1575345774.116006, -241.0
1575345774.499366, -241.0
1575345774.883186, -241.0
1575345775.25336, -241.0
1575345775.650129, -241.0
1575345776.019636, -241.0
1575345776.401322, -241.0
1575345776.782456, -241.0
1575345777.157357, -241.0
1575345777.558188, -241.0
1575345777.921795, -241.0
1575345778.316922, -241.0
1575345778.688525, -241.0
1575345779.081913, -241.0
1575345779.476572, -241.0
1575345779.852297, -241.0
1575345780.21976, -241.0
1575345780.633338, -241.0
1575345781.009856, -241.0
1575345781.387836, -241.0
1575345781.767125, -241.0
1575345781.792787, -241.0
1575345782.144807, -241.0
1575345782.515759, -241.0
1575345782.926111, -241.0
1575345783.321487, -241.0
1575345783.702421, -241.0
1575345784.080085, -241.0
1575345784.461366, -241.0
1575345784.839915, -241.0
1575345785.216006, -241.0
1575345785.593535, -241.0
1575345785.971177, -241.0
1575345786.361921, -241.0
1575345786.727198, -241.0
1575345787.103322, -241.0
1575345787.459981, -241.0
1575345787.837241, -241.0
1575345788.174333, -241.0
1575345788.562081, -241.0
1575345788.935734, -241.0
1575345789.310474, -241.0
1575345789.679757, -241.0
1575345790.082857, -241.0
1575345790.461324, -241.0
1575345790.850832, -241.0
1575345791.27221, -241.0
1575345791.696597, -241.0
1575345792.099115, -241.0
1575345792.4853, -241.0
1575345792.86731, -241.0
1575345793.242921, -241.0
1575345793.619356, -241.0
1575345793.985513, -241.0
1575345794.360326, -241.0
1575345794.712932, -241.0
1575345795.078128, -241.0
1575345795.454491, -241.0
1575345795.839206, -241.0
1575345796.23742, -241.0
1575345796.636344, -241.0
1575345797.005249, -241.0
1575345797.412495, -241.0
1575345797.78719, -241.0
1575345798.161743, -241.0
1575345707.751503, -257.0
1575345707.776716, -257.0
1575345707.801866, -257.0
1575345707.827831, -257.0
1575345708.177535, -254.0
1575345708.20287, -254.0
1575345708.228317, -254.0
1575345708.253794, -254.0
1575345708.279335, -254.0
1575345708.649934, -254.0
1575345709.020494, -252.0
1575345709.045937, -252.0
1575345709.072015, -252.0
1575345709.097392, -252.0
1575345709.539431, -241.0
1575345709.565266, -241.0
1575345709.59123, -241.0
1575345709.618151, -241.0
1575345709.644517, -241.0
1575345710.134834, -241.0
1575345710.527941, -241.0
1575345710.902866, -241.0
1575345711.3102, -241.0
1575345711.671641, -241.0
1575345712.071576, -241.0
1575345712.097924, -241.0
1575345712.553056, -241.0
1575345712.931762, -241.0
1575345713.299136, -241.0
1575345713.688698, -241.0
1575345714.148919, -241.0
1575345714.525848, -241.0
1575345714.970586, -241.0
1575345715.528372, -241.0
1575345716.000428, -241.0
1575345716.354092, -241.0
1575345716.743022, -241.0
1575345717.287265, -241.0
1575345717.710106, -241.0
1575345718.246716, -241.0
1575345718.643198, -241.0
1575345719.198028, -241.0
1575345719.741957, -241.0
1575345720.288119, -241.0
1575345720.817794, -241.0
1575345721.231958, -241.0
1575345721.714347, -241.0
1575345722.188307, -241.0
1575345722.549498, -241.0
1575345723.012342, -241.0
1575345723.496191, -241.0
1575345723.93689, -241.0
1575345724.421799, -241.0
1575345724.825889, -241.0
1575345725.208902, -241.0
1575345725.70554, -241.0
1575345726.083767, -241.0
1575345726.513059, -241.0
1575345727.009579, -241.0
1575345727.441823, -241.0
1575345727.951615, -241.0
1575345728.395991, -241.0
1575345728.771404, -241.0
1575345729.222984, -241.0
1575345729.722305, -241.0
1575345730.287072, -241.0
1575345730.786185, -241.0
1575345731.164602, -241.0
1575345731.19027, -241.0
1575345731.60984, -241.0
1575345732.089476, -241.0
1575345732.623194, -241.0
1575345733.117419, -241.0
1575345733.601708, -241.0
1575345733.989565, -241.0
1575345734.368885, -241.0
1575345734.853326, -241.0
1575345735.225182, -241.0
1575345735.61323, -241.0
1575345736.009866, -241.0
1575345736.52512, -241.0
1575345737.093809, -241.0
1575345737.640293, -241.0
1575345738.175163, -241.0
1575345738.702539, -241.0
1575345739.154351, -241.0
1575345739.50962, -241.0
1575345739.965235, -241.0
1575345739.991075, -241.0
1575345740.016981, -241.0
1575345740.042687, -241.0
1575345740.516219, -241.0
1575345740.884213, -241.0
1575345741.241313, -241.0
1575345741.611563, -241.0
1575345741.999167, -241.0
1575345742.367425, -241.0
1575345742.762513, -241.0
1575345743.271639, -241.0
1575345743.818174, -241.0
1575345744.378464, -241.0
1575345744.892455, -241.0
1575345745.366308, -241.0
1575345745.890572, -241.0
1575345746.401216, -241.0
1575345746.885033, -241.0
1575345747.362272, -241.0
1575345747.774267, -241.0
1575345748.140669, -241.0
1575345748.54706, -241.0
1575345748.983901, -241.0
1575345749.434576, -241.0
1575345749.892141, -241.0
1575345750.422649, -241.0
1575345750.872178, -241.0
1575345751.35872, -241.0
1575345751.898488, -241.0
1575345752.430614, -241.0
1575345752.961753, -241.0
1575345753.393794, -241.0
1575345753.883814, -241.0
1575345754.402464, -241.0
1575345754.964734, -241.0
1575345755.480862, -241.0
1575345755.928298, -241.0
1575345756.326445, -241.0
1575345756.821524, -241.0
1575345757.222542, -241.0
1575345757.608478, -241.0
1575345758.000373, -241.0
1575345758.396963, -241.0
1575345758.793175, -241.0
1575345759.187426, -241.0
1575345759.669658, -241.0
1575345760.063419, -241.0
1575345760.502105, -241.0
1575345760.911254, -241.0
1575345761.313225, -241.0
1575345761.721025, -241.0
1575345762.209878, -241.0
1575345762.740704, -241.0
1575345763.28373, -241.0
1575345763.831776, -241.0
1575345764.393517, -241.0
1575345764.80392, -241.0
1575345765.148303, -241.0
1575345765.588972, -241.0
1575345765.957907, -241.0
1575345766.312871, -241.0
1575345766.674777, -241.0
1575345767.168804, -241.0
1575345767.539473, -241.0
1575345767.992017, -241.0
1575345768.510827, -241.0
1575345769.031473, -241.0
1575345769.551332, -241.0
1575345769.957764, -241.0
1575345770.353086, -241.0
1575345770.731979, -241.0
1575345771.082726, -241.0
1575345771.453642, -241.0
1575345771.854435, -241.0
1575345772.286168, -241.0
1575345772.657518, -241.0
1575345773.124183, -241.0
1575345773.529288, -241.0
1575345773.908206, -241.0
1575345774.248606, -241.0
1575345774.646954, -241.0
1575345775.030474, -241.0
1575345775.399382, -241.0
1575345775.84608, -241.0
1575345776.247869, -241.0
1575345776.666837, -241.0
1575345777.036303, -241.0
1575345777.424547, -241.0
1575345777.811975, -241.0
1575345778.201567, -241.0
1575345778.593751, -241.0
1575345779.007371, -241.0
1575345779.378898, -241.0
1575345779.759726, -241.0
1575345779.785846, -241.0
1575345779.811996, -241.0
1575345780.240136, -241.0
1575345780.266821, -241.0
1575345780.295934, -241.0
1575345780.323831, -241.0
1575345780.352135, -241.0
1575345780.380425, -241.0
1575345780.409652, -241.0
1575345780.43871, -241.0
1575345780.467516, -241.0
1575345780.495793, -241.0
1575345780.523565, -241.0
1575345780.552074, -241.0
1575345780.580747, -241.0
1575345780.60973, -241.0
1575345781.000751, -241.0
1575345781.410838, -241.0
1575345781.869983, -241.0
1575345782.264826, -241.0
1575345782.702474, -241.0
1575345783.059107, -241.0
1575345783.445359, -241.0
1575345783.808687, -241.0
1575345784.186521, -241.0
1575345784.661761, -241.0
1575345785.055972, -241.0
1575345785.081468, -241.0
1575345785.106596, -241.0
1575345785.484879, -241.0
1575345785.869345, -241.0
1575345786.233698, -241.0
1575345786.643007, -241.0
1575345787.008082, -241.0
1575345787.398784, -241.0
1575345787.790064, -241.0
1575345788.159407, -241.0
1575345788.527601, -241.0
1575345788.941314, -241.0
1575345788.96688, -241.0
1575345789.489683, -241.0
1575345789.515518, -241.0
1575345789.898355, -241.0
1575345790.283938, -241.0
1575345790.672862, -241.0
1575345791.105919, -241.0
1575345791.502382, -241.0
1575345791.904803, -241.0
1575345792.316252, -241.0
1575345792.692165, -241.0
1575345792.717629, -241.0
1575345793.137768, -241.0
1575345793.520208, -241.0
1575345793.929122, -241.0
1575345794.339164, -241.0
1575345794.784779, -241.0
1575345795.183106, -241.0
1575345795.619828, -241.0
1575345796.341213, -241.0
1575345796.367533, -241.0
1575345796.393608, -241.0
1575345796.420486, -241.0
1575345796.965351, -241.0
1575345796.99178, -241.0
1575345797.017825, -241.0
1575345797.487202, -241.0
1575345798.19932, -241.0
1575345798.692268, -241.0
1575345714.041173, -241.0
1575345714.435626, -241.0
1575345714.460895, -241.0
1575345714.48652, -241.0
1575345714.512197, -241.0
1575345714.53753, -241.0
1575345714.563156, -241.0
1575345714.588667, -241.0
1575345714.614184, -241.0
1575345715.015877, -241.0
1575345715.412102, -241.0
1575345715.437804, -241.0
1575345715.782394, -241.0
1575345716.165307, -241.0
1575345716.562547, -241.0
1575345716.927438, -241.0
1575345717.329295, -241.0
1575345717.673629, -241.0
1575345718.027066, -241.0
1575345718.423827, -241.0
1575345718.45037, -241.0
1575345718.476955, -241.0
1575345718.895883, -241.0
1575345719.303396, -241.0
1575345719.328968, -241.0
1575345719.882017, -241.0
1575345720.276485, -241.0
1575345720.82172, -241.0
1575345721.190193, -241.0
1575345721.617389, -241.0
1575345721.998298, -241.0
1575345722.368446, -241.0
1575345722.730797, -241.0
1575345723.133719, -241.0
1575345723.496554, -241.0
1575345723.872183, -241.0
1575345724.288647, -241.0
1575345724.68477, -241.0
1575345725.058874, -241.0
1575345725.454029, -241.0
1575345725.814248, -241.0
1575345726.206775, -241.0
1575345726.594113, -241.0
1575345727.034865, -241.0
1575345727.418754, -241.0
1575345727.783116, -241.0
1575345727.80849, -241.0
1575345727.836057, -241.0
1575345727.864966, -241.0
1575345727.892776, -241.0
1575345727.921331, -241.0
1575345727.947961, -241.0
1575345728.315308, -241.0
1575345728.702895, -241.0
1575345729.123388, -241.0
1575345729.491702, -241.0
1575345729.848336, -241.0
1575345730.206032, -241.0
1575345730.574262, -241.0
1575345730.965808, -241.0
1575345731.326787, -241.0
1575345731.720697, -241.0
1575345732.107621, -241.0
1575345732.495327, -241.0
1575345732.883856, -241.0
1575345733.276611, -241.0
1575345733.650274, -241.0
1575345733.999089, -241.0
1575345734.387922, -241.0
1575345734.742564, -241.0
1575345735.120282, -241.0
1575345735.490252, -241.0
1575345735.848866, -241.0
1575345736.197811, -241.0
1575345736.541051, -241.0
1575345736.942811, -241.0
1575345737.328941, -241.0
1575345737.719996, -241.0
1575345738.106873, -241.0
1575345738.502966, -241.0
1575345738.892951, -241.0
1575345739.251419, -241.0
1575345739.591732, -241.0
1575345739.985267, -241.0
1575345740.404304, -241.0
1575345740.777092, -241.0
1575345741.182086, -241.0
1575345741.551243, -241.0
1575345741.94686, -241.0
1575345742.322731, -241.0
1575345742.680729, -241.0
1575345743.080817, -241.0
1575345743.490807, -241.0
1575345743.907157, -241.0
1575345744.283505, -241.0
1575345744.65624, -241.0
1575345745.029328, -241.0
1575345745.409503, -241.0
1575345745.778062, -241.0
1575345746.132971, -241.0
1575345746.48881, -241.0
1575345746.84749, -241.0
1575345747.226575, -241.0
1575345747.596454, -241.0
1575345747.952552, -241.0
1575345748.302829, -241.0
1575345748.651179, -241.0
1575345749.039959, -241.0
1575345749.423788, -241.0
1575345749.776654, -241.0
1575345749.802065, -241.0
1575345750.191209, -241.0
1575345750.598706, -241.0
1575345750.942578, -241.0
1575345751.332373, -241.0
1575345751.711305, -241.0
1575345752.076495, -241.0
1575345752.450582, -241.0
1575345752.961671, -241.0
1575345753.314056, -241.0
1575345753.678474, -241.0
1575345754.04791, -241.0
1575345754.419185, -241.0
1575345754.791314, -241.0
1575345755.159642, -241.0
1575345755.516669, -241.0
1575345755.871012, -241.0
1575345756.211657, -241.0
1575345756.587599, -241.0
1575345756.95489, -241.0
1575345757.311133, -241.0
1575345757.717975, -241.0
1575345758.078217, -241.0
1575345758.426206, -241.0
1575345758.821821, -241.0
1575345759.171763, -241.0
1575345759.520833, -241.0
1575345759.91578, -241.0
1575345760.300511, -241.0
1575345760.671762, -241.0
1575345761.028122, -241.0
1575345761.426056, -241.0
1575345761.793743, -241.0
1575345762.157429, -241.0
1575345762.546479, -241.0
1575345762.926423, -241.0
1575345763.312087, -241.0
1575345763.685212, -241.0
1575345764.079419, -241.0
1575345764.471863, -241.0
1575345764.843196, -241.0
1575345765.205561, -241.0
1575345765.608245, -241.0
1575345765.995613, -241.0
1575345766.414759, -241.0
1575345766.795348, -241.0
1575345767.197603, -241.0
1575345767.583232, -241.0
1575345767.966695, -241.0
1575345768.35131, -241.0
1575345768.677226, -241.0
1575345769.005387, -241.0
1575345769.374969, -241.0
1575345769.402423, -241.0
1575345769.429961, -241.0
1575345769.456675, -241.0
1575345769.483201, -241.0
1575345769.509375, -241.0
1575345769.535474, -241.0
1575345769.561534, -241.0
1575345769.590139, -241.0
1575345769.616819, -241.0
1575345769.642465, -241.0
1575345769.668592, -241.0
1575345769.694563, -241.0
1575345769.723355, -241.0
1575345770.141495, -241.0
1575345770.498312, -241.0
1575345770.861494, -241.0
1575345771.212089, -241.0
1575345771.591893, -241.0
1575345771.95605, -241.0
1575345772.361504, -241.0
1575345772.773554, -241.0
1575345773.157039, -241.0
1575345773.525798, -241.0
1575345773.94231, -241.0
1575345774.281492, -241.0
1575345774.625581, -241.0
1575345775.007193, -241.0
1575345775.38049, -241.0
1575345775.749944, -241.0
1575345776.119274, -241.0
1575345776.492371, -241.0
1575345776.871935, -241.0
1575345777.221536, -241.0
1575345777.593607, -241.0
1575345777.979088, -241.0
1575345778.35559, -241.0
1575345778.77425, -241.0
1575345779.168098, -241.0
1575345779.521149, -241.0
1575345779.548035, -241.0
1575345779.936896, -241.0
1575345780.3046, -241.0
1575345780.681562, -241.0
1575345781.082708, -241.0
1575345781.461867, -241.0
1575345781.827943, -241.0
1575345782.183599, -241.0
1575345782.55784, -241.0
1575345782.896664, -241.0
1575345783.264884, -241.0
1575345783.6285, -241.0
1575345784.030142, -241.0
1575345784.401958, -241.0
1575345784.750204, -241.0
1575345785.086663, -241.0
1575345785.461832, -241.0
1575345785.845091, -241.0
1575345786.233744, -241.0
1575345786.599182, -241.0
1575345786.963636, -241.0
1575345787.348142, -241.0
1575345787.692851, -241.0
1575345788.058647, -241.0
1575345788.445117, -241.0
1575345788.809606, -241.0
1575345789.183279, -241.0
1575345789.556413, -241.0
1575345789.909409, -241.0
1575345790.294441, -241.0
1575345790.642235, -241.0
1575345791.022769, -241.0
1575345791.405398, -241.0
1575345791.776278, -241.0
1575345792.141933, -241.0
1575345792.50663, -241.0
1575345792.893252, -241.0
1575345793.288978, -241.0
1575345793.669689, -241.0
1575345794.030133, -241.0
1575345794.419638, -241.0
1575345794.814256, -241.0
1575345795.178303, -241.0
1575345795.563393, -241.0
1575345795.936679, -241.0
1575345796.314159, -241.0
1575345796.701496, -241.0
1575345797.085327, -241.0
1575345714.526766, -241.0
1575345714.552215, -241.0
1575345714.577456, -241.0
1575345714.939728, -241.0
1575345714.96527, -241.0
1575345714.990828, -241.0
1575345715.018123, -241.0
1575345715.044942, -241.0
1575345715.071812, -241.0
1575345715.09853, -241.0
1575345715.124939, -241.0
1575345715.151404, -241.0
1575345715.177823, -241.0
1575345715.204268, -241.0
1575345715.230463, -241.0
1575345715.256928, -241.0
1575345715.285511, -241.0
1575345715.312168, -241.0
1575345715.339886, -241.0
1575345715.718431, -241.0
1575345715.743953, -241.0
1575345715.76919, -241.0
1575345715.794793, -241.0
1575345715.820279, -241.0
1575345715.845732, -241.0
1575345715.871183, -241.0
1575345715.896728, -241.0
1575345715.921998, -241.0
1575345715.947673, -241.0
1575345715.973212, -241.0
1575345716.349756, -241.0
1575345716.375117, -241.0
1575345716.400637, -241.0
1575345716.426081, -241.0
1575345716.45143, -241.0
1575345716.476926, -241.0
1575345716.849717, -241.0
1575345716.875209, -241.0
1575345716.900424, -241.0
1575345716.925864, -241.0
1575345716.951019, -241.0
1575345716.976536, -241.0
1575345717.00194, -241.0
1575345717.027191, -241.0
1575345717.052549, -241.0
1575345717.078076, -241.0
1575345717.103645, -241.0
1575345717.129097, -241.0
1575345717.154617, -241.0
1575345717.526336, -241.0
1575345717.551741, -241.0
1575345717.577584, -241.0
1575345717.603359, -241.0
1575345717.629028, -241.0
1575345717.654454, -241.0
1575345717.67985, -241.0
1575345718.081019, -241.0
1575345718.106597, -241.0
1575345718.132214, -241.0
1575345718.157827, -241.0
1575345718.183405, -241.0
1575345718.208901, -241.0
1575345718.606332, -241.0
1575345718.999919, -241.0
1575345719.378934, -241.0
1575345719.820421, -241.0
1575345720.286842, -241.0
1575345720.312376, -241.0
1575345720.768792, -241.0
1575345720.794537, -241.0
1575345721.249752, -241.0
1575345721.670803, -241.0
1575345722.071078, -241.0
1575345722.471567, -241.0
1575345722.889674, -241.0
1575345722.915243, -241.0
1575345722.942315, -241.0
1575345723.330789, -241.0
1575345723.356595, -241.0
1575345723.382009, -241.0
1575345723.774933, -241.0
1575345724.135058, -241.0
1575345724.5029, -241.0
1575345724.90738, -241.0
1575345725.282094, -241.0
1575345725.678694, -241.0
1575345726.094596, -241.0
1575345726.51155, -241.0
1575345726.932923, -241.0
1575345727.330374, -241.0
1575345727.742829, -241.0
1575345728.127281, -241.0
1575345728.550331, -241.0
1575345728.921888, -241.0
1575345729.329313, -241.0
1575345729.749141, -241.0
1575345730.12705, -241.0
1575345730.487571, -241.0
1575345730.862731, -241.0
1575345730.888232, -241.0
1575345731.305605, -241.0
1575345731.696432, -241.0
1575345732.077877, -241.0
1575345732.450721, -241.0
1575345732.837539, -241.0
1575345733.206481, -241.0
1575345733.637725, -241.0
1575345734.03426, -241.0
1575345734.403558, -241.0
1575345734.787339, -241.0
1575345735.182504, -241.0
1575345735.595385, -241.0
1575345736.016305, -241.0
1575345736.04204, -241.0
1575345736.41557, -241.0
1575345736.826188, -241.0
1575345737.251222, -241.0
1575345737.646862, -241.0
1575345737.995985, -241.0
1575345738.381941, -241.0
1575345738.750093, -241.0
1575345739.124467, -241.0
1575345739.501506, -241.0
1575345739.916829, -241.0
1575345740.284138, -241.0
1575345740.64867, -241.0
1575345741.031949, -241.0
1575345741.422822, -241.0
1575345741.805698, -241.0
1575345742.182237, -241.0
1575345742.555479, -241.0
1575345742.99125, -241.0
1575345743.418427, -241.0
1575345743.813609, -241.0
1575345744.235065, -241.0
1575345744.780543, -241.0
1575345745.231421, -241.0
1575345745.646703, -241.0
1575345746.067297, -241.0
1575345746.453813, -241.0
1575345746.845767, -241.0
1575345747.193616, -241.0
1575345747.556878, -241.0
1575345747.917882, -241.0
1575345748.309981, -241.0
1575345748.720948, -241.0
1575345749.12966, -241.0
1575345749.52491, -241.0
1575345749.943181, -241.0
1575345750.362533, -241.0
1575345750.758913, -241.0
1575345751.161786, -241.0
1575345751.558617, -241.0
1575345751.964942, -241.0
1575345752.410115, -241.0
1575345752.800931, -241.0
1575345753.172763, -241.0
1575345753.602832, -241.0
1575345753.983354, -241.0
1575345754.376385, -241.0
1575345754.764332, -241.0
1575345755.141499, -241.0
1575345755.514434, -241.0
1575345755.881514, -241.0
1575345756.289994, -241.0
1575345756.651379, -241.0
1575345757.02468, -241.0
1575345757.397589, -241.0
1575345757.776432, -241.0
1575345758.129934, -241.0
1575345758.518132, -241.0
1575345758.873649, -241.0
1575345759.211413, -241.0
1575345759.616901, -241.0
1575345760.037159, -241.0
1575345760.440047, -241.0
1575345760.86333, -241.0
1575345761.233541, -241.0
1575345761.576096, -241.0
1575345761.96534, -241.0
1575345762.344248, -241.0
1575345762.739016, -241.0
1575345763.09182, -241.0
1575345763.505179, -241.0
1575345764.057109, -241.0
1575345764.443592, -241.0
1575345764.841484, -241.0
1575345765.235573, -241.0
1575345765.629161, -241.0
1575345765.995875, -241.0
1575345766.410305, -241.0
1575345766.782791, -241.0
1575345767.163174, -241.0
1575345767.532731, -241.0
1575345767.924487, -241.0
1575345768.317849, -241.0
1575345768.691301, -241.0
1575345769.075152, -241.0
1575345769.4779, -241.0
1575345769.849023, -241.0
1575345770.25971, -241.0
1575345770.67246, -241.0
1575345771.059865, -241.0
1575345771.449819, -241.0
1575345771.90331, -241.0
1575345771.932162, -241.0
1575345771.959963, -241.0
1575345771.987063, -241.0
1575345772.013999, -241.0
1575345772.040938, -241.0
1575345772.067684, -241.0
1575345772.094362, -241.0
1575345772.122779, -241.0
1575345772.149844, -241.0
1575345772.176863, -241.0
1575345772.203534, -241.0
1575345772.230347, -241.0
1575345772.258088, -241.0
1575345772.285994, -241.0
1575345772.673581, -241.0
1575345773.036824, -241.0
1575345773.386266, -241.0
1575345773.776799, -241.0
1575345774.174694, -241.0
1575345774.572271, -241.0
1575345774.953287, -241.0
1575345775.362725, -241.0
1575345775.756148, -241.0
1575345776.136357, -241.0
1575345776.521682, -241.0
1575345776.898214, -241.0
1575345777.264831, -241.0
1575345777.645611, -241.0
1575345778.020853, -241.0
1575345778.406524, -241.0
1575345778.797808, -241.0
1575345779.19022, -241.0
1575345779.568446, -241.0
1575345779.944433, -241.0
1575345780.422925, -241.0
1575345781.061245, -241.0
1575345781.440021, -241.0
1575345781.829868, -241.0
1575345782.201518, -241.0
1575345782.577468, -241.0
1575345782.957717, -241.0
1575345783.357873, -241.0
1575345783.718093, -241.0
1575345784.087912, -241.0
1575345784.470104, -241.0
1575345784.525262, -241.0
1575345784.550627, -241.0
1575345784.929011, -241.0
1575345784.954529, -241.0
1575345785.353575, -241.0
1575345785.758594, -241.0
1575345786.130901, -241.0
1575345786.502053, -241.0
1575345786.889462, -241.0
1575345787.238244, -241.0
1575345787.622782, -241.0
1575345787.648311, -241.0
1575345787.673574, -241.0
1575345788.063921, -241.0
1575345788.089444, -241.0
1575345788.115799, -241.0
1575345788.143359, -241.0
1575345788.170524, -241.0
1575345788.196838, -241.0
1575345788.223965, -241.0
1575345788.251335, -241.0
1575345788.613464, -241.0
1575345788.963713, -241.0
1575345789.328957, -241.0
1575345789.722311, -241.0
1575345790.07318, -241.0
1575345790.462173, -241.0
1575345790.850719, -241.0
1575345791.2022, -241.0
1575345791.567754, -241.0
1575345791.955979, -241.0
1575345792.316915, -241.0
1575345792.701505, -241.0
1575345793.11665, -241.0
1575345793.489102, -241.0
1575345793.885019, -241.0
1575345794.27458, -241.0
1575345794.653521, -241.0
1575345795.021661, -241.0
1575345795.409807, -241.0
1575345795.785045, -241.0
1575345796.166789, -241.0
1575345796.528529, -241.0
1575345796.886677, -241.0
1575345797.272933, -241.0
1575345797.663733, -241.0
1575345798.059907, -241.0
1575345798.437556, -241.0
1575345798.78701, -241.0
1575345799.175196, -241.0
1575345799.553739, -241.0
1575345799.936935, -241.0
1575345800.287558, -241.0
1575345800.678668, -241.0
1575345801.070971, -241.0
1575345801.448196, -241.0
1575345801.833315, -241.0
1575345802.220501, -241.0
1575345802.592028, -241.0
1575345802.952883, -241.0
1575345803.356137, -241.0
1575345803.739479, -241.0
1575345804.101579, -241.0
1575345804.477754, -241.0
1575345804.863396, -241.0
1575345805.256039, -241.0
1575345805.658402, -241.0
1575345806.055157, -241.0
1575345806.446821, -241.0
1575345806.800186, -241.0
1575345807.165446, -241.0
1575345807.549638, -241.0
1575345808.040817, -241.0
1575345808.439055, -241.0
1575345808.802058, -241.0
1575345809.189333, -241.0
1575345809.565193, -241.0
1575345809.92641, -241.0
1575345810.299863, -241.0
1575345810.867169, -241.0
1575345811.249443, -241.0
1575345811.64952, -241.0
1575345811.993999, -241.0
1575345812.379741, -241.0
1575345812.739264, -241.0
1575345813.14447, -241.0
1575345813.170964, -241.0
1575345813.199286, -241.0
1575345813.226487, -241.0
1575345813.253833, -241.0
1575345813.281481, -241.0
1575345813.308483, -241.0
1575345813.335284, -241.0
1575345813.361848, -241.0
1575345813.388419, -241.0
1575345813.415058, -241.0
1575345813.443014, -241.0
1575345813.46963, -241.0
1575345813.495532, -241.0
1575345813.521508, -241.0
1575345813.548673, -241.0
1575345813.574314, -241.0
1575345813.940407, -241.0
1575345814.300045, -241.0
1575345814.652379, -241.0
1575345815.013274, -241.0
1575345815.410152, -241.0
1575345815.771372, -241.0
1575345816.137498, -241.0
1575345816.556211, -241.0
1575345816.912439, -241.0
1575345817.27381, -241.0
1575345817.637194, -241.0
1575345818.015006, -241.0
1575345818.376022, -241.0
1575345818.743816, -241.0
1575345819.095806, -241.0
1575345819.461624, -241.0
1575345819.848247, -241.0
1575345820.238928, -241.0
1575345820.64578, -241.0
1575345820.671908, -241.0
1575345820.700572, -241.0
1575345821.291276, -241.0
1575345821.665165, -241.0
1575345821.690656, -241.0
1575345821.719275, -241.0
1575345821.745902, -241.0
1575345821.770959, -241.0
1575345821.79583, -241.0
1575345821.82146, -241.0
1575345821.849581, -241.0
1575345821.875322, -241.0
1575345821.901041, -241.0
1575345821.92819, -241.0
1575345822.30158, -241.0
1575345822.667453, -241.0
1575345823.055793, -241.0
1575345823.083852, -241.0
1575345823.110093, -241.0
1575345823.138061, -241.0
1575345823.510056, -241.0
1575345823.867506, -241.0
1575345824.264696, -241.0
1575345824.628999, -241.0
1575345825.022508, -241.0
1575345825.426013, -241.0
1575345825.798265, -241.0
1575345826.175561, -241.0
1575345826.623475, -241.0
1575345826.986212, -241.0
1575345827.391474, -241.0
1575345827.775776, -241.0
1575345828.148231, -241.0
1575345828.512963, -241.0
1575345828.890473, -241.0
1575345829.270312, -241.0
1575345829.622158, -241.0
1575345830.07232, -241.0
1575345830.100316, -241.0
1575345830.127911, -241.0
1575345830.153759, -241.0
1575345830.181524, -241.0
1575345830.207451, -241.0
1575345830.233439, -241.0
1575345830.260213, -241.0
1575345830.286088, -241.0
1575345830.312818, -241.0
1575345830.338807, -241.0
1575345830.364783, -241.0
1575345830.390594, -241.0
1575345830.416585, -241.0
1575345830.44236, -241.0
1575345830.468163, -241.0
1575345830.494099, -241.0
1575345830.519959, -241.0
1575345830.545784, -241.0
1575345830.573939, -241.0
1575345830.599787, -241.0
1575345830.625666, -241.0
1575345831.059105, -241.0
1575345831.469649, -241.0
1575345831.812964, -241.0
1575345832.193591, -241.0
1575345832.573286, -241.0
1575345832.964529, -241.0
1575345833.366532, -241.0
1575345833.746475, -241.0
1575345834.139124, -241.0
1575345834.555601, -241.0
1575345834.915559, -241.0
1575345835.301498, -241.0
1575345835.715251, -241.0
1575345836.100245, -241.0
1575345836.462687, -241.0
1575345836.834731, -241.0
1575345837.231134, -241.0
1575345837.584526, -241.0
1575345837.945424, -241.0
1575345838.327118, -241.0
1575345838.704205, -241.0
1575345839.095873, -241.0
1575345839.466752, -241.0
1575345839.841917, -241.0
1575345840.221189, -241.0
1575345840.599806, -241.0
1575345841.005194, -241.0
1575345841.378003, -241.0
1575345841.746674, -241.0
1575345841.773207, -241.0
1575345841.801258, -241.0
1575345841.82874, -241.0
1575345841.855177, -241.0
1575345841.881335, -241.0
1575345841.907484, -241.0
1575345841.933411, -241.0
1575345841.959407, -241.0
1575345841.985472, -241.0
1575345842.01139, -241.0
1575345842.03716, -241.0
1575345842.063133, -241.0
1575345842.09135, -241.0
1575345842.117281, -241.0
1575345842.143188, -241.0
1575345842.170466, -241.0
1575345842.196551, -241.0
1575345842.222525, -241.0
1575345842.2485, -241.0
1575345842.274444, -241.0
1575345842.300477, -241.0
1575345842.326355, -241.0
1575345842.353359, -241.0
1575345842.381927, -241.0
1575345842.407778, -241.0
1575345842.908555, -241.0
1575345842.935904, -241.0
1575345843.315455, -241.0
1575345843.6872, -241.0
1575345844.041473, -241.0
1575345844.416393, -241.0
1575345844.769852, -241.0
1575345845.136202, -241.0
1575345845.521673, -241.0
1575345845.923945, -241.0
1575345846.289868, -241.0
1575345846.671243, -241.0
1575345847.043167, -241.0
1575345847.422825, -241.0
1575345847.798297, -241.0
1575345848.182473, -241.0
1575345797.130466, -241.0
1575345797.155916, -241.0
1575345797.181472, -241.0
1575345797.207155, -241.0
1575345797.234651, -241.0
1575345797.259954, -241.0
1575345797.64399, -241.0
1575345797.669937, -241.0
1575345797.695108, -241.0
1575345798.063998, -241.0
1575345798.089496, -241.0
1575345798.114982, -241.0
1575345798.140546, -241.0
1575345798.166072, -241.0
1575345798.191254, -241.0
1575345798.216344, -241.0
1575345798.24148, -241.0
1575345798.266621, -241.0
1575345798.657136, -241.0
1575345799.047996, -241.0
1575345799.073157, -241.0
1575345799.098216, -241.0
1575345799.123377, -241.0
1575345799.148701, -241.0
1575345799.174252, -241.0
1575345799.199743, -241.0
1575345799.225228, -241.0
1575345799.25073, -241.0
1575345799.276169, -241.0
1575345799.301733, -241.0
1575345799.327224, -241.0
1575345799.352854, -241.0
1575345799.893972, -241.0
1575345799.919284, -241.0
1575345799.944276, -241.0
1575345799.969223, -241.0
1575345800.412141, -241.0
1575345800.885048, -241.0
1575345801.302725, -241.0
1575345801.703032, -241.0
1575345801.728711, -241.0
1575345801.754503, -241.0
1575345801.780169, -241.0
1575345801.805847, -241.0
1575345801.831343, -241.0
1575345801.85697, -241.0
1575345801.882725, -241.0
1575345802.299696, -241.0
1575345802.707421, -241.0
1575345802.732798, -241.0
1575345802.758417, -241.0
1575345802.783995, -241.0
1575345802.809723, -241.0
1575345802.835386, -241.0
1575345802.860991, -241.0
1575345802.886779, -241.0
1575345803.487859, -241.0
1575345803.874106, -241.0
1575345803.899303, -241.0
1575345804.283598, -241.0
1575345804.661753, -241.0
1575345805.027992, -241.0
1575345805.053662, -241.0
1575345805.079175, -241.0
1575345805.104578, -241.0
1575345805.491152, -241.0
1575345805.516662, -241.0
1575345805.544577, -241.0
1575345805.570614, -241.0
1575345805.596153, -241.0
1575345805.621858, -241.0
1575345805.647439, -241.0
1575345805.672758, -241.0
1575345805.698178, -241.0
1575345805.726364, -241.0
1575345806.114942, -241.0
1575345806.512929, -241.0
1575345806.943666, -241.0
1575345807.301965, -241.0
1575345807.686038, -241.0
1575345808.069212, -241.0
1575345808.438672, -241.0
1575345808.463971, -241.0
1575345808.847508, -241.0
1575345809.226735, -241.0
1575345809.59998, -241.0
1575345809.997371, -241.0
1575345810.35329, -241.0
1575345810.755603, -241.0
1575345811.143706, -241.0
1575345811.510677, -241.0
1575345811.536236, -241.0
1575345811.561748, -241.0
1575345811.587303, -241.0
1575345811.612908, -241.0
1575345811.965024, -241.0
1575345811.990519, -241.0
1575345812.379541, -241.0
1575345812.405161, -241.0
1575345812.43071, -241.0
1575345812.456229, -241.0
1575345812.481779, -241.0
1575345812.507529, -241.0
1575345812.533134, -241.0
1575345812.558781, -241.0
1575345812.584355, -241.0
1575345812.610108, -241.0
1575345812.636073, -241.0
1575345812.661985, -241.0
1575345812.687575, -241.0
1575345812.713185, -241.0
1575345812.738632, -241.0
1575345812.764318, -241.0
1575345812.789872, -241.0
1575345812.815704, -241.0
1575345812.84355, -241.0
1575345812.871378, -241.0
1575345812.899134, -241.0
1575345813.757522, -241.0
1575345813.783623, -241.0
1575345814.353016, -241.0
1575345815.062468, -241.0
1575345815.445738, -241.0
1575345815.471084, -241.0
1575345815.869776, -241.0
1575345816.221544, -241.0
1575345816.582437, -241.0
1575345816.984536, -241.0
1575345817.010204, -241.0
1575345817.035589, -241.0
1575345817.061187, -241.0
1575345817.086815, -241.0
1575345817.112503, -241.0
1575345817.138325, -241.0
1575345817.163716, -241.0
1575345817.189483, -241.0
1575345817.214927, -241.0
1575345817.2406, -241.0
1575345817.678826, -241.0
1575345818.09856, -241.0
1575345818.123649, -241.0
1575345818.151772, -241.0
1575345818.177304, -241.0
1575345818.205314, -241.0
1575345818.603979, -241.0
1575345818.960989, -241.0
1575345819.343339, -241.0
1575345819.728364, -241.0
1575345820.088972, -241.0
1575345820.114515, -241.0
1575345820.140169, -241.0
1575345820.165789, -241.0
1575345820.191309, -241.0
1575345820.216754, -241.0
1575345820.242093, -241.0
1575345820.621217, -241.0
1575345820.646719, -241.0
1575345821.070491, -241.0
1575345821.434465, -241.0
1575345821.829889, -241.0
1575345821.855756, -241.0
1575345821.881338, -241.0
1575345821.908613, -241.0
1575345821.934024, -241.0
1575345821.961073, -241.0
1575345821.987582, -241.0
1575345822.013903, -241.0
1575345822.039238, -241.0
1575345822.065523, -241.0
1575345822.092202, -241.0
1575345822.118674, -241.0
1575345822.145883, -241.0
1575345822.527007, -241.0
1575345822.552704, -241.0
1575345822.954777, -241.0
1575345823.3326, -241.0
1575345823.750241, -241.0
1575345824.136106, -241.0
1575345824.161586, -241.0
1575345824.529647, -241.0
1575345824.896623, -241.0
1575345825.291184, -241.0
1575345825.662714, -241.0
1575345826.143999, -241.0
1575345826.51501, -241.0
1575345826.540458, -241.0
1575345826.927678, -241.0
1575345826.952975, -241.0
1575345826.978383, -241.0
1575345827.003886, -241.0
1575345827.029271, -241.0
1575345827.425951, -241.0
1575345827.451521, -241.0
1575345827.476805, -241.0
1575345827.502336, -241.0
1575345827.527759, -241.0
1575345827.553175, -241.0
1575345827.57867, -241.0
1575345827.604055, -241.0
1575345828.307099, -241.0
1575345828.332733, -241.0
1575345828.358333, -241.0
1575345828.383931, -241.0
1575345828.409656, -241.0
1575345828.435297, -241.0
1575345828.460935, -241.0
1575345828.890967, -241.0
1575345828.916441, -241.0
1575345828.943296, -241.0
1575345828.971895, -241.0
1575345828.998442, -241.0
1575345829.02463, -241.0
1575345829.051802, -241.0
1575345829.08053, -241.0
1575345829.109251, -241.0
1575345829.137832, -241.0
1575345829.166676, -241.0
1575345829.195342, -241.0
1575345829.223937, -241.0
1575345829.252684, -241.0
1575345829.281512, -241.0
1575345829.310206, -241.0
1575345829.338889, -241.0
1575345829.367693, -241.0
1575345829.39645, -241.0
1575345829.425155, -241.0
1575345829.453813, -241.0
1575345829.482558, -241.0
1575345829.511203, -241.0
1575345829.539923, -241.0
1575345829.568598, -241.0
1575345829.597315, -241.0
1575345829.626062, -241.0
1575345829.65483, -241.0
1575345829.683563, -241.0
1575345829.712344, -241.0
1575345829.741003, -241.0
1575345829.7697, -241.0
1575345830.194746, -241.0
1575345830.577348, -241.0
1575345830.940682, -241.0
1575345831.369834, -241.0
1575345831.76848, -241.0
1575345832.161895, -241.0
1575345832.679941, -241.0
1575345833.127709, -241.0
1575345833.153433, -241.0
1575345833.932578, -241.0
1575345833.958663, -241.0
1575345834.778054, -241.0
