1575346054.662213, -235.0
1575346056.407407, -231.0
1575346056.531593, -231.0
1575346056.655898, -231.0
1575346056.780039, -231.0
1575346056.904278, -231.0
1575346057.02865, -231.0
1575346058.830537, -230.0
1575346060.664211, -230.0
1575346062.562444, -230.0
1575346064.389821, -230.0
1575346066.250333, -230.0
1575346067.790196, -230.0
1575346069.273914, -230.0
1575346071.116704, -227.0
1575346073.035287, -227.0
1575346074.845322, -226.0
1575346076.652612, -226.0
1575346078.446327, -226.0
1575346079.587046, -226.0
1575346081.40333, -226.0
1575346083.261477, -226.0
1575346085.043929, -226.0
1575346086.563751, -226.0
1575346088.362191, -226.0
1575346090.13162, -226.0
1575346091.946056, -226.0
1575346093.758443, -226.0
1575346095.645344, -226.0
1575346097.458412, -226.0
1575346099.26128, -226.0
1575346100.381472, -226.0
1575346102.295699, -226.0
1575346104.121489, -226.0
1575346105.937078, -226.0
1575346107.699551, -226.0
1575346109.56787, -226.0
1575346111.007798, -226.0
1575346112.89566, -226.0
1575346114.750264, -226.0
1575346116.663196, -226.0
1575346117.517181, -226.0
1575346119.399533, -226.0
1575346120.867898, -226.0
1575346122.661149, -226.0
1575346124.509967, -226.0
1575346126.369658, -226.0
1575346128.214001, -226.0
1575346129.71707, -226.0
1575346132.046076, -226.0
1575346054.622868, -235.0
1575346055.707509, -235.0
1575346055.807897, -235.0
1575346055.90798, -231.0
1575346056.007879, -231.0
1575346056.4308, -231.0
1575346056.530232, -231.0
1575346057.315271, -230.0
1575346057.802185, -230.0
1575346058.249407, -230.0
1575346058.695508, -230.0
1575346059.515633, -230.0
1575346060.32405, -230.0
1575346060.424212, -230.0
1575346060.865818, -230.0
1575346061.673444, -230.0
1575346062.096916, -230.0
1575346063.219565, -230.0
1575346063.662918, -230.0
1575346064.078999, -230.0
1575346064.179211, -230.0
1575346064.279085, -230.0
1575346064.379182, -230.0
1575346064.479129, -230.0
1575346064.57914, -230.0
1575346064.679492, -230.0
1575346064.779539, -230.0
1575346064.879371, -230.0
1575346064.979043, -230.0
1575346065.078875, -230.0
1575346065.895487, -230.0
1575346066.328548, -230.0
1575346066.794465, -230.0
1575346066.894564, -230.0
1575346066.995065, -230.0
1575346067.094919, -230.0
1575346067.195053, -230.0
1575346067.295615, -230.0
1575346068.793027, -230.0
1575346068.893277, -230.0
1575346069.336952, -230.0
1575346069.771573, -230.0
1575346070.530215, -227.0
1575346071.961794, -227.0
1575346072.775705, -227.0
1575346073.573777, -227.0
1575346074.023661, -226.0
1575346074.793424, -226.0
1575346075.567175, -226.0
1575346076.011059, -226.0
1575346054.638398, -235.0
1575346056.071221, -231.0
1575346056.171728, -231.0
1575346057.292947, -231.0
1575346058.087999, -230.0
1575346058.878112, -230.0
1575346059.638595, -230.0
1575346060.095633, -230.0
1575346060.568299, -230.0
1575346061.019111, -230.0
1575346061.498488, -230.0
1575346061.92984, -230.0
1575346062.374288, -230.0
1575346062.480308, -230.0
1575346062.584307, -230.0
1575346063.422642, -230.0
1575346063.877538, -230.0
1575346063.97757, -230.0
1575346064.394469, -230.0
1575346064.49754, -230.0
1575346064.969202, -230.0
1575346065.074512, -230.0
1575346065.53827, -230.0
1575346065.644842, -230.0
1575346066.092291, -230.0
1575346066.198744, -230.0
1575346066.307719, -230.0
1575346066.749799, -230.0
1575346067.883382, -230.0
1575346068.338527, -230.0
1575346068.439876, -230.0
1575346068.877012, -230.0
1575346069.375827, -230.0
1575346069.486266, -230.0
1575346069.586375, -230.0
1575346069.685762, -230.0
1575346069.784912, -230.0
1575346069.884008, -230.0
1575346069.997494, -230.0
1575346070.098172, -230.0
1575346070.96821, -227.0
1575346071.074995, -227.0
1575346071.177878, -227.0
1575346071.285193, -227.0
1575346071.776026, -227.0
1575346071.883571, -227.0
1575346072.717607, -227.0
1575346072.831145, -227.0
1575346074.022527, -226.0
1575346074.84607, -226.0
1575346054.662889, -235.0
1575346055.738391, -235.0
1575346055.838547, -231.0
1575346055.938309, -231.0
1575346056.702605, -231.0
1575346057.130884, -231.0
1575346057.230949, -231.0
1575346057.330931, -230.0
1575346057.430894, -230.0
1575346057.880115, -230.0
1575346057.980443, -230.0
1575346058.081381, -230.0
1575346058.541363, -230.0
1575346058.972173, -230.0
1575346059.789519, -230.0
1575346059.889285, -230.0
1575346059.989323, -230.0
1575346060.089802, -230.0
1575346060.189303, -230.0
1575346060.626065, -230.0
1575346061.088174, -230.0
1575346061.187979, -230.0
1575346061.287943, -230.0
1575346061.388184, -230.0
1575346061.488079, -230.0
1575346061.587999, -230.0
1575346061.687918, -230.0
1575346061.787888, -230.0
1575346061.890652, -230.0
1575346061.994707, -230.0
1575346062.097512, -230.0
1575346062.197818, -230.0
1575346062.302914, -230.0
1575346062.403012, -230.0
1575346062.957148, -230.0
1575346063.424973, -230.0
1575346064.110459, -230.0
1575346064.213684, -230.0
1575346064.671986, -230.0
1575346064.783411, -230.0
1575346064.891244, -230.0
1575346064.995028, -230.0
1575346065.098134, -230.0
1575346065.201174, -230.0
1575346065.312954, -230.0
1575346065.413066, -230.0
1575346065.523324, -230.0
1575346065.622837, -230.0
1575346065.722677, -230.0
1575346065.822622, -230.0
1575346066.072964, -230.0
1575346066.172641, -230.0
1575346066.27283, -230.0
1575346066.372785, -230.0
1575346066.472686, -230.0
1575346066.572562, -230.0
1575346066.672466, -230.0
1575346066.772731, -230.0
1575346066.872265, -230.0
1575346066.972435, -230.0
1575346067.072653, -230.0
1575346067.172484, -230.0
1575346067.272644, -230.0
1575346067.375211, -230.0
1575346067.480638, -230.0
1575346067.58356, -230.0
1575346067.684888, -230.0
1575346067.789381, -230.0
1575346067.8905, -230.0
1575346067.990208, -230.0
1575346068.090828, -230.0
1575346068.193052, -230.0
1575346068.296949, -230.0
1575346068.400751, -230.0
1575346068.50522, -230.0
1575346068.609527, -230.0
1575346068.714166, -230.0
1575346068.818874, -230.0
1575346068.922976, -230.0
1575346069.027677, -230.0
1575346069.132059, -230.0
1575346069.236437, -230.0
1575346069.342395, -230.0
1575346069.446676, -230.0
1575346069.551186, -230.0
1575346069.655785, -230.0
1575346069.760219, -230.0
1575346069.864979, -230.0
1575346069.969315, -230.0
1575346070.074486, -230.0
1575346070.178943, -230.0
1575346070.283653, -230.0
1575346070.388172, -230.0
1575346070.492677, -230.0
1575346070.597145, -227.0
1575346070.701684, -227.0
1575346070.803841, -227.0
1575346070.904171, -227.0
1575346071.004163, -227.0
1575346071.10384, -227.0
1575346071.345671, -227.0
1575346071.445804, -227.0
1575346071.545746, -227.0
1575346071.645766, -227.0
1575346071.745834, -227.0
1575346071.845815, -227.0
1575346071.945253, -227.0
1575346072.045157, -227.0
1575346072.145082, -227.0
1575346072.245527, -227.0
1575346072.345313, -227.0
1575346072.445022, -227.0
1575346072.545017, -227.0
1575346072.645485, -227.0
1575346072.745884, -227.0
1575346072.845569, -227.0
1575346072.945336, -227.0
1575346073.045745, -227.0
1575346073.145494, -227.0
1575346073.245364, -227.0
1575346073.347324, -227.0
1575346073.447608, -227.0
1575346073.547517, -227.0
1575346073.647275, -227.0
1575346073.747636, -227.0
1575346073.847492, -227.0
1575346073.947313, -227.0
1575346074.047106, -226.0
1575346074.146882, -226.0
1575346074.246712, -226.0
1575346074.346686, -226.0
1575346074.447093, -226.0
1575346074.547468, -226.0
1575346074.647392, -226.0
1575346074.747477, -226.0
1575346074.847582, -226.0
1575346074.947846, -226.0
1575346075.047962, -226.0
1575346075.147705, -226.0
1575346075.247827, -226.0
1575346075.347551, -226.0
1575346075.447271, -226.0
1575346075.547116, -226.0
1575346075.647092, -226.0
1575346075.747334, -226.0
1575346075.847187, -226.0
1575346075.946909, -226.0
1575346076.052435, -226.0
1575346076.15206, -226.0
1575346076.25216, -226.0
1575346075.096142, -226.0
1575346076.570736, -226.0
1575346076.671395, -226.0
1575346076.771199, -226.0
1575346076.870697, -226.0
1575346076.970885, -226.0
1575346077.071379, -226.0
1575346077.174753, -226.0
1575346077.277989, -226.0
1575346077.381436, -226.0
1575346077.482101, -226.0
1575346078.969744, -226.0
1575346080.493077, -226.0
1575346080.940674, -226.0
1575346081.041814, -226.0
1575346081.142469, -226.0
1575346081.242939, -226.0
1575346081.34843, -226.0
1575346081.456183, -226.0
1575346081.565613, -226.0
1575346081.679041, -226.0
1575346081.788404, -226.0
1575346082.261942, -226.0
1575346082.75538, -226.0
1575346082.861031, -226.0
1575346082.966816, -226.0
1575346083.076021, -226.0
1575346083.184182, -226.0
1575346083.293978, -226.0
1575346083.405584, -226.0
1575346083.516155, -226.0
1575346083.620452, -226.0
1575346083.730311, -226.0
1575346084.325922, -226.0
1575346084.436039, -226.0
1575346084.540668, -226.0
1575346084.641794, -226.0
1575346085.237609, -226.0
1575346085.338403, -226.0
1575346085.438173, -226.0
1575346085.901564, -226.0
1575346086.001238, -226.0
1575346086.43567, -226.0
1575346087.189355, -226.0
1575346088.013336, -226.0
1575346088.113718, -226.0
1575346088.213525, -226.0
1575346088.313126, -226.0
1575346088.412594, -226.0
1575346088.845251, -226.0
1575346076.547667, -226.0
1575346076.771666, -226.0
1575346076.995619, -226.0
1575346077.219112, -226.0
1575346077.443126, -226.0
1575346077.670423, -226.0
1575346077.894225, -226.0
1575346080.539865, -226.0
1575346080.763613, -226.0
1575346081.344117, -226.0
1575346082.286932, -226.0
1575346082.511669, -226.0
1575346082.736729, -226.0
1575346082.967534, -226.0
1575346083.191488, -226.0
1575346083.423961, -226.0
1575346083.652002, -226.0
1575346083.88145, -226.0
1575346084.122603, -226.0
1575346084.346769, -226.0
1575346084.588688, -226.0
1575346084.813494, -226.0
1575346085.037413, -226.0
1575346085.260374, -226.0
1575346085.484145, -226.0
1575346085.729, -226.0
1575346085.955799, -226.0
1575346086.902358, -226.0
1575346087.129295, -226.0
1575346089.835617, -226.0
1575346092.49196, -226.0
1575346095.430964, -226.0
1575346098.341454, -226.0
1575346100.986427, -226.0
1575346103.553078, -226.0
1575346106.139201, -226.0
1575346109.129803, -226.0
1575346111.407805, -226.0
1575346114.052499, -226.0
1575346116.709041, -226.0
1575346118.258448, -226.0
1575346119.15606, -226.0
1575346121.016239, -226.0
1575346122.933547, -226.0
1575346125.611061, -226.0
1575346128.54499, -226.0
1575346130.488165, -226.0
1575346131.75667, -226.0
1575346134.057285, -226.0
1575346135.937632, -226.0
1575346076.704585, -226.0
1575346079.740535, -226.0
1575346079.939322, -226.0
1575346080.143038, -226.0
1575346080.341253, -226.0
1575346080.540003, -226.0
1575346080.738695, -226.0
1575346080.937624, -226.0
1575346083.873461, -226.0
1575346086.806797, -226.0
1575346089.731007, -226.0
1575346092.688075, -226.0
1575346095.686645, -226.0
1575346098.621514, -226.0
1575346101.487949, -226.0
1575346104.418122, -226.0
1575346107.321383, -226.0
1575346110.198975, -226.0
1575346112.804915, -226.0
1575346115.402521, -226.0
1575346117.981668, -226.0
1575346120.550512, -226.0
1575346123.418832, -226.0
1575346126.039712, -226.0
1575346128.598194, -226.0
1575346131.202265, -226.0
1575346134.11914, -226.0
1575346136.686769, -226.0
1575346139.621341, -226.0
1575346142.234925, -226.0
1575346145.166675, -226.0
1575346147.757484, -226.0
1575346150.732134, -226.0
1575346153.672912, -226.0
1575346156.479304, -226.0
1575346159.349522, -226.0
1575346162.327041, -226.0
1575346164.25058, -226.0
1575346166.808412, -226.0
1575346168.700305, -226.0
1575346171.253902, -226.0
1575346174.122415, -226.0
1575346176.657179, -226.0
1575346179.247212, -226.0
1575346181.743099, -226.0
1575346184.357797, -226.0
1575346187.303499, -226.0
1575346190.2521, -226.0
1575346193.192802, -226.0
1575346194.997743, -226.0
1575346089.07837, -226.0
1575346089.17791, -226.0
1575346089.277915, -226.0
1575346089.377627, -226.0
1575346089.477318, -226.0
1575346089.577013, -226.0
1575346089.676828, -226.0
1575346089.776962, -226.0
1575346089.876834, -226.0
1575346089.976697, -226.0
1575346090.077248, -226.0
1575346090.177054, -226.0
1575346090.277084, -226.0
1575346090.376657, -226.0
1575346090.47664, -226.0
1575346090.57636, -226.0
1575346090.676058, -226.0
1575346090.775791, -226.0
1575346090.875746, -226.0
1575346090.97581, -226.0
1575346091.075662, -226.0
1575346091.175367, -226.0
1575346091.275158, -226.0
1575346091.375279, -226.0
1575346091.475304, -226.0
1575346091.575675, -226.0
1575346091.67557, -226.0
1575346091.775318, -226.0
1575346091.875219, -226.0
1575346091.975166, -226.0
1575346092.075522, -226.0
1575346092.175234, -226.0
1575346092.275197, -226.0
1575346092.37489, -226.0
1575346092.474847, -226.0
1575346092.574703, -226.0
1575346092.67417, -226.0
1575346092.774026, -226.0
1575346092.873857, -226.0
1575346092.974262, -226.0
1575346093.076182, -226.0
1575346093.176326, -226.0
1575346093.276388, -226.0
1575346093.37643, -226.0
1575346093.476045, -226.0
1575346093.575972, -226.0
1575346093.675956, -226.0
1575346093.775551, -226.0
1575346093.875545, -226.0
1575346093.974955, -226.0
1575346202.697714, -226.0
1575346202.723368, -226.0
1575346202.752175, -226.0
1575346202.777741, -226.0
1575346203.174332, -226.0
1575346203.199513, -226.0
1575346203.226806, -226.0
1575346203.252083, -226.0
1575346203.277322, -226.0
1575346203.302346, -226.0
1575346203.327595, -226.0
1575346203.352675, -226.0
1575346203.378469, -226.0
1575346203.40718, -226.0
1575346203.78183, -226.0
1575346203.807189, -226.0
1575346203.832805, -226.0
1575346203.858029, -226.0
1575346203.883349, -226.0
1575346203.908665, -226.0
1575346203.934248, -226.0
1575346203.959803, -226.0
1575346203.985319, -226.0
1575346204.01225, -226.0
1575346204.037058, -226.0
1575346204.061966, -226.0
1575346204.086933, -226.0
1575346204.111894, -226.0
1575346204.136782, -226.0
1575346204.162385, -226.0
1575346204.189481, -226.0
1575346204.573601, -226.0
1575346204.599105, -226.0
1575346204.624522, -226.0
1575346204.978784, -226.0
1575346205.369895, -226.0
1575346205.737176, -226.0
1575346205.762521, -226.0
1575346206.142883, -226.0
1575346206.498462, -226.0
1575346206.853862, -226.0
1575346206.879138, -226.0
1575346207.264656, -226.0
1575346207.290109, -226.0
1575346207.318471, -226.0
1575346207.346719, -226.0
1575346207.372513, -226.0
1575346207.785906, -226.0
1575346207.811137, -226.0
1575346207.836642, -226.0
1575346207.862083, -226.0
1575346207.891024, -226.0
1575346207.9188, -226.0
1575346207.943675, -226.0
1575346207.96913, -226.0
1575346207.994201, -226.0
1575346208.023161, -226.0
1575346208.049393, -226.0
1575346208.509192, -226.0
1575346208.534887, -226.0
1575346208.560022, -226.0
1575346208.586218, -226.0
1575346208.956457, -226.0
1575346208.982188, -226.0
1575346209.007862, -226.0
1575346209.413143, -226.0
1575346209.817385, -226.0
1575346210.197688, -226.0
1575346210.595622, -226.0
1575346210.993097, -226.0
1575346211.395322, -226.0
1575346211.772031, -226.0
1575346212.146175, -226.0
1575346212.581089, -226.0
1575346212.60638, -226.0
1575346212.631756, -226.0
1575346212.657007, -226.0
1575346213.068689, -226.0
1575346213.419948, -226.0
1575346213.445351, -226.0
1575346213.471171, -226.0
1575346213.499241, -226.0
1575346213.527634, -226.0
1575346213.555949, -226.0
1575346213.584497, -226.0
1575346213.612401, -226.0
1575346213.638562, -226.0
1575346213.667016, -226.0
1575346213.695711, -226.0
1575346213.724537, -226.0
1575346213.750428, -226.0
1575346213.779162, -226.0
1575346213.805088, -226.0
1575346213.830872, -226.0
1575346213.856213, -226.0
1575346213.881561, -226.0
1575346214.256457, -226.0
1575346214.281624, -226.0
1575346214.306915, -226.0
1575346214.332499, -226.0
1575346214.358159, -226.0
1575346214.384302, -226.0
1575346214.410633, -226.0
1575346214.436846, -226.0
1575346214.463109, -226.0
1575346214.489268, -226.0
1575346214.514814, -226.0
1575346214.539999, -226.0
1575346214.565131, -226.0
1575346214.590548, -226.0
1575346214.615734, -226.0
1575346214.641081, -226.0
1575346214.66609, -226.0
1575346214.691125, -226.0
1575346214.716207, -226.0
1575346214.741621, -226.0
1575346214.76703, -226.0
1575346214.79241, -226.0
1575346214.817678, -226.0
1575346214.842987, -226.0
1575346214.868091, -226.0
1575346214.89301, -226.0
1575346214.918231, -226.0
1575346214.943517, -226.0
1575346214.971848, -226.0
1575346214.996914, -226.0
1575346215.022216, -226.0
1575346215.047812, -226.0
1575346215.073198, -226.0
1575346215.438138, -226.0
1575346215.852476, -226.0
1575346215.877937, -226.0
1575346215.906736, -226.0
1575346215.931649, -226.0
1575346215.960401, -226.0
1575346215.985231, -226.0
1575346216.010743, -226.0
1575346216.407157, -226.0
1575346216.78017, -226.0
1575346217.15358, -226.0
1575346217.604353, -226.0
1575346217.969489, -226.0
1575346218.42255, -226.0
1575346218.800394, -226.0
1575346218.8259, -226.0
1575346219.242798, -226.0
1575346219.626603, -226.0
1575346220.02089, -226.0
1575346220.471091, -226.0
1575346220.84237, -226.0
1575346220.867722, -226.0
1575346220.893127, -226.0
1575346220.918494, -226.0
1575346220.943799, -226.0
1575346221.324089, -226.0
1575346221.722325, -226.0
1575346221.747674, -226.0
1575346221.773015, -226.0
1575346221.799014, -226.0
1575346221.826916, -226.0
1575346221.8531, -226.0
1575346222.283388, -226.0
1575346222.704334, -226.0
1575346222.729813, -226.0
1575346222.755032, -226.0
1575346222.780458, -226.0
1575346223.146255, -226.0
1575346223.523667, -226.0
1575346223.889651, -226.0
1575346224.258335, -226.0
1575346224.283834, -226.0
1575346224.309207, -226.0
1575346224.703275, -226.0
1575346225.082855, -226.0
1575346225.108349, -226.0
1575346225.133675, -226.0
1575346225.159159, -226.0
1575346225.184588, -226.0
1575346225.209996, -226.0
1575346225.724795, -226.0
1575346225.75088, -226.0
1575346225.778137, -226.0
1575346225.803624, -226.0
1575346225.829093, -226.0
1575346225.854642, -226.0
1575346226.226839, -226.0
1575346226.588795, -226.0
1575346226.941852, -226.0
1575346227.428218, -226.0
1575346227.874502, -226.0
1575346227.899855, -226.0
1575346227.925681, -226.0
1575346227.951342, -226.0
1575346227.976966, -226.0
1575346228.002581, -226.0
1575346228.028235, -226.0
1575346228.053669, -226.0
1575346228.079931, -226.0
1575346228.10874, -226.0
1575346228.133757, -226.0
1575346228.158782, -226.0
1575346228.183746, -226.0
1575346228.208565, -226.0
1575346228.23751, -226.0
1575346228.602192, -226.0
1575346228.627774, -226.0
1575346228.653357, -226.0
1575346228.678701, -226.0
1575346228.704509, -226.0
1575346228.730334, -226.0
1575346228.75583, -226.0
1575346228.781414, -226.0
1575346228.807159, -226.0
1575346229.263421, -226.0
1575346229.28909, -226.0
1575346229.314637, -226.0
1575346229.700278, -226.0
1575346230.04873, -226.0
1575346230.434185, -226.0
1575346230.459407, -226.0
1575346230.819654, -226.0
1575346231.210259, -226.0
1575346231.677692, -226.0
1575346231.703397, -226.0
1575346231.728924, -226.0
1575346232.19857, -226.0
1575346232.644968, -226.0
1575346232.670591, -226.0
1575346232.696161, -226.0
1575346232.721499, -226.0
1575346233.117033, -226.0
1575346233.50203, -226.0
1575346233.527476, -226.0
1575346233.983389, -226.0
1575346234.357405, -226.0
1575346234.77815, -226.0
1575346234.803531, -226.0
1575346234.829223, -226.0
1575346234.854778, -226.0
1575346234.880436, -226.0
1575346234.90588, -226.0
1575346234.931895, -226.0
1575346235.340952, -226.0
1575346235.741606, -226.0
1575346236.127804, -226.0
1575346236.153032, -226.0
1575346236.178354, -226.0
1575346236.575555, -226.0
1575346236.601077, -226.0
1575346236.99447, -226.0
1575346202.701368, -226.0
1575346202.727596, -226.0
1575346202.754268, -226.0
1575346202.779876, -226.0
1575346202.807435, -226.0
1575346202.832822, -226.0
1575346202.857833, -226.0
1575346202.882811, -226.0
1575346202.910571, -226.0
1575346202.939158, -226.0
1575346202.964654, -226.0
1575346202.989935, -226.0
1575346203.014993, -226.0
1575346203.04005, -226.0
1575346203.065034, -226.0
1575346203.090295, -226.0
1575346203.11666, -226.0
1575346203.144088, -226.0
1575346203.544043, -226.0
1575346203.569926, -226.0
1575346203.595157, -226.0
1575346203.621099, -226.0
1575346203.647768, -226.0
1575346203.673913, -226.0
1575346203.698807, -226.0
1575346203.723903, -226.0
1575346203.748861, -226.0
1575346203.773968, -226.0
1575346203.798778, -226.0
1575346203.823743, -226.0
1575346203.848828, -226.0
1575346203.873905, -226.0
1575346203.898995, -226.0
1575346203.926818, -226.0
1575346204.282075, -226.0
1575346204.307741, -226.0
1575346204.333267, -226.0
1575346204.360227, -226.0
1575346204.388488, -226.0
1575346204.417041, -226.0
1575346204.442563, -226.0
1575346204.468056, -226.0
1575346204.493781, -226.0
1575346204.520531, -226.0
1575346204.546408, -226.0
1575346204.572235, -226.0
1575346205.071529, -226.0
1575346205.09689, -226.0
1575346205.596811, -226.0
1575346205.622367, -226.0
1575346205.651312, -226.0
1575346205.677281, -226.0
1575346205.702789, -226.0
1575346205.728261, -226.0
1575346205.753593, -226.0
1575346205.778711, -226.0
1575346205.803889, -226.0
1575346205.829274, -226.0
1575346205.858229, -226.0
1575346205.88369, -226.0
1575346205.909286, -226.0
1575346206.387944, -226.0
1575346206.815122, -226.0
1575346207.29817, -226.0
1575346207.323904, -226.0
1575346207.349421, -226.0
1575346207.730224, -226.0
1575346207.755839, -226.0
1575346207.7811, -226.0
1575346207.806547, -226.0
1575346207.831771, -226.0
1575346207.856994, -226.0
1575346207.882296, -226.0
1575346207.907497, -226.0
1575346207.933049, -226.0
1575346207.958755, -226.0
1575346207.983988, -226.0
1575346208.009218, -226.0
1575346208.034413, -226.0
1575346208.060513, -226.0
1575346208.089187, -226.0
1575346208.117146, -226.0
1575346208.143691, -226.0
1575346208.170171, -226.0
1575346208.199247, -226.0
1575346208.224569, -226.0
1575346208.250027, -226.0
1575346208.623014, -226.0
1575346208.648524, -226.0
1575346208.673969, -226.0
1575346208.699471, -226.0
1575346208.725084, -226.0
1575346208.750623, -226.0
1575346208.776045, -226.0
1575346209.206577, -226.0
1575346209.232124, -226.0
1575346209.257402, -226.0
1575346209.282881, -226.0
1575346209.308308, -226.0
1575346209.334211, -226.0
1575346209.36236, -226.0
1575346209.387834, -226.0
1575346209.413182, -226.0
1575346209.438591, -226.0
1575346209.808778, -226.0
1575346209.834002, -226.0
1575346209.859735, -226.0
1575346209.885286, -226.0
1575346209.911168, -226.0
1575346209.936978, -226.0
1575346209.962649, -226.0
1575346210.340696, -226.0
1575346210.36622, -226.0
1575346210.391568, -226.0
1575346210.417055, -226.0
1575346210.442545, -226.0
1575346210.468143, -226.0
1575346210.497159, -226.0
1575346210.980827, -226.0
1575346211.006588, -226.0
1575346211.03287, -226.0
1575346211.05903, -226.0
1575346211.08551, -226.0
1575346211.112828, -226.0
1575346211.139116, -226.0
1575346211.165382, -226.0
1575346211.191472, -226.0
1575346211.21742, -226.0
1575346211.244201, -226.0
1575346211.272951, -226.0
1575346211.301821, -226.0
1575346211.330598, -226.0
1575346211.359491, -226.0
1575346211.388277, -226.0
1575346211.417264, -226.0
1575346211.444782, -226.0
1575346211.471335, -226.0
1575346211.497464, -226.0
1575346211.523904, -226.0
1575346211.549235, -226.0
1575346211.925347, -226.0
1575346211.951089, -226.0
1575346211.979415, -226.0
1575346212.005652, -226.0
1575346212.032131, -226.0
1575346212.059009, -226.0
1575346212.085667, -226.0
1575346212.112115, -226.0
1575346212.138438, -226.0
1575346212.164418, -226.0
1575346212.189606, -226.0
1575346212.214929, -226.0
1575346212.24043, -226.0
1575346212.266022, -226.0
1575346212.29132, -226.0
1575346212.316254, -226.0
1575346212.341059, -226.0
1575346212.366085, -226.0
1575346212.391228, -226.0
1575346212.41997, -226.0
1575346212.444779, -226.0
1575346212.469535, -226.0
1575346212.494282, -226.0
1575346212.519393, -226.0
1575346212.544459, -226.0
1575346212.569455, -226.0
1575346212.594256, -226.0
1575346212.619135, -226.0
1575346212.644214, -226.0
1575346212.669101, -226.0
1575346212.694178, -226.0
1575346212.719928, -226.0
1575346212.745098, -226.0
1575346212.770536, -226.0
1575346212.796175, -226.0
1575346212.821551, -226.0
1575346212.846935, -226.0
1575346212.872361, -226.0
1575346212.89807, -226.0
1575346212.923195, -226.0
1575346212.94904, -226.0
1575346212.97604, -226.0
1575346213.000888, -226.0
1575346213.025891, -226.0
1575346213.050851, -226.0
1575346213.075684, -226.0
1575346213.100722, -226.0
1575346213.125686, -226.0
1575346213.15076, -226.0
1575346213.176482, -226.0
1575346213.201698, -226.0
1575346213.582146, -226.0
1575346213.607416, -226.0
1575346214.004512, -226.0
1575346214.35799, -226.0
1575346214.383058, -226.0
1575346214.408123, -226.0
1575346214.43326, -226.0
1575346214.458637, -226.0
1575346214.483985, -226.0
1575346214.509441, -226.0
1575346214.534933, -226.0
1575346214.560425, -226.0
1575346214.585756, -226.0
1575346214.611438, -226.0
1575346214.983374, -226.0
1575346215.008726, -226.0
1575346215.034225, -226.0
1575346215.059623, -226.0
1575346215.455611, -226.0
1575346215.481037, -226.0
1575346215.506193, -226.0
1575346215.532223, -226.0
1575346215.557554, -226.0
1575346215.582907, -226.0
1575346215.608289, -226.0
1575346215.63398, -226.0
1575346215.659638, -226.0
1575346215.688601, -226.0
1575346215.715312, -226.0
1575346215.740632, -226.0
1575346215.765585, -226.0
1575346215.791033, -226.0
1575346215.815984, -226.0
1575346215.841273, -226.0
1575346215.866577, -226.0
1575346215.891906, -226.0
1575346215.917217, -226.0
1575346215.942619, -226.0
1575346215.968757, -226.0
1575346215.993878, -226.0
1575346216.0189, -226.0
1575346216.044066, -226.0
1575346216.072904, -226.0
1575346216.098659, -226.0
1575346216.124019, -226.0
1575346216.149548, -226.0
1575346216.175179, -226.0
1575346216.200753, -226.0
1575346216.225986, -226.0
1575346216.251514, -226.0
1575346216.27731, -226.0
1575346216.305452, -226.0
1575346216.332573, -226.0
1575346216.358219, -226.0
1575346216.383835, -226.0
1575346216.409184, -226.0
1575346216.434802, -226.0
1575346216.46114, -226.0
1575346216.486588, -226.0
1575346202.338831, -226.0
1575346202.364829, -226.0
1575346202.749208, -226.0
1575346202.774608, -226.0
1575346202.799721, -226.0
1575346202.824912, -226.0
1575346202.850172, -226.0
1575346202.875724, -226.0
1575346202.900941, -226.0
1575346202.926639, -226.0
1575346202.952002, -226.0
1575346202.977155, -226.0
1575346203.326673, -226.0
1575346203.690407, -226.0
1575346203.716118, -226.0
1575346203.741538, -226.0
1575346203.766743, -226.0
1575346203.791983, -226.0
1575346203.817132, -226.0
1575346203.842345, -226.0
1575346203.867914, -226.0
1575346203.893071, -226.0
1575346203.918358, -226.0
1575346203.943503, -226.0
1575346203.971992, -226.0
1575346203.997009, -226.0
1575346204.022263, -226.0
1575346204.047251, -226.0
1575346204.072393, -226.0
1575346204.097417, -226.0
1575346204.122326, -226.0
1575346204.149913, -226.0
1575346204.175657, -226.0
1575346204.201153, -226.0
1575346204.226731, -226.0
1575346204.252354, -226.0
1575346204.642757, -226.0
1575346205.073777, -226.0
1575346205.460446, -226.0
1575346205.486085, -226.0
1575346205.514825, -226.0
1575346205.947239, -226.0
1575346206.319665, -226.0
1575346206.345283, -226.0
1575346206.370964, -226.0
1575346206.756318, -226.0
1575346207.129541, -226.0
1575346207.155008, -226.0
1575346207.51029, -226.0
1575346207.932257, -226.0
1575346208.303558, -226.0
1575346208.669534, -226.0
1575346209.049368, -226.0
1575346209.414304, -226.0
1575346209.783184, -226.0
1575346210.178082, -226.0
1575346210.571308, -226.0
1575346210.939268, -226.0
1575346210.964728, -226.0
1575346211.348374, -226.0
1575346211.373716, -226.0
1575346211.39887, -226.0
1575346211.424548, -226.0
1575346211.450451, -226.0
1575346211.479734, -226.0
1575346211.50731, -226.0
1575346211.536473, -226.0
1575346211.565317, -226.0
1575346211.594319, -226.0
1575346211.623016, -226.0
1575346211.651852, -226.0
1575346211.679155, -226.0
1575346211.708187, -226.0
1575346211.735217, -226.0
1575346211.762163, -226.0
1575346211.788848, -226.0
1575346211.81605, -226.0
1575346211.844361, -226.0
1575346211.870633, -226.0
1575346211.89668, -226.0
1575346211.923237, -226.0
1575346211.951356, -226.0
1575346211.978188, -226.0
1575346212.003569, -226.0
1575346212.031984, -226.0
1575346212.057322, -226.0
1575346212.082708, -226.0
1575346212.108205, -226.0
1575346212.134245, -226.0
1575346212.160093, -226.0
1575346212.186477, -226.0
1575346212.743464, -226.0
1575346212.768756, -226.0
1575346212.794105, -226.0
1575346212.819702, -226.0
1575346212.845181, -226.0
1575346212.870888, -226.0
1575346212.896327, -226.0
1575346212.921665, -226.0
1575346212.949245, -226.0
1575346212.978201, -226.0
1575346213.005727, -226.0
1575346213.395989, -226.0
1575346213.842291, -226.0
1575346213.867677, -226.0
1575346213.894343, -226.0
1575346213.92128, -226.0
1575346213.948511, -226.0
1575346213.975568, -226.0
1575346214.002328, -226.0
1575346214.028876, -226.0
1575346214.666232, -226.0
1575346215.03456, -226.0
1575346215.46684, -226.0
1575346215.492175, -226.0
1575346215.517878, -226.0
1575346215.544927, -226.0
1575346215.57203, -226.0
1575346215.600082, -226.0
1575346215.628027, -226.0
1575346215.655305, -226.0
1575346215.6831, -226.0
1575346215.711353, -226.0
1575346215.738802, -226.0
1575346215.766428, -226.0
1575346215.793959, -226.0
1575346215.819409, -226.0
1575346215.845706, -226.0
1575346216.23627, -226.0
1575346216.604747, -226.0
1575346216.63005, -226.0
1575346216.990675, -226.0
1575346217.367322, -226.0
1575346217.74271, -226.0
1575346218.089741, -226.0
1575346218.116134, -226.0
1575346218.144287, -226.0
1575346218.759557, -226.0
1575346218.784722, -226.0
1575346218.810467, -226.0
1575346218.836862, -226.0
1575346218.862599, -226.0
1575346218.88863, -226.0
1575346219.319989, -226.0
1575346219.701647, -226.0
1575346219.727794, -226.0
1575346220.130773, -226.0
1575346220.51766, -226.0
1575346220.872369, -226.0
1575346221.26744, -226.0
1575346221.786742, -226.0
1575346221.812697, -226.0
1575346222.204114, -226.0
1575346222.804319, -226.0
1575346223.246941, -226.0
1575346223.609371, -226.0
1575346223.987362, -226.0
1575346224.359765, -226.0
1575346224.731269, -226.0
1575346225.825736, -226.0
1575346226.201759, -226.0
1575346226.641794, -226.0
1575346227.021457, -226.0
1575346227.425738, -226.0
1575346227.451063, -226.0
1575346227.818821, -226.0
1575346227.845115, -226.0
1575346228.25262, -226.0
1575346228.665163, -226.0
1575346229.196278, -226.0
1575346229.693822, -226.0
1575346229.719686, -226.0
1575346230.127508, -226.0
1575346230.153995, -226.0
1575346230.180635, -226.0
1575346230.209208, -226.0
1575346230.236378, -226.0
1575346230.264322, -226.0
1575346230.293253, -226.0
1575346230.322036, -226.0
1575346230.351022, -226.0
1575346230.379315, -226.0
1575346230.408035, -226.0
1575346230.436622, -226.0
1575346230.465584, -226.0
1575346230.494166, -226.0
1575346230.523257, -226.0
1575346230.552208, -226.0
1575346230.5814, -226.0
1575346230.610412, -226.0
1575346230.639336, -226.0
1575346230.668182, -226.0
1575346230.696989, -226.0
1575346230.725289, -226.0
1575346230.754222, -226.0
1575346230.783231, -226.0
1575346230.812139, -226.0
1575346230.84096, -226.0
1575346231.189891, -226.0
1575346231.215793, -226.0
1575346231.585508, -226.0
1575346231.98867, -226.0
1575346232.341441, -226.0
1575346232.366977, -226.0
1575346232.392527, -226.0
1575346232.41839, -226.0
1575346232.768148, -226.0
1575346233.203353, -226.0
1575346233.60316, -226.0
1575346233.99094, -226.0
1575346234.400199, -226.0
1575346234.784385, -226.0
1575346235.157381, -226.0
1575346235.530445, -226.0
1575346235.920344, -226.0
1575346236.292476, -226.0
1575346236.666241, -226.0
1575346236.691797, -226.0
1575346237.08846, -226.0
1575346237.454766, -226.0
1575346237.855822, -226.0
1575346238.243206, -226.0
1575346238.650562, -226.0
1575346239.030242, -226.0
1575346239.418892, -226.0
1575346239.804123, -226.0
1575346239.829905, -226.0
1575346239.855377, -226.0
1575346239.881172, -226.0
1575346239.906708, -226.0
1575346240.297812, -226.0
1575346240.323319, -226.0
1575346240.658171, -226.0
1575346241.177303, -226.0
1575346241.202701, -226.0
1575346241.229144, -226.0
1575346241.256218, -226.0
1575346241.920245, -226.0
1575346242.312937, -226.0
1575346242.339008, -226.0
1575346242.365733, -226.0
1575346242.392568, -226.0
1575346242.419505, -226.0
1575346242.446773, -226.0
1575346242.474118, -226.0
1575346242.501251, -226.0
1575346242.52843, -226.0
1575346242.555695, -226.0
1575346242.583051, -226.0
1575346242.610309, -226.0
1575346202.738302, -226.0
1575346202.764094, -226.0
1575346202.791246, -226.0
1575346202.816952, -226.0
1575346202.845543, -226.0
1575346202.870723, -226.0
1575346202.895746, -226.0
1575346202.920841, -226.0
1575346202.945943, -226.0
1575346202.971037, -226.0
1575346202.996022, -226.0
1575346203.021277, -226.0
1575346203.047248, -226.0
1575346203.072606, -226.0
1575346203.097633, -226.0
1575346203.12274, -226.0
1575346203.151869, -226.0
1575346203.177573, -226.0
1575346203.565115, -226.0
1575346203.590564, -226.0
1575346203.999856, -226.0
1575346204.025159, -226.0
1575346204.411508, -226.0
1575346204.773982, -226.0
1575346205.139371, -226.0
1575346205.527765, -226.0
1575346205.895651, -226.0
1575346206.294431, -226.0
1575346206.637687, -226.0
1575346206.663256, -226.0
1575346206.689144, -226.0
1575346207.224132, -226.0
1575346207.729059, -226.0
1575346208.116304, -226.0
1575346208.478101, -226.0
1575346208.900902, -226.0
1575346209.337482, -226.0
1575346209.738424, -226.0
1575346210.145568, -226.0
1575346210.496, -226.0
1575346210.873738, -226.0
1575346211.237457, -226.0
1575346211.262878, -226.0
1575346211.612955, -226.0
1575346211.638302, -226.0
1575346211.663786, -226.0
1575346212.042718, -226.0
1575346212.433354, -226.0
1575346212.458933, -226.0
1575346212.484478, -226.0
1575346212.509714, -226.0
1575346212.535018, -226.0
1575346212.561378, -226.0
1575346212.588847, -226.0
1575346212.972343, -226.0
1575346212.997755, -226.0
1575346213.023244, -226.0
1575346213.048444, -226.0
1575346213.441293, -226.0
1575346213.466816, -226.0
1575346213.494443, -226.0
1575346213.519796, -226.0
1575346213.545394, -226.0
1575346213.571471, -226.0
1575346213.598743, -226.0
1575346213.624976, -226.0
1575346213.651009, -226.0
1575346214.041191, -226.0
1575346214.066882, -226.0
1575346214.092206, -226.0
1575346214.118074, -226.0
1575346214.143685, -226.0
1575346214.169066, -226.0
1575346214.194536, -226.0
1575346214.220067, -226.0
1575346214.245709, -226.0
1575346214.271219, -226.0
1575346214.296642, -226.0
1575346214.32283, -226.0
1575346214.351467, -226.0
1575346214.380389, -226.0
1575346214.407102, -226.0
1575346214.432478, -226.0
1575346214.460344, -226.0
1575346214.488016, -226.0
1575346214.515745, -226.0
1575346214.544041, -226.0
1575346214.569751, -226.0
1575346214.595248, -226.0
1575346214.620849, -226.0
1575346214.647747, -226.0
1575346214.673711, -226.0
1575346215.027323, -226.0
1575346215.052526, -226.0
1575346215.078035, -226.0
1575346215.103386, -226.0
1575346215.129053, -226.0
1575346215.535687, -226.0
1575346215.931086, -226.0
1575346215.956288, -226.0
1575346215.98194, -226.0
1575346216.008131, -226.0
1575346216.033406, -226.0
1575346216.058725, -226.0
1575346216.438421, -226.0
1575346216.463914, -226.0
1575346216.489436, -226.0
1575346216.515482, -226.0
1575346216.541096, -226.0
1575346216.566228, -226.0
1575346217.040853, -226.0
1575346217.066383, -226.0
1575346217.453623, -226.0
1575346217.955191, -226.0
1575346217.980849, -226.0
1575346218.359425, -226.0
1575346218.71004, -226.0
1575346218.735568, -226.0
1575346218.760818, -226.0
1575346218.786357, -226.0
1575346218.811508, -226.0
1575346218.836824, -226.0
1575346219.211569, -226.0
1575346219.237046, -226.0
1575346219.615086, -226.0
1575346219.640279, -226.0
1575346219.665628, -226.0
1575346219.691262, -226.0
1575346219.716746, -226.0
1575346219.741997, -226.0
1575346219.767375, -226.0
1575346220.139967, -226.0
1575346220.165497, -226.0
1575346220.190998, -226.0
1575346220.552422, -226.0
1575346220.577691, -226.0
1575346220.606732, -226.0
1575346220.634351, -226.0
1575346221.018501, -226.0
1575346221.043905, -226.0
1575346221.069227, -226.0
1575346221.515897, -226.0
1575346221.541436, -226.0
1575346222.007383, -226.0
1575346222.033008, -226.0
1575346222.455999, -226.0
1575346222.88899, -226.0
1575346223.299729, -226.0
1575346223.728509, -226.0
1575346224.102834, -226.0
1575346224.128312, -226.0
1575346224.153649, -226.0
1575346224.178753, -226.0
1575346224.20409, -226.0
1575346224.22961, -226.0
1575346224.255013, -226.0
1575346224.280198, -226.0
1575346224.308643, -226.0
1575346224.336152, -226.0
1575346224.363532, -226.0
1575346224.391215, -226.0
1575346224.418858, -226.0
1575346224.446357, -226.0
1575346224.474068, -226.0
1575346224.501684, -226.0
1575346224.529288, -226.0
1575346224.556827, -226.0
1575346224.584518, -226.0
1575346224.612123, -226.0
1575346224.639478, -226.0
1575346224.666366, -226.0
1575346224.693599, -226.0
1575346224.721929, -226.0
1575346224.749542, -226.0
1575346224.776489, -226.0
1575346224.803707, -226.0
1575346224.830689, -226.0
1575346224.857703, -226.0
1575346224.884589, -226.0
1575346224.911597, -226.0
1575346224.938547, -226.0
1575346224.966957, -226.0
1575346224.994199, -226.0
1575346225.373029, -226.0
1575346225.398389, -226.0
1575346225.4239, -226.0
1575346225.449282, -226.0
1575346225.474953, -226.0
1575346225.500347, -226.0
1575346225.526079, -226.0
1575346225.551568, -226.0
1575346225.948467, -226.0
1575346225.974016, -226.0
1575346225.999204, -226.0
1575346226.02462, -226.0
1575346226.050068, -226.0
1575346226.075434, -226.0
1575346226.426921, -226.0
1575346226.452272, -226.0
1575346226.478051, -226.0
1575346226.503894, -226.0
1575346226.529518, -226.0
1575346226.555456, -226.0
1575346226.58117, -226.0
1575346226.946717, -226.0
1575346226.971913, -226.0
1575346226.997389, -226.0
1575346227.023325, -226.0
1575346227.049372, -226.0
1575346227.074838, -226.0
1575346227.757115, -226.0
1575346227.782627, -226.0
1575346227.808556, -226.0
1575346227.835927, -226.0
1575346227.863728, -226.0
1575346227.890539, -226.0
1575346227.917481, -226.0
1575346227.944563, -226.0
1575346227.971514, -226.0
1575346227.998535, -226.0
1575346228.025029, -226.0
1575346228.051617, -226.0
1575346228.078235, -226.0
1575346228.104132, -226.0
1575346228.130498, -226.0
1575346228.155835, -226.0
1575346228.548818, -226.0
1575346228.917974, -226.0
1575346229.288869, -226.0
1575346229.314563, -226.0
1575346229.70983, -226.0
1575346229.736458, -226.0
1575346229.762717, -226.0
1575346229.78826, -226.0
1575346230.158023, -226.0
1575346230.536537, -226.0
1575346230.561902, -226.0
1575346230.943196, -226.0
1575346230.96866, -226.0
1575346230.994038, -226.0
1575346231.01948, -226.0
1575346231.393275, -226.0
1575346231.797263, -226.0
1575346231.822646, -226.0
1575346231.848577, -226.0
1575346231.874484, -226.0
1575346231.90006, -226.0
1575346231.925484, -226.0
1575346231.950973, -226.0
1575346231.976516, -226.0
1575346216.547216, -226.0
1575346216.572517, -226.0
1575346217.035959, -226.0
1575346217.061216, -226.0
1575346217.444783, -226.0
1575346217.469991, -226.0
1575346217.495714, -226.0
1575346217.521525, -226.0
1575346217.873889, -226.0
1575346217.899629, -226.0
1575346217.924994, -226.0
1575346217.950701, -226.0
1575346217.975966, -226.0
1575346218.0023, -226.0
1575346218.027245, -226.0
1575346218.052539, -226.0
1575346218.077446, -226.0
1575346218.102865, -226.0
1575346218.127903, -226.0
1575346218.153024, -226.0
1575346218.178181, -226.0
1575346218.203124, -226.0
1575346218.228126, -226.0
1575346218.253179, -226.0
1575346218.282132, -226.0
1575346218.307758, -226.0
1575346218.333323, -226.0
1575346218.358696, -226.0
1575346218.383953, -226.0
1575346218.769152, -226.0
1575346218.794354, -226.0
1575346218.820051, -226.0
1575346218.845349, -226.0
1575346218.870952, -226.0
1575346219.260018, -226.0
1575346219.285832, -226.0
1575346219.310932, -226.0
1575346219.335714, -226.0
1575346219.361965, -226.0
1575346219.386742, -226.0
1575346219.415856, -226.0
1575346219.442104, -226.0
1575346219.467877, -226.0
1575346219.495317, -226.0
1575346219.52116, -226.0
1575346219.546831, -226.0
1575346219.572066, -226.0
1575346219.597706, -226.0
1575346219.623256, -226.0
1575346219.64865, -226.0
1575346219.677536, -226.0
1575346219.702791, -226.0
1575346219.727975, -226.0
1575346219.754022, -226.0
1575346219.779382, -226.0
1575346219.805302, -226.0
1575346219.831018, -226.0
1575346219.856957, -226.0
1575346219.883572, -226.0
1575346219.91267, -226.0
1575346219.939354, -226.0
1575346219.967427, -226.0
1575346219.996256, -226.0
1575346220.022161, -226.0
1575346220.394659, -226.0
1575346220.420289, -226.0
1575346220.44564, -226.0
1575346220.471171, -226.0
1575346220.498819, -226.0
1575346220.527037, -226.0
1575346220.555089, -226.0
1575346220.583251, -226.0
1575346220.61149, -226.0
1575346220.639448, -226.0
1575346220.667569, -226.0
1575346220.695679, -226.0
1575346220.722983, -226.0
1575346220.751856, -226.0
1575346220.779851, -226.0
1575346220.80474, -226.0
1575346220.829676, -226.0
1575346220.854479, -226.0
1575346220.879264, -226.0
1575346220.904602, -226.0
1575346220.929703, -226.0
1575346220.954817, -226.0
1575346220.979927, -226.0
1575346221.008866, -226.0
1575346221.034336, -226.0
1575346221.0598, -226.0
1575346221.085214, -226.0
1575346221.11056, -226.0
1575346221.138777, -226.0
1575346221.163933, -226.0
1575346221.189094, -226.0
1575346221.213892, -226.0
1575346221.239026, -226.0
1575346221.264105, -226.0
1575346221.288984, -226.0
1575346221.317847, -226.0
1575346221.343105, -226.0
1575346221.368404, -226.0
1575346221.394032, -226.0
1575346221.420245, -226.0
1575346221.44692, -226.0
1575346221.475866, -226.0
1575346221.504699, -226.0
1575346221.533513, -226.0
1575346221.559059, -226.0
1575346221.584371, -226.0
1575346221.609895, -226.0
1575346221.635573, -226.0
1575346221.662701, -226.0
1575346221.690827, -226.0
1575346221.719383, -226.0
1575346221.747703, -226.0
1575346221.776327, -226.0
1575346221.804886, -226.0
1575346221.833276, -226.0
1575346221.861749, -226.0
1575346221.890433, -226.0
1575346221.919111, -226.0
1575346221.94643, -226.0
1575346221.971812, -226.0
1575346221.996946, -226.0
1575346222.021704, -226.0
1575346222.046637, -226.0
1575346222.074278, -226.0
1575346222.103524, -226.0
1575346222.12929, -226.0
1575346222.154888, -226.0
1575346222.180342, -226.0
1575346222.562075, -226.0
1575346222.903512, -226.0
1575346222.928944, -226.0
1575346222.954444, -226.0
1575346223.314623, -226.0
1575346223.69243, -226.0
1575346224.095563, -226.0
1575346224.46723, -226.0
1575346224.866569, -226.0
1575346225.265511, -226.0
1575346225.291185, -226.0
1575346225.316558, -226.0
1575346225.342464, -226.0
1575346225.370041, -226.0
1575346225.395462, -226.0
1575346225.803557, -226.0
1575346226.158657, -226.0
1575346226.58179, -226.0
1575346226.607769, -226.0
1575346226.634876, -226.0
1575346226.660996, -226.0
1575346226.687962, -226.0
1575346226.714248, -226.0
1575346226.740903, -226.0
1575346226.766513, -226.0
1575346226.792995, -226.0
1575346226.820827, -226.0
1575346226.849283, -226.0
1575346226.877734, -226.0
1575346226.906442, -226.0
1575346226.93498, -226.0
1575346226.962643, -226.0
1575346226.990948, -226.0
1575346227.018339, -226.0
1575346227.046114, -226.0
1575346227.071578, -226.0
1575346227.097314, -226.0
1575346227.439968, -226.0
1575346227.83177, -226.0
1575346227.857124, -226.0
1575346227.882575, -226.0
1575346228.246231, -226.0
1575346228.271885, -226.0
1575346228.639469, -226.0
1575346229.058501, -226.0
1575346229.084093, -226.0
1575346229.111255, -226.0
1575346229.136992, -226.0
1575346229.165066, -226.0
1575346229.192597, -226.0
1575346229.217859, -226.0
1575346229.243269, -226.0
1575346229.268774, -226.0
1575346229.691635, -226.0
1575346230.032684, -226.0
1575346230.422741, -226.0
1575346230.44817, -226.0
1575346230.473537, -226.0
1575346230.499479, -226.0
1575346230.872818, -226.0
1575346231.247343, -226.0
1575346231.709904, -226.0
1575346232.072656, -226.0
1575346232.097849, -226.0
1575346232.125327, -226.0
1575346232.154328, -226.0
1575346232.181885, -226.0
1575346232.210927, -226.0
1575346232.23823, -226.0
1575346232.265904, -226.0
1575346232.293121, -226.0
1575346232.320541, -226.0
1575346232.347958, -226.0
1575346232.375672, -226.0
1575346232.403455, -226.0
1575346232.431181, -226.0
1575346232.459132, -226.0
1575346232.48725, -226.0
1575346232.515251, -226.0
1575346232.543221, -226.0
1575346232.571577, -226.0
1575346232.600742, -226.0
1575346232.629784, -226.0
1575346232.658074, -226.0
1575346232.686884, -226.0
1575346232.715468, -226.0
1575346232.744358, -226.0
1575346232.77168, -226.0
1575346232.800886, -226.0
1575346232.828166, -226.0
1575346232.853685, -226.0
1575346232.879163, -226.0
1575346232.905976, -226.0
1575346232.933281, -226.0
1575346232.960467, -226.0
1575346232.988897, -226.0
1575346233.017268, -226.0
1575346233.045586, -226.0
1575346233.074086, -226.0
1575346233.10248, -226.0
1575346233.130789, -226.0
1575346233.15927, -226.0
1575346233.187917, -226.0
1575346233.216443, -226.0
1575346233.244814, -226.0
1575346233.273249, -226.0
1575346233.301648, -226.0
1575346233.330232, -226.0
1575346233.358674, -226.0
1575346233.387191, -226.0
1575346233.41548, -226.0
1575346233.443638, -226.0
1575346233.470438, -226.0
1575346233.49595, -226.0
1575346233.888535, -226.0
1575346233.91398, -226.0
1575346233.939361, -226.0
1575346233.965067, -226.0
1575346232.037694, -226.0
1575346232.063154, -226.0
1575346232.091648, -226.0
1575346232.116583, -226.0
1575346232.14159, -226.0
1575346232.168654, -226.0
1575346232.195995, -226.0
1575346232.220886, -226.0
1575346232.249372, -226.0
1575346232.632996, -226.0
1575346232.658207, -226.0
1575346232.685058, -226.0
1575346232.710325, -226.0
1575346232.736769, -226.0
1575346232.764912, -226.0
1575346232.792994, -226.0
1575346232.821222, -226.0
1575346232.84946, -226.0
1575346232.87783, -226.0
1575346232.905011, -226.0
1575346232.933712, -226.0
1575346232.960442, -226.0
1575346233.394531, -226.0
1575346233.765887, -226.0
1575346233.791648, -226.0
1575346234.177097, -226.0
1575346234.54804, -226.0
1575346234.573896, -226.0
1575346234.601513, -226.0
1575346234.627387, -226.0
1575346234.65359, -226.0
1575346234.679781, -226.0
1575346234.706755, -226.0
1575346234.733242, -226.0
1575346235.104871, -226.0
1575346235.513987, -226.0
1575346235.540028, -226.0
1575346235.568876, -226.0
1575346235.597601, -226.0
1575346235.626267, -226.0
1575346235.655069, -226.0
1575346235.682522, -226.0
1575346235.711613, -226.0
1575346235.740024, -226.0
1575346235.767094, -226.0
1575346235.792459, -226.0
1575346235.818155, -226.0
1575346235.845384, -226.0
1575346235.872626, -226.0
1575346235.898951, -226.0
1575346235.924952, -226.0
1575346235.953785, -226.0
1575346235.979532, -226.0
1575346236.005395, -226.0
1575346236.380454, -226.0
1575346236.405879, -226.0
1575346236.431744, -226.0
1575346236.458643, -226.0
1575346236.899439, -226.0
1575346237.315684, -226.0
1575346237.890367, -226.0
1575346237.915674, -226.0
1575346237.941519, -226.0
1575346237.968255, -226.0
1575346237.994157, -226.0
1575346238.393524, -226.0
1575346238.785231, -226.0
1575346239.161029, -226.0
1575346239.186851, -226.0
1575346239.561778, -226.0
1575346239.984544, -226.0
1575346240.399428, -226.0
1575346240.42662, -226.0
1575346240.820448, -226.0
1575346241.179922, -226.0
1575346241.580943, -226.0
1575346241.606809, -226.0
1575346241.633966, -226.0
1575346241.662163, -226.0
1575346242.021753, -226.0
1575346242.412181, -226.0
1575346242.839111, -226.0
1575346243.204603, -226.0
1575346243.580665, -226.0
1575346243.943592, -226.0
1575346244.308062, -226.0
1575346244.713991, -226.0
1575346244.740378, -226.0
1575346244.767431, -226.0
1575346244.793759, -226.0
1575346244.819686, -226.0
1575346244.846194, -226.0
1575346244.873182, -226.0
1575346244.900648, -226.0
1575346244.927283, -226.0
1575346244.953725, -226.0
1575346244.982611, -226.0
1575346245.008037, -226.0
1575346245.033656, -226.0
1575346245.060057, -226.0
1575346245.087434, -226.0
1575346245.113933, -226.0
1575346245.140173, -226.0
1575346245.625686, -226.0
1575346245.651999, -226.0
1575346246.014356, -226.0
1575346246.039745, -226.0
1575346246.065284, -226.0
1575346246.457785, -226.0
1575346246.857863, -226.0
1575346247.265561, -226.0
1575346247.291692, -226.0
1575346247.318365, -226.0
1575346247.347564, -226.0
1575346247.375394, -226.0
1575346247.401523, -226.0
1575346247.427123, -226.0
1575346247.453001, -226.0
1575346247.479745, -226.0
1575346247.506495, -226.0
1575346247.532423, -226.0
1575346247.557985, -226.0
1575346247.583307, -226.0
1575346247.608772, -226.0
1575346248.019862, -226.0
1575346248.41939, -226.0
1575346248.444837, -226.0
1575346248.47104, -226.0
1575346248.496855, -226.0
1575346248.908522, -226.0
1575346248.933871, -226.0
1575346248.960874, -226.0
1575346248.989023, -226.0
1575346249.016532, -226.0
1575346249.044623, -226.0
1575346249.071757, -226.0
1575346249.448931, -223.0
1575346249.474358, -223.0
1575346249.862129, -223.0
1575346249.888485, -223.0
1575346249.916273, -223.0
1575346249.945023, -223.0
1575346249.974023, -223.0
1575346250.002707, -223.0
1575346250.03139, -223.0
1575346250.059933, -223.0
1575346250.088632, -223.0
1575346250.117426, -223.0
1575346250.145852, -223.0
1575346250.174115, -223.0
1575346250.561748, -223.0
1575346250.956392, -223.0
1575346250.981921, -223.0
1575346251.008354, -223.0
1575346251.036804, -223.0
1575346251.063373, -223.0
1575346251.090518, -223.0
1575346251.117867, -223.0
1575346251.145439, -223.0
1575346251.173344, -223.0
1575346251.201551, -223.0
1575346251.229909, -223.0
1575346251.258511, -223.0
1575346251.28704, -223.0
1575346251.315672, -223.0
1575346251.342486, -223.0
1575346251.368015, -223.0
1575346251.395322, -223.0
1575346251.424439, -223.0
1575346251.451466, -223.0
1575346251.47877, -223.0
1575346251.507152, -223.0
1575346251.534384, -223.0
1575346251.560558, -223.0
1575346251.585808, -223.0
1575346251.611295, -223.0
1575346251.989503, -223.0
1575346252.364617, -223.0
1575346252.732204, -223.0
1575346253.087922, -223.0
1575346253.486151, -223.0
1575346253.855043, -223.0
1575346253.880353, -223.0
1575346254.30562, -223.0
1575346254.727146, -223.0
1575346255.133383, -223.0
1575346255.159563, -223.0
1575346255.548788, -223.0
1575346255.9068, -223.0
1575346256.239709, -223.0
1575346256.609095, -223.0
1575346256.634667, -223.0
1575346256.660141, -223.0
1575346257.041597, -223.0
1575346257.066768, -223.0
1575346257.092112, -223.0
1575346257.117622, -223.0
1575346257.142879, -223.0
1575346257.542415, -223.0
1575346257.567997, -223.0
1575346257.593383, -223.0
1575346258.001577, -223.0
1575346258.363024, -223.0
1575346258.733154, -223.0
1575346258.758603, -223.0
1575346259.115556, -223.0
1575346259.140974, -223.0
1575346259.510872, -223.0
1575346259.536497, -223.0
1575346259.561946, -223.0
1575346259.587252, -223.0
1575346259.99699, -223.0
1575346260.397703, -223.0
1575346260.779275, -223.0
1575346260.804992, -223.0
1575346261.168729, -223.0
1575346261.542884, -223.0
1575346261.568238, -223.0
1575346261.593804, -223.0
1575346262.002574, -223.0
1575346262.398681, -223.0
1575346262.424124, -223.0
1575346262.839122, -223.0
1575346263.273898, -223.0
1575346263.665334, -223.0
1575346264.026006, -223.0
1575346264.40576, -223.0
1575346264.760942, -223.0
1575346265.169685, -223.0
1575346265.851874, -223.0
1575346265.880733, -223.0
1575346265.906058, -223.0
1575346265.935101, -223.0
1575346265.961409, -223.0
1575346265.9901, -223.0
1575346266.017942, -223.0
1575346266.04404, -223.0
1575346266.06998, -223.0
1575346266.095589, -223.0
1575346266.121507, -223.0
1575346266.147726, -223.0
1575346266.17403, -223.0
1575346267.242688, -223.0
1575346267.615596, -223.0
1575346268.014351, -223.0
1575346268.040664, -223.0
1575346268.066152, -223.0
1575346268.450108, -223.0
1575346268.47564, -223.0
1575346268.874157, -223.0
1575346234.338714, -226.0
1575346234.709863, -226.0
1575346235.107252, -226.0
1575346235.486305, -226.0
1575346235.511816, -226.0
1575346235.538202, -226.0
1575346235.566891, -226.0
1575346235.595156, -226.0
1575346235.622998, -226.0
1575346235.651036, -226.0
1575346235.678267, -226.0
1575346235.706952, -226.0
1575346235.732692, -226.0
1575346235.758173, -226.0
1575346235.785058, -226.0
1575346235.813627, -226.0
1575346235.842533, -226.0
1575346235.870917, -226.0
1575346235.898359, -226.0
1575346235.926864, -226.0
1575346235.954954, -226.0
1575346235.980369, -226.0
1575346236.006289, -226.0
1575346236.032483, -226.0
1575346236.058295, -226.0
1575346236.084813, -226.0
1575346236.112534, -226.0
1575346236.139643, -226.0
1575346236.16641, -226.0
1575346236.193056, -226.0
1575346236.219598, -226.0
1575346236.246166, -226.0
1575346236.273012, -226.0
1575346236.299859, -226.0
1575346236.32665, -226.0
1575346236.353425, -226.0
1575346236.382148, -226.0
1575346236.411263, -226.0
1575346236.436847, -226.0
1575346236.462154, -226.0
1575346236.487603, -226.0
1575346236.513102, -226.0
1575346236.5395, -226.0
1575346236.567777, -226.0
1575346236.596637, -226.0
1575346236.625274, -226.0
1575346236.654047, -226.0
1575346236.682698, -226.0
1575346236.711316, -226.0
1575346236.739076, -226.0
1575346236.764301, -226.0
1575346236.79249, -226.0
1575346236.820189, -226.0
1575346236.848523, -226.0
1575346236.875775, -226.0
1575346236.90429, -226.0
1575346236.931794, -226.0
1575346236.957439, -226.0
1575346236.982701, -226.0
1575346237.008494, -226.0
1575346237.034284, -226.0
1575346237.437569, -226.0
1575346237.462975, -226.0
1575346237.488342, -226.0
1575346237.513656, -226.0
1575346237.538861, -226.0
1575346237.564422, -226.0
1575346237.59001, -226.0
1575346237.615553, -226.0
1575346237.640955, -226.0
1575346237.666394, -226.0
1575346237.691673, -226.0
1575346237.71733, -226.0
1575346237.742991, -226.0
1575346237.768738, -226.0
1575346237.794458, -226.0
1575346237.820252, -226.0
1575346237.84579, -226.0
1575346237.872286, -226.0
1575346237.898057, -226.0
1575346238.381755, -226.0
1575346238.407952, -226.0
1575346238.43371, -226.0
1575346238.460057, -226.0
1575346238.486453, -226.0
1575346238.512434, -226.0
1575346238.538481, -226.0
1575346238.563763, -226.0
1575346238.589774, -226.0
1575346238.615443, -226.0
1575346238.641475, -226.0
1575346238.66712, -226.0
1575346239.03629, -226.0
1575346239.06175, -226.0
1575346239.087087, -226.0
1575346239.476216, -226.0
1575346239.50171, -226.0
1575346239.526905, -226.0
1575346239.916567, -226.0
1575346240.281789, -226.0
1575346240.685112, -226.0
1575346240.710841, -226.0
1575346240.736185, -226.0
1575346240.761441, -226.0
1575346241.112634, -226.0
1575346241.493053, -226.0
1575346241.51839, -226.0
1575346241.543683, -226.0
1575346241.568893, -226.0
1575346241.955226, -226.0
1575346241.980798, -226.0
1575346242.35411, -226.0
1575346242.736921, -226.0
1575346242.762495, -226.0
1575346242.787842, -226.0
1575346243.166914, -226.0
1575346243.192942, -226.0
1575346243.218239, -226.0
1575346243.599316, -226.0
1575346243.624825, -226.0
1575346243.650411, -226.0
1575346243.677432, -226.0
1575346244.090784, -226.0
1575346244.46771, -226.0
1575346244.493241, -226.0
1575346244.518423, -226.0
1575346244.54363, -226.0
1575346244.569094, -226.0
1575346244.594392, -226.0
1575346244.976071, -226.0
1575346245.001365, -226.0
1575346245.02661, -226.0
1575346245.052554, -226.0
1575346245.081261, -226.0
1575346245.109438, -226.0
1575346245.137356, -226.0
1575346245.166287, -226.0
1575346245.195239, -226.0
1575346245.224277, -226.0
1575346245.253056, -226.0
1575346245.281116, -226.0
1575346245.309856, -226.0
1575346245.33786, -226.0
1575346245.363296, -226.0
1575346245.388781, -226.0
1575346245.414522, -226.0
1575346245.442894, -226.0
1575346245.471763, -226.0
1575346245.499963, -226.0
1575346245.52892, -226.0
1575346245.554466, -226.0
1575346245.579835, -226.0
1575346245.605079, -226.0
1575346245.630439, -226.0
1575346246.058583, -226.0
1575346246.084229, -226.0
1575346246.109951, -226.0
1575346246.473734, -226.0
1575346246.824522, -226.0
1575346246.850101, -226.0
1575346246.875612, -226.0
1575346246.901154, -226.0
1575346246.926758, -226.0
1575346246.954285, -226.0
1575346246.979571, -226.0
1575346247.005217, -226.0
1575346247.031515, -226.0
1575346247.057047, -226.0
1575346247.083339, -226.0
1575346247.112537, -226.0
1575346247.141673, -226.0
1575346247.167423, -226.0
1575346247.193255, -226.0
1575346247.583174, -226.0
1575346247.608569, -226.0
1575346247.972996, -226.0
1575346247.998316, -226.0
1575346248.378805, -226.0
1575346248.40447, -226.0
1575346248.429611, -226.0
1575346248.454799, -226.0
1575346248.84004, -226.0
1575346248.865343, -226.0
1575346248.890893, -226.0
1575346248.916422, -226.0
1575346248.941839, -226.0
1575346248.967362, -226.0
1575346248.992828, -226.0
1575346249.38885, -223.0
1575346249.414548, -223.0
1575346249.439784, -223.0
1575346249.465288, -223.0
1575346249.490547, -223.0
1575346249.867111, -223.0
1575346249.892688, -223.0
1575346250.271085, -223.0
1575346250.296608, -223.0
1575346250.66738, -223.0
1575346251.074345, -223.0
1575346251.099682, -223.0
1575346251.473387, -223.0
1575346251.884612, -223.0
1575346252.269856, -223.0
1575346252.295199, -223.0
1575346252.678826, -223.0
1575346253.041947, -223.0
1575346253.437917, -223.0
1575346253.8198, -223.0
1575346254.254984, -223.0
1575346254.635691, -223.0
1575346255.042573, -223.0
1575346255.403649, -223.0
1575346255.80608, -223.0
1575346256.181619, -223.0
1575346256.561674, -223.0
1575346256.94746, -223.0
1575346257.309147, -223.0
1575346257.334439, -223.0
1575346257.359981, -223.0
1575346257.385543, -223.0
1575346257.411067, -223.0
1575346257.437278, -223.0
1575346257.462584, -223.0
1575346257.487803, -223.0
1575346257.513325, -223.0
1575346257.906996, -223.0
1575346257.932493, -223.0
1575346257.957937, -223.0
1575346258.328492, -223.0
1575346258.72033, -223.0
1575346259.102525, -223.0
1575346259.49151, -223.0
1575346259.892397, -223.0
1575346259.918362, -223.0
1575346260.313514, -223.0
1575346260.683567, -223.0
1575346260.709109, -223.0
1575346261.092938, -223.0
1575346261.512193, -223.0
1575346261.537666, -223.0
1575346261.563347, -223.0
1575346261.588593, -223.0
1575346261.977908, -223.0
1575346262.36901, -223.0
1575346262.762541, -223.0
1575346263.150407, -223.0
1575346263.530679, -223.0
1575346263.883375, -223.0
1575346263.908824, -223.0
1575346263.934584, -223.0
1575346237.394013, -226.0
1575346237.777046, -226.0
1575346238.151357, -226.0
1575346238.543439, -226.0
1575346238.95292, -226.0
1575346239.311315, -226.0
1575346239.674952, -226.0
1575346240.077803, -226.0
1575346240.448474, -226.0
1575346240.474097, -226.0
1575346240.499529, -226.0
1575346240.524951, -226.0
1575346240.553522, -226.0
1575346240.579034, -226.0
1575346240.604275, -226.0
1575346240.629578, -226.0
1575346240.654956, -226.0
1575346240.680349, -226.0
1575346240.705543, -226.0
1575346240.73052, -226.0
1575346240.755893, -226.0
1575346240.781404, -226.0
1575346240.806668, -226.0
1575346240.835452, -226.0
1575346240.863874, -226.0
1575346240.889053, -226.0
1575346240.913937, -226.0
1575346240.941529, -226.0
1575346240.968289, -226.0
1575346240.996475, -226.0
1575346241.022037, -226.0
1575346241.047466, -226.0
1575346241.073001, -226.0
1575346241.098505, -226.0
1575346241.124118, -226.0
1575346241.152597, -226.0
1575346241.179195, -226.0
1575346241.204472, -226.0
1575346241.230624, -226.0
1575346241.257469, -226.0
1575346241.284121, -226.0
1575346241.310817, -226.0
1575346241.337911, -226.0
1575346241.364957, -226.0
1575346241.391917, -226.0
1575346241.419312, -226.0
1575346241.445138, -226.0
1575346241.471604, -226.0
1575346241.500111, -226.0
1575346241.527801, -226.0
1575346241.555555, -226.0
1575346241.582952, -226.0
1575346241.610299, -226.0
1575346241.637485, -226.0
1575346241.664668, -226.0
1575346241.691904, -226.0
1575346241.719037, -226.0
1575346241.747391, -226.0
1575346241.772683, -226.0
1575346241.798216, -226.0
1575346241.823727, -226.0
1575346241.849311, -226.0
1575346241.874683, -226.0
1575346241.900259, -226.0
1575346241.925498, -226.0
1575346241.951176, -226.0
1575346241.97662, -226.0
1575346242.001971, -226.0
1575346242.0274, -226.0
1575346242.053003, -226.0
1575346242.078422, -226.0
1575346242.103989, -226.0
1575346242.130156, -226.0
1575346242.155385, -226.0
1575346242.180515, -226.0
1575346242.206153, -226.0
1575346242.231261, -226.0
1575346242.256881, -226.0
1575346242.282107, -226.0
1575346242.307396, -226.0
1575346242.332324, -226.0
1575346242.357293, -226.0
1575346242.382205, -226.0
1575346242.410935, -226.0
1575346242.436222, -226.0
1575346242.461317, -226.0
1575346242.851011, -226.0
1575346243.230158, -226.0
1575346243.25559, -226.0
1575346243.282038, -226.0
1575346243.307156, -226.0
1575346243.334005, -226.0
1575346243.729806, -226.0
1575346243.755251, -226.0
1575346243.780567, -226.0
1575346244.166611, -226.0
1575346244.57341, -226.0
1575346244.958398, -226.0
1575346244.983776, -226.0
1575346245.009073, -226.0
1575346245.035179, -226.0
1575346245.062953, -226.0
1575346245.59082, -226.0
1575346245.616692, -226.0
1575346245.642278, -226.0
1575346245.999672, -226.0
1575346246.025247, -226.0
1575346246.051037, -226.0
1575346246.077005, -226.0
1575346246.10258, -226.0
1575346246.499522, -226.0
1575346246.927295, -226.0
1575346247.315086, -226.0
1575346247.340474, -226.0
1575346247.369005, -226.0
1575346247.395138, -226.0
1575346247.423996, -226.0
1575346247.452285, -226.0
1575346247.479175, -226.0
1575346247.506516, -226.0
1575346247.533556, -226.0
1575346247.562068, -226.0
1575346247.589204, -226.0
1575346247.974837, -226.0
1575346248.00049, -226.0
1575346248.025736, -226.0
1575346248.409652, -226.0
1575346248.435287, -226.0
1575346248.46053, -226.0
1575346248.845583, -226.0
1575346249.258051, -226.0
1575346249.283767, -223.0
1575346249.662911, -223.0
1575346249.688533, -223.0
1575346249.713936, -223.0
1575346249.739431, -223.0
1575346249.765003, -223.0
1575346249.790495, -223.0
1575346249.816086, -223.0
1575346249.841516, -223.0
1575346249.866892, -223.0
1575346249.892072, -223.0
1575346249.917353, -223.0
1575346249.94284, -223.0
1575346250.316878, -223.0
1575346250.3423, -223.0
1575346250.708691, -223.0
1575346251.079938, -223.0
1575346251.469178, -223.0
1575346251.840601, -223.0
1575346251.866224, -223.0
1575346252.25932, -223.0
1575346252.63026, -223.0
1575346252.987231, -223.0
1575346253.370582, -223.0
1575346253.77018, -223.0
1575346253.79533, -223.0
1575346253.820947, -223.0
1575346253.848504, -223.0
1575346253.877333, -223.0
1575346253.906523, -223.0
1575346253.935833, -223.0
1575346253.964859, -223.0
1575346253.992785, -223.0
1575346254.021777, -223.0
1575346254.047226, -223.0
1575346254.0726, -223.0
1575346254.098311, -223.0
1575346254.12363, -223.0
1575346254.149321, -223.0
1575346254.175345, -223.0
1575346254.201578, -223.0
1575346254.227926, -223.0
1575346254.254345, -223.0
1575346254.28073, -223.0
1575346254.307132, -223.0
1575346254.333899, -223.0
1575346255.153272, -223.0
1575346255.555188, -223.0
1575346255.984822, -223.0
1575346256.382899, -223.0
1575346256.789848, -223.0
1575346256.815868, -223.0
1575346256.841279, -223.0
1575346256.867193, -223.0
1575346257.265335, -223.0
1575346257.290985, -223.0
1575346257.69212, -223.0
1575346258.054823, -223.0
1575346258.428609, -223.0
1575346258.804492, -223.0
1575346258.829773, -223.0
1575346258.855364, -223.0
1575346258.880786, -223.0
1575346258.906134, -223.0
1575346259.266607, -223.0
1575346259.671618, -223.0
1575346260.062351, -223.0
1575346260.088026, -223.0
1575346260.113356, -223.0
1575346260.138736, -223.0
1575346260.164192, -223.0
1575346260.561519, -223.0
1575346260.587021, -223.0
1575346260.612403, -223.0
1575346260.979271, -223.0
1575346261.346246, -223.0
1575346261.692734, -223.0
1575346261.718247, -223.0
1575346262.106582, -223.0
1575346262.132154, -223.0
1575346262.542815, -223.0
1575346262.568335, -223.0
1575346262.593793, -223.0
1575346262.970011, -223.0
1575346263.402002, -223.0
1575346263.817261, -223.0
1575346263.842876, -223.0
1575346264.238946, -223.0
1575346264.264522, -223.0
1575346264.672865, -223.0
1575346265.062814, -223.0
1575346265.444719, -223.0
1575346265.815543, -223.0
1575346266.230916, -223.0
1575346266.594908, -223.0
1575346266.984643, -223.0
1575346267.009905, -223.0
1575346267.380356, -223.0
1575346267.756755, -223.0
1575346268.163597, -223.0
1575346268.548004, -223.0
1575346268.982005, -223.0
1575346269.390572, -223.0
1575346269.415614, -223.0
1575346269.440656, -223.0
1575346269.465675, -223.0
1575346269.851512, -223.0
1575346270.237913, -223.0
1575346270.641323, -223.0
1575346271.027005, -223.0
1575346271.052131, -223.0
1575346271.445435, -223.0
1575346271.808786, -223.0
1575346272.170877, -223.0
1575346272.195985, -223.0
1575346272.593946, -223.0
1575346272.619219, -223.0
1575346272.644306, -223.0
1575346273.043561, -223.0
1575346243.052461, -226.0
1575346243.077985, -226.0
1575346243.45428, -226.0
1575346243.822463, -226.0
1575346244.16295, -226.0
1575346244.520505, -226.0
1575346244.884821, -226.0
1575346245.262997, -226.0
1575346245.612222, -226.0
1575346245.9449, -226.0
1575346246.265772, -226.0
1575346246.629611, -226.0
1575346246.971174, -226.0
1575346247.359292, -226.0
1575346247.704328, -226.0
1575346248.069849, -226.0
1575346248.411777, -226.0
1575346248.766696, -226.0
1575346249.111771, -226.0
1575346249.467729, -223.0
1575346249.838788, -223.0
1575346250.228781, -223.0
1575346250.609041, -223.0
1575346250.952743, -223.0
1575346251.268325, -223.0
1575346251.612441, -223.0
1575346251.936353, -223.0
1575346252.272857, -223.0
1575346252.620997, -223.0
1575346253.009325, -223.0
1575346253.365496, -223.0
1575346253.729581, -223.0
1575346253.755177, -223.0
1575346253.78249, -223.0
1575346253.808201, -223.0
1575346253.833897, -223.0
1575346253.85918, -223.0
1575346253.884134, -223.0
1575346253.908945, -223.0
1575346253.933878, -223.0
1575346253.958931, -223.0
1575346253.983857, -223.0
1575346254.009375, -223.0
1575346254.034937, -223.0
1575346254.425214, -223.0
1575346254.450689, -223.0
1575346254.475885, -223.0
1575346254.501364, -223.0
1575346254.893728, -223.0
1575346255.264304, -223.0
1575346255.626138, -223.0
1575346255.995465, -223.0
1575346256.419143, -223.0
1575346256.806465, -223.0
1575346256.831707, -223.0
1575346256.858835, -223.0
1575346256.887161, -223.0
1575346256.914785, -223.0
1575346256.9434, -223.0
1575346256.971839, -223.0
1575346257.000507, -223.0
1575346257.028964, -223.0
1575346257.055991, -223.0
1575346257.083381, -223.0
1575346257.110507, -223.0
1575346257.137659, -223.0
1575346257.166627, -223.0
1575346257.193914, -223.0
1575346257.22111, -223.0
1575346257.247487, -223.0
1575346257.627072, -223.0
1575346257.652471, -223.0
1575346257.67787, -223.0
1575346257.703761, -223.0
1575346258.08879, -223.0
1575346258.114179, -223.0
1575346258.140348, -223.0
1575346258.166648, -223.0
1575346258.191996, -223.0
1575346258.592906, -223.0
1575346258.618953, -223.0
1575346258.645866, -223.0
1575346258.673826, -223.0
1575346258.702587, -223.0
1575346258.730412, -223.0
1575346258.756903, -223.0
1575346258.784743, -223.0
1575346258.811226, -223.0
1575346258.836742, -223.0
1575346259.405042, -223.0
1575346259.789124, -223.0
1575346260.172253, -223.0
1575346260.197837, -223.0
1575346260.223416, -223.0
1575346260.251678, -223.0
1575346260.278914, -223.0
1575346260.307152, -223.0
1575346260.742667, -223.0
1575346261.137904, -223.0
1575346261.507293, -223.0
1575346261.907468, -223.0
1575346262.288928, -223.0
1575346262.684634, -223.0
1575346262.710399, -223.0
1575346262.736983, -223.0
1575346262.765153, -223.0
1575346262.793964, -223.0
1575346262.822023, -223.0
1575346262.849863, -223.0
1575346262.878943, -223.0
1575346262.906077, -223.0
1575346262.932493, -223.0
1575346262.961662, -223.0
1575346262.989192, -223.0
1575346263.014557, -223.0
1575346263.393944, -223.0
1575346263.759224, -223.0
1575346264.147574, -223.0
1575346264.54292, -223.0
1575346264.568369, -223.0
1575346264.593771, -223.0
1575346264.619197, -223.0
1575346264.644407, -223.0
1575346264.995259, -223.0
1575346265.020766, -223.0
1575346265.423927, -223.0
1575346265.794397, -223.0
1575346266.166554, -223.0
1575346266.192024, -223.0
1575346266.217481, -223.0
1575346266.598312, -223.0
1575346266.988405, -223.0
1575346267.400892, -223.0
1575346267.426384, -223.0
1575346267.451877, -223.0
1575346267.824926, -223.0
1575346267.850497, -223.0
1575346267.875736, -223.0
1575346268.266884, -223.0
1575346268.292399, -223.0
1575346268.661257, -223.0
1575346269.035976, -223.0
1575346269.061149, -223.0
1575346269.450694, -223.0
1575346269.475883, -223.0
1575346269.501074, -223.0
1575346269.526095, -223.0
1575346269.921973, -223.0
1575346270.301079, -223.0
1575346270.32618, -223.0
1575346270.680641, -223.0
1575346270.70584, -223.0
1575346271.088726, -223.0
1575346271.454891, -223.0
1575346271.480175, -223.0
1575346271.847301, -223.0
1575346272.207937, -223.0
1575346272.589529, -223.0
1575346272.61481, -223.0
1575346272.978271, -223.0
1575346273.342174, -223.0
1575346273.705917, -223.0
1575346274.533588, -223.0
1575346275.321212, -223.0
1575346275.347436, -223.0
1575346276.117569, -223.0
1575346276.142771, -223.0
1575346276.528514, -223.0
1575346276.898157, -223.0
1575346277.304552, -223.0
1575346277.32988, -223.0
1575346277.355851, -223.0
1575346277.38395, -223.0
1575346277.412337, -223.0
1575346277.440443, -223.0
1575346277.466371, -223.0
1575346277.49258, -223.0
1575346277.862305, -223.0
1575346278.260665, -223.0
1575346278.63374, -223.0
1575346278.659005, -223.0
1575346279.038072, -223.0
1575346279.063229, -223.0
1575346279.088343, -223.0
1575346279.113498, -223.0
1575346279.138596, -223.0
1575346279.53825, -223.0
1575346279.563266, -223.0
1575346279.942714, -223.0
1575346279.967779, -223.0
1575346280.359301, -223.0
1575346280.731345, -223.0
1575346280.758778, -223.0
1575346281.135992, -223.0
1575346281.161257, -223.0
1575346281.186316, -223.0
1575346281.211354, -223.0
1575346281.236492, -223.0
1575346281.60794, -223.0
1575346281.633057, -223.0
1575346281.986301, -223.0
1575346282.011466, -223.0
1575346282.344351, -223.0
1575346282.707312, -223.0
1575346283.139806, -223.0
1575346283.710553, -223.0
1575346284.262709, -223.0
1575346284.865939, -223.0
1575346285.430744, -223.0
1575346285.992216, -223.0
1575346286.588523, -223.0
1575346287.202085, -223.0
1575346287.669957, -223.0
1575346287.695026, -223.0
1575346287.720099, -223.0
1575346287.745206, -223.0
1575346288.113149, -223.0
1575346288.451415, -223.0
1575346288.816816, -223.0
1575346289.135227, -223.0
1575346289.472089, -223.0
1575346289.852633, -223.0
1575346290.202452, -223.0
1575346290.58036, -223.0
1575346290.97462, -223.0
1575346291.337956, -223.0
1575346291.363011, -223.0
1575346291.388245, -223.0
1575346291.731975, -223.0
1575346292.11447, -223.0
1575346292.459341, -223.0
1575346292.808127, -223.0
1575346292.833188, -223.0
1575346293.221319, -223.0
1575346293.599883, -223.0
1575346293.624969, -223.0
1575346293.651243, -223.0
1575346293.677878, -223.0
1575346294.304541, -223.0
1575346294.330971, -223.0
1575346294.756621, -223.0
1575346295.147827, -223.0
1575346295.17336, -223.0
1575346295.5946, -223.0
1575346295.620329, -223.0
1575346295.646744, -223.0
1575346295.674442, -223.0
1575346295.703057, -223.0
1575346295.73167, -223.0
1575346295.760312, -223.0
1575346263.979258, -223.0
1575346264.373041, -223.0
1575346264.398526, -223.0
1575346264.425213, -223.0
1575346264.453726, -223.0
1575346264.479989, -223.0
1575346264.507991, -223.0
1575346264.534638, -223.0
1575346264.560847, -223.0
1575346264.586671, -223.0
1575346264.612586, -223.0
1575346264.638454, -223.0
1575346264.667224, -223.0
1575346264.693027, -223.0
1575346265.401925, -223.0
1575346265.428402, -223.0
1575346265.454263, -223.0
1575346265.480565, -223.0
1575346265.970133, -223.0
1575346265.995457, -223.0
1575346266.021188, -223.0
1575346266.050186, -223.0
1575346266.433054, -223.0
1575346266.458616, -223.0
1575346266.483789, -223.0
1575346266.509195, -223.0
1575346266.912947, -223.0
1575346266.938467, -223.0
1575346267.317576, -223.0
1575346267.343056, -223.0
1575346267.368351, -223.0
1575346267.393859, -223.0
1575346267.41935, -223.0
1575346267.44547, -223.0
1575346267.472852, -223.0
1575346267.499246, -223.0
1575346267.932304, -223.0
1575346267.957808, -223.0
1575346267.983215, -223.0
1575346268.008655, -223.0
1575346268.033961, -223.0
1575346268.059204, -223.0
1575346268.437906, -223.0
1575346268.463807, -223.0
1575346268.843885, -223.0
1575346268.869339, -223.0
1575346268.894568, -223.0
1575346268.91996, -223.0
1575346268.945124, -223.0
1575346268.97022, -223.0
1575346268.995296, -223.0
1575346269.369022, -223.0
1575346269.394103, -223.0
1575346269.419153, -223.0
1575346269.444147, -223.0
1575346269.469855, -223.0
1575346269.497017, -223.0
1575346269.522381, -223.0
1575346269.547721, -223.0
1575346269.574742, -223.0
1575346269.602388, -223.0
1575346269.629888, -223.0
1575346269.657416, -223.0
1575346269.683204, -223.0
1575346270.131663, -223.0
1575346270.52606, -223.0
1575346270.91251, -223.0
1575346271.29902, -223.0
1575346271.32438, -223.0
1575346271.744874, -223.0
1575346272.137055, -223.0
1575346272.162147, -223.0
1575346272.187693, -223.0
1575346272.213496, -223.0
1575346272.239614, -223.0
1575346272.264823, -223.0
1575346272.290626, -223.0
1575346272.319459, -223.0
1575346272.348243, -223.0
1575346272.376494, -223.0
1575346272.405209, -223.0
1575346272.430572, -223.0
1575346272.455783, -223.0
1575346272.481597, -223.0
1575346272.508606, -223.0
1575346272.535682, -223.0
1575346272.562826, -223.0
1575346272.589804, -223.0
1575346272.616863, -223.0
1575346272.643881, -223.0
1575346273.167617, -223.0
1575346273.194605, -223.0
1575346273.603651, -223.0
1575346273.989116, -223.0
1575346274.385047, -223.0
1575346274.773289, -223.0
1575346275.178129, -223.0
1575346275.203328, -223.0
1575346275.228345, -223.0
1575346275.253486, -223.0
1575346275.652289, -223.0
1575346276.049002, -223.0
1575346276.074158, -223.0
1575346276.099179, -223.0
1575346276.124235, -223.0
1575346276.149255, -223.0
1575346276.842543, -223.0
1575346277.527259, -223.0
1575346277.916567, -223.0
1575346278.283582, -223.0
1575346278.679608, -223.0
1575346278.70463, -223.0
1575346279.078925, -223.0
1575346279.486147, -223.0
1575346279.511784, -223.0
1575346279.897575, -223.0
1575346279.922861, -223.0
1575346279.948539, -223.0
1575346279.974326, -223.0
1575346279.999887, -223.0
1575346280.025422, -223.0
1575346280.050388, -223.0
1575346280.454864, -223.0
1575346280.480376, -223.0
1575346280.505719, -223.0
1575346280.531035, -223.0
1575346280.556048, -223.0
1575346281.009365, -223.0
1575346281.389822, -223.0
1575346281.791401, -223.0
1575346281.816475, -223.0
1575346282.204392, -223.0
1575346282.581626, -223.0
1575346282.606813, -223.0
1575346282.631841, -223.0
1575346283.034231, -223.0
1575346283.459871, -223.0
1575346283.48621, -223.0
1575346283.514623, -223.0
1575346283.541444, -223.0
1575346283.56781, -223.0
1575346283.594496, -223.0
1575346283.621995, -223.0
1575346283.647119, -223.0
1575346284.034654, -223.0
1575346284.417039, -223.0
1575346284.798686, -223.0
1575346284.823992, -223.0
1575346285.211249, -223.0
1575346285.236362, -223.0
1575346285.261417, -223.0
1575346285.684383, -223.0
1575346285.709539, -223.0
1575346285.735063, -223.0
1575346285.760908, -223.0
1575346285.786028, -223.0
1575346286.17223, -223.0
1575346286.615489, -223.0
1575346287.034691, -223.0
1575346287.429505, -223.0
1575346287.455039, -223.0
1575346287.481714, -223.0
1575346287.507207, -223.0
1575346287.532507, -223.0
1575346287.559517, -223.0
1575346287.587331, -223.0
1575346288.175278, -223.0
1575346288.200799, -223.0
1575346288.225821, -223.0
1575346288.251238, -223.0
1575346288.276982, -223.0
1575346288.304469, -223.0
1575346288.333021, -223.0
1575346288.359128, -223.0
1575346288.855419, -223.0
1575346289.356155, -223.0
1575346289.914492, -223.0
1575346289.939614, -223.0
1575346290.322036, -223.0
1575346290.728532, -223.0
1575346291.102186, -223.0
1575346291.473136, -223.0
1575346291.498354, -223.0
1575346291.523557, -223.0
1575346291.90896, -223.0
1575346292.25135, -223.0
1575346292.276558, -223.0
1575346292.629009, -223.0
1575346292.654239, -223.0
1575346293.064023, -223.0
1575346293.479458, -223.0
1575346293.505832, -223.0
1575346293.533391, -223.0
1575346293.561619, -223.0
1575346293.58928, -223.0
1575346293.616576, -223.0
1575346293.644164, -223.0
1575346293.671881, -223.0
1575346293.698373, -223.0
1575346293.724451, -223.0
1575346293.750385, -223.0
1575346293.777882, -223.0
1575346293.803762, -223.0
1575346293.829617, -223.0
1575346293.85562, -223.0
1575346293.881724, -223.0
1575346293.907789, -223.0
1575346293.933963, -223.0
1575346293.960079, -223.0
1575346293.986573, -223.0
1575346294.015298, -223.0
1575346294.04124, -223.0
1575346294.067184, -223.0
1575346294.093153, -223.0
1575346294.119123, -223.0
1575346294.147428, -223.0
1575346294.17255, -223.0
1575346294.197601, -223.0
1575346294.571157, -223.0
1575346294.596386, -223.0
1575346295.015448, -223.0
1575346295.04138, -223.0
1575346295.425568, -223.0
1575346296.100815, -223.0
1575346296.126548, -223.0
1575346296.831738, -223.0
1575346297.218283, -223.0
1575346297.865877, -223.0
1575346298.243087, -223.0
1575346298.626729, -223.0
1575346298.99082, -223.0
1575346299.396054, -223.0
1575346299.731887, -223.0
1575346300.084464, -223.0
1575346300.456478, -223.0
1575346300.836933, -223.0
1575346301.264467, -223.0
1575346301.692207, -223.0
1575346301.717266, -223.0
1575346302.112671, -223.0
1575346302.137901, -223.0
1575346302.499348, -223.0
1575346302.889042, -223.0
1575346303.294449, -223.0
1575346303.319576, -223.0
1575346303.344592, -223.0
1575346303.724174, -223.0
1575346304.123221, -223.0
1575346304.509874, -223.0
1575346304.534843, -223.0
