1575346697.441325, -344.0
1575346697.541985, -344.0
1575346697.642294, -344.0
1575346697.742561, -344.0
1575346697.842516, -344.0
1575346697.942368, -344.0
1575346698.042146, -344.0
1575346698.141814, -344.0
1575346698.242047, -344.0
1575346698.342388, -344.0
1575346698.442672, -344.0
1575346698.54251, -344.0
1575346698.642461, -344.0
1575346698.742089, -344.0
1575346698.842164, -344.0
1575346698.941817, -344.0
1575346699.041483, -344.0
1575346699.141314, -344.0
1575346699.241427, -344.0
1575346699.341852, -344.0
1575346699.441872, -344.0
1575346699.541779, -344.0
1575346699.641829, -344.0
1575346699.741758, -344.0
1575346699.841762, -344.0
1575346699.942292, -344.0
1575346700.04241, -344.0
1575346700.142514, -344.0
1575346700.242268, -344.0
1575346700.342332, -344.0
1575346700.442885, -344.0
1575346700.543149, -344.0
1575346700.642928, -344.0
1575346700.743046, -344.0
1575346700.842847, -344.0
1575346700.943079, -344.0
1575346701.04313, -344.0
1575346701.142819, -344.0
1575346701.242679, -344.0
1575346701.342625, -344.0
1575346701.442588, -344.0
1575346701.542589, -344.0
1575346701.643045, -344.0
1575346701.742949, -344.0
1575346701.842844, -344.0
1575346701.942942, -344.0
1575346702.042792, -344.0
1575346702.142916, -344.0
1575346702.243277, -344.0
1575346702.343222, -344.0
1575346697.731841, -344.0
1575346697.956179, -344.0
1575346698.179942, -344.0
1575346698.402444, -344.0
1575346698.625161, -344.0
1575346698.848513, -344.0
1575346699.072211, -344.0
1575346699.294937, -344.0
1575346699.518673, -344.0
1575346699.741662, -344.0
1575346699.964971, -344.0
1575346700.187991, -344.0
1575346700.413382, -344.0
1575346700.636782, -344.0
1575346700.860063, -344.0
1575346701.083497, -344.0
1575346701.306896, -344.0
1575346701.530063, -344.0
1575346701.752153, -344.0
1575346701.976309, -344.0
1575346702.199603, -344.0
1575346702.423369, -344.0
1575346702.647197, -330.0
1575346702.870653, -330.0
1575346703.094493, -330.0
1575346703.317686, -330.0
1575346703.541105, -330.0
1575346703.765506, -330.0
1575346703.990015, -330.0
1575346704.213442, -330.0
1575346704.437274, -330.0
1575346704.661537, -330.0
1575346704.885551, -330.0
1575346705.109723, -330.0
1575346705.333668, -330.0
1575346705.560077, -330.0
1575346705.786752, -330.0
1575346706.013485, -330.0
1575346706.242066, -330.0
1575346706.470427, -330.0
1575346706.697818, -330.0
1575346706.924326, -330.0
1575346707.151245, -330.0
1575346707.37804, -330.0
1575346707.605267, -330.0
1575346707.833091, -330.0
1575346708.059009, -330.0
1575346708.286893, -330.0
1575346708.514092, -330.0
1575346708.741363, -330.0
1575346697.482226, -344.0
1575346697.582867, -344.0
1575346697.683207, -344.0
1575346697.783304, -344.0
1575346697.883391, -344.0
1575346697.98349, -344.0
1575346698.083287, -344.0
1575346698.183286, -344.0
1575346698.28353, -344.0
1575346698.383387, -344.0
1575346698.483261, -344.0
1575346698.583183, -344.0
1575346698.683133, -344.0
1575346698.783047, -344.0
1575346698.882953, -344.0
1575346698.982811, -344.0
1575346699.082462, -344.0
1575346699.182364, -344.0
1575346699.282381, -344.0
1575346699.381953, -344.0
1575346699.483558, -344.0
1575346699.583734, -344.0
1575346699.684072, -344.0
1575346699.784156, -344.0
1575346699.88427, -344.0
1575346699.984412, -344.0
1575346700.084717, -344.0
1575346700.184747, -344.0
1575346700.284665, -344.0
1575346700.384541, -344.0
1575346700.484819, -344.0
1575346700.58477, -344.0
1575346700.68493, -344.0
1575346700.784979, -344.0
1575346700.885838, -344.0
1575346700.98664, -344.0
1575346701.087839, -344.0
1575346701.189052, -344.0
1575346701.289963, -344.0
1575346701.390595, -344.0
1575346701.491785, -344.0
1575346701.593044, -344.0
1575346701.694088, -344.0
1575346701.795152, -344.0
1575346701.896592, -344.0
1575346701.998878, -344.0
1575346702.101705, -344.0
1575346702.204993, -344.0
1575346702.307953, -344.0
1575346702.410729, -344.0
1575346697.730124, -344.0
1575346697.929412, -344.0
1575346698.129072, -344.0
1575346698.328572, -344.0
1575346698.527291, -344.0
1575346698.726321, -344.0
1575346698.925158, -344.0
1575346699.123726, -344.0
1575346699.323542, -344.0
1575346699.52329, -344.0
1575346699.722075, -344.0
1575346699.92152, -344.0
1575346700.121171, -344.0
1575346700.320447, -344.0
1575346700.519524, -344.0
1575346700.718312, -344.0
1575346700.917614, -344.0
1575346701.116824, -344.0
1575346701.31648, -344.0
1575346701.515814, -344.0
1575346701.714881, -344.0
1575346701.913681, -344.0
1575346702.112523, -344.0
1575346702.312606, -344.0
1575346702.512943, -344.0
1575346702.712088, -330.0
1575346702.911043, -330.0
1575346703.110621, -330.0
1575346703.310841, -330.0
1575346703.512596, -330.0
1575346703.712287, -330.0
1575346703.911992, -330.0
1575346704.111996, -330.0
1575346704.312849, -330.0
1575346704.51279, -330.0
1575346704.713608, -330.0
1575346704.916896, -330.0
1575346705.120484, -330.0
1575346705.328566, -330.0
1575346705.537204, -330.0
1575346705.742003, -330.0
1575346705.946123, -330.0
1575346706.151675, -330.0
1575346706.356103, -330.0
1575346706.561037, -330.0
1575346706.767057, -330.0
1575346706.974392, -330.0
1575346707.182144, -330.0
1575346707.389609, -330.0
1575346707.597397, -330.0
1575346702.59067, -330.0
1575346702.690995, -330.0
1575346702.791068, -330.0
1575346702.891768, -330.0
1575346702.991618, -330.0
1575346703.09187, -330.0
1575346703.191979, -330.0
1575346703.292436, -330.0
1575346703.392362, -330.0
1575346703.492642, -330.0
1575346703.593101, -330.0
1575346703.693207, -330.0
1575346703.793273, -330.0
1575346703.893968, -330.0
1575346703.993664, -330.0
1575346704.094066, -330.0
1575346704.193757, -330.0
1575346704.293316, -330.0
1575346704.392955, -330.0
1575346704.492903, -330.0
1575346704.593113, -330.0
1575346704.69303, -330.0
1575346704.792882, -330.0
1575346704.892968, -330.0
1575346704.992716, -330.0
1575346705.092924, -330.0
1575346705.192577, -330.0
1575346705.292843, -330.0
1575346705.392851, -330.0
1575346705.49324, -330.0
1575346705.593272, -330.0
1575346705.693282, -330.0
1575346705.793123, -330.0
1575346705.89318, -330.0
1575346705.993083, -330.0
1575346706.093367, -330.0
1575346706.193722, -330.0
1575346706.294092, -330.0
1575346706.39447, -330.0
1575346706.494816, -330.0
1575346706.595506, -330.0
1575346706.695669, -330.0
1575346706.79576, -330.0
1575346706.895593, -330.0
1575346706.996271, -330.0
1575346707.09646, -330.0
1575346707.196887, -330.0
1575346707.297265, -330.0
1575346707.397591, -330.0
1575346707.498218, -330.0
1575346702.656862, -330.0
1575346702.757799, -330.0
1575346702.858103, -330.0
1575346702.958345, -330.0
1575346703.05864, -330.0
1575346703.158887, -330.0
1575346703.259208, -330.0
1575346703.359481, -330.0
1575346703.459891, -330.0
1575346703.560094, -330.0
1575346703.660683, -330.0
1575346703.761305, -330.0
1575346703.861461, -330.0
1575346703.961656, -330.0
1575346704.06187, -330.0
1575346704.161671, -330.0
1575346704.26181, -330.0
1575346704.362145, -330.0
1575346704.46259, -330.0
1575346704.562619, -330.0
1575346704.662259, -330.0
1575346704.762654, -330.0
1575346704.862601, -330.0
1575346704.962842, -330.0
1575346705.062545, -330.0
1575346705.162648, -330.0
1575346705.262989, -330.0
1575346705.362772, -330.0
1575346705.462718, -330.0
1575346705.562831, -330.0
1575346705.662679, -330.0
1575346705.762836, -330.0
1575346705.863236, -330.0
1575346705.963416, -330.0
1575346706.062984, -330.0
1575346706.163388, -330.0
1575346706.263436, -330.0
1575346706.363621, -330.0
1575346706.463818, -330.0
1575346706.563655, -330.0
1575346706.663753, -330.0
1575346706.763427, -330.0
1575346706.863196, -330.0
1575346706.963719, -330.0
1575346707.063248, -330.0
1575346707.163192, -330.0
1575346707.263418, -330.0
1575346707.363622, -330.0
1575346707.463788, -330.0
1575346707.564235, -330.0
1575346707.742159, -330.0
1575346707.842371, -330.0
1575346707.9423, -330.0
1575346708.042059, -330.0
1575346708.141642, -330.0
1575346708.241124, -330.0
1575346708.340832, -330.0
1575346708.440542, -330.0
1575346708.539955, -330.0
1575346708.639309, -330.0
1575346708.739167, -330.0
1575346708.838697, -330.0
1575346708.938309, -330.0
1575346709.037856, -330.0
1575346709.137013, -330.0
1575346709.236922, -330.0
1575346709.336829, -330.0
1575346709.43631, -330.0
1575346709.536238, -330.0
1575346709.636049, -330.0
1575346709.736074, -330.0
1575346709.836152, -330.0
1575346709.935438, -330.0
1575346710.035242, -330.0
1575346710.135559, -330.0
1575346710.235254, -330.0
1575346710.335243, -330.0
1575346710.434955, -330.0
1575346710.534188, -330.0
1575346710.634071, -330.0
1575346710.734177, -330.0
1575346710.834207, -330.0
1575346710.934347, -330.0
1575346711.033943, -330.0
1575346711.133928, -330.0
1575346711.233956, -330.0
1575346711.33434, -330.0
1575346711.434032, -330.0
1575346711.533371, -330.0
1575346711.633326, -330.0
1575346711.733601, -330.0
1575346711.833312, -330.0
1575346711.932855, -330.0
1575346712.032277, -330.0
1575346712.131477, -330.0
1575346712.231368, -330.0
1575346712.331153, -330.0
1575346712.431022, -330.0
1575346712.530695, -330.0
1575346712.630257, -330.0
1575346707.807486, -330.0
1575346707.907322, -330.0
1575346708.007186, -330.0
1575346708.107251, -330.0
1575346708.207631, -330.0
1575346708.307916, -330.0
1575346708.408538, -330.0
1575346708.509231, -330.0
1575346708.609238, -330.0
1575346708.709766, -330.0
1575346708.810292, -330.0
1575346708.910687, -330.0
1575346709.010712, -330.0
1575346709.110987, -330.0
1575346709.211284, -330.0
1575346709.311759, -330.0
1575346709.411988, -330.0
1575346709.512918, -330.0
1575346709.613044, -330.0
1575346709.713165, -330.0
1575346709.813107, -330.0
1575346709.913687, -330.0
1575346710.01393, -330.0
1575346710.113908, -330.0
1575346710.214238, -330.0
1575346710.314002, -330.0
1575346710.413833, -330.0
1575346710.513995, -330.0
1575346710.614372, -330.0
1575346710.714333, -330.0
1575346710.814229, -330.0
1575346710.914504, -330.0
1575346711.014675, -330.0
1575346711.115261, -330.0
1575346711.215146, -330.0
1575346711.315315, -330.0
1575346711.415205, -330.0
1575346711.514852, -330.0
1575346711.615108, -330.0
1575346711.715729, -330.0
1575346711.815983, -330.0
1575346711.916367, -330.0
1575346712.016315, -330.0
1575346712.116358, -330.0
1575346712.216313, -330.0
1575346712.31643, -330.0
1575346712.41615, -330.0
1575346712.516311, -330.0
1575346712.61649, -330.0
1575346712.71665, -330.0
1575346707.843915, -330.0
1575346707.943669, -330.0
1575346708.043446, -330.0
1575346708.142884, -330.0
1575346708.242759, -330.0
1575346708.342568, -330.0
1575346708.443243, -330.0
1575346708.543039, -330.0
1575346708.643086, -330.0
1575346708.743121, -330.0
1575346708.8434, -330.0
1575346708.943572, -330.0
1575346709.043344, -330.0
1575346709.143401, -330.0
1575346709.243161, -330.0
1575346709.342913, -330.0
1575346709.443505, -330.0
1575346709.543547, -330.0
1575346709.64344, -330.0
1575346709.743041, -330.0
1575346709.842741, -330.0
1575346709.94313, -330.0
1575346710.042778, -330.0
1575346710.142872, -330.0
1575346710.242161, -330.0
1575346710.342217, -330.0
1575346710.442861, -330.0
1575346710.542874, -330.0
1575346710.642852, -330.0
1575346710.742481, -330.0
1575346710.842395, -330.0
1575346710.942618, -330.0
1575346711.042602, -330.0
1575346711.142289, -330.0
1575346711.241694, -330.0
1575346711.341228, -330.0
1575346711.441493, -330.0
1575346711.541345, -330.0
1575346711.64111, -330.0
1575346711.740674, -330.0
1575346711.840645, -330.0
1575346711.940725, -330.0
1575346712.040662, -330.0
1575346712.140506, -330.0
1575346712.239953, -330.0
1575346712.339934, -330.0
1575346712.440203, -330.0
1575346712.540244, -330.0
1575346712.641057, -330.0
1575346712.740288, -330.0
1575346709.031525, -330.0
1575346709.156693, -330.0
1575346709.281828, -330.0
1575346709.406568, -330.0
1575346709.53086, -330.0
1575346709.65562, -330.0
1575346709.780342, -330.0
1575346709.905369, -330.0
1575346710.029869, -330.0
1575346710.154553, -330.0
1575346710.279476, -330.0
1575346710.404487, -330.0
1575346710.529218, -330.0
1575346710.653884, -330.0
1575346710.778497, -330.0
1575346710.903279, -330.0
1575346711.028004, -330.0
1575346711.152584, -330.0
1575346711.277707, -330.0
1575346711.402602, -330.0
1575346711.527639, -330.0
1575346711.652012, -330.0
1575346711.77714, -330.0
1575346711.902078, -330.0
1575346712.027049, -330.0
1575346712.151669, -330.0
1575346712.276223, -330.0
1575346712.401264, -330.0
1575346712.526235, -330.0
1575346712.651172, -330.0
1575346712.775919, -330.0
1575346712.900026, -330.0
1575346713.02422, -330.0
1575346713.148475, -330.0
1575346713.272872, -330.0
1575346713.396916, -330.0
1575346713.520903, -330.0
1575346713.644774, -330.0
1575346713.768895, -330.0
1575346713.89306, -330.0
1575346714.017169, -330.0
1575346714.141353, -330.0
1575346714.264915, -330.0
1575346714.389032, -330.0
1575346714.513224, -330.0
1575346714.637503, -330.0
1575346714.762269, -330.0
1575346714.886376, -330.0
1575346715.010282, -330.0
1575346715.134074, -330.0
1575346722.971317, -330.0
1575346722.997869, -330.0
1575346723.023208, -330.0
1575346723.048321, -330.0
1575346723.469242, -315.0
1575346723.494728, -315.0
1575346723.519931, -315.0
1575346723.545029, -315.0
1575346723.570234, -315.0
1575346723.595695, -315.0
1575346723.621326, -315.0
1575346723.64646, -315.0
1575346723.671918, -315.0
1575346723.697236, -315.0
1575346723.723173, -315.0
1575346724.198135, -315.0
1575346724.634056, -315.0
1575346725.057383, -315.0
1575346725.443096, -315.0
1575346725.831829, -315.0
1575346726.246586, -315.0
1575346726.679627, -315.0
1575346727.112147, -315.0
1575346727.506356, -315.0
1575346727.923459, -315.0
1575346728.340992, -315.0
1575346728.761137, -315.0
1575346729.196797, -315.0
1575346729.591889, -315.0
1575346730.018297, -315.0
1575346730.413296, -315.0
1575346730.842103, -315.0
1575346731.244859, -315.0
1575346731.638335, -315.0
1575346732.050738, -315.0
1575346732.487074, -315.0
1575346732.903584, -315.0
1575346733.286923, -315.0
1575346733.692261, -315.0
1575346734.074484, -315.0
1575346734.510469, -315.0
1575346734.936041, -315.0
1575346735.357152, -315.0
1575346735.772584, -315.0
1575346736.193715, -315.0
1575346736.632935, -315.0
1575346737.044466, -315.0
1575346737.404682, -315.0
1575346737.838148, -315.0
1575346738.25942, -315.0
1575346738.673479, -315.0
1575346739.072397, -315.0
1575346739.454869, -315.0
1575346739.84299, -315.0
1575346740.286312, -315.0
1575346740.65443, -315.0
1575346741.072006, -315.0
1575346741.490403, -315.0
1575346741.881225, -315.0
1575346742.315086, -315.0
1575346742.716189, -315.0
1575346743.153955, -315.0
1575346743.570896, -315.0
1575346743.987601, -315.0
1575346744.403136, -315.0
1575346744.822708, -315.0
1575346745.243795, -315.0
1575346745.624543, -315.0
1575346746.01063, -315.0
1575346746.454079, -315.0
1575346746.839082, -315.0
1575346747.292223, -315.0
1575346747.670821, -315.0
1575346748.089692, -315.0
1575346748.498812, -315.0
1575346748.935413, -315.0
1575346749.343113, -315.0
1575346749.759211, -315.0
1575346750.188333, -315.0
1575346750.615171, -315.0
1575346751.0422, -315.0
1575346751.432079, -315.0
1575346751.865264, -315.0
1575346752.29213, -315.0
1575346752.683187, -315.0
1575346753.117207, -315.0
1575346753.523592, -315.0
1575346753.922379, -315.0
1575346754.315389, -315.0
1575346754.722408, -315.0
1575346755.142845, -315.0
1575346755.563401, -315.0
1575346755.968538, -315.0
1575346756.371811, -315.0
1575346756.805134, -315.0
1575346757.192563, -315.0
1575346757.589087, -315.0
1575346758.021213, -315.0
1575346758.429803, -315.0
1575346758.837921, -315.0
1575346759.245141, -315.0
1575346759.660818, -315.0
1575346760.0888, -315.0
1575346760.495327, -315.0
1575346760.853454, -315.0
1575346761.264819, -315.0
1575346761.678226, -315.0
1575346762.091, -315.0
1575346762.510866, -315.0
1575346762.970038, -315.0
1575346763.38298, -315.0
1575346763.788707, -315.0
1575346764.179675, -315.0
1575346764.576815, -315.0
1575346765.002056, -315.0
1575346765.43507, -315.0
1575346765.865123, -315.0
1575346766.301622, -315.0
1575346766.69454, -315.0
1575346767.128064, -315.0
1575346767.514571, -315.0
1575346767.952281, -315.0
1575346768.365094, -315.0
1575346768.782452, -315.0
1575346769.212858, -315.0
1575346769.617818, -315.0
1575346770.029992, -315.0
1575346770.455424, -315.0
1575346770.862993, -315.0
1575346771.263517, -315.0
1575346771.658714, -315.0
1575346772.051296, -315.0
1575346772.463047, -315.0
1575346772.878351, -315.0
1575346773.322525, -315.0
1575346773.714797, -315.0
1575346774.150543, -315.0
1575346774.546487, -315.0
1575346774.941932, -315.0
1575346775.406516, -315.0
1575346775.854406, -315.0
1575346776.267711, -315.0
1575346776.696397, -315.0
1575346777.101483, -315.0
1575346777.512768, -315.0
1575346777.915035, -315.0
1575346778.338089, -315.0
1575346778.742776, -315.0
1575346779.153908, -315.0
1575346779.576063, -315.0
1575346779.993242, -315.0
1575346780.422591, -315.0
1575346780.852358, -315.0
1575346781.249721, -315.0
1575346781.643841, -315.0
1575346782.082334, -315.0
1575346782.507976, -315.0
1575346782.921676, -315.0
1575346783.336355, -315.0
1575346783.74651, -315.0
1575346784.162825, -315.0
1575346784.593853, -315.0
1575346784.985244, -315.0
1575346785.413505, -315.0
1575346785.829531, -315.0
1575346786.230985, -315.0
1575346786.665132, -315.0
1575346787.06927, -315.0
1575346787.489971, -315.0
1575346787.911893, -315.0
1575346788.320422, -315.0
1575346788.699688, -315.0
1575346789.093841, -315.0
1575346789.53231, -315.0
1575346789.962168, -315.0
1575346790.383774, -315.0
1575346790.757841, -315.0
1575346791.165807, -315.0
1575346791.569221, -315.0
1575346791.989974, -315.0
1575346792.397359, -315.0
1575346792.850294, -315.0
1575346793.288752, -315.0
1575346793.681217, -315.0
1575346794.112048, -315.0
1575346794.53794, -315.0
1575346794.969271, -315.0
1575346795.380265, -315.0
1575346795.777905, -315.0
1575346796.175177, -315.0
1575346796.591224, -315.0
1575346797.007539, -315.0
1575346797.418021, -315.0
1575346797.804007, -315.0
1575346798.246494, -315.0
1575346798.677574, -315.0
1575346799.103743, -315.0
1575346799.521405, -315.0
1575346799.90669, -315.0
1575346800.31971, -315.0
1575346800.745994, -315.0
1575346801.146803, -315.0
1575346801.582002, -315.0
1575346802.026349, -315.0
1575346802.38719, -315.0
1575346802.769992, -315.0
1575346803.175576, -315.0
1575346803.575983, -315.0
1575346803.987997, -315.0
1575346804.404903, -315.0
1575346804.81742, -315.0
1575346805.213321, -315.0
1575346805.613462, -315.0
1575346806.046401, -315.0
1575346806.473341, -315.0
1575346806.920217, -315.0
1575346807.339386, -315.0
1575346807.737361, -315.0
1575346808.182436, -315.0
1575346808.598881, -315.0
1575346809.004506, -315.0
1575346809.448508, -315.0
1575346809.894175, -315.0
1575346810.300712, -315.0
1575346810.712841, -315.0
1575346811.119469, -315.0
1575346811.531966, -315.0
1575346811.943312, -315.0
1575346812.339892, -315.0
1575346812.742988, -315.0
1575346813.140923, -315.0
1575346813.554862, -315.0
1575346813.968545, -315.0
1575346814.381184, -315.0
1575346814.78386, -315.0
1575346815.17351, -315.0
1575346815.576665, -315.0
1575346815.971478, -315.0
1575346816.390085, -315.0
1575346816.819912, -315.0
1575346817.215648, -315.0
1575346817.614964, -315.0
1575346818.031504, -315.0
1575346818.441661, -315.0
1575346818.836918, -315.0
1575346819.24242, -315.0
1575346819.64696, -315.0
1575346820.074242, -315.0
1575346820.510731, -315.0
1575346820.915714, -315.0
1575346722.987892, -330.0
1575346723.014095, -330.0
1575346723.039417, -330.0
1575346723.06462, -330.0
1575346723.472755, -315.0
1575346723.497973, -315.0
1575346723.523184, -315.0
1575346723.548479, -315.0
1575346723.573598, -315.0
1575346723.598993, -315.0
1575346723.624446, -315.0
1575346723.649566, -315.0
1575346724.063409, -315.0
1575346724.482617, -315.0
1575346724.910984, -315.0
1575346725.346211, -315.0
1575346725.773624, -315.0
1575346726.192809, -315.0
1575346726.631234, -315.0
1575346727.067918, -315.0
1575346727.474234, -315.0
1575346727.891075, -315.0
1575346728.320956, -315.0
1575346728.73849, -315.0
1575346729.167073, -315.0
1575346729.570825, -315.0
1575346730.008358, -315.0
1575346730.416495, -315.0
1575346730.823248, -315.0
1575346731.216493, -315.0
1575346731.617662, -315.0
1575346732.03257, -315.0
1575346732.478342, -315.0
1575346732.893945, -315.0
1575346733.275256, -315.0
1575346733.68046, -315.0
1575346734.052363, -315.0
1575346734.479695, -315.0
1575346734.889721, -315.0
1575346735.269624, -315.0
1575346735.69308, -315.0
1575346736.122399, -315.0
1575346736.55501, -315.0
1575346736.965495, -315.0
1575346737.35847, -315.0
1575346737.779486, -315.0
1575346738.202491, -315.0
1575346738.611004, -315.0
1575346739.015155, -315.0
1575346739.416993, -315.0
1575346739.819879, -315.0
1575346740.26927, -315.0
1575346740.640335, -315.0
1575346741.047816, -315.0
1575346741.436502, -315.0
1575346741.815618, -315.0
1575346742.242005, -315.0
1575346742.634531, -315.0
1575346743.045675, -315.0
1575346743.458721, -315.0
1575346743.861986, -315.0
1575346744.26068, -315.0
1575346744.700372, -315.0
1575346745.117881, -315.0
1575346745.496325, -315.0
1575346745.888759, -315.0
1575346746.316279, -315.0
1575346746.689332, -315.0
1575346747.135921, -315.0
1575346747.51611, -315.0
1575346747.943499, -315.0
1575346748.343778, -315.0
1575346748.746675, -315.0
1575346749.175602, -315.0
1575346749.595485, -315.0
1575346750.035513, -315.0
1575346750.445196, -315.0
1575346750.880397, -315.0
1575346751.283288, -315.0
1575346751.705448, -315.0
1575346752.127472, -315.0
1575346752.518261, -315.0
1575346752.957658, -315.0
1575346753.350385, -315.0
1575346753.770852, -315.0
1575346754.168431, -315.0
1575346754.573583, -315.0
1575346755.000471, -315.0
1575346755.399614, -315.0
1575346755.809536, -315.0
1575346756.229396, -315.0
1575346756.673149, -315.0
1575346757.065808, -315.0
1575346757.469636, -315.0
1575346757.890957, -315.0
1575346758.307727, -315.0
1575346758.69923, -315.0
1575346759.110011, -315.0
1575346759.509905, -315.0
1575346759.950302, -315.0
1575346760.326124, -315.0
1575346760.686565, -315.0
1575346761.093225, -315.0
1575346761.498304, -315.0
1575346761.899528, -315.0
1575346762.31028, -315.0
1575346762.781167, -315.0
1575346763.201196, -315.0
1575346763.610028, -315.0
1575346764.004317, -315.0
1575346764.411635, -315.0
1575346764.823902, -315.0
1575346765.238758, -315.0
1575346765.673633, -315.0
1575346766.1025, -315.0
1575346766.520232, -315.0
1575346766.925253, -315.0
1575346767.296986, -315.0
1575346767.322606, -315.0
1575346767.741755, -315.0
1575346768.150548, -315.0
1575346768.559841, -315.0
1575346768.993471, -315.0
1575346769.39688, -315.0
1575346769.801666, -315.0
1575346770.219251, -315.0
1575346770.611302, -315.0
1575346771.00503, -315.0
1575346771.420802, -315.0
1575346771.834477, -315.0
1575346772.23976, -315.0
1575346772.652546, -315.0
1575346773.08018, -315.0
1575346773.465102, -315.0
1575346773.900174, -315.0
1575346774.315059, -315.0
1575346774.720438, -315.0
1575346775.169909, -315.0
1575346775.598184, -315.0
1575346776.01004, -315.0
1575346776.443484, -315.0
1575346776.870173, -315.0
1575346777.269059, -315.0
1575346777.687772, -315.0
1575346778.106449, -315.0
1575346778.487989, -315.0
1575346778.889896, -315.0
1575346779.321142, -315.0
1575346779.741018, -315.0
1575346780.178159, -315.0
1575346780.590637, -315.0
1575346780.994707, -315.0
1575346781.402761, -315.0
1575346781.835598, -315.0
1575346782.275377, -315.0
1575346782.696201, -315.0
1575346783.093163, -315.0
1575346783.515012, -315.0
1575346783.898778, -315.0
1575346784.330413, -315.0
1575346784.731864, -315.0
1575346785.149609, -315.0
1575346785.557099, -315.0
1575346785.93099, -315.0
1575346786.395767, -315.0
1575346786.78655, -315.0
1575346787.210775, -315.0
1575346787.621308, -315.0
1575346788.024354, -315.0
1575346788.418793, -315.0
1575346788.809902, -315.0
1575346789.25027, -315.0
1575346789.677182, -315.0
1575346790.071247, -315.0
1575346790.455224, -315.0
1575346790.850175, -315.0
1575346791.242259, -315.0
1575346791.693599, -315.0
1575346792.115369, -315.0
1575346792.544404, -315.0
1575346792.965992, -315.0
1575346793.357784, -315.0
1575346793.780582, -315.0
1575346794.21049, -315.0
1575346794.637071, -315.0
1575346795.07412, -315.0
1575346795.472207, -315.0
1575346795.904117, -315.0
1575346796.313377, -315.0
1575346796.720829, -315.0
1575346797.147192, -315.0
1575346797.534183, -315.0
1575346797.991482, -315.0
1575346798.39728, -315.0
1575346798.817531, -315.0
1575346799.229845, -315.0
1575346799.646708, -315.0
1575346800.053803, -315.0
1575346800.474, -315.0
1575346800.892877, -315.0
1575346801.312764, -315.0
1575346801.742522, -315.0
1575346802.126412, -315.0
1575346802.502855, -315.0
1575346802.916641, -315.0
1575346803.315436, -315.0
1575346803.74437, -315.0
1575346804.210689, -315.0
1575346804.613191, -315.0
1575346805.009277, -315.0
1575346805.416223, -315.0
1575346805.828824, -315.0
1575346806.252473, -315.0
1575346806.680096, -315.0
1575346807.072581, -315.0
1575346807.474623, -315.0
1575346807.8945, -315.0
1575346808.28819, -315.0
1575346808.698396, -315.0
1575346809.126737, -315.0
1575346809.56725, -315.0
1575346809.98243, -315.0
1575346810.400191, -315.0
1575346810.823129, -315.0
1575346811.21149, -315.0
1575346811.60611, -315.0
1575346812.007086, -315.0
1575346812.403133, -315.0
1575346812.801316, -315.0
1575346813.195277, -315.0
1575346813.605101, -315.0
1575346814.00487, -315.0
1575346814.422115, -315.0
1575346814.815147, -315.0
1575346815.204779, -315.0
1575346815.603545, -315.0
1575346816.013177, -315.0
1575346816.423651, -315.0
1575346816.84414, -315.0
1575346817.240833, -315.0
1575346817.660715, -315.0
1575346818.078844, -315.0
1575346818.448314, -315.0
1575346818.860359, -315.0
1575346819.282407, -315.0
1575346819.723017, -315.0
1575346820.160651, -315.0
1575346820.568856, -315.0
1575346820.973008, -315.0
1575346821.42655, -315.0
1575346723.004024, -330.0
1575346723.030172, -330.0
1575346723.055593, -330.0
1575346723.081077, -330.0
1575346723.478052, -315.0
1575346723.503619, -315.0
1575346723.528902, -315.0
1575346723.554104, -315.0
1575346723.579532, -315.0
1575346723.605223, -315.0
1575346723.630978, -315.0
1575346723.656218, -315.0
1575346723.681382, -315.0
1575346724.10931, -315.0
1575346724.537765, -315.0
1575346724.563425, -315.0
1575346724.952816, -315.0
1575346725.375768, -315.0
1575346725.77603, -315.0
1575346726.193195, -315.0
1575346726.595585, -315.0
1575346727.007155, -315.0
1575346727.412879, -315.0
1575346727.836951, -315.0
1575346728.300649, -315.0
1575346728.700208, -315.0
1575346729.099733, -315.0
1575346729.506762, -315.0
1575346729.901642, -315.0
1575346730.310165, -315.0
1575346730.733347, -315.0
1575346731.15796, -315.0
1575346731.581406, -315.0
1575346731.977936, -315.0
1575346732.359363, -315.0
1575346732.782052, -315.0
1575346733.211568, -315.0
1575346733.631012, -315.0
1575346734.01019, -315.0
1575346734.453707, -315.0
1575346734.878078, -315.0
1575346735.299568, -315.0
1575346735.716367, -315.0
1575346736.160542, -315.0
1575346736.585126, -315.0
1575346736.998465, -315.0
1575346737.3725, -315.0
1575346737.814457, -315.0
1575346738.214434, -315.0
1575346738.628045, -315.0
1575346739.010968, -315.0
1575346739.414551, -315.0
1575346739.818998, -315.0
1575346740.241424, -315.0
1575346740.611545, -315.0
1575346741.005029, -315.0
1575346741.395511, -315.0
1575346741.79694, -315.0
1575346742.201486, -315.0
1575346742.58451, -315.0
1575346743.012609, -315.0
1575346743.443189, -315.0
1575346743.850245, -315.0
1575346744.260713, -315.0
1575346744.681888, -315.0
1575346745.107155, -315.0
1575346745.500746, -315.0
1575346745.896353, -315.0
1575346746.343621, -315.0
1575346746.718946, -315.0
1575346747.170296, -315.0
1575346747.547423, -315.0
1575346747.946542, -315.0
1575346748.336062, -315.0
1575346748.758306, -315.0
1575346749.178447, -315.0
1575346749.577217, -315.0
1575346749.997732, -315.0
1575346750.415461, -315.0
1575346750.838764, -315.0
1575346751.229371, -315.0
1575346751.660286, -315.0
1575346752.068265, -315.0
1575346752.457721, -315.0
1575346752.886077, -315.0
1575346753.299174, -315.0
1575346753.725916, -315.0
1575346754.115014, -315.0
1575346754.525039, -315.0
1575346754.942775, -315.0
1575346755.338673, -315.0
1575346755.746544, -315.0
1575346756.180692, -315.0
1575346756.628456, -315.0
1575346757.02782, -315.0
1575346757.447555, -315.0
1575346757.860244, -315.0
1575346758.265322, -315.0
1575346758.686749, -315.0
1575346759.105707, -315.0
1575346759.530652, -315.0
1575346759.97303, -315.0
1575346760.35188, -315.0
1575346760.722583, -315.0
1575346761.143548, -315.0
1575346761.549988, -315.0
1575346761.985176, -315.0
1575346762.386011, -315.0
1575346762.832012, -315.0
1575346763.232477, -315.0
1575346763.637925, -315.0
1575346764.035431, -315.0
1575346764.429466, -315.0
1575346764.838886, -315.0
1575346765.251446, -315.0
1575346765.68004, -315.0
1575346766.114904, -315.0
1575346766.536809, -315.0
1575346766.95846, -315.0
1575346767.358003, -315.0
1575346767.76543, -315.0
1575346768.198277, -315.0
1575346768.600843, -315.0
1575346769.023896, -315.0
1575346769.420293, -315.0
1575346769.819521, -315.0
1575346770.244822, -315.0
1575346770.638816, -315.0
1575346771.060512, -315.0
1575346771.456231, -315.0
1575346771.874112, -315.0
1575346772.298662, -315.0
1575346772.686614, -315.0
1575346773.119734, -315.0
1575346773.502585, -315.0
1575346773.920996, -315.0
1575346774.339722, -315.0
1575346774.740602, -315.0
1575346775.197987, -315.0
1575346775.617816, -315.0
1575346776.009061, -315.0
1575346776.435921, -315.0
1575346776.86565, -315.0
1575346777.277262, -315.0
1575346777.705059, -315.0
1575346778.112501, -315.0
1575346778.520132, -315.0
1575346778.928975, -315.0
1575346779.344386, -315.0
1575346779.769632, -315.0
1575346780.182876, -315.0
1575346780.627739, -315.0
1575346781.007736, -315.0
1575346781.410363, -315.0
1575346781.842231, -315.0
1575346782.24379, -315.0
1575346782.663861, -315.0
1575346783.081486, -315.0
1575346783.509521, -315.0
1575346783.913735, -315.0
1575346784.363521, -315.0
1575346784.766691, -315.0
1575346785.186943, -315.0
1575346785.630687, -315.0
1575346786.003143, -315.0
1575346786.44138, -315.0
1575346786.834235, -315.0
1575346787.259878, -315.0
1575346787.67868, -315.0
1575346788.072036, -315.0
1575346788.459393, -315.0
1575346788.882248, -315.0
1575346789.318121, -315.0
1575346789.769658, -315.0
1575346790.184426, -315.0
1575346790.572848, -315.0
1575346790.980346, -315.0
1575346791.394524, -315.0
1575346791.864154, -315.0
1575346792.277765, -315.0
1575346792.682756, -315.0
1575346793.109456, -315.0
1575346793.5081, -315.0
1575346793.923721, -315.0
1575346794.340289, -315.0
1575346794.758166, -315.0
1575346795.171023, -315.0
1575346795.565568, -315.0
1575346795.986167, -315.0
1575346796.39627, -315.0
1575346796.831123, -315.0
1575346797.220103, -315.0
1575346797.604925, -315.0
1575346798.013479, -315.0
1575346798.431434, -315.0
1575346798.844218, -315.0
1575346799.249715, -315.0
1575346799.657153, -315.0
1575346800.058742, -315.0
1575346800.448517, -315.0
1575346800.904281, -315.0
1575346801.339522, -315.0
1575346801.761366, -315.0
1575346802.139384, -315.0
1575346802.535186, -315.0
1575346802.953694, -315.0
1575346803.368802, -315.0
1575346803.78992, -315.0
1575346804.216508, -315.0
1575346804.632637, -315.0
1575346805.017986, -315.0
1575346805.4253, -315.0
1575346805.831591, -315.0
1575346806.246776, -315.0
1575346806.663786, -315.0
1575346807.083069, -315.0
1575346807.474588, -315.0
1575346807.900331, -315.0
1575346808.295919, -315.0
1575346808.703925, -315.0
1575346809.107848, -315.0
1575346809.551712, -315.0
1575346809.945411, -315.0
1575346810.352683, -315.0
1575346810.789387, -315.0
1575346811.210266, -315.0
1575346811.628929, -315.0
1575346812.050484, -315.0
1575346812.463459, -315.0
1575346812.866055, -315.0
1575346813.253596, -315.0
1575346813.671197, -315.0
1575346814.105415, -315.0
1575346814.49991, -315.0
1575346814.87725, -315.0
1575346815.268151, -315.0
1575346815.644498, -315.0
1575346816.063779, -315.0
1575346816.518006, -315.0
1575346816.919586, -315.0
1575346817.321392, -315.0
1575346817.743793, -315.0
1575346818.143256, -315.0
1575346818.544015, -315.0
1575346818.946701, -315.0
1575346819.37302, -315.0
1575346819.811217, -315.0
1575346820.242674, -315.0
1575346820.683026, -315.0
1575346821.087912, -315.0
1575346723.027674, -330.0
1575346723.053373, -330.0
1575346723.078723, -330.0
1575346723.103937, -330.0
1575346723.47696, -315.0
1575346723.502038, -315.0
1575346723.527041, -315.0
1575346723.552258, -315.0
1575346723.577375, -315.0
1575346723.602574, -315.0
1575346723.627873, -315.0
1575346723.652983, -315.0
1575346723.677953, -315.0
1575346724.115637, -315.0
1575346724.545426, -315.0
1575346724.571086, -315.0
1575346724.972562, -315.0
1575346725.378976, -315.0
1575346725.787215, -315.0
1575346726.198656, -315.0
1575346726.600701, -315.0
1575346727.017878, -315.0
1575346727.435518, -315.0
1575346727.844828, -315.0
1575346728.289081, -315.0
1575346728.679775, -315.0
1575346729.10086, -315.0
1575346729.508633, -315.0
1575346729.899975, -315.0
1575346730.306288, -315.0
1575346730.725195, -315.0
1575346731.155989, -315.0
1575346731.567422, -315.0
1575346731.986021, -315.0
1575346732.365252, -315.0
1575346732.771616, -315.0
1575346733.170782, -315.0
1575346733.563032, -315.0
1575346733.932107, -315.0
1575346734.368655, -315.0
1575346734.800402, -315.0
1575346735.178901, -315.0
1575346735.631367, -315.0
1575346736.074467, -315.0
1575346736.510591, -315.0
1575346736.901996, -315.0
1575346737.302209, -315.0
1575346737.726815, -315.0
1575346738.121854, -315.0
1575346738.540066, -315.0
1575346738.928827, -315.0
1575346739.325819, -315.0
1575346739.704743, -315.0
1575346740.121081, -315.0
1575346740.470349, -315.0
1575346740.858257, -315.0
1575346741.254944, -315.0
1575346741.654909, -315.0
1575346742.080637, -315.0
1575346742.472971, -315.0
1575346742.902232, -315.0
1575346743.33092, -315.0
1575346743.720384, -315.0
1575346744.133394, -315.0
1575346744.585108, -315.0
1575346744.99472, -315.0
1575346745.374139, -315.0
1575346745.767163, -315.0
1575346746.219751, -315.0
1575346746.608259, -315.0
1575346747.059202, -315.0
1575346747.425967, -315.0
1575346747.837766, -315.0
1575346748.259461, -315.0
1575346748.668072, -315.0
1575346749.077388, -315.0
1575346749.486759, -315.0
1575346749.914978, -315.0
1575346750.316355, -315.0
1575346750.74518, -315.0
1575346751.117909, -315.0
1575346751.539821, -315.0
1575346751.961958, -315.0
1575346752.353755, -315.0
1575346752.77608, -315.0
1575346753.174493, -315.0
1575346753.57594, -315.0
1575346753.96215, -315.0
1575346754.362938, -315.0
1575346754.783078, -315.0
1575346755.192082, -315.0
1575346755.594156, -315.0
1575346756.01287, -315.0
1575346756.45498, -315.0
1575346756.842441, -315.0
1575346757.247576, -315.0
1575346757.671147, -315.0
1575346758.078291, -315.0
1575346758.49652, -315.0
1575346758.910937, -315.0
1575346759.322851, -315.0
1575346759.776295, -315.0
1575346760.165899, -315.0
1575346760.54341, -315.0
1575346760.953542, -315.0
1575346761.369549, -315.0
1575346761.793124, -315.0
1575346762.190362, -315.0
1575346762.63089, -315.0
1575346763.03845, -315.0
1575346763.44909, -315.0
1575346763.849396, -315.0
1575346764.250844, -315.0
1575346764.6778, -315.0
1575346765.105693, -315.0
1575346765.525395, -315.0
1575346765.932703, -315.0
1575346766.345939, -315.0
1575346766.770113, -315.0
1575346767.151642, -315.0
1575346767.570581, -315.0
1575346767.975006, -315.0
1575346768.390435, -315.0
1575346768.809572, -315.0
1575346769.197778, -315.0
1575346769.610175, -315.0
1575346770.021139, -315.0
1575346770.426398, -315.0
1575346770.828446, -315.0
1575346771.226223, -315.0
1575346771.620866, -315.0
1575346772.050587, -315.0
1575346772.499313, -315.0
1575346772.943128, -315.0
1575346773.33513, -315.0
1575346773.765274, -315.0
1575346774.174554, -315.0
1575346774.581967, -315.0
1575346775.035727, -315.0
1575346775.453228, -315.0
1575346775.839389, -315.0
1575346776.263302, -315.0
1575346776.694892, -315.0
1575346777.09352, -315.0
1575346777.515324, -315.0
1575346777.933321, -315.0
1575346778.341481, -315.0
1575346778.750233, -315.0
1575346779.165648, -315.0
1575346779.560937, -315.0
1575346779.985857, -315.0
1575346780.437333, -315.0
1575346780.811274, -315.0
1575346781.234029, -315.0
1575346781.655886, -315.0
1575346782.082626, -315.0
1575346782.493034, -315.0
1575346782.894663, -315.0
1575346783.310754, -315.0
1575346783.712556, -315.0
1575346784.114966, -315.0
1575346784.516786, -315.0
1575346784.944943, -315.0
1575346785.355743, -315.0
1575346785.718365, -315.0
1575346786.16029, -315.0
1575346786.546768, -315.0
1575346786.978292, -315.0
1575346787.389348, -315.0
1575346787.784666, -315.0
1575346788.190099, -315.0
1575346788.590886, -315.0
1575346789.024382, -315.0
1575346789.458355, -315.0
1575346789.864, -315.0
1575346790.236469, -315.0
1575346790.626831, -315.0
1575346791.009052, -315.0
1575346791.46467, -315.0
1575346791.89158, -315.0
1575346792.305903, -315.0
1575346792.724323, -315.0
1575346793.114405, -315.0
1575346793.516053, -315.0
1575346793.931312, -315.0
1575346794.364686, -315.0
1575346794.784646, -315.0
1575346795.199304, -315.0
1575346795.597097, -315.0
1575346796.009829, -315.0
1575346796.428547, -315.0
1575346796.833561, -315.0
1575346797.232947, -315.0
1575346797.664436, -315.0
1575346798.066143, -315.0
1575346798.474794, -315.0
1575346798.903877, -315.0
1575346799.314394, -315.0
1575346799.730769, -315.0
1575346800.137827, -315.0
1575346800.554687, -315.0
1575346800.975966, -315.0
1575346801.414323, -315.0
1575346801.778961, -315.0
1575346802.1784, -315.0
1575346802.582999, -315.0
1575346802.990153, -315.0
1575346803.409384, -315.0
1575346803.839694, -315.0
1575346804.240556, -315.0
1575346804.642293, -315.0
1575346805.031482, -315.0
1575346805.455855, -315.0
1575346805.857684, -315.0
1575346806.291967, -315.0
1575346806.708062, -315.0
1575346807.090552, -315.0
1575346807.537691, -315.0
1575346807.927426, -315.0
1575346808.3486, -315.0
1575346808.776403, -315.0
1575346809.210449, -315.0
1575346809.605442, -315.0
1575346810.022388, -315.0
1575346810.42994, -315.0
1575346810.830216, -315.0
1575346811.22751, -315.0
1575346811.638202, -315.0
1575346812.047061, -315.0
1575346812.460216, -315.0
1575346812.864548, -315.0
1575346813.264788, -315.0
1575346813.684908, -315.0
1575346814.079833, -315.0
1575346814.476449, -315.0
1575346814.866369, -315.0
1575346815.249891, -315.0
1575346815.649694, -315.0
1575346816.088815, -315.0
1575346816.484524, -315.0
1575346816.890366, -315.0
1575346817.302536, -315.0
1575346817.718817, -315.0
1575346818.118533, -315.0
1575346818.556597, -315.0
1575346818.983049, -315.0
1575346819.426083, -315.0
1575346819.851931, -315.0
1575346820.282827, -315.0
1575346820.697149, -315.0
1575346820.75568, -315.0
1575346820.781206, -315.0
1575346820.806608, -315.0
1575346821.205001, -315.0
1575346821.632634, -315.0
1575346821.657924, -315.0
1575346821.683402, -315.0
1575346821.708926, -315.0
1575346821.734437, -315.0
1575346821.759839, -315.0
1575346821.78509, -315.0
1575346821.810342, -315.0
1575346821.835896, -315.0
1575346821.861415, -315.0
1575346821.886941, -315.0
1575346821.912399, -315.0
1575346821.937887, -315.0
1575346822.323714, -315.0
1575346822.349296, -315.0
1575346822.374568, -315.0
1575346822.399991, -315.0
1575346822.425431, -315.0
1575346822.450922, -315.0
1575346822.47624, -315.0
1575346822.501969, -315.0
1575346822.528427, -315.0
1575346822.555707, -315.0
1575346822.582333, -315.0
1575346822.608448, -315.0
1575346822.634079, -315.0
1575346822.659323, -315.0
1575346822.68466, -315.0
1575346822.71022, -315.0
1575346822.735683, -315.0
1575346822.761135, -315.0
1575346822.78651, -315.0
1575346822.811857, -315.0
1575346822.837151, -315.0
1575346822.862847, -315.0
1575346822.888292, -315.0
1575346822.914137, -315.0
1575346822.939731, -315.0
1575346822.965459, -315.0
1575346822.990926, -315.0
1575346823.016612, -315.0
1575346823.042189, -315.0
1575346823.067639, -315.0
1575346823.093014, -315.0
1575346823.11854, -315.0
1575346823.144072, -315.0
1575346823.169715, -315.0
1575346823.195185, -315.0
1575346823.220754, -315.0
1575346823.246057, -315.0
1575346823.271628, -315.0
1575346823.296974, -315.0
1575346823.322565, -315.0
1575346823.348059, -315.0
1575346823.373566, -315.0
1575346823.398882, -315.0
1575346823.424321, -315.0
1575346823.449582, -315.0
1575346823.475494, -315.0
1575346823.500905, -315.0
1575346823.526461, -315.0
1575346823.55203, -315.0
1575346823.577518, -315.0
1575346823.602856, -315.0
1575346823.628655, -315.0
1575346823.654337, -315.0
1575346823.68022, -315.0
1575346823.705792, -315.0
1575346823.731249, -315.0
1575346823.756745, -315.0
1575346823.78258, -315.0
1575346823.808156, -315.0
1575346823.833558, -315.0
1575346823.859, -315.0
1575346823.884376, -315.0
1575346823.909874, -315.0
1575346823.935711, -315.0
1575346823.961334, -315.0
1575346823.986867, -315.0
1575346824.012173, -315.0
1575346824.037642, -315.0
1575346824.062989, -315.0
1575346824.088757, -315.0
1575346824.114394, -315.0
1575346824.139905, -315.0
1575346824.165342, -315.0
1575346824.191183, -315.0
1575346824.216601, -315.0
1575346824.242697, -315.0
1575346824.26819, -315.0
1575346824.293707, -315.0
1575346824.319142, -315.0
1575346824.344746, -315.0
1575346824.370137, -315.0
1575346824.395691, -315.0
1575346824.421229, -315.0
1575346824.446908, -315.0
1575346824.930968, -315.0
1575346824.956415, -315.0
1575346824.981531, -315.0
1575346825.006943, -315.0
1575346825.032296, -315.0
1575346825.057887, -315.0
1575346825.083232, -315.0
1575346825.109172, -315.0
1575346825.134977, -315.0
1575346825.161495, -315.0
1575346825.187706, -315.0
1575346825.213754, -315.0
1575346825.239746, -315.0
1575346825.265647, -315.0
1575346825.291559, -315.0
1575346825.317512, -315.0
1575346825.343644, -315.0
1575346825.369688, -315.0
1575346825.395742, -315.0
1575346825.421857, -315.0
1575346825.448046, -315.0
1575346826.266068, -315.0
1575346826.291255, -315.0
1575346826.317083, -315.0
1575346827.529356, -315.0
1575346827.555762, -315.0
1575346827.58212, -315.0
1575346827.608203, -315.0
1575346827.634369, -315.0
1575346827.660664, -315.0
1575346828.702538, -315.0
1575346829.71087, -315.0
1575346830.689506, -315.0
1575346830.715412, -315.0
1575346831.638379, -315.0
1575346831.664561, -315.0
1575346831.690337, -315.0
1575346831.716544, -315.0
1575346831.742605, -315.0
1575346831.768639, -315.0
1575346831.794641, -315.0
1575346831.820531, -315.0
1575346831.846374, -315.0
1575346831.872493, -315.0
1575346831.898689, -315.0
1575346831.924827, -315.0
1575346831.950866, -315.0
1575346831.976932, -315.0
1575346832.002658, -315.0
1575346832.920722, -315.0
1575346832.946833, -315.0
1575346832.972526, -315.0
1575346832.998515, -315.0
1575346833.024578, -315.0
1575346833.050589, -315.0
1575346833.076614, -315.0
1575346833.102587, -315.0
1575346833.128375, -315.0
1575346833.154464, -315.0
1575346833.180607, -315.0
1575346833.206282, -315.0
1575346833.232393, -315.0
1575346833.2583, -315.0
1575346833.284211, -315.0
1575346833.31005, -315.0
1575346833.3361, -315.0
1575346833.362045, -315.0
1575346833.388203, -315.0
1575346833.414239, -315.0
1575346833.440472, -315.0
1575346833.466316, -315.0
1575346833.4927, -315.0
1575346833.518755, -315.0
1575346833.544858, -315.0
1575346833.570856, -315.0
1575346833.596804, -315.0
1575346833.622467, -315.0
1575346833.64865, -315.0
1575346833.674776, -315.0
1575346833.700916, -315.0
1575346833.726956, -315.0
1575346833.75318, -315.0
1575346833.779279, -315.0
1575346833.805173, -315.0
1575346833.831182, -315.0
1575346833.85752, -315.0
1575346833.883587, -315.0
1575346833.909801, -315.0
1575346833.935874, -315.0
1575346833.961746, -315.0
1575346833.987756, -315.0
1575346834.013937, -315.0
1575346834.039716, -315.0
1575346834.065806, -315.0
1575346834.091739, -315.0
1575346834.118034, -315.0
1575346834.143968, -315.0
1575346834.170409, -315.0
1575346834.196587, -315.0
1575346834.222707, -315.0
1575346834.248621, -315.0
1575346834.274668, -315.0
1575346834.300516, -315.0
1575346834.326735, -315.0
1575346834.352802, -315.0
1575346834.378831, -315.0
1575346834.405019, -315.0
1575346834.432363, -315.0
1575346834.458234, -315.0
1575346834.484025, -315.0
1575346834.510125, -315.0
1575346834.536231, -315.0
1575346834.562343, -315.0
1575346834.588391, -315.0
1575346834.614328, -315.0
1575346834.640416, -315.0
1575346835.280348, -315.0
1575346835.910771, -315.0
1575346836.539859, -315.0
1575346837.137925, -315.0
1575346837.770303, -315.0
1575346838.411745, -315.0
1575346839.009157, -315.0
1575346839.663625, -315.0
1575346840.318351, -315.0
1575346840.970881, -315.0
1575346841.577909, -315.0
1575346842.186765, -315.0
1575346842.812875, -315.0
1575346843.428874, -315.0
1575346844.029927, -315.0
1575346844.694939, -315.0
1575346845.337441, -315.0
1575346845.958062, -315.0
1575346846.585284, -315.0
1575346846.611098, -315.0
1575346847.286102, -315.0
1575346847.909787, -315.0
1575346848.549839, -315.0
1575346849.198804, -315.0
1575346849.823592, -315.0
1575346850.459524, -315.0
1575346851.088156, -315.0
1575346851.696336, -315.0
1575346852.325338, -315.0
1575346852.98774, -315.0
1575346853.627975, -315.0
1575346854.226923, -315.0
1575346854.851087, -315.0
1575346820.974377, -315.0
1575346820.999841, -315.0
1575346821.025096, -315.0
1575346821.050551, -315.0
1575346821.076072, -315.0
1575346821.101612, -315.0
1575346821.530264, -315.0
1575346821.944953, -315.0
1575346822.371962, -315.0
1575346822.397237, -315.0
1575346822.422588, -315.0
1575346822.447714, -315.0
1575346822.473052, -315.0
1575346822.498256, -315.0
1575346822.523591, -315.0
1575346822.548747, -315.0
1575346822.573943, -315.0
1575346822.599208, -315.0
1575346822.998562, -315.0
1575346823.404511, -315.0
1575346823.812738, -315.0
1575346824.222914, -315.0
1575346824.648213, -315.0
1575346825.065278, -315.0
1575346825.468863, -315.0
1575346825.87042, -315.0
1575346826.289845, -315.0
1575346826.686091, -315.0
1575346827.075639, -315.0
1575346827.472731, -315.0
1575346827.886547, -315.0
1575346828.300986, -315.0
1575346828.739296, -315.0
1575346829.162612, -315.0
1575346829.550492, -315.0
1575346829.933815, -315.0
1575346830.31731, -315.0
1575346830.70994, -315.0
1575346831.129908, -315.0
1575346831.531942, -315.0
1575346831.948582, -315.0
1575346832.341942, -315.0
1575346832.739377, -315.0
1575346833.164653, -315.0
1575346833.579768, -315.0
1575346833.974987, -315.0
1575346834.37412, -315.0
1575346834.758366, -315.0
1575346835.199829, -315.0
1575346835.631447, -315.0
1575346836.040787, -315.0
1575346836.436465, -315.0
1575346836.850013, -315.0
1575346837.240597, -315.0
1575346837.6576, -315.0
1575346838.055229, -315.0
1575346838.459837, -315.0
1575346838.871051, -315.0
1575346839.290069, -315.0
1575346839.680895, -315.0
1575346840.085771, -315.0
1575346840.499866, -315.0
1575346840.902304, -315.0
1575346841.310423, -315.0
1575346841.724097, -315.0
1575346842.122493, -315.0
1575346842.522365, -315.0
1575346842.90853, -315.0
1575346843.31247, -315.0
1575346843.721556, -315.0
1575346844.104279, -315.0
1575346844.505642, -315.0
1575346844.898351, -315.0
1575346845.288208, -315.0
1575346845.714368, -315.0
1575346846.130664, -315.0
1575346846.561338, -315.0
1575346846.965628, -315.0
1575346847.364111, -315.0
1575346847.744986, -315.0
1575346848.169867, -315.0
1575346848.550801, -315.0
1575346848.969479, -315.0
1575346849.382267, -315.0
1575346849.80913, -315.0
1575346850.215128, -315.0
1575346850.629925, -315.0
1575346851.055311, -315.0
1575346851.458418, -315.0
1575346851.83315, -315.0
1575346852.23137, -315.0
1575346852.638578, -315.0
1575346853.03471, -315.0
1575346853.479849, -315.0
1575346853.901618, -315.0
1575346854.30335, -315.0
1575346854.711946, -315.0
1575346855.100132, -315.0
1575346855.513929, -315.0
1575346855.934395, -315.0
1575346856.326158, -315.0
1575346856.744091, -315.0
1575346857.134057, -315.0
1575346857.526551, -315.0
1575346857.922469, -315.0
1575346858.292886, -315.0
1575346858.711295, -315.0
1575346859.115458, -315.0
1575346859.539867, -306.0
1575346859.963049, -306.0
1575346860.381383, -306.0
1575346860.800181, -306.0
1575346861.198425, -306.0
1575346861.611477, -306.0
1575346861.997339, -306.0
1575346862.401037, -306.0
1575346862.819257, -306.0
1575346863.232301, -306.0
1575346863.623791, -306.0
1575346864.010032, -306.0
1575346864.406913, -306.0
1575346864.831575, -306.0
1575346865.221568, -306.0
1575346865.583939, -306.0
1575346865.989495, -306.0
1575346866.393331, -306.0
1575346866.816361, -306.0
1575346867.224696, -306.0
1575346867.644576, -306.0
1575346868.039884, -306.0
1575346868.415723, -306.0
1575346868.831298, -306.0
1575346869.222185, -306.0
1575346869.668528, -306.0
1575346870.054639, -306.0
1575346870.4426, -306.0
1575346870.841666, -306.0
1575346871.251833, -306.0
1575346871.669725, -306.0
1575346872.081076, -306.0
1575346872.501488, -306.0
1575346872.888186, -306.0
1575346873.306386, -306.0
1575346873.681105, -306.0
1575346874.073152, -306.0
1575346874.486079, -306.0
1575346874.894045, -306.0
1575346875.309247, -306.0
1575346875.721777, -306.0
1575346876.162897, -306.0
1575346876.558683, -306.0
1575346876.956702, -306.0
1575346877.351003, -306.0
1575346877.714556, -306.0
1575346878.141053, -306.0
1575346878.539768, -306.0
1575346878.937417, -306.0
1575346879.344573, -306.0
1575346879.730505, -306.0
1575346880.111862, -306.0
1575346880.516349, -306.0
1575346880.888253, -306.0
1575346881.285763, -306.0
1575346881.682605, -306.0
1575346882.078839, -306.0
1575346882.460626, -306.0
1575346882.861847, -306.0
1575346883.233547, -306.0
1575346883.63037, -306.0
1575346884.054751, -306.0
1575346884.440569, -306.0
1575346884.819441, -306.0
1575346885.222533, -306.0
1575346885.632193, -306.0
1575346886.033009, -306.0
1575346886.433931, -306.0
1575346886.826191, -306.0
1575346887.242935, -306.0
1575346887.651084, -306.0
1575346888.034653, -306.0
1575346888.434315, -306.0
1575346888.840854, -306.0
1575346889.270345, -306.0
1575346889.677895, -306.0
1575346890.077424, -306.0
1575346890.460108, -306.0
1575346890.844895, -306.0
1575346891.236107, -306.0
1575346891.652507, -306.0
1575346892.038247, -306.0
1575346892.444403, -306.0
1575346892.866123, -306.0
1575346893.281115, -306.0
1575346893.696686, -306.0
1575346894.089194, -306.0
1575346894.533467, -306.0
1575346894.941404, -306.0
1575346895.35083, -306.0
1575346895.761413, -306.0
1575346896.155929, -306.0
1575346896.546956, -306.0
1575346896.911933, -306.0
1575346897.349282, -306.0
1575346897.720112, -306.0
1575346898.142174, -306.0
1575346898.552642, -306.0
1575346898.941131, -306.0
1575346899.320108, -306.0
1575346899.73316, -306.0
1575346900.125805, -306.0
1575346900.531698, -306.0
1575346900.940442, -306.0
1575346901.380951, -306.0
1575346901.783354, -306.0
1575346902.164198, -306.0
1575346902.560335, -306.0
1575346902.964556, -306.0
1575346903.361228, -306.0
1575346903.745662, -306.0
1575346904.150202, -306.0
1575346904.549437, -306.0
1575346904.927376, -306.0
1575346905.329418, -306.0
1575346905.728369, -306.0
1575346906.156882, -306.0
1575346906.554796, -306.0
1575346906.924269, -306.0
1575346907.317424, -306.0
1575346907.738301, -306.0
1575346908.128851, -306.0
1575346908.527831, -306.0
1575346908.919995, -306.0
1575346909.326046, -306.0
1575346909.741945, -306.0
1575346910.170242, -306.0
1575346910.567706, -306.0
1575346911.006758, -306.0
1575346911.394744, -306.0
1575346911.816494, -306.0
1575346912.26596, -306.0
1575346912.668456, -306.0
1575346913.089522, -306.0
1575346913.481733, -306.0
1575346913.891925, -306.0
1575346914.288883, -306.0
1575346914.696036, -306.0
1575346915.136775, -306.0
1575346915.528733, -306.0
1575346915.953557, -306.0
1575346916.388895, -306.0
1575346821.146346, -315.0
1575346821.171743, -315.0
1575346821.197292, -315.0
1575346821.604684, -315.0
1575346821.630228, -315.0
1575346821.655562, -315.0
1575346821.680908, -315.0
1575346821.706177, -315.0
1575346821.731821, -315.0
1575346821.760645, -315.0
1575346821.787915, -315.0
1575346821.81657, -315.0
1575346822.641657, -315.0
1575346822.667253, -315.0
1575346822.692426, -315.0
1575346822.717616, -315.0
1575346822.742905, -315.0
1575346822.768542, -315.0
1575346822.797364, -315.0
1575346822.826401, -315.0
1575346822.855039, -315.0
1575346822.881545, -315.0
1575346822.908745, -315.0
1575346822.935873, -315.0
1575346822.963009, -315.0
1575346822.990086, -315.0
1575346823.017224, -315.0
1575346823.044402, -315.0
1575346823.071747, -315.0
1575346823.099075, -315.0
1575346823.12632, -315.0
1575346823.153703, -315.0
1575346823.180756, -315.0
1575346823.208112, -315.0
1575346823.235889, -315.0
1575346823.26399, -315.0
1575346823.292004, -315.0
1575346823.319899, -315.0
1575346823.347433, -315.0
1575346823.374572, -315.0
1575346823.401969, -315.0
1575346823.429024, -315.0
1575346823.456239, -315.0
1575346823.483264, -315.0
1575346823.510508, -315.0
1575346823.537836, -315.0
1575346823.565186, -315.0
1575346823.592566, -315.0
1575346823.619661, -315.0
1575346823.646902, -315.0
1575346823.673955, -315.0
1575346823.701094, -315.0
1575346823.728301, -315.0
1575346823.755509, -315.0
1575346823.782517, -315.0
1575346823.809504, -315.0
1575346823.836488, -315.0
1575346823.863745, -315.0
1575346823.891164, -315.0
1575346823.918387, -315.0
1575346823.945466, -315.0
1575346823.972461, -315.0
1575346823.99958, -315.0
1575346824.026143, -315.0
1575346824.052268, -315.0
1575346824.078068, -315.0
1575346824.103889, -315.0
1575346824.12999, -315.0
1575346824.155951, -315.0
1575346824.182276, -315.0
1575346824.208081, -315.0
1575346824.234102, -315.0
1575346824.259965, -315.0
1575346825.026172, -315.0
1575346825.05167, -315.0
1575346825.078778, -315.0
1575346825.107722, -315.0
1575346825.134419, -315.0
1575346825.160047, -315.0
1575346825.185873, -315.0
1575346825.211778, -315.0
1575346825.237753, -315.0
1575346825.263618, -315.0
1575346825.289373, -315.0
1575346826.135458, -315.0
1575346826.161546, -315.0
1575346826.187559, -315.0
1575346826.213598, -315.0
1575346826.2401, -315.0
1575346826.267574, -315.0
1575346826.295157, -315.0
1575346826.322677, -315.0
1575346826.349947, -315.0
1575346826.377461, -315.0
1575346826.404855, -315.0
1575346826.432485, -315.0
1575346826.460509, -315.0
1575346826.488758, -315.0
1575346826.516858, -315.0
1575346826.544703, -315.0
1575346826.5728, -315.0
1575346826.601218, -315.0
1575346826.629752, -315.0
1575346826.658472, -315.0
1575346826.687368, -315.0
1575346826.716151, -315.0
1575346826.744674, -315.0
1575346826.772869, -315.0
1575346826.801568, -315.0
1575346826.829614, -315.0
1575346826.857812, -315.0
1575346826.886136, -315.0
1575346826.914851, -315.0
1575346826.94327, -315.0
1575346826.97196, -315.0
1575346827.001066, -315.0
1575346827.030046, -315.0
1575346827.058724, -315.0
1575346827.086738, -315.0
1575346827.114551, -315.0
1575346827.142445, -315.0
1575346827.170551, -315.0
1575346827.198523, -315.0
1575346827.226569, -315.0
1575346827.254759, -315.0
1575346827.282816, -315.0
1575346827.310842, -315.0
1575346827.339052, -315.0
1575346827.367137, -315.0
1575346827.39527, -315.0
1575346827.42339, -315.0
1575346827.451316, -315.0
1575346827.479497, -315.0
1575346827.507797, -315.0
1575346827.535919, -315.0
1575346827.563912, -315.0
1575346827.592119, -315.0
1575346827.620065, -315.0
1575346827.648335, -315.0
1575346827.676291, -315.0
1575346827.704541, -315.0
1575346827.732875, -315.0
1575346827.761418, -315.0
1575346827.790122, -315.0
1575346827.818356, -315.0
1575346827.84698, -315.0
1575346827.875333, -315.0
1575346827.903625, -315.0
1575346827.932126, -315.0
1575346827.96054, -315.0
1575346827.988929, -315.0
1575346828.017077, -315.0
1575346828.045417, -315.0
1575346828.073987, -315.0
1575346828.102546, -315.0
1575346828.131128, -315.0
1575346828.159762, -315.0
1575346828.188668, -315.0
1575346828.21755, -315.0
1575346828.24601, -315.0
1575346828.274711, -315.0
1575346828.303515, -315.0
1575346828.332216, -315.0
1575346828.360833, -315.0
1575346828.389633, -315.0
1575346828.418433, -315.0
1575346828.447385, -315.0
1575346828.475748, -315.0
1575346828.504423, -315.0
1575346828.533098, -315.0
1575346828.562046, -315.0
1575346828.590806, -315.0
1575346828.619543, -315.0
1575346828.648333, -315.0
1575346828.677522, -315.0
1575346828.706138, -315.0
1575346828.735278, -315.0
1575346828.764477, -315.0
1575346828.793178, -315.0
1575346828.821831, -315.0
1575346828.85052, -315.0
1575346828.879228, -315.0
1575346828.908215, -315.0
1575346828.937167, -315.0
1575346828.966048, -315.0
1575346828.995054, -315.0
1575346829.024068, -315.0
1575346829.052781, -315.0
1575346829.081613, -315.0
1575346829.110505, -315.0
1575346829.139293, -315.0
1575346829.168071, -315.0
1575346829.196853, -315.0
1575346829.225757, -315.0
1575346829.254762, -315.0
1575346829.283526, -315.0
1575346829.312484, -315.0
1575346829.341272, -315.0
1575346829.370365, -315.0
1575346829.399368, -315.0
1575346829.428025, -315.0
1575346829.457011, -315.0
1575346829.485613, -315.0
1575346829.514438, -315.0
1575346829.543256, -315.0
1575346829.572161, -315.0
1575346829.601283, -315.0
1575346829.629738, -315.0
1575346829.658562, -315.0
1575346829.68749, -315.0
1575346829.71633, -315.0
1575346829.745261, -315.0
1575346829.774173, -315.0
1575346829.803044, -315.0
1575346829.832075, -315.0
1575346829.860912, -315.0
1575346829.890032, -315.0
1575346829.919051, -315.0
1575346829.94778, -315.0
1575346829.977171, -315.0
1575346830.006036, -315.0
1575346830.034864, -315.0
1575346830.06402, -315.0
1575346830.09264, -315.0
1575346830.12201, -315.0
1575346830.150828, -315.0
1575346830.179437, -315.0
1575346830.20778, -315.0
1575346830.236609, -315.0
1575346830.265352, -315.0
1575346830.293973, -315.0
1575346830.322908, -315.0
1575346830.351726, -315.0
1575346830.380684, -315.0
1575346830.409665, -315.0
1575346830.438752, -315.0
1575346830.467507, -315.0
1575346830.496454, -315.0
1575346830.525218, -315.0
1575346830.553365, -315.0
1575346830.581976, -315.0
1575346830.610768, -315.0
1575346830.639819, -315.0
1575346830.668879, -315.0
1575346830.697731, -315.0
1575346830.726468, -315.0
1575346830.755513, -315.0
1575346830.784628, -315.0
1575346830.81352, -315.0
1575346830.842434, -315.0
1575346821.484918, -315.0
1575346821.510403, -315.0
1575346821.535851, -315.0
1575346821.963828, -315.0
1575346821.989373, -315.0
1575346822.014928, -315.0
1575346822.040367, -315.0
1575346822.447875, -315.0
1575346822.88641, -315.0
1575346823.279728, -315.0
1575346823.72065, -315.0
1575346824.130979, -315.0
1575346824.576714, -315.0
1575346825.019892, -315.0
1575346825.458343, -315.0
1575346825.897031, -315.0
1575346826.313358, -315.0
1575346826.750378, -315.0
1575346827.181387, -315.0
1575346827.605849, -315.0
1575346828.026138, -315.0
1575346828.45768, -315.0
1575346828.902766, -315.0
1575346829.314103, -315.0
1575346829.339669, -315.0
1575346829.36506, -315.0
1575346829.390332, -315.0
1575346829.415568, -315.0
1575346829.847776, -315.0
1575346830.274446, -315.0
1575346830.690808, -315.0
1575346831.119126, -315.0
1575346831.521127, -315.0
1575346831.546916, -315.0
1575346831.98215, -315.0
1575346832.435306, -315.0
1575346832.838036, -315.0
1575346833.297012, -315.0
1575346833.719849, -315.0
1575346834.151276, -315.0
1575346834.558846, -315.0
1575346835.024583, -315.0
1575346835.050098, -315.0
1575346835.075339, -315.0
1575346835.495435, -315.0
1575346835.915733, -315.0
1575346836.343691, -315.0
1575346836.369461, -315.0
1575346836.805023, -315.0
1575346836.830498, -315.0
1575346836.855748, -315.0
1575346836.881023, -315.0
1575346837.30556, -315.0
1575346837.331126, -315.0
1575346837.356466, -315.0
1575346837.767109, -315.0
1575346838.195326, -315.0
1575346838.630994, -315.0
1575346838.65671, -315.0
1575346839.028789, -315.0
1575346839.451526, -315.0
1575346839.889575, -315.0
1575346840.322561, -315.0
1575346840.768773, -315.0
1575346841.167323, -315.0
1575346841.608469, -315.0
1575346842.042782, -315.0
1575346842.068418, -315.0
1575346842.495822, -315.0
1575346842.930256, -315.0
1575346842.955812, -315.0
1575346843.360951, -315.0
1575346843.809109, -315.0
1575346843.83464, -315.0
1575346844.259754, -315.0
1575346844.662854, -315.0
1575346845.065934, -315.0
1575346845.492096, -315.0
1575346845.908648, -315.0
1575346846.314843, -315.0
1575346846.340431, -315.0
1575346846.365665, -315.0
1575346846.391223, -315.0
1575346846.416837, -315.0
1575346846.442558, -315.0
1575346846.46802, -315.0
1575346846.882032, -315.0
1575346847.286883, -315.0
1575346847.312368, -315.0
1575346847.337689, -315.0
1575346847.742695, -315.0
1575346848.143056, -315.0
1575346848.552109, -315.0
1575346848.5776, -315.0
1575346849.010736, -315.0
1575346849.449194, -315.0
1575346849.88894, -315.0
1575346850.306698, -315.0
1575346850.332225, -315.0
1575346850.357368, -315.0
1575346850.382941, -315.0
1575346850.408464, -315.0
1575346850.813916, -315.0
1575346851.210083, -315.0
1575346851.64435, -315.0
1575346851.669986, -315.0
1575346851.695472, -315.0
1575346852.131936, -315.0
1575346852.157478, -315.0
1575346852.182909, -315.0
1575346852.208302, -315.0
1575346852.634885, -315.0
1575346852.660269, -315.0
1575346852.685598, -315.0
1575346852.711094, -315.0
1575346853.107641, -315.0
1575346853.555553, -315.0
1575346853.58123, -315.0
1575346854.011227, -315.0
1575346854.46091, -315.0
1575346854.890697, -315.0
1575346855.309595, -315.0
1575346855.334893, -315.0
1575346855.756118, -315.0
1575346855.781883, -315.0
1575346856.233773, -315.0
1575346856.644094, -315.0
1575346857.04914, -315.0
1575346857.494156, -315.0
1575346857.95361, -315.0
1575346858.398714, -315.0
1575346858.813322, -315.0
1575346859.250626, -306.0
1575346859.276129, -306.0
1575346859.30136, -306.0
1575346859.326838, -306.0
1575346859.352444, -306.0
1575346859.79178, -306.0
1575346860.227934, -306.0
1575346860.676647, -306.0
1575346861.088073, -306.0
1575346861.511901, -306.0
1575346861.919058, -306.0
1575346862.325529, -306.0
1575346862.351521, -306.0
1575346862.376952, -306.0
1575346862.793989, -306.0
1575346863.242969, -306.0
1575346863.268315, -306.0
1575346863.69149, -306.0
1575346863.717133, -306.0
1575346864.150671, -306.0
1575346864.176297, -306.0
1575346864.601616, -306.0
1575346864.627117, -306.0
1575346864.652619, -306.0
1575346865.072863, -306.0
1575346865.480509, -306.0
1575346865.892768, -306.0
1575346866.327655, -306.0
1575346866.353098, -306.0
1575346866.7742, -306.0
1575346866.799661, -306.0
1575346866.825124, -306.0
1575346866.850722, -306.0
1575346867.264644, -306.0
1575346867.701607, -306.0
1575346868.134906, -306.0
1575346868.551384, -306.0
1575346868.576949, -306.0
1575346869.019312, -306.0
1575346869.454432, -306.0
1575346869.884648, -306.0
1575346869.910354, -306.0
1575346870.370927, -306.0
1575346870.800356, -306.0
1575346870.82603, -306.0
1575346870.85132, -306.0
1575346870.876736, -306.0
1575346870.902638, -306.0
1575346870.928135, -306.0
1575346870.95356, -306.0
1575346870.979125, -306.0
1575346871.004312, -306.0
1575346871.029821, -306.0
1575346871.055182, -306.0
1575346871.080713, -306.0
1575346871.106163, -306.0
1575346871.1318, -306.0
1575346871.157249, -306.0
1575346871.183125, -306.0
1575346871.208546, -306.0
1575346871.61148, -306.0
1575346871.636941, -306.0
1575346871.662387, -306.0
1575346871.687758, -306.0
1575346871.713254, -306.0
1575346872.146198, -306.0
1575346872.1718, -306.0
1575346872.197106, -306.0
1575346872.634699, -306.0
1575346872.660296, -306.0
1575346872.685842, -306.0
1575346872.711423, -306.0
1575346872.736907, -306.0
1575346872.762555, -306.0
1575346872.787744, -306.0
1575346872.813567, -306.0
1575346873.246331, -306.0
1575346873.271821, -306.0
1575346873.297108, -306.0
1575346873.322748, -306.0
1575346873.348254, -306.0
1575346873.373684, -306.0
1575346873.399201, -306.0
1575346873.814511, -306.0
1575346874.233233, -306.0
1575346874.662193, -306.0
1575346874.687651, -306.0
1575346874.712928, -306.0
1575346874.73846, -306.0
1575346874.763848, -306.0
1575346874.789313, -306.0
1575346874.814876, -306.0
1575346874.840252, -306.0
1575346874.8656, -306.0
1575346874.890947, -306.0
1575346874.916555, -306.0
1575346874.941993, -306.0
1575346875.376807, -306.0
1575346875.402374, -306.0
1575346875.427592, -306.0
1575346875.858605, -306.0
1575346875.884121, -306.0
1575346875.909611, -306.0
1575346876.346832, -306.0
1575346876.372288, -306.0
1575346876.397562, -306.0
1575346876.423406, -306.0
1575346876.448866, -306.0
1575346876.474367, -306.0
1575346876.499858, -306.0
1575346876.525523, -306.0
1575346876.550988, -306.0
1575346876.576331, -306.0
1575346876.602088, -306.0
1575346876.627517, -306.0
1575346876.65318, -306.0
1575346877.107752, -306.0
1575346877.133226, -306.0
1575346830.888344, -315.0
1575346831.282307, -315.0
1575346831.308072, -315.0
1575346831.333439, -315.0
1575346831.359276, -315.0
1575346831.384829, -315.0
1575346831.410473, -315.0
1575346831.836849, -315.0
1575346831.862138, -315.0
1575346831.887453, -315.0
1575346831.912858, -315.0
1575346832.285167, -315.0
1575346832.310557, -315.0
1575346832.742435, -315.0
1575346833.180795, -315.0
1575346833.587934, -315.0
1575346834.014912, -315.0
1575346834.424876, -315.0
1575346834.450404, -315.0
1575346834.922289, -315.0
1575346835.342511, -315.0
1575346835.714775, -315.0
1575346836.137895, -315.0
1575346836.608019, -315.0
1575346837.064619, -315.0
1575346837.507682, -315.0
1575346837.946631, -315.0
1575346838.346662, -315.0
1575346838.741913, -315.0
1575346839.18088, -315.0
1575346839.611833, -315.0
1575346840.060529, -315.0
1575346840.477882, -315.0
1575346840.901791, -315.0
1575346841.349398, -315.0
1575346841.752024, -315.0
1575346842.195734, -315.0
1575346842.645894, -315.0
1575346843.080067, -315.0
1575346843.534617, -315.0
1575346843.973474, -315.0
1575346844.418272, -315.0
1575346844.443753, -315.0
1575346844.882444, -315.0
1575346845.313757, -315.0
1575346845.747916, -315.0
1575346845.773371, -315.0
1575346846.203744, -315.0
1575346846.664465, -315.0
1575346846.690018, -315.0
1575346846.715433, -315.0
1575346846.741035, -315.0
1575346846.766495, -315.0
1575346846.792112, -315.0
1575346846.81763, -315.0
1575346846.84329, -315.0
1575346846.868594, -315.0
1575346846.894699, -315.0
1575346846.920194, -315.0
1575346846.945795, -315.0
1575346846.971116, -315.0
1575346847.349933, -315.0
1575346847.781273, -315.0
1575346847.806947, -315.0
1575346847.832362, -315.0
1575346848.234129, -315.0
1575346848.688396, -315.0
1575346849.104649, -315.0
1575346849.53419, -315.0
1575346849.94527, -315.0
1575346850.341323, -315.0
1575346850.366556, -315.0
1575346850.391642, -315.0
1575346850.814952, -315.0
1575346851.235299, -315.0
1575346851.261125, -315.0
1575346851.286861, -315.0
1575346851.312357, -315.0
1575346851.337792, -315.0
1575346851.363218, -315.0
1575346851.388941, -315.0
1575346851.414423, -315.0
1575346851.856714, -315.0
1575346852.295531, -315.0
1575346852.709701, -315.0
1575346853.159235, -315.0
1575346853.611979, -315.0
1575346854.022093, -315.0
1575346854.476773, -315.0
1575346854.910251, -315.0
1575346855.333858, -315.0
1575346855.809838, -315.0
1575346855.835584, -315.0
1575346855.861089, -315.0
1575346855.886542, -315.0
1575346856.349628, -315.0
1575346856.814603, -315.0
1575346856.840329, -315.0
1575346856.865728, -315.0
1575346856.89111, -315.0
1575346856.916648, -315.0
1575346856.942079, -315.0
1575346856.967344, -315.0
1575346856.992858, -315.0
1575346857.440994, -315.0
1575346857.466295, -315.0
1575346857.890718, -315.0
1575346857.916253, -315.0
1575346857.941526, -315.0
1575346858.344748, -315.0
1575346858.370404, -315.0
1575346858.812641, -315.0
1575346858.837892, -315.0
1575346858.863332, -315.0
1575346858.889003, -315.0
1575346859.347453, -306.0
1575346859.806867, -306.0
1575346859.832271, -306.0
1575346859.857769, -306.0
1575346859.883128, -306.0
1575346859.908827, -306.0
1575346859.934311, -306.0
1575346859.960099, -306.0
1575346859.985361, -306.0
1575346860.010936, -306.0
1575346860.036464, -306.0
1575346860.0621, -306.0
1575346860.087578, -306.0
1575346860.113004, -306.0
1575346860.138439, -306.0
1575346860.163995, -306.0
1575346860.189423, -306.0
1575346860.214742, -306.0
1575346860.239926, -306.0
1575346860.265415, -306.0
1575346860.290844, -306.0
1575346860.316164, -306.0
1575346860.341599, -306.0
1575346860.367207, -306.0
1575346860.392395, -306.0
1575346860.418271, -306.0
1575346860.443911, -306.0
1575346860.469391, -306.0
1575346860.494833, -306.0
1575346860.520436, -306.0
1575346860.545793, -306.0
1575346860.571537, -306.0
1575346860.597073, -306.0
1575346860.622535, -306.0
1575346860.648085, -306.0
1575346860.673883, -306.0
1575346860.699212, -306.0
1575346860.725152, -306.0
1575346860.750588, -306.0
1575346860.775982, -306.0
1575346860.801358, -306.0
1575346860.82703, -306.0
1575346860.85229, -306.0
1575346860.878189, -306.0
1575346860.903801, -306.0
1575346860.929264, -306.0
1575346860.954701, -306.0
1575346860.980489, -306.0
1575346861.00585, -306.0
1575346861.031595, -306.0
1575346861.057117, -306.0
1575346861.082578, -306.0
1575346861.108031, -306.0
1575346861.133334, -306.0
1575346861.159121, -306.0
1575346861.184978, -306.0
1575346861.210434, -306.0
1575346861.235882, -306.0
1575346861.261305, -306.0
1575346861.286979, -306.0
1575346861.312485, -306.0
1575346861.793149, -306.0
1575346861.818423, -306.0
1575346861.843846, -306.0
1575346861.869395, -306.0
1575346861.894823, -306.0
1575346861.920309, -306.0
1575346862.349311, -306.0
1575346862.374629, -306.0
1575346862.39986, -306.0
1575346862.425139, -306.0
1575346862.838961, -306.0
1575346863.254656, -306.0
1575346863.685218, -306.0
1575346864.116256, -306.0
1575346864.578612, -306.0
1575346864.997748, -306.0
1575346865.433359, -306.0
1575346865.860418, -306.0
1575346866.275166, -306.0
1575346866.721911, -306.0
1575346867.146466, -306.0
1575346867.172077, -306.0
1575346867.603404, -306.0
1575346868.036572, -306.0
1575346868.45886, -306.0
1575346868.904867, -306.0
1575346869.342585, -306.0
1575346869.794664, -306.0
1575346870.212357, -306.0
1575346870.627082, -306.0
1575346871.015503, -306.0
1575346871.40781, -306.0
1575346871.83531, -306.0
1575346872.209451, -306.0
1575346872.614017, -306.0
1575346873.053447, -306.0
1575346873.485177, -306.0
1575346873.903993, -306.0
1575346874.332261, -306.0
1575346874.752684, -306.0
1575346875.190181, -306.0
1575346875.215745, -306.0
1575346875.648738, -306.0
1575346876.068346, -306.0
1575346876.530165, -306.0
1575346876.555925, -306.0
1575346876.983074, -306.0
1575346877.00834, -306.0
1575346877.033831, -306.0
1575346877.059391, -306.0
1575346877.526899, -306.0
1575346877.921875, -306.0
1575346878.342209, -306.0
1575346878.760458, -306.0
1575346879.174073, -306.0
1575346879.598966, -306.0
1575346879.995435, -306.0
1575346880.413795, -306.0
1575346880.825793, -306.0
1575346880.851268, -306.0
1575346881.273575, -306.0
1575346881.714915, -306.0
1575346882.14639, -306.0
1575346882.579861, -306.0
1575346883.057721, -306.0
1575346883.483371, -306.0
1575346883.508465, -306.0
1575346883.940092, -306.0
1575346883.965215, -306.0
1575346884.3871, -306.0
1575346884.412236, -306.0
1575346884.829671, -306.0
1575346885.214705, -306.0
1575346885.24, -306.0
1575346854.895713, -315.0
1575346854.921323, -315.0
1575346854.94679, -315.0
1575346854.972141, -315.0
1575346855.000116, -315.0
1575346855.026193, -315.0
1575346855.051609, -315.0
1575346855.07684, -315.0
1575346855.102222, -315.0
1575346855.131246, -315.0
1575346855.156969, -315.0
1575346855.182629, -315.0
1575346855.207952, -315.0
1575346855.233495, -315.0
1575346855.259186, -315.0
1575346855.284762, -315.0
1575346855.310363, -315.0
1575346855.335916, -315.0
1575346855.361159, -315.0
1575346855.38717, -315.0
1575346855.412939, -315.0
1575346855.438703, -315.0
1575346855.973769, -315.0
1575346855.999332, -315.0
1575346856.025114, -315.0
1575346856.050397, -315.0
1575346856.075732, -315.0
1575346856.101141, -315.0
1575346856.126682, -315.0
1575346856.152166, -315.0
1575346856.177631, -315.0
1575346856.202865, -315.0
1575346856.22843, -315.0
1575346856.253651, -315.0
1575346856.279136, -315.0
1575346856.304557, -315.0
1575346856.329723, -315.0
1575346856.355017, -315.0
1575346856.380511, -315.0
1575346856.406004, -315.0
1575346856.431497, -315.0
1575346856.456977, -315.0
1575346856.482422, -315.0
1575346856.507622, -315.0
1575346856.533076, -315.0
1575346856.55844, -315.0
1575346856.583958, -315.0
1575346856.609329, -315.0
1575346856.634858, -315.0
1575346856.660067, -315.0
1575346856.685739, -315.0
1575346856.711131, -315.0
1575346856.736518, -315.0
1575346856.761784, -315.0
1575346856.787229, -315.0
1575346856.812552, -315.0
1575346856.837921, -315.0
1575346856.863019, -315.0
1575346856.888444, -315.0
1575346856.913861, -315.0
1575346856.93905, -315.0
1575346856.964171, -315.0
1575346856.989603, -315.0
1575346857.014867, -315.0
1575346857.040302, -315.0
1575346857.065595, -315.0
1575346857.091084, -315.0
1575346857.11655, -315.0
1575346857.141992, -315.0
1575346857.167638, -315.0
1575346857.193533, -315.0
1575346857.219043, -315.0
1575346857.244339, -315.0
1575346857.269784, -315.0
1575346857.295241, -315.0
1575346857.320626, -315.0
1575346857.346118, -315.0
1575346857.371663, -315.0
1575346857.397018, -315.0
1575346857.422606, -315.0
1575346857.448185, -315.0
1575346857.473631, -315.0
1575346857.499216, -315.0
1575346857.524739, -315.0
1575346857.550139, -315.0
1575346857.575742, -315.0
1575346858.126638, -315.0
1575346858.630207, -315.0
1575346859.1402, -306.0
1575346859.67973, -306.0
1575346860.193234, -306.0
1575346860.712167, -306.0
1575346861.263454, -306.0
1575346861.798539, -306.0
1575346862.34009, -306.0
1575346862.898987, -306.0
1575346863.393409, -306.0
1575346863.939877, -306.0
1575346864.472824, -306.0
1575346865.022761, -306.0
1575346865.583572, -306.0
1575346866.090256, -306.0
1575346866.631778, -306.0
1575346867.145079, -306.0
1575346867.666328, -306.0
1575346868.217569, -306.0
1575346868.758719, -306.0
1575346869.294533, -306.0
1575346869.825692, -306.0
1575346870.37385, -306.0
1575346870.895186, -306.0
1575346871.411706, -306.0
1575346871.937944, -306.0
1575346872.483761, -306.0
1575346873.014044, -306.0
1575346873.528338, -306.0
1575346874.063553, -306.0
1575346874.627214, -306.0
1575346875.140442, -306.0
1575346875.665847, -306.0
1575346876.169717, -306.0
1575346876.692074, -306.0
1575346877.212849, -306.0
1575346877.700482, -306.0
1575346878.242376, -306.0
1575346878.775907, -306.0
1575346879.329721, -306.0
1575346879.354827, -306.0
1575346880.013791, -306.0
1575346880.566689, -306.0
1575346881.155031, -306.0
1575346881.657796, -306.0
1575346882.176078, -306.0
1575346882.670695, -306.0
1575346883.175261, -306.0
1575346883.692405, -306.0
1575346884.222054, -306.0
1575346884.741597, -306.0
1575346885.265593, -306.0
1575346885.783359, -306.0
1575346886.329525, -306.0
1575346886.843723, -306.0
1575346887.34495, -306.0
1575346887.892329, -306.0
1575346888.41257, -306.0
1575346888.954892, -306.0
1575346889.457671, -306.0
1575346889.995549, -306.0
1575346890.4899, -306.0
1575346890.977793, -306.0
1575346891.500164, -306.0
1575346892.0064, -306.0
1575346892.574535, -306.0
1575346893.063122, -306.0
1575346893.564809, -306.0
1575346894.071994, -306.0
1575346894.608164, -306.0
1575346895.133423, -306.0
1575346895.666287, -306.0
1575346896.205441, -306.0
1575346896.70768, -306.0
1575346897.243282, -306.0
1575346897.73697, -306.0
1575346898.252698, -306.0
1575346898.794847, -306.0
1575346899.336843, -306.0
1575346899.852583, -306.0
1575346900.377909, -306.0
1575346900.938968, -306.0
1575346901.463606, -306.0
1575346901.992906, -306.0
1575346902.497155, -306.0
1575346902.985598, -306.0
1575346903.518034, -306.0
1575346904.043734, -306.0
1575346904.58038, -306.0
1575346905.106943, -306.0
1575346905.610448, -306.0
1575346906.132427, -306.0
1575346906.654816, -306.0
1575346907.157668, -306.0
1575346907.703323, -306.0
1575346908.230416, -306.0
1575346908.744242, -306.0
1575346909.254443, -306.0
1575346909.7814, -306.0
1575346910.269402, -306.0
1575346910.789575, -306.0
1575346911.333766, -306.0
1575346911.847524, -306.0
1575346912.337205, -306.0
1575346912.869172, -306.0
1575346913.410701, -306.0
1575346913.909121, -306.0
1575346914.431819, -306.0
1575346914.945487, -306.0
1575346915.488937, -306.0
1575346916.021303, -306.0
1575346916.536577, -306.0
1575346917.046579, -306.0
1575346917.578685, -306.0
1575346918.139039, -306.0
1575346918.653997, -306.0
1575346919.170202, -306.0
1575346919.714215, -306.0
1575346920.233806, -306.0
1575346920.743528, -306.0
1575346921.281376, -306.0
1575346921.79041, -306.0
1575346922.311386, -306.0
1575346922.876373, -306.0
1575346923.417209, -306.0
1575346923.966072, -306.0
1575346924.505579, -306.0
1575346925.060435, -306.0
1575346925.590443, -306.0
1575346926.141882, -306.0
1575346926.710962, -306.0
1575346927.212783, -306.0
1575346927.238039, -306.0
1575346927.800531, -306.0
1575346927.825543, -306.0
1575346928.34359, -306.0
1575346928.88848, -306.0
1575346929.418072, -306.0
1575346929.996838, -306.0
1575346930.552121, -306.0
1575346931.069608, -306.0
1575346931.612511, -306.0
1575346932.128551, -306.0
1575346932.708998, -306.0
1575346933.262444, -306.0
1575346933.84701, -306.0
1575346934.350491, -306.0
1575346934.9107, -306.0
1575346935.428591, -306.0
1575346935.972422, -306.0
1575346936.521001, -306.0
1575346937.056921, -306.0
1575346937.59369, -306.0
1575346938.143479, -306.0
1575346938.650404, -306.0
1575346939.158452, -306.0
1575346939.697735, -306.0
1575346940.276175, -306.0
1575346940.847729, -306.0
1575346941.428376, -306.0
1575346941.994378, -306.0
1575346942.546509, -306.0
1575346943.074951, -306.0
