1575346945.449186, -157.0
1575346945.6079, -157.0
1575346945.766465, -157.0
1575346945.924521, -157.0
1575346946.082739, -157.0
1575346946.240696, -157.0
1575346946.398222, -157.0
1575346946.555839, -157.0
1575346946.71436, -157.0
1575346946.879915, -157.0
1575346947.046935, -157.0
1575346947.209612, -157.0
1575346947.367182, -157.0
1575346947.525035, -155.0
1575346947.683534, -155.0
1575346947.84193, -155.0
1575346948.000615, -155.0
1575346948.509249, -155.0
1575346949.007584, -155.0
1575346949.503311, -155.0
1575346950.009194, -155.0
1575346950.527345, -155.0
1575346951.774021, -155.0
1575346952.821151, -155.0
1575346954.033887, -155.0
1575346954.90836, -155.0
1575346957.043527, -155.0
1575346958.232609, -155.0
1575346959.988963, -153.0
1575346961.893271, -153.0
1575346962.794633, -153.0
1575346964.211698, -153.0
1575346965.641568, -153.0
1575346967.196974, -153.0
1575346968.433146, -153.0
1575346969.493303, -153.0
1575346970.932649, -153.0
1575346972.377955, -153.0
1575346974.014293, -153.0
1575346975.272317, -153.0
1575346976.172021, -153.0
1575346977.205984, -153.0
1575346977.544823, -153.0
1575346978.762698, -153.0
1575346979.685261, -153.0
1575346980.594356, -153.0
1575346981.334707, -153.0
1575346982.41809, -153.0
1575346983.300418, -153.0
1575346984.168105, -153.0
1575346945.231925, -175.0
1575346945.285642, -157.0
1575346945.338981, -157.0
1575346945.392235, -157.0
1575346945.445368, -157.0
1575346945.498727, -157.0
1575346945.552084, -157.0
1575346945.605004, -157.0
1575346945.658235, -157.0
1575346945.711974, -157.0
1575346945.76641, -157.0
1575346945.819458, -157.0
1575346945.872908, -157.0
1575346945.926454, -157.0
1575346945.979928, -157.0
1575346946.03346, -157.0
1575346946.086691, -157.0
1575346946.140177, -157.0
1575346946.193714, -157.0
1575346946.247011, -157.0
1575346946.30039, -157.0
1575346946.35326, -157.0
1575346946.406289, -157.0
1575346946.459857, -157.0
1575346946.513384, -157.0
1575346946.56628, -157.0
1575346946.619519, -157.0
1575346946.672853, -157.0
1575346946.726278, -157.0
1575346946.779451, -157.0
1575346946.832812, -157.0
1575346946.886083, -157.0
1575346946.939052, -157.0
1575346946.992263, -157.0
1575346947.045528, -157.0
1575346947.488963, -155.0
1575346947.542348, -155.0
1575346947.595576, -155.0
1575346947.648712, -155.0
1575346947.701902, -155.0
1575346947.754987, -155.0
1575346947.808224, -155.0
1575346947.861318, -155.0
1575346947.914854, -155.0
1575346947.967946, -155.0
1575346948.020958, -155.0
1575346948.073859, -155.0
1575346948.126736, -155.0
1575346948.179625, -155.0
1575346948.23292, -155.0
1575346945.239451, -157.0
1575346945.293376, -157.0
1575346945.346564, -157.0
1575346945.399812, -157.0
1575346945.453049, -157.0
1575346945.506316, -157.0
1575346945.559601, -157.0
1575346945.612922, -157.0
1575346945.666129, -157.0
1575346945.722235, -157.0
1575346945.780321, -157.0
1575346945.835986, -157.0
1575346945.889249, -157.0
1575346945.942711, -157.0
1575346945.995425, -157.0
1575346946.048755, -157.0
1575346946.10206, -157.0
1575346946.155558, -157.0
1575346946.208804, -157.0
1575346946.262083, -157.0
1575346946.315026, -157.0
1575346946.368458, -157.0
1575346946.421651, -157.0
1575346946.474866, -157.0
1575346946.528038, -157.0
1575346946.581409, -157.0
1575346946.634762, -157.0
1575346946.687804, -157.0
1575346946.74079, -157.0
1575346946.794105, -157.0
1575346946.847218, -157.0
1575346946.900303, -157.0
1575346946.953363, -157.0
1575346947.006523, -157.0
1575346947.059717, -157.0
1575346947.113006, -157.0
1575346947.166301, -157.0
1575346947.219401, -157.0
1575346947.272721, -157.0
1575346947.325918, -157.0
1575346947.379172, -157.0
1575346947.432448, -157.0
1575346947.485633, -157.0
1575346947.538822, -155.0
1575346947.591763, -155.0
1575346947.644659, -155.0
1575346947.697908, -155.0
1575346947.750856, -155.0
1575346947.803638, -155.0
1575346947.856886, -155.0
1575346945.284691, -157.0
1575346945.350977, -157.0
1575346945.41746, -157.0
1575346945.484156, -157.0
1575346945.550541, -157.0
1575346945.616424, -157.0
1575346945.682815, -157.0
1575346945.749144, -157.0
1575346945.816207, -157.0
1575346945.886075, -157.0
1575346945.957523, -157.0
1575346946.027111, -157.0
1575346946.281938, -157.0
1575346946.347962, -157.0
1575346946.413945, -157.0
1575346946.479583, -157.0
1575346946.545734, -157.0
1575346946.611473, -157.0
1575346946.677263, -157.0
1575346946.92403, -157.0
1575346947.179304, -157.0
1575346947.624556, -155.0
1575346948.04547, -155.0
1575346948.309398, -155.0
1575346948.375891, -155.0
1575346948.819602, -155.0
1575346949.087412, -155.0
1575346949.870415, -155.0
1575346950.485252, -155.0
1575346951.072872, -155.0
1575346951.650619, -155.0
1575346952.40676, -155.0
1575346953.406711, -155.0
1575346954.025182, -155.0
1575346954.799284, -155.0
1575346955.433856, -155.0
1575346956.390605, -155.0
1575346957.37495, -155.0
1575346957.985732, -155.0
1575346958.937188, -155.0
1575346959.90929, -155.0
1575346960.340668, -153.0
1575346961.324184, -153.0
1575346962.122258, -153.0
1575346962.948247, -153.0
1575346963.882436, -153.0
1575346964.837322, -153.0
1575346965.607064, -153.0
1575346966.396087, -153.0
1575346967.195682, -153.0
1575346947.982987, -155.0
1575346948.03585, -155.0
1575346948.088454, -155.0
1575346948.141702, -155.0
1575346948.194661, -155.0
1575346948.248035, -155.0
1575346948.301393, -155.0
1575346948.359441, -155.0
1575346948.419407, -155.0
1575346948.479812, -155.0
1575346948.537317, -155.0
1575346948.593281, -155.0
1575346948.64756, -155.0
1575346948.703725, -155.0
1575346948.759676, -155.0
1575346948.816857, -155.0
1575346948.873648, -155.0
1575346948.926906, -155.0
1575346948.979896, -155.0
1575346949.03309, -155.0
1575346949.086101, -155.0
1575346949.139128, -155.0
1575346949.191921, -155.0
1575346949.244851, -155.0
1575346949.298049, -155.0
1575346949.351168, -155.0
1575346949.403929, -155.0
1575346949.45709, -155.0
1575346949.510241, -155.0
1575346949.56341, -155.0
1575346949.616673, -155.0
1575346949.669252, -155.0
1575346949.722376, -155.0
1575346949.775361, -155.0
1575346949.828488, -155.0
1575346949.881454, -155.0
1575346949.9346, -155.0
1575346949.987784, -155.0
1575346950.040641, -155.0
1575346950.093518, -155.0
1575346950.146725, -155.0
1575346950.199852, -155.0
1575346950.252748, -155.0
1575346950.30564, -155.0
1575346950.358649, -155.0
1575346950.41179, -155.0
1575346950.464463, -155.0
1575346950.517502, -155.0
1575346950.570454, -155.0
1575346950.623955, -155.0
1575346948.358913, -155.0
1575346948.411644, -155.0
1575346948.464485, -155.0
1575346948.517603, -155.0
1575346948.570961, -155.0
1575346948.624046, -155.0
1575346948.677165, -155.0
1575346948.730332, -155.0
1575346948.783386, -155.0
1575346948.837075, -155.0
1575346948.890293, -155.0
1575346948.94381, -155.0
1575346948.997235, -155.0
1575346949.050458, -155.0
1575346949.103962, -155.0
1575346949.157295, -155.0
1575346949.210771, -155.0
1575346949.263864, -155.0
1575346949.317204, -155.0
1575346949.369954, -155.0
1575346949.423348, -155.0
1575346949.476522, -155.0
1575346949.53001, -155.0
1575346949.583435, -155.0
1575346949.636813, -155.0
1575346949.690049, -155.0
1575346949.743634, -155.0
1575346949.796897, -155.0
1575346949.850198, -155.0
1575346949.903415, -155.0
1575346949.956901, -155.0
1575346950.010228, -155.0
1575346950.063455, -155.0
1575346950.117227, -155.0
1575346950.170389, -155.0
1575346950.223609, -155.0
1575346950.276885, -155.0
1575346950.330162, -155.0
1575346950.383517, -155.0
1575346950.436757, -155.0
1575346950.49009, -155.0
1575346950.543106, -155.0
1575346950.596565, -155.0
1575346950.650065, -155.0
1575346950.703909, -155.0
1575346950.757359, -155.0
1575346950.810898, -155.0
1575346950.863957, -155.0
1575346950.917295, -155.0
1575346950.970803, -155.0
1575346950.750038, -155.0
1575346950.803137, -155.0
1575346950.85643, -155.0
1575346950.909819, -155.0
1575346950.962834, -155.0
1575346951.022856, -155.0
1575346951.076895, -155.0
1575346951.130095, -155.0
1575346951.183145, -155.0
1575346951.235971, -155.0
1575346951.289169, -155.0
1575346951.342234, -155.0
1575346951.3953, -155.0
1575346951.448293, -155.0
1575346951.501545, -155.0
1575346951.555123, -155.0
1575346951.608899, -155.0
1575346951.664026, -155.0
1575346951.719705, -155.0
1575346951.776276, -155.0
1575346951.831859, -155.0
1575346951.887532, -155.0
1575346951.943396, -155.0
1575346951.999803, -155.0
1575346952.056447, -155.0
1575346952.113277, -155.0
1575346952.168414, -155.0
1575346952.223289, -155.0
1575346952.27995, -155.0
1575346952.337792, -155.0
1575346952.395415, -155.0
1575346952.451613, -155.0
1575346952.505865, -155.0
1575346952.559666, -155.0
1575346952.613295, -155.0
1575346952.667061, -155.0
1575346952.720982, -155.0
1575346952.774769, -155.0
1575346952.828342, -155.0
1575346952.882107, -155.0
1575346952.935144, -155.0
1575346952.988342, -155.0
1575346953.041683, -155.0
1575346953.094679, -155.0
1575346953.147831, -155.0
1575346953.200943, -155.0
1575346953.254224, -155.0
1575346953.30803, -155.0
1575346953.362398, -155.0
1575346953.419317, -155.0
1575346951.092224, -155.0
1575346951.145508, -155.0
1575346951.198897, -155.0
1575346951.25208, -155.0
1575346951.305165, -155.0
1575346951.358205, -155.0
1575346951.411371, -155.0
1575346951.46867, -155.0
1575346951.521894, -155.0
1575346951.575232, -155.0
1575346951.628482, -155.0
1575346951.681364, -155.0
1575346951.734956, -155.0
1575346951.788064, -155.0
1575346951.841786, -155.0
1575346951.89508, -155.0
1575346951.948497, -155.0
1575346952.001853, -155.0
1575346952.054994, -155.0
1575346952.108319, -155.0
1575346952.162242, -155.0
1575346952.216065, -155.0
1575346952.269674, -155.0
1575346952.323569, -155.0
1575346952.376622, -155.0
1575346952.430035, -155.0
1575346952.48328, -155.0
1575346952.536601, -155.0
1575346952.589717, -155.0
1575346952.642858, -155.0
1575346952.69628, -155.0
1575346952.749694, -155.0
1575346952.803118, -155.0
1575346952.856301, -155.0
1575346952.909675, -155.0
1575346952.963068, -155.0
1575346953.016467, -155.0
1575346953.069379, -155.0
1575346953.12262, -155.0
1575346953.175933, -155.0
1575346953.229226, -155.0
1575346953.282698, -155.0
1575346953.336064, -155.0
1575346953.38943, -155.0
1575346953.44275, -155.0
1575346953.496188, -155.0
1575346953.549693, -155.0
1575346953.602979, -155.0
1575346953.656245, -155.0
1575346953.709577, -155.0
1575346953.575274, -155.0
1575346953.641631, -155.0
1575346953.707919, -155.0
1575346953.775125, -155.0
1575346953.841721, -155.0
1575346953.910684, -155.0
1575346953.985451, -155.0
1575346954.058392, -155.0
1575346954.130579, -155.0
1575346954.201769, -155.0
1575346954.273325, -155.0
1575346954.34638, -155.0
1575346954.419691, -155.0
1575346954.486229, -155.0
1575346954.553112, -155.0
1575346954.619694, -155.0
1575346954.686387, -155.0
1575346954.752839, -155.0
1575346954.820283, -155.0
1575346954.886529, -155.0
1575346954.952833, -155.0
1575346955.01943, -155.0
1575346955.086031, -155.0
1575346955.152697, -155.0
1575346955.220201, -155.0
1575346955.286698, -155.0
1575346955.35301, -155.0
1575346955.419175, -155.0
1575346955.485793, -155.0
1575346955.552078, -155.0
1575346955.618763, -155.0
1575346955.685079, -155.0
1575346955.75158, -155.0
1575346955.817798, -155.0
1575346955.88421, -155.0
1575346955.950494, -155.0
1575346956.017327, -155.0
1575346956.083821, -155.0
1575346956.150676, -155.0
1575346956.217036, -155.0
1575346956.283581, -155.0
1575346956.349845, -155.0
1575346956.416936, -155.0
1575346956.483776, -155.0
1575346956.549979, -155.0
1575346956.615973, -155.0
1575346956.68205, -155.0
1575346956.748147, -155.0
1575346956.814153, -155.0
1575346956.880328, -155.0
1575346953.831128, -155.0
1575346953.884184, -155.0
1575346953.937347, -155.0
1575346953.990584, -155.0
1575346954.043819, -155.0
1575346954.102225, -155.0
1575346954.161719, -155.0
1575346954.216103, -155.0
1575346954.269198, -155.0
1575346954.321993, -155.0
1575346954.375041, -155.0
1575346954.429794, -155.0
1575346954.482955, -155.0
1575346954.535774, -155.0
1575346954.58886, -155.0
1575346954.642279, -155.0
1575346954.6956, -155.0
1575346954.748623, -155.0
1575346954.806996, -155.0
1575346954.865734, -155.0
1575346954.921378, -155.0
1575346954.976818, -155.0
1575346955.031459, -155.0
1575346955.086778, -155.0
1575346955.142123, -155.0
1575346955.20009, -155.0
1575346955.256226, -155.0
1575346955.309457, -155.0
1575346955.362478, -155.0
1575346955.415742, -155.0
1575346955.468753, -155.0
1575346955.521759, -155.0
1575346955.574836, -155.0
1575346955.628211, -155.0
1575346955.681415, -155.0
1575346955.734715, -155.0
1575346955.787789, -155.0
1575346955.841902, -155.0
1575346955.895112, -155.0
1575346955.948435, -155.0
1575346956.001457, -155.0
1575346956.054534, -155.0
1575346956.107653, -155.0
1575346956.160541, -155.0
1575346956.213727, -155.0
1575346956.266557, -155.0
1575346956.319709, -155.0
1575346956.372736, -155.0
1575346956.42593, -155.0
1575346956.479949, -155.0
1575346988.565418, -153.0
1575346988.782255, -153.0
1575346988.795831, -153.0
1575346988.997531, -153.0
1575346989.201654, -153.0
1575346989.412484, -153.0
1575346989.608949, -153.0
1575346989.792475, -153.0
1575346989.99248, -153.0
1575346990.19303, -153.0
1575346990.381212, -153.0
1575346990.578589, -153.0
1575346990.781632, -153.0
1575346990.976919, -153.0
1575346991.173909, -153.0
1575346991.375386, -153.0
1575346991.579143, -153.0
1575346991.592851, -153.0
1575346991.789664, -153.0
1575346991.984051, -153.0
1575346992.179477, -153.0
1575346992.390061, -153.0
1575346992.586136, -153.0
1575346992.782547, -153.0
1575346992.984974, -153.0
1575346993.173359, -153.0
1575346993.380451, -153.0
1575346993.582707, -153.0
1575346993.795378, -153.0
1575346994.00271, -153.0
1575346994.192583, -153.0
1575346994.399461, -153.0
1575346994.605346, -153.0
1575346994.81436, -153.0
1575346995.016171, -153.0
1575346995.225552, -153.0
1575346995.430885, -153.0
1575346995.613567, -153.0
1575346995.802993, -153.0
1575346996.001225, -153.0
1575346996.198111, -153.0
1575346996.405837, -153.0
1575346996.609587, -153.0
1575346996.811956, -153.0
1575346997.015926, -153.0
1575346997.214953, -153.0
1575346997.228772, -153.0
1575346997.242346, -153.0
1575346997.256001, -153.0
1575346997.26952, -153.0
1575346997.283205, -153.0
1575346997.296808, -153.0
1575346997.310587, -153.0
1575346997.324135, -153.0
1575346997.338404, -153.0
1575346997.352861, -153.0
1575346997.36636, -153.0
1575346997.563498, -153.0
1575346997.75362, -153.0
1575346997.954689, -153.0
1575346998.166088, -153.0
1575346998.367165, -153.0
1575346998.573956, -153.0
1575346998.777563, -153.0
1575346998.97429, -153.0
1575346999.169967, -153.0
1575346999.183524, -153.0
1575346999.197058, -153.0
1575346999.210756, -153.0
1575346999.224225, -153.0
1575346999.237759, -153.0
1575346999.251506, -153.0
1575346999.265009, -153.0
1575346999.278782, -153.0
1575346999.292287, -153.0
1575346999.485271, -153.0
1575346999.499008, -153.0
1575346999.693908, -153.0
1575346999.707645, -153.0
1575346999.721335, -153.0
1575346999.734918, -153.0
1575346999.748462, -153.0
1575346999.762178, -153.0
1575346999.96186, -153.0
1575347000.170633, -153.0
1575347000.369715, -153.0
1575347000.575715, -153.0
1575347000.782385, -153.0
1575347000.969238, -153.0
1575347000.9829, -153.0
1575347001.187643, -153.0
1575347001.387904, -153.0
1575347001.58654, -153.0
1575347001.782142, -153.0
1575347001.982367, -153.0
1575347002.195006, -153.0
1575347002.402389, -153.0
1575347002.584675, -153.0
1575347002.792069, -153.0
1575347002.996615, -153.0
1575347003.204699, -153.0
1575347003.406515, -153.0
1575347003.612611, -153.0
1575347003.809146, -153.0
1575347004.006918, -153.0
1575347004.202113, -153.0
1575347004.399311, -153.0
1575347004.59743, -153.0
1575347004.800277, -153.0
1575347005.005831, -153.0
1575347005.209936, -153.0
1575347005.395835, -153.0
1575347005.601862, -153.0
1575347005.615703, -153.0
1575347005.813995, -153.0
1575347006.019752, -153.0
1575347006.220971, -153.0
1575347006.421743, -153.0
1575347006.621825, -153.0
1575347006.824089, -153.0
1575347007.0469, -153.0
1575347007.254074, -153.0
1575347007.462226, -153.0
1575347007.475956, -153.0
1575347007.683796, -153.0
1575347007.879776, -153.0
1575347008.060284, -153.0
1575347008.259843, -153.0
1575347008.453411, -153.0
1575347008.649188, -153.0
1575347008.837357, -153.0
1575347009.030868, -153.0
1575347009.044478, -153.0
1575347009.234939, -153.0
1575347009.435004, -153.0
1575347009.632904, -153.0
1575347009.814998, -153.0
1575347009.828497, -153.0
1575347009.841969, -153.0
1575347010.037826, -153.0
1575347010.239895, -153.0
1575347010.43562, -153.0
1575347010.634586, -153.0
1575347010.827051, -153.0
1575347011.025345, -153.0
1575347011.226791, -153.0
1575347011.417535, -153.0
1575347011.606904, -153.0
1575347011.811044, -153.0
1575347012.006149, -153.0
1575347012.200303, -153.0
1575347012.402674, -153.0
1575347012.602999, -153.0
1575347012.797513, -153.0
1575347013.005183, -153.0
1575347013.216671, -153.0
1575347013.411989, -153.0
1575347013.425814, -153.0
1575347013.439319, -153.0
1575347013.452861, -153.0
1575347013.466364, -153.0
1575347013.48009, -153.0
1575347013.493631, -153.0
1575347013.507101, -153.0
1575347013.520578, -153.0
1575347013.534256, -153.0
1575347013.547798, -153.0
1575347013.732999, -153.0
1575347013.952956, -153.0
1575347014.142827, -153.0
1575347014.350819, -153.0
1575347014.548493, -153.0
1575347014.745374, -153.0
1575347014.932366, -153.0
1575347015.131566, -153.0
1575347015.343137, -153.0
1575347015.356891, -153.0
1575347015.370492, -153.0
1575347015.38417, -153.0
1575347015.397746, -153.0
1575347015.411413, -153.0
1575347015.424985, -153.0
1575347015.438664, -153.0
1575347015.663531, -153.0
1575347015.863344, -153.0
1575347016.058564, -153.0
1575347016.072316, -153.0
1575347016.085889, -153.0
1575347016.099335, -153.0
1575347016.11292, -153.0
1575347016.303123, -153.0
1575347016.31684, -153.0
1575347016.330554, -153.0
1575347016.344091, -153.0
1575347016.357797, -153.0
1575347016.371315, -153.0
1575347016.385034, -153.0
1575347016.399433, -153.0
1575347016.413384, -153.0
1575347016.427182, -153.0
1575347016.440756, -153.0
1575347016.454631, -153.0
1575347016.468484, -153.0
1575347016.483708, -153.0
1575347016.498449, -153.0
1575347016.513351, -153.0
1575347016.527067, -153.0
1575347016.540883, -153.0
1575347016.738063, -153.0
1575347016.92677, -153.0
1575347017.127726, -153.0
1575347017.326257, -153.0
1575347017.529015, -153.0
1575347017.737438, -153.0
1575347017.93461, -153.0
1575347017.948183, -153.0
1575347017.961686, -153.0
1575347017.975214, -153.0
1575347017.988896, -153.0
1575347018.002453, -153.0
1575347018.015974, -153.0
1575347018.0297, -153.0
1575347018.04333, -153.0
1575347018.056999, -153.0
1575347018.070521, -153.0
1575347018.08417, -153.0
1575347018.097667, -153.0
1575347018.111162, -153.0
1575347018.299239, -153.0
1575347018.502549, -153.0
1575347018.698668, -153.0
1575347018.898515, -153.0
1575347019.091338, -153.0
1575347019.290542, -153.0
1575347019.512206, -153.0
1575347019.714874, -153.0
1575347019.920069, -153.0
1575347020.122711, -153.0
1575347020.30593, -153.0
1575347020.491367, -153.0
1575347020.69921, -153.0
1575347020.911101, -153.0
1575347021.114633, -153.0
1575347021.301338, -153.0
1575347021.500815, -153.0
1575347021.696336, -153.0
1575347021.914485, -153.0
1575347022.115801, -153.0
1575347022.310409, -153.0
1575347022.506945, -153.0
1575346988.753618, -153.0
1575346988.943358, -153.0
1575346989.131108, -153.0
1575346989.144717, -153.0
1575346989.158321, -153.0
1575346989.171914, -153.0
1575346989.185506, -153.0
1575346989.199581, -153.0
1575346989.213282, -153.0
1575346989.227215, -153.0
1575346989.240801, -153.0
1575346989.254382, -153.0
1575346989.26833, -153.0
1575346989.282, -153.0
1575346989.295615, -153.0
1575346989.309243, -153.0
1575346989.323047, -153.0
1575346989.336652, -153.0
1575346989.350391, -153.0
1575346989.560347, -153.0
1575346989.755332, -153.0
1575346989.769219, -153.0
1575346989.979942, -153.0
1575346990.183351, -153.0
1575346990.373392, -153.0
1575346990.587731, -153.0
1575346990.782565, -153.0
1575346990.992123, -153.0
1575346991.182295, -153.0
1575346991.379271, -153.0
1575346991.567329, -153.0
1575346991.766038, -153.0
1575346991.946909, -153.0
1575346992.151259, -153.0
1575346992.359167, -153.0
1575346992.570082, -153.0
1575346992.766571, -153.0
1575346992.955472, -153.0
1575346993.151226, -153.0
1575346993.356064, -153.0
1575346993.556065, -153.0
1575346993.770384, -153.0
1575346993.963321, -153.0
1575346994.157771, -153.0
1575346994.363038, -153.0
1575346994.563193, -153.0
1575346994.780003, -153.0
1575346994.98396, -153.0
1575346995.177411, -153.0
1575346995.377756, -153.0
1575346995.568929, -153.0
1575346995.780542, -153.0
1575346995.991969, -153.0
1575346996.191275, -153.0
1575346996.380035, -153.0
1575346996.583594, -153.0
1575346996.785795, -153.0
1575346996.986657, -153.0
1575346997.188679, -153.0
1575346997.400166, -153.0
1575346997.606717, -153.0
1575346997.805208, -153.0
1575346998.005478, -153.0
1575346998.204647, -153.0
1575346998.411846, -153.0
1575346998.607961, -153.0
1575346998.798373, -153.0
1575346998.985455, -153.0
1575346999.171256, -153.0
1575346999.37251, -153.0
1575346999.568796, -153.0
1575346999.768371, -153.0
1575346999.967688, -153.0
1575347000.169644, -153.0
1575347000.36695, -153.0
1575347000.555334, -153.0
1575347000.75375, -153.0
1575347000.945125, -153.0
1575347001.143879, -153.0
1575347001.352454, -153.0
1575347001.541123, -153.0
1575347001.736933, -153.0
1575347001.923405, -153.0
1575347002.125008, -153.0
1575347002.325021, -153.0
1575347002.540164, -153.0
1575347002.734881, -153.0
1575347002.937763, -153.0
1575347003.142457, -153.0
1575347003.343457, -153.0
1575347003.54729, -153.0
1575347003.740361, -153.0
1575347003.94045, -153.0
1575347004.132856, -153.0
1575347004.328355, -153.0
1575347004.524389, -153.0
1575347004.724001, -153.0
1575347004.932116, -153.0
1575347005.13566, -153.0
1575347005.323752, -153.0
1575347005.529182, -153.0
1575347005.721476, -153.0
1575347005.925508, -153.0
1575347006.124289, -153.0
1575347006.322568, -153.0
1575347006.519567, -153.0
1575347006.710602, -153.0
1575347006.724518, -153.0
1575347006.913468, -153.0
1575347006.927297, -153.0
1575347007.131759, -153.0
1575347007.34061, -153.0
1575347007.547269, -153.0
1575347007.737199, -153.0
1575347007.937723, -153.0
1575347008.140386, -153.0
1575347008.329471, -153.0
1575347008.522572, -153.0
1575347008.726506, -153.0
1575347008.937777, -153.0
1575347009.133233, -153.0
1575347009.331685, -153.0
1575347009.520773, -153.0
1575347009.717416, -153.0
1575347009.731023, -153.0
1575347009.930871, -153.0
1575347010.128717, -153.0
1575347010.342049, -153.0
1575347010.541197, -153.0
1575347010.734766, -153.0
1575347010.942085, -153.0
1575347011.141065, -153.0
1575347011.333048, -153.0
1575347011.522103, -153.0
1575347011.725638, -153.0
1575347011.918568, -153.0
1575347012.112408, -153.0
1575347012.315287, -153.0
1575347012.514298, -153.0
1575347012.711158, -153.0
1575347012.921539, -153.0
1575347013.133416, -153.0
1575347013.330495, -153.0
1575347013.540602, -153.0
1575347013.731292, -153.0
1575347013.933295, -153.0
1575347014.142732, -153.0
1575347014.350043, -153.0
1575347014.549853, -153.0
1575347014.749984, -153.0
1575347014.959632, -153.0
1575347015.16145, -153.0
1575347015.369732, -153.0
1575347015.561483, -153.0
1575347015.765926, -153.0
1575347015.976749, -153.0
1575347016.178359, -153.0
1575347016.361857, -153.0
1575347016.545505, -153.0
1575347016.760525, -153.0
1575347016.955959, -153.0
1575347017.154414, -153.0
1575347017.350149, -153.0
1575347017.561552, -153.0
1575347017.756859, -153.0
1575347017.953161, -153.0
1575347018.151592, -153.0
1575347018.341175, -153.0
1575347018.545572, -153.0
1575347018.769779, -153.0
1575347018.977673, -153.0
1575347019.199299, -153.0
1575347019.400316, -153.0
1575347019.599909, -153.0
1575347019.812529, -153.0
1575347020.015448, -153.0
1575347020.215185, -153.0
1575347020.417886, -153.0
1575347020.604034, -153.0
1575347020.813318, -153.0
1575347021.015728, -153.0
1575347021.233458, -153.0
1575347021.428056, -153.0
1575347021.611276, -153.0
1575347021.809428, -153.0
1575347022.018214, -153.0
1575347022.22252, -153.0
1575347022.431627, -153.0
1575347022.642247, -153.0
1575347022.864516, -153.0
1575347023.064608, -153.0
1575347023.257409, -153.0
1575347023.467971, -153.0
1575347023.678943, -153.0
1575347023.876858, -153.0
1575347024.061703, -153.0
1575347024.26207, -153.0
1575347024.468716, -153.0
1575347024.666218, -153.0
1575347024.858413, -153.0
1575347025.049482, -153.0
1575347025.242604, -153.0
1575347025.435202, -153.0
1575347025.44908, -153.0
1575347025.653679, -153.0
1575347025.86177, -153.0
1575347026.049127, -153.0
1575347026.257142, -153.0
1575347026.450068, -153.0
1575347026.655693, -153.0
1575347026.857028, -153.0
1575347027.039112, -153.0
1575347027.237544, -153.0
1575347027.436757, -153.0
1575347027.628385, -153.0
1575347027.832306, -153.0
1575347028.034502, -153.0
1575347028.252141, -153.0
1575347028.452442, -153.0
1575347028.675307, -153.0
1575347028.87022, -153.0
1575347029.060193, -153.0
1575347029.257078, -153.0
1575347029.463534, -153.0
1575347029.673605, -153.0
1575347029.873579, -153.0
1575347030.05906, -153.0
1575347030.25887, -153.0
1575347030.463395, -153.0
1575347030.67016, -153.0
1575347030.876479, -153.0
1575347031.064666, -153.0
1575347031.262418, -153.0
1575347031.457783, -153.0
1575347031.645723, -153.0
1575347031.834612, -153.0
1575347032.029206, -153.0
1575347032.219582, -153.0
1575347032.418426, -153.0
1575347032.624562, -153.0
1575347032.835663, -153.0
1575347033.044579, -153.0
1575347033.234611, -153.0
1575347033.435159, -153.0
1575347033.639813, -153.0
1575347033.839309, -153.0
1575347034.030954, -153.0
1575347034.229059, -153.0
1575347034.41933, -153.0
1575347034.619725, -153.0
1575346988.581411, -153.0
1575346988.604586, -153.0
1575346988.618316, -153.0
1575346988.632128, -153.0
1575346988.645717, -153.0
1575346988.659468, -153.0
1575346988.672944, -153.0
1575346988.68662, -153.0
1575346988.880279, -153.0
1575346988.893859, -153.0
1575346988.907656, -153.0
1575346989.102252, -153.0
1575346989.115987, -153.0
1575346989.129502, -153.0
1575346989.143005, -153.0
1575346989.156525, -153.0
1575346989.169973, -153.0
1575346989.183517, -153.0
1575346989.197099, -153.0
1575346989.389513, -153.0
1575346989.403116, -153.0
1575346989.416898, -153.0
1575346989.623353, -153.0
1575346989.637096, -153.0
1575346989.650599, -153.0
1575346989.664128, -153.0
1575346989.677888, -153.0
1575346989.853497, -153.0
1575346989.867186, -153.0
1575346989.880879, -153.0
1575346990.097208, -153.0
1575346990.110791, -153.0
1575346990.124394, -153.0
1575346990.138212, -153.0
1575346990.151764, -153.0
1575346990.165496, -153.0
1575346990.379081, -153.0
1575346990.392743, -153.0
1575346990.406435, -153.0
1575346990.594293, -153.0
1575346990.792663, -153.0
1575346990.806309, -153.0
1575346990.820056, -153.0
1575346991.027459, -153.0
1575346991.041233, -153.0
1575346991.054751, -153.0
1575346991.068395, -153.0
1575346991.081899, -153.0
1575346991.095585, -153.0
1575346991.109263, -153.0
1575346991.122828, -153.0
1575346991.136686, -153.0
1575346991.150243, -153.0
1575346991.164017, -153.0
1575346991.177522, -153.0
1575346991.191095, -153.0
1575346991.204698, -153.0
1575346991.218264, -153.0
1575346991.231916, -153.0
1575346991.425747, -153.0
1575346991.439727, -153.0
1575346991.453271, -153.0
1575346991.467006, -153.0
1575346991.654354, -153.0
1575346991.668166, -153.0
1575346991.850504, -153.0
1575346991.864348, -153.0
1575346991.878073, -153.0
1575346991.891604, -153.0
1575346991.90513, -153.0
1575346991.918858, -153.0
1575346991.93256, -153.0
1575346991.946299, -153.0
1575346991.959897, -153.0
1575346991.97373, -153.0
1575346991.987377, -153.0
1575346992.00173, -153.0
1575346992.015339, -153.0
1575346992.029862, -153.0
1575346992.044002, -153.0
1575346992.058462, -153.0
1575346992.074007, -153.0
1575346992.089169, -153.0
1575346992.10484, -153.0
1575346992.120249, -153.0
1575346992.135886, -153.0
1575346992.152388, -153.0
1575346992.167751, -153.0
1575346992.183123, -153.0
1575346992.198459, -153.0
1575346992.212571, -153.0
1575346992.227744, -153.0
1575346992.242696, -153.0
1575346992.25861, -153.0
1575346992.274049, -153.0
1575346992.289864, -153.0
1575346992.305623, -153.0
1575346992.321044, -153.0
1575346992.336481, -153.0
1575346992.352062, -153.0
1575346992.367613, -153.0
1575346992.383191, -153.0
1575346992.398603, -153.0
1575346992.590732, -153.0
1575346992.788486, -153.0
1575346992.802209, -153.0
1575346993.002206, -153.0
1575346993.016019, -153.0
1575346993.209819, -153.0
1575346993.223651, -153.0
1575346993.428228, -153.0
1575346993.442008, -153.0
1575346993.455574, -153.0
1575346993.469314, -153.0
1575346993.482969, -153.0
1575346993.670655, -153.0
1575346993.684565, -153.0
1575346993.698338, -153.0
1575346993.893519, -153.0
1575346993.907405, -153.0
1575346993.921056, -153.0
1575346993.9347, -153.0
1575346993.948207, -153.0
1575346993.961983, -153.0
1575346993.975591, -153.0
1575346994.187741, -153.0
1575346994.20145, -153.0
1575346994.214977, -153.0
1575346994.228694, -153.0
1575346994.415048, -153.0
1575346994.42885, -153.0
1575346994.442562, -153.0
1575346994.630299, -153.0
1575346994.832911, -153.0
1575346995.018401, -153.0
1575346995.222374, -153.0
1575346995.236083, -153.0
1575346995.249795, -153.0
1575346995.263318, -153.0
1575346995.464611, -153.0
1575346995.478223, -153.0
1575346995.492153, -153.0
1575346995.505755, -153.0
1575346995.51952, -153.0
1575346995.533077, -153.0
1575346995.546662, -153.0
1575346995.560324, -153.0
1575346995.573857, -153.0
1575346995.587471, -153.0
1575346995.809864, -153.0
1575346995.823484, -153.0
1575346995.837281, -153.0
1575346995.850775, -153.0
1575346995.864515, -153.0
1575346995.878035, -153.0
1575346995.891543, -153.0
1575346995.905296, -153.0
1575346996.094341, -153.0
1575346996.290945, -153.0
1575346996.304501, -153.0
1575346996.318178, -153.0
1575346996.528348, -153.0
1575346996.714585, -153.0
1575346996.728217, -153.0
1575346996.742045, -153.0
1575346996.755609, -153.0
1575346996.769057, -153.0
1575346996.95407, -153.0
1575346996.967908, -153.0
1575346996.98151, -153.0
1575346996.995055, -153.0
1575346997.008559, -153.0
1575346997.022037, -153.0
1575346997.210069, -153.0
1575346997.22369, -153.0
1575346997.237355, -153.0
1575346997.25088, -153.0
1575346997.453953, -153.0
1575346997.467775, -153.0
1575346997.481501, -153.0
1575346997.683172, -153.0
1575346997.697011, -153.0
1575346997.710673, -153.0
1575346997.724121, -153.0
1575346997.737753, -153.0
1575346997.751502, -153.0
1575346997.765075, -153.0
1575346997.778823, -153.0
1575346997.792377, -153.0
1575346997.9852, -153.0
1575346997.998826, -153.0
1575346998.012334, -153.0
1575346998.220579, -153.0
1575346998.407465, -153.0
1575346998.609438, -153.0
1575346998.623131, -153.0
1575346998.822194, -153.0
1575346998.835852, -153.0
1575346998.849603, -153.0
1575346998.863213, -153.0
1575346998.876979, -153.0
1575346999.061457, -153.0
1575346999.075231, -153.0
1575346999.088957, -153.0
1575346999.102551, -153.0
1575346999.116223, -153.0
1575346999.324176, -153.0
1575346999.52343, -153.0
1575346999.537047, -153.0
1575346999.550807, -153.0
1575346999.564349, -153.0
1575346999.577862, -153.0
1575346999.591437, -153.0
1575346999.605179, -153.0
1575346999.618705, -153.0
1575346999.632265, -153.0
1575346999.838639, -153.0
1575347000.044728, -153.0
1575347000.239283, -153.0
1575347000.443342, -153.0
1575347000.636029, -153.0
1575347000.846454, -153.0
1575347001.045645, -153.0
1575347001.250273, -153.0
1575347001.453244, -153.0
1575347001.637017, -153.0
1575347001.826293, -153.0
1575347002.023476, -153.0
1575347002.233035, -153.0
1575347002.43104, -153.0
1575347002.62968, -153.0
1575347002.840521, -153.0
1575347003.040651, -153.0
1575347003.224274, -153.0
1575347003.238047, -153.0
1575347003.435872, -153.0
1575347003.636133, -153.0
1575347003.840643, -153.0
1575347004.04167, -153.0
1575347004.055332, -153.0
1575347004.251999, -153.0
1575347004.448815, -153.0
1575347004.648508, -153.0
1575347004.840344, -153.0
1575347005.032936, -153.0
1575347005.236798, -153.0
1575347005.250423, -153.0
1575347005.264042, -153.0
1575347005.277837, -153.0
1575347005.291384, -153.0
1575346988.602203, -153.0
1575346988.804337, -153.0
1575346988.818104, -153.0
1575346988.831828, -153.0
1575346988.846937, -153.0
1575346988.861276, -153.0
1575346988.875036, -153.0
1575346989.077592, -153.0
1575346989.091368, -153.0
1575346989.10504, -153.0
1575346989.119203, -153.0
1575346989.134905, -153.0
1575346989.15031, -153.0
1575346989.165726, -153.0
1575346989.181032, -153.0
1575346989.196213, -153.0
1575346989.21096, -153.0
1575346989.225893, -153.0
1575346989.241486, -153.0
1575346989.255925, -153.0
1575346989.26964, -153.0
1575346989.283152, -153.0
1575346989.475578, -153.0
1575346989.489421, -153.0
1575346989.50322, -153.0
1575346989.516865, -153.0
1575346989.530398, -153.0
1575346989.732968, -153.0
1575346989.912996, -153.0
1575346989.926635, -153.0
1575346989.940127, -153.0
1575346989.954193, -153.0
1575346989.968131, -153.0
1575346989.982644, -153.0
1575346989.997027, -153.0
1575346990.012241, -153.0
1575346990.027533, -153.0
1575346990.043143, -153.0
1575346990.058461, -153.0
1575346990.073645, -153.0
1575346990.088341, -153.0
1575346990.103055, -153.0
1575346990.117642, -153.0
1575346990.132123, -153.0
1575346990.146576, -153.0
1575346990.160983, -153.0
1575346990.175311, -153.0
1575346990.189676, -153.0
1575346990.203993, -153.0
1575346990.218628, -153.0
1575346990.232998, -153.0
1575346990.246788, -153.0
1575346990.456341, -153.0
1575346990.660237, -153.0
1575346990.673922, -153.0
1575346990.687704, -153.0
1575346990.869186, -153.0
1575346990.883012, -153.0
1575346990.896777, -153.0
1575346991.107169, -153.0
1575346991.120783, -153.0
1575346991.134428, -153.0
1575346991.148337, -153.0
1575346991.162552, -153.0
1575346991.176955, -153.0
1575346991.191371, -153.0
1575346991.205842, -153.0
1575346991.220504, -153.0
1575346991.234682, -153.0
1575346991.466983, -153.0
1575346991.670493, -153.0
1575346991.684335, -153.0
1575346991.698, -153.0
1575346991.711832, -153.0
1575346991.725436, -153.0
1575346991.940688, -153.0
1575346992.124975, -153.0
1575346992.138679, -153.0
1575346992.152589, -153.0
1575346992.166695, -153.0
1575346992.181125, -153.0
1575346992.196243, -153.0
1575346992.211003, -153.0
1575346992.226058, -153.0
1575346992.241122, -153.0
1575346992.256093, -153.0
1575346992.271105, -153.0
1575346992.286111, -153.0
1575346992.301105, -153.0
1575346992.314858, -153.0
1575346992.329123, -153.0
1575346992.343561, -153.0
1575346992.358356, -153.0
1575346992.373463, -153.0
1575346992.388255, -153.0
1575346992.403119, -153.0
1575346992.418089, -153.0
1575346992.433268, -153.0
1575346992.448282, -153.0
1575346992.46348, -153.0
1575346992.478456, -153.0
1575346992.492906, -153.0
1575346992.683368, -153.0
1575346992.884392, -153.0
1575346993.0801, -153.0
1575346993.286775, -153.0
1575346993.300541, -153.0
1575346993.314235, -153.0
1575346993.508861, -153.0
1575346993.52244, -153.0
1575346993.716873, -153.0
1575346993.930568, -153.0
1575346994.130216, -153.0
1575346994.33955, -153.0
1575346994.353363, -153.0
1575346994.551769, -153.0
1575346994.565639, -153.0
1575346994.758138, -153.0
1575346994.962667, -153.0
1575346995.165853, -153.0
1575346995.17966, -153.0
1575346995.374504, -153.0
1575346995.563621, -153.0
1575346995.57709, -153.0
1575346995.776606, -153.0
1575346995.790283, -153.0
1575346995.803949, -153.0
1575346996.008748, -153.0
1575346996.022426, -153.0
1575346996.036006, -153.0
1575346996.049691, -153.0
1575346996.063189, -153.0
1575346996.076741, -153.0
1575346996.293305, -153.0
1575346996.491489, -153.0
1575346996.685087, -153.0
1575346996.698864, -153.0
1575346996.90681, -153.0
1575346996.92065, -153.0
1575346997.130345, -153.0
1575346997.144229, -153.0
1575346997.15793, -153.0
1575346997.171534, -153.0
1575346997.359967, -153.0
1575346997.373516, -153.0
1575346997.568066, -153.0
1575346997.581853, -153.0
1575346997.595516, -153.0
1575346997.609047, -153.0
1575346997.622824, -153.0
1575346997.831648, -153.0
1575346998.016427, -153.0
1575346998.030031, -153.0
1575346998.043719, -153.0
1575346998.057395, -153.0
1575346998.070958, -153.0
1575346998.084775, -153.0
1575346998.098274, -153.0
1575346998.112041, -153.0
1575346998.12553, -153.0
1575346998.338522, -153.0
1575346998.531, -153.0
1575346998.72404, -153.0
1575346998.737911, -153.0
1575346998.751705, -153.0
1575346998.949203, -153.0
1575346999.144213, -153.0
1575346999.15806, -153.0
1575346999.171679, -153.0
1575346999.185452, -153.0
1575346999.384264, -153.0
1575346999.563176, -153.0
1575346999.747148, -153.0
1575346999.760773, -153.0
1575346999.955732, -153.0
1575347000.165385, -153.0
1575347000.178985, -153.0
1575347000.382458, -153.0
1575347000.396256, -153.0
1575347000.409866, -153.0
1575347000.600755, -153.0
1575347000.614433, -153.0
1575347000.627993, -153.0
1575347000.641481, -153.0
1575347000.655127, -153.0
1575347000.668713, -153.0
1575347000.868167, -153.0
1575347001.071188, -153.0
1575347001.084821, -153.0
1575347001.303771, -153.0
1575347001.317607, -153.0
1575347001.522823, -153.0
1575347001.536606, -153.0
1575347001.550161, -153.0
1575347001.563712, -153.0
1575347001.577331, -153.0
1575347001.59114, -153.0
1575347001.780443, -153.0
1575347001.971252, -153.0
1575347001.985058, -153.0
1575347002.168815, -153.0
1575347002.182517, -153.0
1575347002.386645, -153.0
1575347002.58571, -153.0
1575347002.599448, -153.0
1575347002.798931, -153.0
1575347002.812766, -153.0
1575347003.020433, -153.0
1575347003.034298, -153.0
1575347003.047828, -153.0
1575347003.238471, -153.0
1575347003.252067, -153.0
1575347003.265842, -153.0
1575347003.46385, -153.0
1575347003.661013, -153.0
1575347003.67489, -153.0
1575347003.688452, -153.0
1575347003.877397, -153.0
1575347004.082576, -153.0
1575347004.290073, -153.0
1575347004.489467, -153.0
1575347004.503321, -153.0
1575347004.705909, -153.0
1575347004.904795, -153.0
1575347005.124865, -153.0
1575347005.138716, -153.0
1575347005.327389, -153.0
1575347005.527301, -153.0
1575347005.72334, -153.0
1575347005.936604, -153.0
1575347006.131458, -153.0
1575347006.324266, -153.0
1575347006.528638, -153.0
1575347006.542477, -153.0
1575347006.744413, -153.0
1575347006.758052, -153.0
1575347006.951374, -153.0
1575347007.144664, -153.0
1575347007.338027, -153.0
1575347007.351688, -153.0
1575347007.365404, -153.0
1575347007.378934, -153.0
1575347007.580042, -153.0
1575347007.775207, -153.0
1575347007.98438, -153.0
1575347008.189527, -153.0
1575347008.203307, -153.0
1575347008.418933, -153.0
1575347008.432728, -153.0
1575347008.641158, -153.0
1575347005.322234, -153.0
1575347005.335826, -153.0
1575347005.349402, -153.0
1575347005.363447, -153.0
1575347005.377052, -153.0
1575347005.390731, -153.0
1575347005.40443, -153.0
1575347005.418181, -153.0
1575347005.432139, -153.0
1575347005.446139, -153.0
1575347005.460497, -153.0
1575347005.474694, -153.0
1575347005.489014, -153.0
1575347005.503355, -153.0
1575347005.517644, -153.0
1575347005.53171, -153.0
1575347005.545495, -153.0
1575347005.745855, -153.0
1575347005.957308, -153.0
1575347005.97092, -153.0
1575347005.984676, -153.0
1575347006.170086, -153.0
1575347006.371815, -153.0
1575347006.576295, -153.0
1575347006.77548, -153.0
1575347006.788968, -153.0
1575347006.999934, -153.0
1575347007.187335, -153.0
1575347007.387719, -153.0
1575347007.580979, -153.0
1575347007.594634, -153.0
1575347007.788813, -153.0
1575347007.972109, -153.0
1575347007.985721, -153.0
1575347008.205099, -153.0
1575347008.394649, -153.0
1575347008.588575, -153.0
1575347008.800481, -153.0
1575347009.007452, -153.0
1575347009.22803, -153.0
1575347009.419963, -153.0
1575347009.643959, -153.0
1575347009.849923, -153.0
1575347009.86345, -153.0
1575347010.073595, -153.0
1575347010.087355, -153.0
1575347010.280635, -153.0
1575347010.294177, -153.0
1575347010.307919, -153.0
1575347010.503681, -153.0
1575347010.705712, -153.0
1575347010.911442, -153.0
1575347011.114586, -153.0
1575347011.323537, -153.0
1575347011.534863, -153.0
1575347011.757977, -153.0
1575347011.985533, -153.0
1575347012.204214, -153.0
1575347012.401125, -153.0
1575347012.592634, -153.0
1575347012.800787, -153.0
1575347012.999358, -153.0
1575347013.204653, -153.0
1575347013.218414, -153.0
1575347013.432741, -153.0
1575347013.631669, -153.0
1575347013.819157, -153.0
1575347014.02045, -153.0
1575347014.229406, -153.0
1575347014.42933, -153.0
1575347014.632114, -153.0
1575347014.848464, -153.0
1575347015.041238, -153.0
1575347015.25858, -153.0
1575347015.457248, -153.0
1575347015.660695, -153.0
1575347015.875405, -153.0
1575347016.079094, -153.0
1575347016.294407, -153.0
1575347016.486801, -153.0
1575347016.69163, -153.0
1575347016.908707, -153.0
1575347017.110373, -153.0
1575347017.307003, -153.0
1575347017.483721, -153.0
1575347017.702925, -153.0
1575347017.899549, -153.0
1575347018.104209, -153.0
1575347018.30241, -153.0
1575347018.513745, -153.0
1575347018.717563, -153.0
1575347018.916552, -153.0
1575347019.116182, -153.0
1575347019.299972, -153.0
1575347019.505996, -153.0
1575347019.734258, -153.0
1575347019.931589, -153.0
1575347020.154981, -153.0
1575347020.357632, -153.0
1575347020.563672, -153.0
1575347020.779796, -153.0
1575347020.984655, -153.0
1575347021.185422, -153.0
1575347021.408191, -153.0
1575347021.604391, -153.0
1575347021.814977, -153.0
1575347022.027191, -153.0
1575347022.251952, -153.0
1575347022.438732, -153.0
1575347022.626611, -153.0
1575347022.828593, -153.0
1575347023.042124, -153.0
1575347023.246923, -153.0
1575347023.451516, -153.0
1575347023.664067, -153.0
1575347023.888693, -153.0
1575347024.10076, -153.0
1575347024.304779, -153.0
1575347024.517814, -153.0
1575347024.730676, -153.0
1575347024.94169, -153.0
1575347025.130463, -153.0
1575347025.333344, -153.0
1575347025.542873, -153.0
1575347025.741451, -153.0
1575347025.93517, -153.0
1575347026.13124, -153.0
1575347026.33206, -153.0
1575347026.530188, -153.0
1575347026.543844, -153.0
1575347026.75769, -153.0
1575347026.974604, -153.0
1575347027.167343, -153.0
1575347027.381058, -153.0
1575347027.577118, -153.0
1575347027.784764, -153.0
1575347027.997765, -153.0
1575347028.19077, -153.0
1575347028.397839, -153.0
1575347028.598904, -153.0
1575347028.794499, -153.0
1575347029.002784, -153.0
1575347029.204305, -153.0
1575347029.427528, -153.0
1575347029.630212, -153.0
1575347029.854501, -153.0
1575347030.054286, -153.0
1575347030.256642, -153.0
1575347030.456862, -153.0
1575347030.673005, -153.0
1575347030.894052, -153.0
1575347031.103696, -153.0
1575347031.299669, -153.0
1575347031.511211, -153.0
1575347031.717698, -153.0
1575347031.935932, -153.0
1575347032.152431, -153.0
1575347032.352692, -153.0
1575347032.563212, -153.0
1575347032.776644, -153.0
1575347032.984232, -153.0
1575347033.183448, -153.0
1575347033.381687, -153.0
1575347033.581509, -153.0
1575347033.595266, -153.0
1575347033.800526, -153.0
1575347034.000198, -153.0
1575347034.216157, -153.0
1575347034.432486, -153.0
1575347034.446035, -153.0
1575347034.657404, -153.0
1575347034.870539, -153.0
1575347035.06757, -153.0
1575347035.266677, -153.0
1575347035.477735, -153.0
1575347035.675103, -153.0
1575347035.860891, -153.0
1575347036.063368, -153.0
1575347036.274382, -153.0
1575347036.476402, -153.0
1575347036.672521, -153.0
1575347036.8688, -153.0
1575347037.093821, -153.0
1575347037.107585, -153.0
1575347037.309127, -153.0
1575347037.489919, -153.0
1575347037.698517, -153.0
1575347037.900235, -153.0
1575347038.113702, -153.0
1575347038.322886, -153.0
1575347038.536005, -153.0
1575347038.753965, -153.0
1575347038.981186, -153.0
1575347039.195917, -153.0
1575347039.406983, -153.0
1575347039.616229, -153.0
1575347039.629816, -153.0
1575347039.824369, -153.0
1575347040.027024, -153.0
1575347040.228613, -153.0
1575347040.430804, -153.0
1575347040.641122, -153.0
1575347040.852492, -153.0
1575347041.067655, -153.0
1575347041.267188, -153.0
1575347041.476006, -153.0
1575347041.6953, -153.0
1575347041.902733, -153.0
1575347042.097693, -153.0
1575347042.308893, -153.0
1575347042.522485, -153.0
1575347042.721579, -153.0
1575347042.919408, -153.0
1575347043.13299, -153.0
1575347043.356937, -153.0
1575347043.55093, -153.0
1575347043.753761, -153.0
1575347043.957909, -153.0
1575347044.170957, -153.0
1575347044.396522, -153.0
1575347044.609414, -153.0
1575347044.815903, -153.0
1575347045.02679, -153.0
1575347045.221751, -153.0
1575347045.434379, -153.0
1575347045.646201, -153.0
1575347045.858323, -153.0
1575347046.064914, -153.0
1575347046.253863, -153.0
1575347046.458392, -153.0
1575347046.658611, -153.0
1575347046.865228, -153.0
1575347047.065616, -153.0
1575347047.255302, -153.0
1575347047.455029, -153.0
1575347047.669756, -153.0
1575347047.875382, -153.0
1575347048.087188, -153.0
1575347048.29564, -153.0
1575347048.48267, -153.0
1575347048.674373, -153.0
1575347048.895893, -153.0
1575347049.088855, -153.0
1575347049.292843, -153.0
1575347049.515411, -153.0
1575347049.722816, -153.0
1575347049.934295, -153.0
1575347050.141301, -153.0
1575347050.342235, -153.0
1575347050.552079, -153.0
1575347008.671479, -153.0
1575347008.685299, -153.0
1575347008.698896, -153.0
1575347008.909219, -153.0
1575347008.922995, -153.0
1575347008.936667, -153.0
1575347008.950267, -153.0
1575347008.963856, -153.0
1575347008.977683, -153.0
1575347008.991327, -153.0
1575347009.005155, -153.0
1575347009.018709, -153.0
1575347009.032478, -153.0
1575347009.046024, -153.0
1575347009.059799, -153.0
1575347009.263571, -153.0
1575347009.277223, -153.0
1575347009.290947, -153.0
1575347009.304604, -153.0
1575347009.503578, -153.0
1575347009.51737, -153.0
1575347009.531064, -153.0
1575347009.544675, -153.0
1575347009.558217, -153.0
1575347009.571995, -153.0
1575347009.585609, -153.0
1575347009.599426, -153.0
1575347009.613026, -153.0
1575347009.626809, -153.0
1575347009.640572, -153.0
1575347009.655517, -153.0
1575347009.670721, -153.0
1575347009.685796, -153.0
1575347009.700686, -153.0
1575347009.715568, -153.0
1575347009.730191, -153.0
1575347009.744774, -153.0
1575347009.75933, -153.0
1575347009.773986, -153.0
1575347009.788584, -153.0
1575347009.803077, -153.0
1575347009.817841, -153.0
1575347009.832327, -153.0
1575347009.846624, -153.0
1575347009.860267, -153.0
1575347009.873818, -153.0
1575347009.887407, -153.0
1575347009.901231, -153.0
1575347009.914883, -153.0
1575347009.928838, -153.0
1575347009.942657, -153.0
1575347009.956363, -153.0
1575347009.97044, -153.0
1575347009.984221, -153.0
1575347009.998272, -153.0
1575347010.012112, -153.0
1575347010.02612, -153.0
1575347010.039858, -153.0
1575347010.053887, -153.0
1575347010.067718, -153.0
1575347010.081556, -153.0
1575347010.095328, -153.0
1575347010.109128, -153.0
1575347010.123082, -153.0
1575347010.13697, -153.0
1575347010.150892, -153.0
1575347010.164737, -153.0
1575347010.178685, -153.0
1575347010.192501, -153.0
1575347010.206472, -153.0
1575347010.220295, -153.0
1575347010.234542, -153.0
1575347010.248434, -153.0
1575347010.262264, -153.0
1575347010.276423, -153.0
1575347010.290156, -153.0
1575347010.304003, -153.0
1575347010.317777, -153.0
1575347010.331836, -153.0
1575347010.345637, -153.0
1575347010.359652, -153.0
1575347010.373402, -153.0
1575347010.387097, -153.0
1575347010.585345, -153.0
1575347010.599155, -153.0
1575347010.612715, -153.0
1575347010.626441, -153.0
1575347010.639991, -153.0
1575347010.653686, -153.0
1575347010.667218, -153.0
1575347010.850226, -153.0
1575347010.863987, -153.0
1575347010.877632, -153.0
1575347010.891341, -153.0
1575347010.904902, -153.0
1575347010.918445, -153.0
1575347010.932017, -153.0
1575347010.945596, -153.0
1575347010.959108, -153.0
1575347011.182779, -153.0
1575347011.196435, -153.0
1575347011.210128, -153.0
1575347011.223742, -153.0
1575347011.237402, -153.0
1575347011.452756, -153.0
1575347011.649884, -153.0
1575347011.855568, -153.0
1575347012.069236, -153.0
1575347012.290486, -153.0
1575347012.499833, -153.0
1575347012.692297, -153.0
1575347012.889342, -153.0
1575347013.094504, -153.0
1575347013.291151, -153.0
1575347013.494285, -153.0
1575347013.686501, -153.0
1575347013.898094, -153.0
1575347014.107406, -153.0
1575347014.3147, -153.0
1575347014.522965, -153.0
1575347014.721888, -153.0
1575347014.916711, -153.0
1575347015.132996, -153.0
1575347015.318846, -153.0
1575347015.52862, -153.0
1575347015.727156, -153.0
1575347015.924999, -153.0
1575347016.130711, -153.0
1575347016.332255, -153.0
1575347016.534449, -153.0
1575347016.724609, -153.0
1575347016.924656, -153.0
1575347017.13656, -153.0
1575347017.330722, -153.0
1575347017.34458, -153.0
1575347017.358219, -153.0
1575347017.371918, -153.0
1575347017.385554, -153.0
1575347017.39931, -153.0
1575347017.412899, -153.0
1575347017.426738, -153.0
1575347017.44049, -153.0
1575347017.45406, -153.0
1575347017.46785, -153.0
1575347017.481475, -153.0
1575347017.49519, -153.0
1575347017.509007, -153.0
1575347017.522978, -153.0
1575347017.53688, -153.0
1575347017.550773, -153.0
1575347017.73817, -153.0
1575347017.932183, -153.0
1575347018.127984, -153.0
1575347018.313011, -153.0
1575347018.507838, -153.0
1575347018.718683, -153.0
1575347018.923462, -153.0
1575347019.114922, -153.0
1575347019.309783, -153.0
1575347019.486085, -153.0
1575347019.690307, -153.0
1575347019.911814, -153.0
1575347020.116146, -153.0
1575347020.329724, -153.0
1575347020.530188, -153.0
1575347020.543826, -153.0
1575347020.735718, -153.0
1575347020.960391, -153.0
1575347021.172438, -153.0
1575347021.369245, -153.0
1575347021.567539, -153.0
1575347021.7632, -153.0
1575347021.964817, -153.0
1575347022.161858, -153.0
1575347022.376699, -153.0
1575347022.567926, -153.0
1575347022.747828, -153.0
1575347022.942052, -153.0
1575347023.14962, -153.0
1575347023.344677, -153.0
1575347023.549869, -153.0
1575347023.753475, -153.0
1575347023.970186, -153.0
1575347024.173216, -153.0
1575347024.383155, -153.0
1575347024.588088, -153.0
1575347024.792741, -153.0
1575347024.997163, -153.0
1575347025.179761, -153.0
1575347025.377949, -153.0
1575347025.582583, -153.0
1575347025.776357, -153.0
1575347025.967162, -153.0
1575347026.155206, -153.0
1575347026.350404, -153.0
1575347026.54086, -153.0
1575347026.743474, -153.0
1575347026.938289, -153.0
1575347027.128397, -153.0
1575347027.318665, -153.0
1575347027.332457, -153.0
1575347027.533977, -153.0
1575347027.726632, -153.0
1575347027.947057, -153.0
1575347028.136871, -153.0
1575347028.337167, -153.0
1575347028.53002, -153.0
1575347028.719412, -153.0
1575347028.92187, -153.0
1575347029.116116, -153.0
1575347029.329199, -153.0
1575347029.528441, -153.0
1575347029.746494, -153.0
1575347029.937416, -153.0
1575347030.134079, -153.0
1575347030.327122, -153.0
1575347030.537546, -153.0
1575347030.754427, -153.0
1575347030.9614, -153.0
1575347031.151158, -153.0
1575347031.356509, -153.0
1575347031.548199, -153.0
1575347031.756949, -153.0
1575347031.966785, -153.0
1575347032.160889, -153.0
1575347032.360018, -153.0
1575347032.565098, -153.0
1575347032.767292, -153.0
1575347032.781089, -153.0
1575347032.79479, -153.0
1575347032.808426, -153.0
1575347032.821919, -153.0
1575347032.835703, -153.0
1575347032.849353, -153.0
1575347032.863092, -153.0
1575347032.876647, -153.0
1575347032.890346, -153.0
1575347032.9039, -153.0
1575347032.917663, -153.0
1575347032.931211, -153.0
1575347032.945286, -153.0
1575347032.959743, -153.0
1575347032.973772, -153.0
1575347032.988348, -153.0
1575347033.002446, -153.0
1575347033.016657, -153.0
1575347033.030758, -153.0
1575347033.04506, -153.0
1575347033.05923, -153.0
1575347033.07486, -153.0
1575347022.537355, -153.0
1575347022.550944, -153.0
1575347022.56481, -153.0
1575347022.578358, -153.0
1575347022.592025, -153.0
1575347022.806379, -153.0
1575347022.820199, -153.0
1575347022.833781, -153.0
1575347022.847398, -153.0
1575347022.860913, -153.0
1575347022.874621, -153.0
1575347023.060767, -153.0
1575347023.074283, -153.0
1575347023.281508, -153.0
1575347023.295109, -153.0
1575347023.308925, -153.0
1575347023.322397, -153.0
1575347023.336116, -153.0
1575347023.34966, -153.0
1575347023.363284, -153.0
1575347023.377774, -153.0
1575347023.391453, -153.0
1575347023.405251, -153.0
1575347023.595836, -153.0
1575347023.609668, -153.0
1575347023.804398, -153.0
1575347024.011865, -153.0
1575347024.227194, -153.0
1575347024.24104, -153.0
1575347024.254788, -153.0
1575347024.268636, -153.0
1575347024.282247, -153.0
1575347024.296146, -153.0
1575347024.309794, -153.0
1575347024.323907, -153.0
1575347024.338103, -153.0
1575347024.352511, -153.0
1575347024.367064, -153.0
1575347024.381533, -153.0
1575347024.396445, -153.0
1575347024.410171, -153.0
1575347024.424292, -153.0
1575347024.437946, -153.0
1575347024.451693, -153.0
1575347024.465208, -153.0
1575347024.668553, -153.0
1575347024.863636, -153.0
1575347024.877412, -153.0
1575347024.891205, -153.0
1575347025.103714, -153.0
1575347025.117512, -153.0
1575347025.131316, -153.0
1575347025.144886, -153.0
1575347025.341915, -153.0
1575347025.532078, -153.0
1575347025.545959, -153.0
1575347025.559879, -153.0
1575347025.573414, -153.0
1575347025.587096, -153.0
1575347025.601516, -153.0
1575347025.615474, -153.0
1575347025.629325, -153.0
1575347025.826398, -153.0
1575347025.84028, -153.0
1575347025.853858, -153.0
1575347025.867621, -153.0
1575347025.881298, -153.0
1575347025.895057, -153.0
1575347025.90868, -153.0
1575347025.922358, -153.0
1575347026.147852, -153.0
1575347026.362971, -153.0
1575347026.376654, -153.0
1575347026.390529, -153.0
1575347026.404138, -153.0
1575347026.608147, -153.0
1575347026.622013, -153.0
1575347026.635804, -153.0
1575347026.649512, -153.0
1575347026.836036, -153.0
1575347026.849899, -153.0
1575347027.050019, -153.0
1575347027.063597, -153.0
1575347027.07731, -153.0
1575347027.090937, -153.0
1575347027.104769, -153.0
1575347027.314711, -153.0
1575347027.328551, -153.0
1575347027.342408, -153.0
1575347027.356195, -153.0
1575347027.370038, -153.0
1575347027.384212, -153.0
1575347027.398472, -153.0
1575347027.413126, -153.0
1575347027.427409, -153.0
1575347027.441349, -153.0
1575347027.455351, -153.0
1575347027.469683, -153.0
1575347027.483926, -153.0
1575347027.498276, -153.0
1575347027.512522, -153.0
1575347027.526923, -153.0
1575347027.541101, -153.0
1575347027.555745, -153.0
1575347027.569951, -153.0
1575347027.584185, -153.0
1575347027.598797, -153.0
1575347027.612954, -153.0
1575347027.627403, -153.0
1575347027.641578, -153.0
1575347027.655925, -153.0
1575347027.670102, -153.0
1575347027.684344, -153.0
1575347027.69835, -153.0
1575347027.876721, -153.0
1575347027.890566, -153.0
1575347027.90424, -153.0
1575347027.917895, -153.0
1575347027.931493, -153.0
1575347027.945225, -153.0
1575347027.95875, -153.0
1575347027.972513, -153.0
1575347027.986046, -153.0
1575347027.999758, -153.0
1575347028.197951, -153.0
1575347028.211497, -153.0
1575347028.225203, -153.0
1575347028.238801, -153.0
1575347028.252275, -153.0
1575347028.265999, -153.0
1575347028.279554, -153.0
1575347028.293274, -153.0
1575347028.306803, -153.0
1575347028.523341, -153.0
1575347028.536941, -153.0
1575347028.550624, -153.0
1575347028.56428, -153.0
1575347028.57781, -153.0
1575347028.591537, -153.0
1575347028.605087, -153.0
1575347028.805275, -153.0
1575347028.81881, -153.0
1575347028.832588, -153.0
1575347028.846198, -153.0
1575347028.859977, -153.0
1575347029.045456, -153.0
1575347029.059157, -153.0
1575347029.072698, -153.0
1575347029.086282, -153.0
1575347029.288533, -153.0
1575347029.503408, -153.0
1575347029.517299, -153.0
1575347029.716051, -153.0
1575347029.920988, -153.0
1575347029.934726, -153.0
1575347030.140939, -153.0
1575347030.154681, -153.0
1575347030.168398, -153.0
1575347030.383926, -153.0
1575347030.589128, -153.0
1575347030.782595, -153.0
1575347030.992199, -153.0
1575347031.190286, -153.0
1575347031.377112, -153.0
1575347031.575139, -153.0
1575347031.588758, -153.0
1575347031.602329, -153.0
1575347031.616032, -153.0
1575347031.79271, -153.0
1575347031.996379, -153.0
1575347032.192738, -153.0
1575347032.40098, -153.0
1575347032.583704, -153.0
1575347032.79537, -153.0
1575347032.988613, -153.0
1575347033.185616, -153.0
1575347033.376142, -153.0
1575347033.389749, -153.0
1575347033.600636, -153.0
1575347033.614523, -153.0
1575347033.62823, -153.0
1575347033.843627, -153.0
1575347034.039311, -153.0
1575347034.248402, -153.0
1575347034.473783, -153.0
1575347034.686536, -153.0
1575347034.700118, -153.0
1575347034.900492, -153.0
1575347034.914065, -153.0
1575347034.927861, -153.0
1575347035.134621, -153.0
1575347035.341726, -153.0
1575347035.539296, -153.0
1575347035.736137, -153.0
1575347035.750007, -153.0
1575347035.963313, -153.0
1575347036.1789, -153.0
1575347036.192661, -153.0
1575347036.206119, -153.0
1575347036.219672, -153.0
1575347036.233194, -153.0
1575347036.443925, -153.0
1575347036.457497, -153.0
1575347036.471007, -153.0
1575347036.484622, -153.0
1575347036.498166, -153.0
1575347036.702513, -153.0
1575347036.913221, -153.0
1575347036.927194, -153.0
1575347036.940901, -153.0
1575347037.139095, -153.0
1575347037.355577, -153.0
1575347037.369498, -153.0
1575347037.567707, -153.0
1575347037.581334, -153.0
1575347037.594854, -153.0
1575347037.803644, -153.0
1575347037.996157, -153.0
1575347038.202153, -153.0
1575347038.215734, -153.0
1575347038.229183, -153.0
1575347038.43268, -153.0
1575347038.446463, -153.0
1575347038.460156, -153.0
1575347038.473675, -153.0
1575347038.683357, -153.0
1575347038.889497, -153.0
1575347039.078732, -153.0
1575347039.288684, -153.0
1575347039.501397, -153.0
1575347039.692858, -153.0
1575347039.895389, -153.0
1575347040.085222, -153.0
1575347040.296947, -153.0
1575347040.496875, -153.0
1575347040.70372, -153.0
1575347040.717337, -153.0
1575347040.731115, -153.0
1575347040.744738, -153.0
1575347040.758358, -153.0
1575347040.772214, -153.0
1575347040.785882, -153.0
1575347040.799551, -153.0
1575347040.813075, -153.0
1575347040.826884, -153.0
1575347040.840596, -153.0
1575347040.854322, -153.0
1575347040.867806, -153.0
1575347040.881383, -153.0
1575347040.895265, -153.0
1575347033.103079, -153.0
1575347033.116693, -153.0
1575347033.130466, -153.0
1575347033.330786, -153.0
1575347033.344662, -153.0
1575347033.358358, -153.0
1575347033.371956, -153.0
1575347033.385545, -153.0
1575347033.399343, -153.0
1575347033.412817, -153.0
1575347033.607533, -153.0
1575347033.621242, -153.0
1575347033.634904, -153.0
1575347033.648688, -153.0
1575347033.662345, -153.0
1575347033.67634, -153.0
1575347033.690372, -153.0
1575347033.704594, -153.0
1575347033.71874, -153.0
1575347033.733316, -153.0
1575347033.747465, -153.0
1575347033.761437, -153.0
1575347033.775195, -153.0
1575347033.788928, -153.0
1575347033.803215, -153.0
1575347033.81724, -153.0
1575347033.831901, -153.0
1575347033.846444, -153.0
1575347033.861149, -153.0
1575347033.875821, -153.0
1575347033.890582, -153.0
1575347033.905187, -153.0
1575347033.920012, -153.0
1575347033.934458, -153.0
1575347033.948315, -153.0
1575347033.961952, -153.0
1575347033.975832, -153.0
1575347033.989421, -153.0
1575347034.003023, -153.0
1575347034.016628, -153.0
1575347034.03032, -153.0
1575347034.043897, -153.0
1575347034.057506, -153.0
1575347034.247151, -153.0
1575347034.26086, -153.0
1575347034.274666, -153.0
1575347034.288217, -153.0
1575347034.301707, -153.0
1575347034.315501, -153.0
1575347034.329184, -153.0
1575347034.343725, -153.0
1575347034.359006, -153.0
1575347034.374405, -153.0
1575347034.389214, -153.0
1575347034.403948, -153.0
1575347034.419115, -153.0
1575347034.433125, -153.0
1575347034.446731, -153.0
1575347034.650398, -153.0
1575347034.663943, -153.0
1575347034.677741, -153.0
1575347034.691284, -153.0
1575347034.704864, -153.0
1575347034.718532, -153.0
1575347034.732083, -153.0
1575347034.745952, -153.0
1575347034.759741, -153.0
1575347034.773847, -153.0
1575347034.787605, -153.0
1575347034.801926, -153.0
1575347034.815774, -153.0
1575347034.830196, -153.0
1575347034.843821, -153.0
1575347034.85739, -153.0
1575347034.87149, -153.0
1575347035.05965, -153.0
1575347035.073286, -153.0
1575347035.086984, -153.0
1575347035.100537, -153.0
1575347035.301023, -153.0
1575347035.314751, -153.0
1575347035.328438, -153.0
1575347035.342066, -153.0
1575347035.355583, -153.0
1575347035.369105, -153.0
1575347035.382741, -153.0
1575347035.396494, -153.0
1575347035.411552, -153.0
1575347035.427055, -153.0
1575347035.442123, -153.0
1575347035.456667, -153.0
1575347035.471617, -153.0
1575347035.487219, -153.0
1575347035.502527, -153.0
1575347035.518176, -153.0
1575347035.53353, -153.0
1575347035.548531, -153.0
1575347035.562815, -153.0
1575347035.77739, -153.0
1575347035.790998, -153.0
1575347035.804809, -153.0
1575347035.818379, -153.0
1575347035.832135, -153.0
1575347035.845716, -153.0
1575347035.85946, -153.0
1575347035.872946, -153.0
1575347035.88651, -153.0
1575347035.90005, -153.0
1575347035.913606, -153.0
1575347036.108995, -153.0
1575347036.122548, -153.0
1575347036.136164, -153.0
1575347036.149625, -153.0
1575347036.163392, -153.0
1575347036.176989, -153.0
1575347036.190574, -153.0
1575347036.204092, -153.0
1575347036.21766, -153.0
1575347036.231254, -153.0
1575347036.244832, -153.0
1575347036.258356, -153.0
1575347036.450404, -153.0
1575347036.46423, -153.0
1575347036.477941, -153.0
1575347036.669952, -153.0
1575347036.683666, -153.0
1575347036.697547, -153.0
1575347036.711165, -153.0
1575347036.724917, -153.0
1575347036.738486, -153.0
1575347036.752155, -153.0
1575347036.956649, -153.0
1575347037.164199, -153.0
1575347037.177813, -153.0
1575347037.191322, -153.0
1575347037.205127, -153.0
1575347037.218631, -153.0
1575347037.232292, -153.0
1575347037.245889, -153.0
1575347037.441983, -153.0
1575347037.455825, -153.0
1575347037.469544, -153.0
1575347037.48313, -153.0
1575347037.496643, -153.0
1575347037.510413, -153.0
1575347037.523994, -153.0
1575347037.537704, -153.0
1575347037.551224, -153.0
1575347037.750298, -153.0
1575347037.763886, -153.0
1575347037.966669, -153.0
1575347037.98037, -153.0
1575347037.994125, -153.0
1575347038.007656, -153.0
1575347038.02142, -153.0
1575347038.035027, -153.0
1575347038.048695, -153.0
1575347038.062322, -153.0
1575347038.267607, -153.0
1575347038.281289, -153.0
1575347038.294838, -153.0
1575347038.308481, -153.0
1575347038.322189, -153.0
1575347038.335851, -153.0
1575347038.349358, -153.0
1575347038.36345, -153.0
1575347038.566654, -153.0
1575347038.580223, -153.0
1575347038.593952, -153.0
1575347038.607528, -153.0
1575347038.621135, -153.0
1575347038.634957, -153.0
1575347038.849592, -153.0
1575347038.863487, -153.0
1575347038.877225, -153.0
1575347038.890827, -153.0
1575347038.904371, -153.0
1575347038.918166, -153.0
1575347038.931709, -153.0
1575347038.945458, -153.0
1575347038.959049, -153.0
1575347038.97281, -153.0
1575347038.986317, -153.0
1575347039.000162, -153.0
1575347039.20687, -153.0
1575347039.422073, -153.0
1575347039.435657, -153.0
1575347039.449347, -153.0
1575347039.46282, -153.0
1575347039.66586, -153.0
1575347039.679697, -153.0
1575347039.693567, -153.0
1575347039.70711, -153.0
1575347039.720776, -153.0
1575347039.73448, -153.0
1575347039.748093, -153.0
1575347039.76182, -153.0
1575347039.775432, -153.0
1575347039.789179, -153.0
1575347039.802762, -153.0
1575347040.013986, -153.0
1575347040.027638, -153.0
1575347040.240576, -153.0
1575347040.254636, -153.0
1575347040.463259, -153.0
1575347040.476962, -153.0
1575347040.490773, -153.0
1575347040.504408, -153.0
1575347040.696246, -153.0
1575347040.710024, -153.0
1575347040.928711, -153.0
1575347041.133055, -153.0
1575347041.332875, -153.0
1575347041.517897, -153.0
1575347041.531712, -153.0
1575347041.749765, -153.0
1575347041.763831, -153.0
1575347041.984719, -153.0
1575347041.998307, -153.0
1575347042.177948, -153.0
1575347042.191795, -153.0
1575347042.205494, -153.0
1575347042.219068, -153.0
1575347042.232678, -153.0
1575347042.246443, -153.0
1575347042.448889, -153.0
1575347042.652246, -153.0
1575347042.83832, -153.0
1575347043.050981, -153.0
1575347043.266477, -153.0
1575347043.47259, -153.0
1575347043.674369, -153.0
1575347043.894056, -153.0
1575347043.907872, -153.0
1575347044.106085, -153.0
1575347044.307889, -153.0
1575347044.514199, -153.0
1575347044.706863, -153.0
1575347044.91735, -153.0
1575347044.930953, -153.0
1575347044.944697, -153.0
1575347045.152858, -153.0
1575347045.369493, -153.0
1575347045.576434, -153.0
1575347045.787787, -153.0
1575347045.995679, -153.0
1575347046.212454, -153.0
1575347046.226359, -153.0
1575347046.239996, -153.0
1575347046.253734, -153.0
1575347034.650118, -153.0
1575347034.854365, -153.0
1575347034.868014, -153.0
1575347034.8816, -153.0
1575347034.895462, -153.0
1575347035.096327, -153.0
1575347035.109967, -153.0
1575347035.12376, -153.0
1575347035.323893, -153.0
1575347035.337505, -153.0
1575347035.351285, -153.0
1575347035.365712, -153.0
1575347035.37943, -153.0
1575347035.393078, -153.0
1575347035.610006, -153.0
1575347035.623858, -153.0
1575347035.884156, -153.0
1575347036.085523, -153.0
1575347036.099593, -153.0
1575347036.114436, -153.0
1575347036.128749, -153.0
1575347036.142428, -153.0
1575347036.155967, -153.0
1575347036.169514, -153.0
1575347036.183076, -153.0
1575347036.196603, -153.0
1575347036.210078, -153.0
1575347036.223892, -153.0
1575347036.237785, -153.0
1575347036.251782, -153.0
1575347036.266068, -153.0
1575347036.28139, -153.0
1575347036.295888, -153.0
1575347036.494082, -153.0
1575347036.508414, -153.0
1575347036.52314, -153.0
1575347036.53863, -153.0
1575347036.553781, -153.0
1575347036.569684, -153.0
1575347036.585074, -153.0
1575347036.60063, -153.0
1575347036.616042, -153.0
1575347036.631646, -153.0
1575347036.646693, -153.0
1575347036.862895, -153.0
1575347037.074906, -153.0
1575347037.08876, -153.0
1575347037.102314, -153.0
1575347037.308555, -153.0
1575347037.509451, -153.0
1575347037.523764, -153.0
1575347037.538988, -153.0
1575347037.55423, -153.0
1575347037.569753, -153.0
1575347037.585082, -153.0
1575347037.600552, -153.0
1575347037.61581, -153.0
1575347037.630858, -153.0
1575347037.645538, -153.0
1575347037.660328, -153.0
1575347037.675174, -153.0
1575347037.690259, -153.0
1575347037.704928, -153.0
1575347037.719822, -153.0
1575347037.734791, -153.0
1575347037.74861, -153.0
1575347037.951681, -153.0
1575347038.16016, -153.0
1575347038.175646, -153.0
1575347038.190964, -153.0
1575347038.206312, -153.0
1575347038.221672, -153.0
1575347038.237078, -153.0
1575347038.250643, -153.0
1575347038.2644, -153.0
1575347038.27789, -153.0
1575347038.291995, -153.0
1575347038.48288, -153.0
1575347038.685744, -153.0
1575347038.894209, -153.0
1575347038.909157, -153.0
1575347038.923122, -153.0
1575347038.937961, -153.0
1575347038.953325, -153.0
1575347038.968012, -153.0
1575347038.981562, -153.0
1575347039.175522, -153.0
1575347039.189327, -153.0
1575347039.202919, -153.0
1575347039.392635, -153.0
1575347039.605785, -153.0
1575347039.818378, -153.0
1575347039.831994, -153.0
1575347039.845736, -153.0
1575347039.859323, -153.0
1575347039.872945, -153.0
1575347039.88675, -153.0
1575347040.076019, -153.0
1575347040.08963, -153.0
1575347040.103358, -153.0
1575347040.116909, -153.0
1575347040.13044, -153.0
1575347040.144227, -153.0
1575347040.349176, -153.0
1575347040.362977, -153.0
1575347040.563503, -153.0
1575347040.577323, -153.0
1575347040.767549, -153.0
1575347040.781205, -153.0
1575347040.9935, -153.0
1575347041.194479, -153.0
1575347041.208104, -153.0
1575347041.2219, -153.0
1575347041.235477, -153.0
1575347041.421026, -153.0
1575347041.434838, -153.0
1575347041.448623, -153.0
1575347041.462286, -153.0
1575347041.674965, -153.0
1575347041.688659, -153.0
1575347041.702755, -153.0
1575347041.716398, -153.0
1575347041.730493, -153.0
1575347041.930908, -153.0
1575347041.944578, -153.0
1575347041.958098, -153.0
1575347041.972168, -153.0
1575347041.985784, -153.0
1575347042.00003, -153.0
1575347042.200652, -153.0
1575347042.214578, -153.0
1575347042.22817, -153.0
1575347042.43214, -153.0
1575347042.637214, -153.0
1575347042.650977, -153.0
1575347042.854771, -153.0
1575347042.868584, -153.0
1575347042.882128, -153.0
1575347043.087128, -153.0
1575347043.100776, -153.0
1575347043.301503, -153.0
1575347043.315153, -153.0
1575347043.329, -153.0
1575347043.342691, -153.0
1575347043.548082, -153.0
1575347043.561666, -153.0
1575347043.761276, -153.0
1575347043.951001, -153.0
1575347043.964625, -153.0
1575347043.978375, -153.0
1575347043.992141, -153.0
1575347044.005746, -153.0
1575347044.019447, -153.0
1575347044.032948, -153.0
1575347044.234407, -153.0
1575347044.248553, -153.0
1575347044.262924, -153.0
1575347044.278087, -153.0
1575347044.293188, -153.0
1575347044.308527, -153.0
1575347044.324124, -153.0
1575347044.3393, -153.0
1575347044.354351, -153.0
1575347044.367949, -153.0
1575347044.381589, -153.0
1575347044.395612, -153.0
1575347044.409211, -153.0
1575347044.4233, -153.0
1575347044.438403, -153.0
1575347044.620365, -153.0
1575347044.830919, -153.0
1575347045.0405, -153.0
1575347045.242143, -153.0
1575347045.256275, -153.0
1575347045.269941, -153.0
1575347045.283778, -153.0
1575347045.486264, -153.0
1575347045.500223, -153.0
1575347045.513762, -153.0
1575347045.527613, -153.0
1575347045.541245, -153.0
1575347045.555074, -153.0
1575347045.874761, -153.0
1575347045.888678, -153.0
1575347045.902337, -153.0
1575347046.108788, -153.0
1575347046.122626, -153.0
1575347046.136237, -153.0
1575347046.149898, -153.0
1575347046.163749, -153.0
1575347046.345594, -153.0
1575347046.359549, -153.0
1575347046.563371, -153.0
1575347046.766712, -153.0
1575347046.780184, -153.0
1575347046.974086, -153.0
1575347047.177879, -153.0
1575347047.192592, -153.0
1575347047.207404, -153.0
1575347047.396637, -153.0
1575347047.5914, -153.0
1575347047.814621, -153.0
1575347048.020859, -153.0
1575347048.034958, -153.0
1575347048.048687, -153.0
1575347048.063527, -153.0
1575347048.078124, -153.0
1575347048.091633, -153.0
1575347048.105433, -153.0
1575347048.316424, -153.0
1575347048.329932, -153.0
1575347048.516441, -153.0
1575347048.529931, -153.0
1575347048.710592, -153.0
1575347048.928247, -153.0
1575347048.94176, -153.0
1575347048.956263, -153.0
1575347048.971247, -153.0
1575347048.986293, -153.0
1575347049.001504, -153.0
1575347049.016581, -153.0
1575347049.030927, -153.0
1575347049.045181, -153.0
1575347049.059784, -153.0
1575347049.074093, -153.0
1575347049.088764, -153.0
1575347049.103094, -153.0
1575347049.117376, -153.0
1575347049.13177, -153.0
1575347049.146457, -153.0
1575347049.160869, -153.0
1575347049.175194, -153.0
1575347049.189413, -153.0
1575347049.203462, -153.0
1575347049.217508, -153.0
1575347049.231638, -153.0
1575347049.245978, -153.0
1575347049.260048, -153.0
1575347049.273978, -153.0
1575347049.287656, -153.0
1575347049.301446, -153.0
1575347049.315134, -153.0
1575347049.328837, -153.0
1575347049.342411, -153.0
1575347049.356076, -153.0
1575347049.369672, -153.0
1575347049.383433, -153.0
1575347049.397035, -153.0
1575347049.410725, -153.0
1575347049.424352, -153.0
1575347040.922384, -153.0
1575347041.126079, -153.0
1575347041.139645, -153.0
1575347041.153341, -153.0
1575347041.166823, -153.0
1575347041.36791, -153.0
1575347041.381505, -153.0
1575347041.601851, -153.0
1575347041.615667, -153.0
1575347041.629401, -153.0
1575347041.834628, -153.0
1575347042.052978, -153.0
1575347042.066749, -153.0
1575347042.080373, -153.0
1575347042.093905, -153.0
1575347042.28186, -153.0
1575347042.295476, -153.0
1575347042.309287, -153.0
1575347042.502778, -153.0
1575347042.699261, -153.0
1575347042.71305, -153.0
1575347042.911336, -153.0
1575347043.110006, -153.0
1575347043.123527, -153.0
1575347043.1371, -153.0
1575347043.151072, -153.0
1575347043.349195, -153.0
1575347043.555577, -153.0
1575347043.764811, -153.0
1575347043.980398, -153.0
1575347043.993996, -153.0
1575347044.008019, -153.0
1575347044.021645, -153.0
1575347044.035114, -153.0
1575347044.049218, -153.0
1575347044.062812, -153.0
1575347044.076528, -153.0
1575347044.280782, -153.0
1575347044.490736, -153.0
1575347044.682567, -153.0
1575347044.882864, -153.0
1575347044.896682, -153.0
1575347045.087731, -153.0
1575347045.281786, -153.0
1575347045.295432, -153.0
1575347045.309102, -153.0
1575347045.322751, -153.0
1575347045.525343, -153.0
1575347045.720095, -153.0
1575347045.941882, -153.0
1575347045.955639, -153.0
1575347046.161914, -153.0
1575347046.374596, -153.0
1575347046.581911, -153.0
1575347046.595437, -153.0
1575347046.608875, -153.0
1575347046.622368, -153.0
1575347046.804643, -153.0
1575347046.818032, -153.0
1575347047.028161, -153.0
1575347047.228002, -153.0
1575347047.423877, -153.0
1575347047.635926, -153.0
1575347047.649393, -153.0
1575347047.662923, -153.0
1575347047.676395, -153.0
1575347047.689856, -153.0
1575347047.703259, -153.0
1575347047.716738, -153.0
1575347047.7301, -153.0
1575347047.743483, -153.0
1575347047.756931, -153.0
1575347047.770322, -153.0
1575347047.783727, -153.0
1575347047.797119, -153.0
1575347047.810536, -153.0
1575347047.824794, -153.0
1575347047.839494, -153.0
1575347047.853716, -153.0
1575347047.867902, -153.0
1575347047.882576, -153.0
1575347047.897037, -153.0
1575347048.12203, -153.0
1575347048.135441, -153.0
1575347048.148955, -153.0
1575347048.162335, -153.0
1575347048.377991, -153.0
1575347048.3915, -153.0
1575347048.404937, -153.0
1575347048.613187, -153.0
1575347048.799931, -153.0
1575347049.002168, -153.0
1575347049.224227, -153.0
1575347049.425158, -153.0
1575347049.623245, -153.0
1575347049.829051, -153.0
1575347050.030708, -153.0
1575347050.044197, -153.0
1575347050.057553, -153.0
1575347050.070892, -153.0
1575347050.269228, -153.0
1575347050.282609, -153.0
1575347050.29603, -153.0
1575347050.509841, -153.0
1575347050.7051, -153.0
1575347050.718545, -153.0
1575347050.92652, -153.0
1575347050.939969, -153.0
1575347050.953369, -153.0
1575347050.966762, -153.0
1575347050.98013, -153.0
1575347050.993474, -153.0
1575347051.187919, -153.0
1575347051.379237, -153.0
1575347051.392672, -153.0
1575347051.586563, -153.0
1575347051.793699, -153.0
1575347051.807168, -153.0
1575347052.006942, -153.0
1575347052.214415, -153.0
1575347052.40267, -153.0
1575347052.608899, -153.0
1575347052.804988, -153.0
1575347052.818364, -153.0
1575347053.013554, -153.0
1575347053.214459, -153.0
1575347053.411891, -153.0
1575347053.425278, -153.0
1575347053.620221, -153.0
1575347053.633611, -153.0
1575347053.646985, -153.0
1575347053.66037, -153.0
1575347053.673623, -153.0
1575347053.686979, -153.0
1575347053.700667, -153.0
1575347053.715206, -153.0
1575347053.729311, -153.0
1575347053.743204, -153.0
1575347053.757304, -153.0
1575347053.772236, -153.0
1575347053.787067, -153.0
1575347053.802241, -153.0
1575347053.817447, -153.0
1575347053.832604, -153.0
1575347053.847844, -153.0
1575347053.863005, -153.0
1575347053.878185, -153.0
1575347053.89335, -153.0
1575347053.908471, -153.0
1575347053.923668, -153.0
1575347053.938876, -153.0
1575347053.95406, -153.0
1575347053.969337, -153.0
1575347053.984567, -153.0
1575347053.999644, -153.0
1575347054.014826, -153.0
1575347054.02985, -153.0
1575347054.043478, -153.0
1575347054.237419, -153.0
1575347054.441481, -153.0
1575347054.454876, -153.0
1575347054.468297, -153.0
1575347054.48322, -153.0
1575347054.702289, -153.0
1575347054.715716, -153.0
1575347054.906914, -153.0
1575347054.92029, -153.0
1575347055.118524, -153.0
1575347055.316235, -153.0
1575347055.51435, -153.0
1575347055.72419, -153.0
1575347055.916302, -153.0
1575347055.929699, -153.0
1575347055.943079, -153.0
1575347055.956461, -153.0
1575347055.969756, -153.0
1575347055.983115, -153.0
1575347055.996429, -153.0
1575347056.19524, -153.0
1575347056.208682, -153.0
1575347056.222035, -153.0
1575347056.406432, -153.0
1575347056.419841, -153.0
1575347056.433137, -153.0
1575347056.446495, -153.0
1575347056.459736, -153.0
1575347056.473087, -153.0
1575347056.486427, -153.0
1575347056.49975, -153.0
1575347056.513094, -153.0
1575347056.52644, -153.0
1575347056.723621, -153.0
1575347056.737088, -153.0
1575347056.750417, -153.0
1575347056.763761, -153.0
1575347056.777129, -153.0
1575347056.790448, -153.0
1575347056.803761, -153.0
1575347056.817099, -153.0
1575347056.830349, -153.0
1575347057.003241, -153.0
1575347057.207259, -153.0
1575347057.220717, -153.0
1575347057.234076, -153.0
1575347057.24744, -153.0
1575347057.260739, -153.0
1575347057.458948, -153.0
1575347057.641462, -153.0
1575347057.65492, -153.0
1575347057.853849, -153.0
1575347058.060542, -153.0
1575347058.253126, -153.0
1575347058.448068, -153.0
1575347058.648973, -153.0
1575347058.846073, -153.0
1575347058.859477, -153.0
1575347059.076714, -153.0
1575347059.090285, -153.0
1575347059.103815, -153.0
1575347059.298423, -153.0
1575347059.500629, -153.0
1575347059.51412, -153.0
1575347059.691607, -153.0
1575347059.883215, -153.0
1575347060.090464, -153.0
1575347060.277231, -153.0
1575347060.478835, -153.0
1575347060.492252, -153.0
1575347060.505498, -153.0
1575347060.518824, -153.0
1575347060.532108, -153.0
1575347060.545438, -153.0
1575347060.755886, -153.0
1575347060.769284, -153.0
1575347060.96338, -153.0
1575347061.14447, -153.0
1575347061.321581, -153.0
1575347061.519399, -153.0
1575347061.729793, -153.0
1575347061.931301, -153.0
1575347062.128647, -153.0
1575347062.315708, -153.0
1575347062.523244, -153.0
1575347062.708884, -153.0
1575347062.722369, -153.0
1575347062.735686, -153.0
1575347062.749025, -153.0
1575347062.762324, -153.0
1575347062.950678, -153.0
1575347062.963956, -153.0
