1575347348.222589, -304.0
1575347348.43783, -291.0
1575347348.651202, -291.0
1575347348.864223, -291.0
1575347349.079822, -291.0
1575347349.29297, -291.0
1575347349.5068, -291.0
1575347349.720477, -291.0
1575347349.934048, -291.0
1575347350.147897, -291.0
1575347350.362795, -291.0
1575347350.576385, -291.0
1575347350.789455, -291.0
1575347351.003241, -291.0
1575347351.216663, -291.0
1575347351.451374, -291.0
1575347351.68676, -291.0
1575347351.922422, -291.0
1575347352.156675, -291.0
1575347352.379088, -291.0
1575347352.59798, -291.0
1575347352.813965, -291.0
1575347353.030599, -291.0
1575347353.247923, -291.0
1575347353.483374, -291.0
1575347353.718091, -291.0
1575347353.952038, -291.0
1575347354.16834, -291.0
1575347354.380971, -291.0
1575347354.593021, -291.0
1575347354.805075, -291.0
1575347355.017471, -291.0
1575347355.229898, -291.0
1575347355.441596, -291.0
1575347355.673387, -291.0
1575347355.885989, -291.0
1575347356.098366, -291.0
1575347356.310875, -291.0
1575347356.523222, -291.0
1575347356.735353, -291.0
1575347356.947817, -291.0
1575347357.16, -291.0
1575347357.37239, -291.0
1575347357.600101, -291.0
1575347357.819627, -291.0
1575347358.036965, -291.0
1575347358.266514, -291.0
1575347358.487078, -291.0
1575347358.706544, -291.0
1575347358.918922, -291.0
1575347348.745232, -291.0
1575347349.224683, -291.0
1575347349.708238, -291.0
1575347350.196783, -291.0
1575347350.682899, -291.0
1575347351.160574, -291.0
1575347351.643188, -291.0
1575347352.125258, -291.0
1575347352.607993, -291.0
1575347353.088322, -291.0
1575347353.569687, -291.0
1575347354.051189, -291.0
1575347354.531574, -291.0
1575347355.013277, -291.0
1575347355.495753, -291.0
1575347356.030984, -291.0
1575347356.583936, -291.0
1575347357.135431, -291.0
1575347357.686335, -291.0
1575347358.222672, -291.0
1575347358.750612, -291.0
1575347359.267042, -291.0
1575347359.78534, -281.0
1575347360.302343, -281.0
1575347360.849941, -281.0
1575347361.403683, -281.0
1575347361.950629, -281.0
1575347362.46304, -281.0
1575347362.954077, -281.0
1575347363.439457, -281.0
1575347363.921776, -281.0
1575347364.404085, -281.0
1575347364.886967, -281.0
1575347365.368445, -281.0
1575347365.885953, -281.0
1575347366.367708, -281.0
1575347366.850954, -281.0
1575347367.333243, -281.0
1575347367.81579, -281.0
1575347368.298238, -281.0
1575347368.7801, -281.0
1575347369.263225, -281.0
1575347369.747104, -281.0
1575347370.271963, -281.0
1575347370.758187, -281.0
1575347371.243438, -274.0
1575347371.761059, -274.0
1575347372.26611, -274.0
1575347372.768477, -274.0
1575347373.25746, -274.0
1575347348.282162, -291.0
1575347348.497118, -291.0
1575347348.710901, -291.0
1575347348.925376, -291.0
1575347349.14098, -291.0
1575347349.354568, -291.0
1575347349.568296, -291.0
1575347349.781821, -291.0
1575347350.006236, -291.0
1575347350.220584, -291.0
1575347350.436444, -291.0
1575347350.650967, -291.0
1575347350.865546, -291.0
1575347351.078884, -291.0
1575347351.294437, -291.0
1575347351.535528, -291.0
1575347351.779422, -291.0
1575347352.023335, -291.0
1575347352.264603, -291.0
1575347352.492488, -291.0
1575347352.716782, -291.0
1575347352.937251, -291.0
1575347353.158, -291.0
1575347353.379769, -291.0
1575347353.624341, -291.0
1575347353.867965, -291.0
1575347354.109002, -291.0
1575347354.329766, -291.0
1575347354.544888, -291.0
1575347354.758668, -291.0
1575347354.971258, -291.0
1575347355.183383, -291.0
1575347355.396328, -291.0
1575347355.60862, -291.0
1575347355.846991, -291.0
1575347356.059795, -291.0
1575347356.272917, -291.0
1575347356.485354, -291.0
1575347356.697732, -291.0
1575347356.910747, -291.0
1575347357.123042, -291.0
1575347357.336023, -291.0
1575347357.548937, -291.0
1575347357.786207, -291.0
1575347358.001044, -291.0
1575347358.214785, -291.0
1575347358.445909, -291.0
1575347358.669587, -291.0
1575347358.890952, -291.0
1575347359.103781, -291.0
1575347348.328368, -291.0
1575347348.543483, -291.0
1575347348.757508, -291.0
1575347348.971742, -291.0
1575347349.188046, -291.0
1575347349.402678, -291.0
1575347349.6189, -291.0
1575347349.834042, -291.0
1575347350.048904, -291.0
1575347350.264434, -291.0
1575347350.479562, -291.0
1575347350.694567, -291.0
1575347350.910132, -291.0
1575347351.12448, -291.0
1575347351.340698, -291.0
1575347351.577083, -291.0
1575347351.823828, -291.0
1575347352.06822, -291.0
1575347352.314738, -291.0
1575347352.556458, -291.0
1575347352.793898, -291.0
1575347353.024992, -291.0
1575347353.255554, -291.0
1575347353.487578, -291.0
1575347353.729995, -291.0
1575347353.976278, -291.0
1575347354.218921, -291.0
1575347354.44758, -291.0
1575347354.666399, -291.0
1575347354.8829, -291.0
1575347355.097672, -291.0
1575347355.312757, -291.0
1575347355.527918, -291.0
1575347355.742061, -291.0
1575347355.97615, -291.0
1575347356.191174, -291.0
1575347356.405876, -291.0
1575347356.621319, -291.0
1575347356.836145, -291.0
1575347357.051283, -291.0
1575347357.265535, -291.0
1575347357.480894, -291.0
1575347357.695866, -291.0
1575347357.932123, -291.0
1575347358.146596, -291.0
1575347358.360733, -291.0
1575347358.595491, -291.0
1575347358.821043, -291.0
1575347359.043998, -291.0
1575347359.25984, -291.0
1575347359.364794, -291.0
1575347359.578041, -281.0
1575347359.791854, -281.0
1575347360.006571, -281.0
1575347360.220771, -281.0
1575347360.434656, -281.0
1575347360.649852, -281.0
1575347360.874456, -281.0
1575347361.117321, -281.0
1575347361.361842, -281.0
1575347361.606822, -281.0
1575347361.846209, -281.0
1575347362.088084, -281.0
1575347362.327144, -281.0
1575347362.563367, -281.0
1575347362.789251, -281.0
1575347363.008493, -281.0
1575347363.223724, -281.0
1575347363.442526, -281.0
1575347363.685265, -281.0
1575347363.898607, -281.0
1575347364.112853, -281.0
1575347364.326792, -281.0
1575347364.540003, -281.0
1575347364.757396, -281.0
1575347364.981508, -281.0
1575347365.19883, -281.0
1575347365.427956, -281.0
1575347365.641895, -281.0
1575347365.881285, -281.0
1575347366.095015, -281.0
1575347366.341789, -281.0
1575347366.555995, -281.0
1575347366.771331, -281.0
1575347367.006718, -281.0
1575347367.250795, -281.0
1575347367.49345, -281.0
1575347367.737296, -281.0
1575347367.976447, -281.0
1575347368.21842, -281.0
1575347368.457733, -281.0
1575347368.67154, -281.0
1575347368.885198, -281.0
1575347369.098545, -281.0
1575347369.312368, -281.0
1575347369.526055, -281.0
1575347369.739735, -281.0
1575347369.953097, -281.0
1575347370.166642, -281.0
1575347370.380616, -281.0
1575347359.552254, -281.0
1575347359.766638, -281.0
1575347359.981095, -281.0
1575347360.195691, -281.0
1575347360.409348, -281.0
1575347360.623387, -281.0
1575347360.836754, -281.0
1575347361.060609, -281.0
1575347361.302655, -281.0
1575347361.546335, -281.0
1575347361.789411, -281.0
1575347362.030902, -281.0
1575347362.270322, -281.0
1575347362.506671, -281.0
1575347362.740185, -281.0
1575347362.964973, -281.0
1575347363.183371, -281.0
1575347363.397406, -281.0
1575347363.614587, -281.0
1575347363.856038, -281.0
1575347364.070455, -281.0
1575347364.285359, -281.0
1575347364.500041, -281.0
1575347364.713557, -281.0
1575347364.930797, -281.0
1575347365.159717, -281.0
1575347365.377176, -281.0
1575347365.60359, -281.0
1575347365.818265, -281.0
1575347366.052473, -281.0
1575347366.266747, -281.0
1575347366.50711, -281.0
1575347366.721507, -281.0
1575347366.937127, -281.0
1575347367.168926, -281.0
1575347367.41008, -281.0
1575347367.650811, -281.0
1575347367.892154, -281.0
1575347368.127033, -281.0
1575347368.366929, -281.0
1575347368.601757, -281.0
1575347368.816809, -281.0
1575347369.031852, -281.0
1575347369.246438, -281.0
1575347369.460907, -281.0
1575347369.67554, -281.0
1575347369.889491, -281.0
1575347370.105269, -281.0
1575347370.319969, -281.0
1575347370.534689, -281.0
1575347359.704246, -281.0
1575347359.919109, -281.0
1575347360.133254, -281.0
1575347360.347886, -281.0
1575347360.562098, -281.0
1575347360.776271, -281.0
1575347360.990402, -281.0
1575347361.215695, -281.0
1575347361.456834, -281.0
1575347361.700394, -281.0
1575347361.943606, -281.0
1575347362.184689, -281.0
1575347362.422861, -281.0
1575347362.660048, -281.0
1575347362.894655, -281.0
1575347363.11951, -281.0
1575347363.337812, -281.0
1575347363.552888, -281.0
1575347363.771167, -281.0
1575347364.014029, -281.0
1575347364.227883, -281.0
1575347364.441735, -281.0
1575347364.657595, -281.0
1575347364.871922, -281.0
1575347365.089877, -281.0
1575347365.312817, -281.0
1575347365.530754, -281.0
1575347365.760754, -281.0
1575347365.975266, -281.0
1575347366.216035, -281.0
1575347366.431399, -281.0
1575347366.677716, -281.0
1575347366.89225, -281.0
1575347367.108549, -281.0
1575347367.344951, -281.0
1575347367.589825, -281.0
1575347367.832051, -281.0
1575347368.075603, -281.0
1575347368.314422, -281.0
1575347368.556808, -281.0
1575347368.796921, -281.0
1575347369.011802, -281.0
1575347369.22678, -281.0
1575347369.441007, -281.0
1575347369.654585, -281.0
1575347369.869658, -281.0
1575347370.084946, -281.0
1575347370.299866, -281.0
1575347370.513865, -281.0
1575347370.728225, -281.0
1575347370.820808, -281.0
1575347371.036106, -274.0
1575347371.250818, -274.0
1575347371.467564, -274.0
1575347371.687837, -274.0
1575347371.919153, -274.0
1575347372.133866, -274.0
1575347372.349327, -274.0
1575347372.564998, -274.0
1575347372.779669, -274.0
1575347372.99443, -274.0
1575347373.208658, -274.0
1575347373.423374, -274.0
1575347373.637264, -274.0
1575347373.852069, -274.0
1575347374.066641, -274.0
1575347374.279405, -274.0
1575347374.495342, -274.0
1575347374.710471, -274.0
1575347374.925284, -274.0
1575347375.138611, -274.0
1575347375.352261, -274.0
1575347375.566393, -274.0
1575347375.780528, -274.0
1575347375.994755, -274.0
1575347376.208274, -274.0
1575347376.422802, -274.0
1575347376.636764, -274.0
1575347376.851308, -274.0
1575347377.073074, -274.0
1575347377.299037, -274.0
1575347377.517511, -274.0
1575347377.73101, -274.0
1575347377.945453, -274.0
1575347378.15902, -274.0
1575347378.372641, -274.0
1575347378.588017, -274.0
1575347378.802685, -274.0
1575347379.016682, -274.0
1575347379.23047, -274.0
1575347379.444825, -274.0
1575347379.658415, -274.0
1575347379.871762, -274.0
1575347380.08575, -274.0
1575347380.299765, -274.0
1575347380.514022, -274.0
1575347380.727995, -274.0
1575347380.943097, -274.0
1575347381.157525, -274.0
1575347381.372152, -274.0
1575347370.972553, -274.0
1575347371.186475, -274.0
1575347371.400062, -274.0
1575347371.616483, -274.0
1575347371.836051, -274.0
1575347372.069001, -274.0
1575347372.283035, -274.0
1575347372.496998, -274.0
1575347372.710601, -274.0
1575347372.924538, -274.0
1575347373.138778, -274.0
1575347373.351735, -274.0
1575347373.565978, -274.0
1575347373.779335, -274.0
1575347373.991704, -274.0
1575347374.205321, -274.0
1575347374.418546, -274.0
1575347374.634839, -274.0
1575347374.84897, -274.0
1575347375.062453, -274.0
1575347375.275482, -274.0
1575347375.488974, -274.0
1575347375.702245, -274.0
1575347375.91488, -274.0
1575347376.127474, -274.0
1575347376.340935, -274.0
1575347376.553634, -274.0
1575347376.765965, -274.0
1575347376.978831, -274.0
1575347377.199589, -274.0
1575347377.424331, -274.0
1575347377.643067, -274.0
1575347377.855676, -274.0
1575347378.06902, -274.0
1575347378.280853, -274.0
1575347378.494626, -274.0
1575347378.70955, -274.0
1575347378.922196, -274.0
1575347379.13558, -274.0
1575347379.347959, -274.0
1575347379.560976, -274.0
1575347379.774782, -274.0
1575347379.987945, -274.0
1575347380.200748, -274.0
1575347380.413873, -274.0
1575347380.62755, -274.0
1575347380.840122, -274.0
1575347381.053279, -274.0
1575347381.267191, -274.0
1575347381.479168, -274.0
1575347371.63772, -274.0
1575347372.119085, -274.0
1575347372.600317, -274.0
1575347373.085776, -274.0
1575347373.57994, -274.0
1575347374.099318, -274.0
1575347374.580077, -274.0
1575347375.058695, -274.0
1575347375.538605, -274.0
1575347376.018663, -274.0
1575347376.498878, -274.0
1575347376.977207, -274.0
1575347377.456912, -274.0
1575347377.937058, -274.0
1575347378.416834, -274.0
1575347378.89648, -274.0
1575347379.374967, -274.0
1575347379.858708, -274.0
1575347380.337789, -274.0
1575347380.817309, -274.0
1575347381.297367, -274.0
1575347381.778265, -274.0
1575347382.255777, -274.0
1575347382.732877, -274.0
1575347383.210769, -274.0
1575347383.687082, -274.0
1575347384.164527, -274.0
1575347384.642365, -274.0
1575347385.117997, -274.0
1575347385.612208, -274.0
1575347386.114954, -274.0
1575347386.60188, -274.0
1575347387.079762, -274.0
1575347387.557249, -274.0
1575347388.034518, -274.0
1575347388.513136, -274.0
1575347388.992637, -274.0
1575347389.472163, -274.0
1575347389.951175, -274.0
1575347390.42993, -274.0
1575347390.907503, -274.0
1575347391.385702, -274.0
1575347391.863558, -274.0
1575347392.342117, -274.0
1575347392.821285, -274.0
1575347393.298174, -274.0
1575347393.77586, -274.0
1575347394.254792, -274.0
1575347394.732871, -274.0
1575347395.210802, -274.0
1575347409.422649, -274.0
1575347409.477334, -274.0
1575347409.531042, -274.0
1575347410.265987, -274.0
1575347410.320028, -274.0
1575347410.374044, -274.0
1575347410.428297, -274.0
1575347410.482697, -274.0
1575347410.539836, -274.0
1575347410.601934, -274.0
1575347410.660299, -274.0
1575347410.71631, -274.0
1575347410.771277, -274.0
1575347410.826584, -274.0
1575347410.881862, -274.0
1575347410.939909, -274.0
1575347410.998261, -274.0
1575347411.056241, -274.0
1575347411.113995, -274.0
1575347412.090244, -274.0
1575347412.144039, -274.0
1575347412.918535, -274.0
1575347412.972431, -274.0
1575347413.026862, -274.0
1575347413.081607, -274.0
1575347414.008778, -274.0
1575347414.062636, -274.0
1575347414.116173, -274.0
1575347414.169742, -274.0
1575347414.223906, -274.0
1575347414.280284, -274.0
1575347414.337567, -274.0
1575347414.39401, -274.0
1575347414.450094, -274.0
1575347414.507017, -274.0
1575347414.563163, -274.0
1575347414.61805, -274.0
1575347414.673794, -274.0
1575347414.73057, -274.0
1575347414.786787, -274.0
1575347414.840569, -274.0
1575347414.894221, -274.0
1575347414.948424, -274.0
1575347415.002734, -274.0
1575347415.056543, -274.0
1575347415.110019, -274.0
1575347415.163703, -274.0
1575347415.21774, -274.0
1575347415.271553, -272.0
1575347415.325179, -272.0
1575347415.378848, -272.0
1575347415.432999, -272.0
1575347415.4871, -272.0
1575347415.540686, -272.0
1575347415.595135, -272.0
1575347415.648692, -272.0
1575347415.702357, -272.0
1575347415.756008, -272.0
1575347416.72088, -272.0
1575347416.774846, -272.0
1575347416.828608, -272.0
1575347418.244026, -272.0
1575347418.29998, -272.0
1575347418.356566, -272.0
1575347420.162381, -272.0
1575347420.218056, -272.0
1575347420.274899, -272.0
1575347420.331423, -272.0
1575347420.386928, -272.0
1575347420.44199, -272.0
1575347420.498545, -272.0
1575347420.555788, -272.0
1575347420.614371, -272.0
1575347420.674704, -272.0
1575347420.736919, -272.0
1575347420.79742, -272.0
1575347420.857326, -272.0
1575347420.918751, -272.0
1575347420.981006, -272.0
1575347421.043134, -272.0
1575347421.104408, -272.0
1575347421.165956, -272.0
1575347421.220509, -272.0
1575347421.274675, -272.0
1575347421.328374, -272.0
1575347421.38206, -272.0
1575347421.436161, -272.0
1575347421.490185, -272.0
1575347421.543663, -272.0
1575347421.597485, -272.0
1575347422.505752, -272.0
1575347422.560154, -272.0
1575347423.791752, -272.0
1575347423.845805, -272.0
1575347423.899901, -272.0
1575347423.959965, -272.0
1575347424.78051, -272.0
1575347424.83412, -272.0
1575347425.990725, -272.0
1575347426.04478, -272.0
1575347426.900191, -272.0
1575347426.953959, -272.0
1575347427.008834, -272.0
1575347427.065161, -272.0
1575347427.122025, -272.0
1575347427.17976, -272.0
1575347427.237571, -272.0
1575347427.296416, -272.0
1575347427.35678, -272.0
1575347427.417, -272.0
1575347427.477027, -272.0
1575347427.533202, -272.0
1575347427.592686, -272.0
1575347427.648727, -272.0
1575347427.70243, -272.0
1575347428.772428, -272.0
1575347428.826382, -272.0
1575347428.880784, -272.0
1575347429.672954, -272.0
1575347429.727313, -272.0
1575347429.781173, -272.0
1575347430.808704, -271.0
1575347430.862736, -271.0
1575347430.917601, -271.0
1575347431.940606, -271.0
1575347433.005524, -269.0
1575347433.059087, -269.0
1575347433.112729, -269.0
1575347433.956932, -269.0
1575347434.011066, -269.0
1575347434.066278, -269.0
1575347434.87805, -269.0
1575347435.654001, -269.0
1575347435.708172, -269.0
1575347435.762108, -269.0
1575347435.816476, -269.0
1575347435.871617, -269.0
1575347435.92727, -269.0
1575347435.983697, -269.0
1575347436.039962, -269.0
1575347436.096206, -269.0
1575347436.152383, -269.0
1575347436.208662, -269.0
1575347436.263431, -269.0
1575347436.318025, -269.0
1575347436.373215, -269.0
1575347436.427919, -269.0
1575347436.482571, -269.0
1575347437.396212, -269.0
1575347438.388102, -269.0
1575347439.428776, -269.0
1575347440.577008, -269.0
1575347441.750274, -269.0
1575347442.78887, -269.0
1575347443.822905, -269.0
1575347444.99988, -269.0
1575347446.01706, -269.0
1575347447.116563, -269.0
1575347448.139297, -269.0
1575347449.537157, -269.0
1575347450.547561, -269.0
1575347451.52114, -269.0
1575347452.538054, -269.0
1575347453.558646, -269.0
1575347454.51993, -269.0
1575347455.533895, -269.0
1575347456.607913, -269.0
1575347457.646308, -269.0
1575347458.681684, -269.0
1575347459.684631, -269.0
1575347460.671051, -269.0
1575347461.605818, -269.0
1575347462.602044, -269.0
1575347463.626446, -269.0
1575347463.68108, -269.0
1575347463.736607, -269.0
1575347463.794903, -269.0
1575347463.849561, -269.0
1575347463.903764, -269.0
1575347463.958478, -269.0
1575347464.013162, -269.0
1575347465.203423, -269.0
1575347466.337302, -269.0
1575347466.391513, -269.0
1575347466.445867, -269.0
1575347466.50067, -269.0
1575347466.5556, -269.0
1575347467.718971, -269.0
1575347468.86679, -269.0
1575347469.918364, -269.0
1575347471.040461, -269.0
1575347472.156835, -269.0
1575347473.512899, -269.0
1575347474.6072, -269.0
1575347475.649505, -269.0
1575347476.702592, -269.0
1575347477.980364, -269.0
1575347479.002416, -269.0
1575347480.006068, -269.0
1575347481.128377, -269.0
1575347482.149556, -269.0
1575347483.179455, -269.0
1575347484.372696, -269.0
1575347484.426915, -269.0
1575347484.481185, -269.0
1575347484.53564, -269.0
1575347484.589992, -269.0
1575347485.676525, -269.0
1575347486.819313, -269.0
1575347487.902301, -269.0
1575347487.956564, -269.0
1575347488.010941, -269.0
1575347489.107165, -269.0
1575347490.235013, -269.0
1575347491.301834, -269.0
1575347492.45265, -269.0
1575347493.577306, -269.0
1575347494.669814, -269.0
1575347494.724072, -269.0
1575347495.914396, -269.0
1575347496.929993, -269.0
1575347496.984431, -269.0
1575347498.110226, -269.0
1575347499.196801, -269.0
1575347500.277074, -269.0
1575347501.297423, -269.0
1575347502.309795, -269.0
1575347503.363718, -269.0
1575347504.454149, -269.0
1575347505.617687, -269.0
1575347505.671957, -269.0
1575347505.726493, -269.0
1575347505.781407, -269.0
1575347505.836931, -269.0
1575347505.895558, -269.0
1575347505.956174, -269.0
1575347506.017149, -269.0
1575347506.077692, -269.0
1575347506.135466, -269.0
1575347506.190306, -269.0
1575347506.244665, -269.0
1575347507.333059, -269.0
1575347508.352669, -269.0
1575347509.359565, -269.0
1575347510.373842, -269.0
1575347511.411627, -269.0
1575347512.500883, -269.0
1575347513.475968, -269.0
1575347514.459121, -269.0
1575347515.548956, -269.0
1575347409.451564, -274.0
1575347409.506135, -274.0
1575347409.55997, -274.0
1575347410.362386, -274.0
1575347410.416067, -274.0
1575347410.469707, -274.0
1575347410.525317, -274.0
1575347410.579726, -274.0
1575347410.63889, -274.0
1575347410.700654, -274.0
1575347410.759637, -274.0
1575347410.815693, -274.0
1575347410.870742, -274.0
1575347410.92682, -274.0
1575347410.982369, -274.0
1575347411.040504, -274.0
1575347411.100869, -274.0
1575347411.160789, -274.0
1575347411.220671, -274.0
1575347411.276028, -274.0
1575347411.329881, -274.0
1575347411.38375, -274.0
1575347411.43768, -274.0
1575347411.491511, -274.0
1575347411.545459, -274.0
1575347411.599199, -274.0
1575347411.652886, -274.0
1575347411.707783, -274.0
1575347411.764103, -274.0
1575347411.821059, -274.0
1575347411.877274, -274.0
1575347411.932944, -274.0
1575347411.986528, -274.0
1575347412.040433, -274.0
1575347412.094159, -274.0
1575347412.147689, -274.0
1575347412.204241, -274.0
1575347412.260965, -274.0
1575347412.314744, -274.0
1575347412.368691, -274.0
1575347412.422587, -274.0
1575347412.476274, -274.0
1575347412.530554, -274.0
1575347412.584416, -274.0
1575347412.638234, -274.0
1575347412.692541, -274.0
1575347412.746665, -274.0
1575347412.80078, -274.0
1575347412.855952, -274.0
1575347412.910755, -274.0
1575347412.964814, -274.0
1575347413.019058, -274.0
1575347413.073121, -274.0
1575347413.126742, -274.0
1575347413.18074, -274.0
1575347413.23496, -274.0
1575347413.289106, -274.0
1575347413.343229, -274.0
1575347413.397391, -274.0
1575347413.451177, -274.0
1575347413.504907, -274.0
1575347413.55882, -274.0
1575347413.612439, -274.0
1575347413.666281, -274.0
1575347413.720372, -274.0
1575347413.774768, -274.0
1575347413.828377, -274.0
1575347413.882372, -274.0
1575347413.93619, -274.0
1575347413.990036, -274.0
1575347414.043892, -274.0
1575347414.097659, -274.0
1575347414.151329, -274.0
1575347414.205215, -274.0
1575347414.259195, -274.0
1575347414.313103, -274.0
1575347414.366915, -274.0
1575347414.420643, -274.0
1575347414.474359, -274.0
1575347414.52817, -274.0
1575347414.581935, -274.0
1575347414.635981, -274.0
1575347414.689893, -274.0
1575347414.743864, -274.0
1575347414.797414, -274.0
1575347414.851085, -274.0
1575347414.904912, -274.0
1575347414.958754, -274.0
1575347415.01236, -274.0
1575347415.066641, -274.0
1575347415.120475, -274.0
1575347415.174543, -274.0
1575347415.228227, -274.0
1575347415.282046, -272.0
1575347415.335691, -272.0
1575347415.389696, -272.0
1575347415.44327, -272.0
1575347415.497107, -272.0
1575347415.550737, -272.0
1575347415.604356, -272.0
1575347415.657836, -272.0
1575347415.7117, -272.0
1575347415.765698, -272.0
1575347415.819457, -272.0
1575347415.873184, -272.0
1575347415.927111, -272.0
1575347415.980962, -272.0
1575347416.035479, -272.0
1575347416.089132, -272.0
1575347416.142709, -272.0
1575347416.196933, -272.0
1575347416.251279, -272.0
1575347416.304924, -272.0
1575347416.359948, -272.0
1575347416.413758, -272.0
1575347416.468043, -272.0
1575347416.522333, -272.0
1575347416.576777, -272.0
1575347417.517859, -272.0
1575347417.571587, -272.0
1575347417.625732, -272.0
1575347417.682347, -272.0
1575347417.736477, -272.0
1575347417.790788, -272.0
1575347417.844575, -272.0
1575347417.898713, -272.0
1575347417.952683, -272.0
1575347418.009107, -272.0
1575347418.068017, -272.0
1575347418.128031, -272.0
1575347418.188002, -272.0
1575347418.248685, -272.0
1575347418.309654, -272.0
1575347418.370381, -272.0
1575347418.430373, -272.0
1575347418.491124, -272.0
1575347418.552004, -272.0
1575347418.612841, -272.0
1575347418.673684, -272.0
1575347418.735266, -272.0
1575347418.796477, -272.0
1575347418.857449, -272.0
1575347418.913845, -272.0
1575347418.970528, -272.0
1575347419.025967, -272.0
1575347419.080594, -272.0
1575347419.134693, -272.0
1575347419.188853, -272.0
1575347419.243028, -272.0
1575347420.067468, -272.0
1575347420.121462, -272.0
1575347420.175661, -272.0
1575347420.23393, -272.0
1575347420.288506, -272.0
1575347420.347208, -272.0
1575347420.406733, -272.0
1575347420.46853, -272.0
1575347420.530521, -272.0
1575347420.592075, -272.0
1575347420.654154, -272.0
1575347420.716322, -272.0
1575347420.778439, -272.0
1575347420.840359, -272.0
1575347420.902281, -272.0
1575347420.964322, -272.0
1575347421.026188, -272.0
1575347421.087703, -272.0
1575347421.149342, -272.0
1575347421.211043, -272.0
1575347421.27256, -272.0
1575347421.334033, -272.0
1575347421.395909, -272.0
1575347421.457667, -272.0
1575347421.517245, -272.0
1575347422.632245, -272.0
1575347422.686225, -272.0
1575347422.740059, -272.0
1575347422.794154, -272.0
1575347422.847946, -272.0
1575347422.901713, -272.0
1575347422.955773, -272.0
1575347423.010296, -272.0
1575347423.065554, -272.0
1575347423.121145, -272.0
1575347423.175159, -272.0
1575347423.229149, -272.0
1575347423.282959, -272.0
1575347423.336891, -272.0
1575347423.39076, -272.0
1575347423.444812, -272.0
1575347423.498851, -272.0
1575347423.552983, -272.0
1575347423.606998, -272.0
1575347423.660736, -272.0
1575347423.714495, -272.0
1575347423.768388, -272.0
1575347423.822419, -272.0
1575347423.876257, -272.0
1575347423.930012, -272.0
1575347423.984157, -272.0
1575347424.0383, -272.0
1575347424.818956, -272.0
1575347424.872895, -272.0
1575347424.926635, -272.0
1575347426.276, -272.0
1575347427.142509, -272.0
1575347427.197138, -272.0
1575347427.2509, -272.0
1575347427.304811, -272.0
1575347427.358516, -272.0
1575347427.412787, -272.0
1575347427.467192, -272.0
1575347427.522372, -272.0
1575347427.577476, -272.0
1575347427.632957, -272.0
1575347427.688197, -272.0
1575347427.743207, -272.0
1575347427.798188, -272.0
1575347427.853444, -272.0
1575347427.909363, -272.0
1575347427.965069, -272.0
1575347428.020555, -272.0
1575347428.075479, -272.0
1575347428.130607, -272.0
1575347428.18542, -272.0
1575347428.240909, -272.0
1575347428.296079, -272.0
1575347429.251284, -272.0
1575347430.002996, -272.0
1575347430.918069, -271.0
1575347431.898135, -271.0
1575347431.954824, -271.0
1575347432.785093, -271.0
1575347432.838842, -271.0
1575347432.893265, -271.0
1575347432.949108, -271.0
1575347433.004472, -271.0
1575347433.059831, -269.0
1575347433.115605, -269.0
1575347433.170984, -269.0
1575347433.227634, -269.0
1575347433.282748, -269.0
1575347433.337926, -269.0
1575347433.394416, -269.0
1575347433.450431, -269.0
1575347433.50638, -269.0
1575347433.560774, -269.0
1575347434.56324, -269.0
1575347434.618501, -269.0
1575347434.673137, -269.0
1575347409.48625, -274.0
1575347409.541588, -274.0
1575347409.595952, -274.0
1575347410.364924, -274.0
1575347410.419066, -274.0
1575347410.473334, -274.0
1575347410.529519, -274.0
1575347410.584308, -274.0
1575347410.643453, -274.0
1575347410.705359, -274.0
1575347410.763886, -274.0
1575347410.819523, -274.0
1575347410.873997, -274.0
1575347410.930255, -274.0
1575347410.985502, -274.0
1575347411.042891, -274.0
1575347411.102967, -274.0
1575347411.162548, -274.0
1575347411.222175, -274.0
1575347411.278235, -274.0
1575347411.33234, -274.0
1575347411.386313, -274.0
1575347411.440662, -274.0
1575347411.494734, -274.0
1575347411.548531, -274.0
1575347411.602401, -274.0
1575347411.656177, -274.0
1575347411.71149, -274.0
1575347411.767592, -274.0
1575347411.82418, -274.0
1575347411.880776, -274.0
1575347411.936465, -274.0
1575347411.990799, -274.0
1575347412.044709, -274.0
1575347412.098828, -274.0
1575347412.152634, -274.0
1575347412.209224, -274.0
1575347412.265975, -274.0
1575347412.319798, -274.0
1575347412.373527, -274.0
1575347412.427603, -274.0
1575347412.481617, -274.0
1575347412.535853, -274.0
1575347412.589607, -274.0
1575347412.643514, -274.0
1575347412.697482, -274.0
1575347412.751916, -274.0
1575347412.806595, -274.0
1575347412.861159, -274.0
1575347412.916415, -274.0
1575347412.970346, -274.0
1575347413.023949, -274.0
1575347413.077438, -274.0
1575347413.131544, -274.0
1575347413.185392, -274.0
1575347413.239291, -274.0
1575347413.293166, -274.0
1575347413.347484, -274.0
1575347413.401404, -274.0
1575347413.455406, -274.0
1575347413.509111, -274.0
1575347413.563226, -274.0
1575347413.616854, -274.0
1575347413.670858, -274.0
1575347413.724964, -274.0
1575347413.779175, -274.0
1575347413.832813, -274.0
1575347413.886529, -274.0
1575347413.940794, -274.0
1575347413.9944, -274.0
1575347414.048568, -274.0
1575347414.102762, -274.0
1575347414.156573, -274.0
1575347414.210455, -274.0
1575347414.263962, -274.0
1575347414.318517, -274.0
1575347414.372107, -274.0
1575347414.425614, -274.0
1575347414.479855, -274.0
1575347414.534075, -274.0
1575347414.587809, -274.0
1575347414.641549, -274.0
1575347414.695588, -274.0
1575347414.74968, -274.0
1575347414.803568, -274.0
1575347414.857179, -274.0
1575347414.911927, -274.0
1575347414.96613, -274.0
1575347415.019841, -274.0
1575347415.074374, -274.0
1575347415.128443, -274.0
1575347415.182094, -274.0
1575347415.236183, -272.0
1575347415.290073, -272.0
1575347415.343945, -272.0
1575347415.397709, -272.0
1575347415.451751, -272.0
1575347415.505844, -272.0
1575347415.559613, -272.0
1575347415.613252, -272.0
1575347415.66699, -272.0
1575347415.72093, -272.0
1575347415.774982, -272.0
1575347415.828686, -272.0
1575347415.882413, -272.0
1575347415.93723, -272.0
1575347415.993631, -272.0
1575347416.049527, -272.0
1575347416.104409, -272.0
1575347416.159585, -272.0
1575347416.217292, -272.0
1575347416.272955, -272.0
1575347416.326771, -272.0
1575347416.381947, -272.0
1575347416.435987, -272.0
1575347416.491549, -272.0
1575347416.54829, -272.0
1575347416.602705, -272.0
1575347417.419011, -272.0
1575347417.473512, -272.0
1575347417.52756, -272.0
1575347417.58513, -272.0
1575347417.639788, -272.0
1575347417.694621, -272.0
1575347417.748428, -272.0
1575347417.802154, -272.0
1575347417.856324, -272.0
1575347417.912768, -272.0
1575347417.971827, -272.0
1575347418.031257, -272.0
1575347418.091637, -272.0
1575347418.152092, -272.0
1575347418.213044, -272.0
1575347418.273147, -272.0
1575347418.333237, -272.0
1575347418.393679, -272.0
1575347418.45428, -272.0
1575347418.514759, -272.0
1575347418.57547, -272.0
1575347418.636602, -272.0
1575347418.697697, -272.0
1575347418.758625, -272.0
1575347418.814748, -272.0
1575347418.871172, -272.0
1575347418.927239, -272.0
1575347419.666171, -272.0
1575347419.720322, -272.0
1575347421.330136, -272.0
1575347421.383701, -272.0
1575347421.437699, -272.0
1575347421.491859, -272.0
1575347421.545909, -272.0
1575347421.599567, -272.0
1575347421.654637, -272.0
1575347421.708974, -272.0
1575347421.762965, -272.0
1575347423.225674, -272.0
1575347423.280302, -272.0
1575347423.334211, -272.0
1575347423.387928, -272.0
1575347423.441745, -272.0
1575347423.495142, -272.0
1575347423.549497, -272.0
1575347423.603323, -272.0
1575347423.656675, -272.0
1575347423.710821, -272.0
1575347424.550928, -272.0
1575347425.337284, -272.0
1575347425.391287, -272.0
1575347425.445408, -272.0
1575347425.499809, -272.0
1575347425.554368, -272.0
1575347426.354302, -272.0
1575347426.408191, -272.0
1575347426.462472, -272.0
1575347426.516687, -272.0
1575347426.570822, -272.0
1575347427.327371, -272.0
1575347427.381029, -272.0
1575347427.434986, -272.0
1575347427.48933, -272.0
1575347427.543411, -272.0
1575347427.597266, -272.0
1575347427.650948, -272.0
1575347427.706527, -272.0
1575347427.762301, -272.0
1575347427.81782, -272.0
1575347427.871641, -272.0
1575347427.925904, -272.0
1575347427.980141, -272.0
1575347428.78492, -272.0
1575347428.838786, -272.0
1575347428.892563, -272.0
1575347428.946427, -272.0
1575347429.000243, -272.0
1575347429.054095, -272.0
1575347429.108033, -272.0
1575347429.162308, -272.0
1575347429.216313, -272.0
1575347429.270033, -272.0
1575347429.323818, -272.0
1575347429.377744, -272.0
1575347429.432779, -272.0
1575347429.487111, -272.0
1575347429.541594, -272.0
1575347430.354121, -271.0
1575347430.408453, -271.0
1575347430.46235, -271.0
1575347431.290455, -271.0
1575347431.344455, -271.0
1575347432.175136, -271.0
1575347432.229376, -271.0
1575347432.283728, -271.0
1575347433.026362, -269.0
1575347433.083752, -269.0
1575347433.137822, -269.0
1575347433.194604, -269.0
1575347433.248733, -269.0
1575347434.322457, -269.0
1575347434.376731, -269.0
1575347435.264296, -269.0
1575347435.318382, -269.0
1575347435.372097, -269.0
1575347435.426861, -269.0
1575347436.914279, -269.0
1575347436.968436, -269.0
1575347437.022064, -269.0
1575347437.075722, -269.0
1575347437.929611, -269.0
1575347437.983946, -269.0
1575347439.001457, -269.0
1575347441.246727, -269.0
1575347442.024557, -269.0
1575347442.839534, -269.0
1575347443.613931, -269.0
1575347444.467917, -269.0
1575347444.522064, -269.0
1575347445.30741, -269.0
1575347446.166809, -269.0
1575347446.91818, -269.0
1575347446.972382, -269.0
1575347447.683454, -269.0
1575347448.409141, -269.0
1575347449.158999, -269.0
1575347449.926336, -269.0
1575347450.711509, -269.0
1575347451.551162, -269.0
1575347452.639803, -269.0
1575347453.583038, -269.0
1575347454.602072, -269.0
1575347409.526677, -274.0
1575347409.581269, -274.0
1575347409.635197, -274.0
1575347410.380919, -274.0
1575347410.435073, -274.0
1575347410.489562, -274.0
1575347410.5453, -274.0
1575347410.600152, -274.0
1575347410.659112, -274.0
1575347410.72071, -274.0
1575347410.779161, -274.0
1575347410.83536, -274.0
1575347410.889891, -274.0
1575347410.945434, -274.0
1575347411.000943, -274.0
1575347411.059051, -274.0
1575347411.119891, -274.0
1575347411.179844, -274.0
1575347411.239946, -274.0
1575347411.295468, -274.0
1575347411.349629, -274.0
1575347411.404329, -274.0
1575347411.458218, -274.0
1575347411.512085, -274.0
1575347411.565799, -274.0
1575347411.61972, -274.0
1575347411.673576, -274.0
1575347411.729062, -274.0
1575347411.785882, -274.0
1575347411.842909, -274.0
1575347411.899727, -274.0
1575347413.608062, -274.0
1575347413.664274, -274.0
1575347413.723602, -274.0
1575347413.78284, -274.0
1575347413.842484, -274.0
1575347413.900867, -274.0
1575347413.957769, -274.0
1575347414.015541, -274.0
1575347414.072135, -274.0
1575347414.127174, -274.0
1575347414.180719, -274.0
1575347414.234394, -274.0
1575347414.288146, -274.0
1575347414.342186, -274.0
1575347414.395598, -274.0
1575347414.449418, -274.0
1575347415.229341, -272.0
1575347415.282964, -272.0
1575347415.3374, -272.0
1575347415.39372, -272.0
1575347415.450346, -272.0
1575347415.506446, -272.0
1575347415.561269, -272.0
1575347415.617884, -272.0
1575347415.675291, -272.0
1575347415.732444, -272.0
1575347415.789462, -272.0
1575347415.846636, -272.0
1575347415.903727, -272.0
1575347415.960882, -272.0
1575347416.016298, -272.0
1575347416.073368, -272.0
1575347416.133183, -272.0
1575347416.193182, -272.0
1575347416.253264, -272.0
1575347416.313324, -272.0
1575347416.373224, -272.0
1575347416.432877, -272.0
1575347416.490025, -272.0
1575347416.544419, -272.0
1575347416.601203, -272.0
1575347416.658203, -272.0
1575347416.71569, -272.0
1575347417.747963, -272.0
1575347418.779335, -272.0
1575347419.71568, -272.0
1575347419.76904, -272.0
1575347419.822995, -272.0
1575347420.916468, -272.0
1575347421.76582, -272.0
1575347421.819681, -272.0
1575347422.678649, -272.0
1575347422.732273, -272.0
1575347422.786264, -272.0
1575347422.840463, -272.0
1575347422.894397, -272.0
1575347422.948595, -272.0
1575347423.003132, -272.0
1575347423.057228, -272.0
1575347423.110696, -272.0
1575347423.165732, -272.0
1575347423.220223, -272.0
1575347423.274103, -272.0
1575347423.328143, -272.0
1575347423.382159, -272.0
1575347424.46606, -272.0
1575347425.396823, -272.0
1575347426.174466, -272.0
1575347426.948299, -272.0
1575347427.002005, -272.0
1575347427.055671, -272.0
1575347427.109858, -272.0
1575347427.163905, -272.0
1575347427.217556, -272.0
1575347427.271298, -272.0
1575347427.325047, -272.0
1575347427.378498, -272.0
1575347427.432039, -272.0
1575347427.485604, -272.0
1575347427.539337, -272.0
1575347427.593367, -272.0
1575347427.647238, -272.0
1575347427.701448, -272.0
1575347427.755483, -272.0
1575347427.809532, -272.0
1575347427.863339, -272.0
1575347427.917362, -272.0
1575347427.971228, -272.0
1575347428.025533, -272.0
1575347428.079998, -272.0
1575347428.134227, -272.0
1575347428.187986, -272.0
1575347429.344867, -272.0
1575347429.399394, -272.0
1575347430.311962, -272.0
1575347430.366506, -271.0
1575347430.42179, -271.0
1575347431.908843, -271.0
1575347431.964305, -271.0
1575347432.019197, -271.0
1575347432.073893, -271.0
1575347432.129599, -271.0
1575347432.185731, -271.0
1575347432.241777, -271.0
1575347432.296636, -271.0
1575347432.3504, -271.0
1575347432.404208, -271.0
1575347432.458254, -271.0
1575347432.512527, -271.0
1575347432.56745, -271.0
1575347433.578382, -269.0
1575347433.635223, -269.0
1575347433.691989, -269.0
1575347433.748582, -269.0
1575347433.805829, -269.0
1575347433.861801, -269.0
1575347433.918598, -269.0
1575347433.975662, -269.0
1575347434.032795, -269.0
1575347434.089721, -269.0
1575347434.146968, -269.0
1575347434.203827, -269.0
1575347434.261146, -269.0
1575347434.3181, -269.0
1575347434.374768, -269.0
1575347434.431161, -269.0
1575347434.48829, -269.0
1575347434.545239, -269.0
1575347434.603966, -269.0
1575347434.660791, -269.0
1575347434.716902, -269.0
1575347434.774268, -269.0
1575347434.832444, -269.0
1575347434.890809, -269.0
1575347434.947991, -269.0
1575347435.005467, -269.0
1575347435.064115, -269.0
1575347435.124354, -269.0
1575347435.1831, -269.0
1575347435.239278, -269.0
1575347436.219976, -269.0
1575347436.95585, -269.0
1575347437.00987, -269.0
1575347437.063972, -269.0
1575347437.117135, -269.0
1575347437.171359, -269.0
1575347437.225208, -269.0
1575347437.278887, -269.0
1575347437.332848, -269.0
1575347437.386755, -269.0
1575347437.44038, -269.0
1575347438.525276, -269.0
1575347438.578976, -269.0
1575347439.561201, -269.0
1575347439.615386, -269.0
1575347440.476822, -269.0
1575347440.530528, -269.0
1575347440.585498, -269.0
1575347440.642233, -269.0
1575347442.201665, -269.0
1575347442.255836, -269.0
1575347443.085523, -269.0
1575347443.141215, -269.0
1575347443.197891, -269.0
1575347443.254602, -269.0
1575347443.309365, -269.0
1575347443.363548, -269.0
1575347444.343846, -269.0
1575347445.152923, -269.0
1575347445.206622, -269.0
1575347445.260294, -269.0
1575347446.62027, -269.0
1575347446.674181, -269.0
1575347446.730505, -269.0
1575347446.784676, -269.0
1575347446.838855, -269.0
1575347446.898001, -269.0
1575347446.952059, -269.0
1575347447.006286, -269.0
1575347447.062065, -269.0
1575347447.118648, -269.0
1575347447.172843, -269.0
1575347447.227374, -269.0
1575347448.34506, -269.0
1575347449.282319, -269.0
1575347449.336188, -269.0
1575347449.390067, -269.0
1575347450.134985, -269.0
1575347450.937399, -269.0
1575347450.991459, -269.0
1575347451.045338, -269.0
1575347451.101858, -269.0
1575347451.158726, -269.0
1575347451.215211, -269.0
1575347451.270008, -269.0
1575347451.326399, -269.0
1575347451.381239, -269.0
1575347451.435547, -269.0
1575347452.471519, -269.0
1575347453.366137, -269.0
1575347453.420363, -269.0
1575347454.296558, -269.0
1575347455.351586, -269.0
1575347456.269871, -269.0
1575347457.198998, -269.0
1575347458.143288, -269.0
1575347458.891429, -269.0
1575347459.597367, -269.0
1575347459.651461, -269.0
1575347459.705345, -269.0
1575347459.759191, -269.0
1575347460.477412, -269.0
1575347461.348826, -269.0
1575347461.402556, -269.0
1575347461.456475, -269.0
1575347461.510406, -269.0
1575347462.56371, -269.0
1575347462.617807, -269.0
1575347463.643445, -269.0
1575347434.788874, -269.0
1575347435.526498, -269.0
1575347435.580588, -269.0
1575347435.634292, -269.0
1575347435.688123, -269.0
1575347435.74196, -269.0
1575347435.798189, -269.0
1575347435.859987, -269.0
1575347435.922087, -269.0
1575347435.984022, -269.0
1575347436.046314, -269.0
1575347436.108614, -269.0
1575347436.170628, -269.0
1575347436.232835, -269.0
1575347436.295148, -269.0
1575347436.357178, -269.0
1575347436.419196, -269.0
1575347436.481059, -269.0
1575347436.543139, -269.0
1575347436.60505, -269.0
1575347436.665439, -269.0
1575347436.725105, -269.0
1575347436.785316, -269.0
1575347436.846551, -269.0
1575347436.907593, -269.0
1575347436.967873, -269.0
1575347437.028446, -269.0
1575347437.088098, -269.0
1575347438.073307, -269.0
1575347438.898909, -269.0
1575347438.953175, -269.0
1575347439.007166, -269.0
1575347439.061857, -269.0
1575347439.123729, -269.0
1575347439.177903, -269.0
1575347439.232354, -269.0
1575347439.286869, -269.0
1575347439.341441, -269.0
1575347440.284298, -269.0
1575347441.034856, -269.0
1575347441.088792, -269.0
1575347441.1426, -269.0
1575347441.196581, -269.0
1575347441.965525, -269.0
1575347442.711354, -269.0
1575347442.765586, -269.0
1575347442.824269, -269.0
1575347442.885356, -269.0
1575347442.947028, -269.0
1575347443.004808, -269.0
1575347443.066284, -269.0
1575347443.124082, -269.0
1575347443.185717, -269.0
1575347443.241358, -269.0
1575347443.297088, -269.0
1575347443.351638, -269.0
1575347444.441407, -269.0
1575347445.254105, -269.0
1575347446.007741, -269.0
1575347447.022615, -269.0
1575347448.038018, -269.0
1575347449.041995, -269.0
1575347450.093518, -269.0
1575347451.223763, -269.0
1575347452.227559, -269.0
1575347453.250495, -269.0
1575347454.199064, -269.0
1575347455.291441, -269.0
1575347455.345985, -269.0
1575347456.413257, -269.0
1575347457.484974, -269.0
1575347458.496088, -269.0
1575347459.525865, -269.0
1575347460.604592, -269.0
1575347461.733933, -269.0
1575347462.775366, -269.0
1575347463.869299, -269.0
1575347464.92585, -269.0
1575347466.04336, -269.0
1575347467.19031, -269.0
1575347468.382267, -269.0
1575347469.44165, -269.0
1575347470.437269, -269.0
1575347471.452346, -269.0
1575347472.558463, -269.0
1575347472.612642, -269.0
1575347472.667654, -269.0
1575347472.722028, -269.0
1575347473.879649, -269.0
1575347474.971335, -269.0
1575347476.023591, -269.0
1575347477.071566, -269.0
1575347478.089427, -269.0
1575347479.099048, -269.0
1575347480.212721, -269.0
1575347481.225209, -269.0
1575347482.25302, -269.0
1575347483.210778, -269.0
1575347484.229128, -269.0
1575347485.295336, -269.0
1575347486.361603, -269.0
1575347487.340789, -269.0
1575347488.446723, -269.0
1575347489.500124, -269.0
1575347490.55495, -269.0
1575347490.609224, -269.0
1575347490.663376, -269.0
1575347490.717616, -269.0
1575347491.778083, -269.0
1575347492.806564, -269.0
1575347493.836242, -269.0
1575347494.864755, -269.0
1575347495.918627, -269.0
1575347496.926272, -269.0
1575347497.998092, -269.0
1575347499.033719, -269.0
1575347500.106419, -269.0
1575347501.079185, -269.0
1575347502.190228, -269.0
1575347503.219583, -269.0
1575347504.328347, -269.0
1575347505.366405, -269.0
1575347506.396618, -269.0
1575347507.476124, -269.0
1575347508.51824, -269.0
1575347509.483641, -269.0
1575347510.537085, -269.0
1575347511.627037, -269.0
1575347512.700861, -269.0
1575347513.794265, -269.0
1575347514.778463, -269.0
1575347515.785209, -269.0
1575347516.79003, -269.0
1575347517.831139, -269.0
1575347518.918331, -269.0
1575347520.034335, -269.0
1575347521.089373, -269.0
1575347521.143945, -269.0
1575347521.199027, -269.0
1575347522.222093, -269.0
1575347523.383754, -269.0
1575347524.337503, -269.0
1575347525.356672, -269.0
1575347526.45602, -269.0
1575347527.585174, -269.0
1575347528.692132, -269.0
1575347529.813857, -269.0
1575347530.881906, -269.0
1575347531.933409, -269.0
1575347533.201532, -269.0
1575347533.256662, -269.0
1575347533.313141, -269.0
1575347533.370634, -269.0
1575347533.428647, -269.0
1575347533.486623, -269.0
1575347533.544991, -269.0
1575347533.602982, -269.0
1575347533.660824, -269.0
1575347533.71906, -269.0
1575347533.77766, -269.0
1575347533.836024, -269.0
1575347533.89458, -269.0
1575347533.952576, -269.0
1575347534.01076, -269.0
1575347534.068943, -269.0
1575347534.124909, -269.0
1575347535.244481, -269.0
1575347536.528834, -269.0
1575347537.802588, -269.0
1575347538.85578, -269.0
1575347539.890195, -269.0
1575347540.948602, -269.0
1575347542.047121, -269.0
1575347543.022007, -269.0
1575347544.064508, -269.0
1575347545.089666, -269.0
1575347546.077531, -269.0
1575347546.132008, -269.0
1575347546.1872, -269.0
1575347546.241581, -269.0
1575347547.485424, -269.0
1575347548.640582, -269.0
1575347548.695553, -269.0
1575347548.752278, -269.0
1575347548.807019, -269.0
1575347549.865912, -269.0
1575347550.917583, -269.0
1575347552.092341, -269.0
1575347552.147628, -269.0
1575347552.203046, -269.0
1575347552.259331, -269.0
1575347552.315952, -267.0
1575347552.37458, -267.0
1575347552.434101, -267.0
1575347552.493271, -267.0
1575347552.552439, -267.0
1575347552.609307, -267.0
1575347552.663715, -267.0
1575347552.722053, -267.0
1575347552.781275, -267.0
1575347552.840318, -267.0
1575347552.900126, -267.0
1575347552.960855, -267.0
1575347553.022038, -267.0
1575347553.083489, -267.0
1575347553.144528, -267.0
1575347553.20566, -267.0
1575347553.267055, -267.0
1575347553.327901, -267.0
1575347553.383068, -267.0
1575347553.438616, -267.0
1575347553.496229, -267.0
1575347553.557511, -267.0
1575347553.618673, -267.0
1575347553.679938, -267.0
1575347553.741318, -267.0
1575347553.802815, -267.0
1575347553.864255, -267.0
1575347553.9256, -267.0
1575347553.987221, -267.0
1575347554.048728, -267.0
1575347554.110185, -267.0
1575347554.171859, -267.0
1575347554.233032, -267.0
1575347554.294572, -267.0
1575347554.35558, -267.0
1575347554.417097, -267.0
1575347554.478503, -267.0
1575347554.540099, -267.0
1575347554.601622, -267.0
1575347554.663121, -267.0
1575347554.724657, -267.0
1575347554.786246, -267.0
1575347554.847607, -267.0
1575347554.909064, -267.0
1575347554.970702, -267.0
1575347555.031996, -267.0
1575347555.089061, -267.0
1575347555.149641, -267.0
1575347555.206795, -267.0
1575347556.218938, -267.0
1575347557.39765, -267.0
1575347557.457631, -267.0
1575347558.50168, -267.0
1575347558.556948, -267.0
1575347559.626543, -267.0
1575347560.597749, -267.0
1575347560.653771, -267.0
1575347561.715257, -267.0
1575347562.84648, -267.0
1575347454.717962, -269.0
1575347454.772409, -269.0
1575347454.826698, -269.0
1575347454.887594, -269.0
1575347454.950278, -269.0
1575347455.011429, -269.0
1575347455.072074, -269.0
1575347455.132591, -269.0
1575347455.193148, -269.0
1575347455.253629, -269.0
1575347455.31419, -269.0
1575347455.37434, -269.0
1575347456.997753, -269.0
1575347457.785924, -269.0
1575347457.839796, -269.0
1575347458.605441, -269.0
1575347459.371849, -269.0
1575347460.34275, -269.0
1575347460.397117, -269.0
1575347460.451641, -269.0
1575347461.236099, -269.0
1575347461.290524, -269.0
1575347462.128365, -269.0
1575347462.18323, -269.0
1575347462.996383, -269.0
1575347463.051162, -269.0
1575347463.105818, -269.0
1575347463.160605, -269.0
1575347463.215425, -269.0
1575347463.270107, -269.0
1575347463.330034, -269.0
1575347463.391646, -269.0
1575347463.453791, -269.0
1575347463.515543, -269.0
1575347463.577353, -269.0
1575347463.639123, -269.0
1575347463.701287, -269.0
1575347463.763085, -269.0
1575347463.821099, -269.0
1575347463.877914, -269.0
1575347465.217077, -269.0
1575347466.134694, -269.0
1575347466.189367, -269.0
1575347466.244816, -269.0
1575347466.299116, -269.0
1575347466.353803, -269.0
1575347466.409196, -269.0
1575347466.46543, -269.0
1575347466.522535, -269.0
1575347466.584206, -269.0
1575347466.645365, -269.0
1575347466.707061, -269.0
1575347466.76282, -269.0
1575347466.817375, -269.0
1575347467.673635, -269.0
1575347468.42091, -269.0
1575347469.231177, -269.0
1575347469.285887, -269.0
1575347469.340134, -269.0
1575347469.394959, -269.0
1575347469.449291, -269.0
1575347469.504084, -269.0
1575347469.55902, -269.0
1575347469.613582, -269.0
1575347469.668101, -269.0
1575347469.723221, -269.0
1575347469.778512, -269.0
1575347469.833729, -269.0
1575347469.898744, -269.0
1575347469.954307, -269.0
1575347470.015066, -269.0
1575347470.070282, -269.0
1575347470.125035, -269.0
1575347470.179885, -269.0
1575347470.23475, -269.0
1575347470.29242, -269.0
1575347470.351307, -269.0
1575347470.411127, -269.0
1575347470.470821, -269.0
1575347470.528718, -269.0
1575347471.530145, -269.0
1575347472.415688, -269.0
1575347473.770079, -269.0
1575347474.689426, -269.0
1575347474.744004, -269.0
1575347475.596835, -269.0
1575347476.498754, -269.0
1575347476.554163, -269.0
1575347477.393346, -269.0
1575347478.197354, -269.0
1575347478.251868, -269.0
1575347478.306642, -269.0
1575347478.361919, -269.0
1575347478.41881, -269.0
1575347478.475384, -269.0
1575347478.531896, -269.0
1575347478.587918, -269.0
1575347478.644572, -269.0
1575347478.700182, -269.0
1575347478.754982, -269.0
1575347478.810068, -269.0
1575347478.865274, -269.0
1575347479.923191, -269.0
1575347480.743169, -269.0
1575347480.798373, -269.0
1575347480.854967, -269.0
1575347480.914025, -269.0
1575347480.97439, -269.0
1575347481.035125, -269.0
1575347481.095571, -269.0
1575347481.152041, -269.0
1575347481.210068, -269.0
1575347481.267755, -269.0
1575347482.373594, -269.0
1575347482.429678, -269.0
1575347482.487343, -269.0
1575347482.546354, -269.0
1575347482.604345, -269.0
1575347482.661903, -269.0
1575347482.721763, -269.0
1575347482.782259, -269.0
1575347482.842543, -269.0
1575347482.900877, -269.0
1575347482.955996, -269.0
1575347483.011635, -269.0
1575347483.067977, -269.0
1575347483.125124, -269.0
1575347483.182545, -269.0
1575347483.239782, -269.0
1575347483.298009, -269.0
1575347483.355542, -269.0
1575347483.412858, -269.0
1575347483.470817, -269.0
1575347483.528893, -269.0
1575347483.587353, -269.0
1575347483.644992, -269.0
1575347483.7027, -269.0
1575347483.760819, -269.0
1575347483.81844, -269.0
1575347483.875431, -269.0
1575347483.93261, -269.0
1575347483.989898, -269.0
1575347484.047698, -269.0
1575347484.105429, -269.0
1575347484.163091, -269.0
1575347484.220694, -269.0
1575347484.276382, -269.0
1575347484.332938, -269.0
1575347484.392403, -269.0
1575347484.452276, -269.0
1575347484.512414, -269.0
1575347484.572668, -269.0
1575347484.629263, -269.0
1575347484.688424, -269.0
1575347484.74876, -269.0
1575347484.808893, -269.0
1575347484.865031, -269.0
1575347484.924083, -269.0
1575347484.979392, -269.0
1575347486.155376, -269.0
1575347487.100393, -269.0
1575347488.022585, -269.0
1575347488.981451, -269.0
1575347489.035631, -269.0
1575347489.089864, -269.0
1575347489.14423, -269.0
1575347489.198386, -269.0
1575347489.253071, -269.0
1575347489.307453, -269.0
1575347489.3616, -269.0
1575347489.416061, -269.0
1575347489.470742, -269.0
1575347489.525492, -269.0
1575347489.580127, -269.0
1575347489.634687, -269.0
1575347489.689109, -269.0
1575347490.601843, -269.0
1575347490.65572, -269.0
1575347491.692339, -269.0
1575347492.721329, -269.0
1575347492.776091, -269.0
1575347493.764357, -269.0
1575347494.680572, -269.0
1575347495.611361, -269.0
1575347495.665839, -269.0
1575347495.720331, -269.0
1575347495.774888, -269.0
1575347495.83004, -269.0
1575347495.884775, -269.0
1575347495.939709, -269.0
1575347495.994901, -269.0
1575347496.04965, -269.0
1575347496.104399, -269.0
1575347497.196617, -269.0
1575347497.251257, -269.0
1575347497.30577, -269.0
1575347497.360782, -269.0
1575347497.415797, -269.0
1575347498.4715, -269.0
1575347499.419952, -269.0
1575347500.415026, -269.0
1575347501.425595, -269.0
1575347502.289297, -269.0
1575347503.181334, -269.0
1575347503.235654, -269.0
1575347503.290095, -269.0
1575347503.344567, -269.0
1575347503.398536, -269.0
1575347503.452877, -269.0
1575347503.507351, -269.0
1575347503.562249, -269.0
1575347504.583239, -269.0
1575347504.63785, -269.0
1575347504.692141, -269.0
1575347504.746682, -269.0
1575347505.766233, -269.0
1575347506.700201, -269.0
1575347506.754449, -269.0
1575347506.808828, -269.0
1575347506.863412, -269.0
1575347506.91985, -269.0
1575347506.979654, -269.0
1575347507.037899, -269.0
1575347507.093383, -269.0
1575347507.149389, -269.0
1575347507.208047, -269.0
1575347507.266604, -269.0
1575347507.324101, -269.0
1575347507.383315, -269.0
1575347507.44097, -269.0
1575347507.495687, -269.0
1575347507.550766, -269.0
1575347508.690204, -269.0
1575347509.708578, -269.0
1575347510.760612, -269.0
1575347511.768069, -269.0
1575347512.770848, -269.0
1575347512.825068, -269.0
1575347512.879613, -269.0
1575347512.934685, -269.0
1575347513.924145, -269.0
1575347514.958242, -269.0
1575347516.021279, -269.0
1575347517.10307, -269.0
1575347518.13396, -269.0
1575347519.180251, -269.0
1575347519.235077, -269.0
1575347519.289944, -269.0
1575347520.362347, -269.0
1575347520.417424, -269.0
1575347463.758693, -269.0
1575347463.81256, -269.0
1575347464.5313, -269.0
1575347464.585637, -269.0
1575347464.639811, -269.0
1575347464.69578, -269.0
1575347464.750071, -269.0
1575347464.804473, -269.0
1575347464.85967, -269.0
1575347464.919345, -269.0
1575347464.980044, -269.0
1575347465.039917, -269.0
1575347465.101445, -269.0
1575347465.161137, -269.0
1575347465.222222, -269.0
1575347465.284266, -269.0
1575347465.346492, -269.0
1575347465.408351, -269.0
1575347465.468857, -269.0
1575347465.524656, -269.0
1575347465.581368, -269.0
1575347466.788833, -269.0
1575347467.688061, -269.0
1575347467.74215, -269.0
1575347467.79625, -269.0
1575347467.850547, -269.0
1575347467.905425, -269.0
1575347467.960701, -269.0
1575347468.017463, -269.0
1575347468.07255, -269.0
1575347468.12744, -269.0
1575347468.182608, -269.0
1575347469.806166, -269.0
1575347470.747709, -269.0
1575347471.468819, -269.0
1575347472.383596, -269.0
1575347473.301795, -269.0
1575347474.276388, -269.0
1575347475.197048, -269.0
1575347476.076445, -269.0
1575347477.061908, -269.0
1575347478.479357, -269.0
1575347478.539776, -269.0
1575347478.601676, -269.0
1575347478.662872, -269.0
1575347478.723965, -269.0
1575347478.785471, -269.0
1575347478.846551, -269.0
1575347478.906247, -269.0
1575347478.962275, -269.0
1575347479.018813, -269.0
1575347479.074953, -269.0
1575347479.129413, -269.0
1575347480.055249, -269.0
1575347480.999674, -269.0
1575347481.853472, -269.0
1575347482.833657, -269.0
1575347483.772799, -269.0
1575347483.827322, -269.0
1575347483.882104, -269.0
1575347483.940704, -269.0
1575347485.309394, -269.0
1575347485.367009, -269.0
1575347486.340319, -269.0
1575347487.331201, -269.0
1575347488.226787, -269.0
1575347489.156693, -269.0
1575347490.117872, -269.0
1575347491.018829, -269.0
1575347491.972177, -269.0
1575347492.879782, -269.0
1575347493.833091, -269.0
1575347494.71565, -269.0
1575347495.681015, -269.0
1575347496.612987, -269.0
1575347497.51541, -269.0
1575347498.514117, -269.0
1575347498.568505, -269.0
1575347499.64327, -269.0
1575347500.606518, -269.0
1575347501.565074, -269.0
1575347502.523834, -269.0
1575347503.444763, -269.0
1575347504.326738, -269.0
1575347505.296968, -269.0
1575347505.35118, -269.0
1575347506.293155, -269.0
1575347507.2443, -269.0
1575347508.207711, -269.0
1575347509.183242, -269.0
1575347509.237981, -269.0
1575347509.293494, -269.0
1575347509.35086, -269.0
1575347509.405669, -269.0
1575347509.460634, -269.0
1575347510.569877, -269.0
1575347511.53709, -269.0
1575347512.457033, -269.0
1575347513.412447, -269.0
1575347514.324749, -269.0
1575347515.305053, -269.0
1575347516.267997, -269.0
1575347517.066923, -269.0
1575347518.023837, -269.0
1575347519.001608, -269.0
1575347519.058669, -269.0
1575347519.114069, -269.0
1575347520.094764, -269.0
1575347521.014639, -269.0
1575347521.98242, -269.0
1575347522.921778, -269.0
1575347523.860819, -269.0
1575347524.744179, -269.0
1575347525.525973, -269.0
1575347526.446893, -269.0
1575347527.374501, -269.0
1575347528.291498, -269.0
1575347529.205693, -269.0
1575347530.165302, -269.0
1575347531.129132, -269.0
1575347531.184963, -269.0
1575347531.242589, -269.0
1575347531.298045, -269.0
1575347532.466686, -269.0
1575347532.524899, -269.0
1575347532.582727, -269.0
1575347532.640985, -269.0
1575347532.69592, -269.0
1575347532.751084, -269.0
1575347532.809075, -269.0
1575347532.867955, -269.0
1575347532.926906, -269.0
1575347532.985981, -269.0
1575347533.044873, -269.0
1575347533.103172, -269.0
1575347533.162504, -269.0
1575347533.222123, -269.0
1575347533.282517, -269.0
1575347533.343285, -269.0
1575347533.404327, -269.0
1575347533.465856, -269.0
1575347533.527424, -269.0
1575347533.588626, -269.0
1575347533.645843, -269.0
1575347533.700414, -269.0
1575347533.760537, -269.0
1575347533.819599, -269.0
1575347533.875126, -269.0
1575347533.934281, -269.0
1575347533.995438, -269.0
1575347535.359565, -269.0
1575347536.151282, -269.0
1575347537.126796, -269.0
1575347538.091057, -269.0
1575347539.035111, -269.0
1575347539.814504, -269.0
1575347539.870668, -269.0
1575347540.727735, -269.0
1575347541.673455, -269.0
1575347542.655083, -269.0
1575347543.606334, -269.0
1575347544.600554, -269.0
1575347545.545534, -269.0
1575347546.489555, -269.0
1575347547.446975, -269.0
1575347548.460436, -269.0
1575347549.428354, -269.0
1575347550.384951, -269.0
1575347551.30099, -269.0
1575347552.239263, -269.0
1575347553.150088, -267.0
1575347554.123512, -267.0
1575347555.086582, -267.0
1575347556.035994, -267.0
1575347556.914789, -267.0
1575347557.771935, -267.0
1575347558.564405, -267.0
1575347559.373279, -267.0
1575347560.254299, -267.0
1575347561.30217, -267.0
1575347562.595865, -267.0
1575347562.653834, -267.0
1575347562.7095, -267.0
1575347564.038265, -267.0
1575347564.970279, -267.0
1575347565.871032, -267.0
1575347566.72357, -267.0
1575347567.638825, -267.0
1575347568.473954, -267.0
1575347569.287458, -267.0
1575347570.233766, -267.0
1575347571.162471, -267.0
1575347572.071201, -267.0
1575347572.992319, -267.0
1575347573.973152, -267.0
1575347574.027857, -267.0
1575347574.084068, -267.0
1575347574.139952, -267.0
1575347574.196547, -267.0
1575347574.253419, -267.0
1575347574.310615, -267.0
1575347574.366616, -267.0
1575347574.422545, -267.0
1575347574.477911, -267.0
1575347574.535168, -267.0
1575347574.591781, -267.0
1575347574.647681, -267.0
1575347574.704759, -267.0
1575347574.761497, -267.0
1575347574.818027, -267.0
1575347574.872707, -267.0
1575347576.044609, -267.0
1575347576.099801, -267.0
1575347577.089772, -267.0
1575347577.143924, -267.0
1575347577.199798, -267.0
1575347577.256716, -267.0
1575347577.318687, -267.0
1575347577.375189, -267.0
1575347577.431531, -267.0
1575347577.488379, -267.0
1575347577.545909, -267.0
1575347577.605964, -267.0
1575347577.662052, -267.0
1575347577.716918, -267.0
1575347578.824563, -267.0
1575347579.811597, -267.0
1575347580.826184, -267.0
1575347581.766247, -267.0
1575347582.710812, -267.0
1575347583.486818, -267.0
1575347584.370341, -267.0
1575347585.199146, -267.0
1575347586.072712, -267.0
1575347586.931074, -267.0
1575347587.682941, -267.0
1575347588.585466, -267.0
1575347589.564591, -267.0
1575347590.437982, -267.0
1575347591.239941, -267.0
1575347592.089529, -267.0
1575347592.927079, -267.0
1575347593.807146, -267.0
1575347594.726033, -267.0
1575347595.649655, -267.0
1575347596.549859, -267.0
1575347597.486652, -267.0
1575347598.380048, -267.0
1575347599.647356, -267.0
1575347600.519913, -267.0
1575347515.664073, -269.0
1575347515.71825, -269.0
1575347515.772424, -269.0
1575347515.826665, -269.0
1575347516.605012, -269.0
1575347516.659193, -269.0
1575347516.714565, -269.0
1575347516.769684, -269.0
1575347517.533288, -269.0
1575347518.291745, -269.0
1575347518.345892, -269.0
1575347518.404831, -269.0
1575347518.459213, -269.0
1575347518.513086, -269.0
1575347518.567526, -269.0
1575347518.625325, -269.0
1575347519.675376, -269.0
1575347520.569033, -269.0
1575347520.623258, -269.0
1575347520.681802, -269.0
1575347520.736217, -269.0
1575347520.791377, -269.0
1575347520.845978, -269.0
1575347521.816027, -269.0
1575347521.870549, -269.0
1575347521.926625, -269.0
1575347521.982626, -269.0
1575347523.105407, -269.0
1575347523.959753, -269.0
1575347524.844883, -269.0
1575347524.899503, -269.0
1575347524.953844, -269.0
1575347525.894238, -269.0
1575347526.854235, -269.0
1575347526.908625, -269.0
1575347527.995236, -269.0
1575347528.852509, -269.0
1575347530.16614, -269.0
1575347531.028604, -269.0
1575347532.036873, -269.0
1575347532.091324, -269.0
1575347532.145471, -269.0
1575347532.200268, -269.0
1575347532.259522, -269.0
1575347532.320761, -269.0
1575347532.382558, -269.0
1575347532.444427, -269.0
1575347532.506321, -269.0
1575347532.568351, -269.0
1575347532.630526, -269.0
1575347532.692679, -269.0
1575347532.754548, -269.0
1575347532.815719, -269.0
1575347532.874068, -269.0
1575347532.935968, -269.0
1575347532.991876, -269.0
1575347533.053662, -269.0
1575347533.114558, -269.0
1575347533.175292, -269.0
1575347533.235825, -269.0
1575347533.296425, -269.0
1575347533.357215, -269.0
1575347533.417694, -269.0
1575347533.476583, -269.0
1575347533.531258, -269.0
1575347533.586519, -269.0
1575347533.641, -269.0
1575347534.800195, -269.0
1575347535.848418, -269.0
1575347536.841809, -269.0
1575347537.901239, -269.0
1575347538.875226, -269.0
1575347539.924844, -269.0
1575347540.997902, -269.0
1575347542.017534, -269.0
1575347543.058954, -269.0
1575347544.202383, -269.0
1575347545.207192, -269.0
1575347546.22491, -269.0
1575347547.318327, -269.0
1575347548.281637, -269.0
1575347549.278204, -269.0
1575347550.282567, -269.0
1575347551.271186, -269.0
1575347552.260007, -267.0
1575347553.319723, -267.0
1575347554.290109, -267.0
1575347555.321121, -267.0
1575347556.379797, -267.0
1575347557.333088, -267.0
1575347558.357986, -267.0
1575347558.412519, -267.0
1575347558.466953, -267.0
1575347559.471302, -267.0
1575347560.511067, -267.0
1575347561.493145, -267.0
1575347562.561963, -267.0
1575347563.584263, -267.0
1575347564.690196, -267.0
1575347565.716681, -267.0
1575347566.777871, -267.0
1575347567.754271, -267.0
1575347568.746158, -267.0
1575347569.687684, -267.0
1575347570.748386, -267.0
1575347571.785196, -267.0
1575347572.785154, -267.0
1575347573.777721, -267.0
1575347574.821437, -267.0
1575347575.833179, -267.0
1575347576.887227, -267.0
1575347577.900005, -267.0
1575347578.948478, -267.0
1575347579.946381, -267.0
1575347580.943075, -267.0
1575347581.924061, -267.0
1575347582.92195, -267.0
1575347583.929397, -267.0
1575347584.950386, -267.0
1575347586.021057, -267.0
1575347586.075431, -267.0
1575347587.191529, -267.0
1575347587.245566, -267.0
1575347587.300046, -267.0
1575347587.35433, -267.0
1575347587.40905, -267.0
1575347587.463696, -267.0
1575347587.520236, -267.0
1575347587.57825, -267.0
1575347587.634374, -267.0
1575347587.689632, -267.0
1575347587.745962, -267.0
1575347587.8028, -267.0
1575347587.86002, -267.0
1575347587.91778, -267.0
1575347587.974716, -267.0
1575347588.031799, -267.0
1575347588.089576, -267.0
1575347588.146375, -267.0
1575347588.203496, -267.0
1575347588.260628, -267.0
1575347588.317885, -267.0
1575347588.374153, -267.0
1575347588.431256, -267.0
1575347588.488289, -267.0
1575347588.545881, -267.0
1575347588.603774, -267.0
1575347588.662008, -267.0
1575347588.719961, -267.0
1575347588.778328, -267.0
1575347588.836641, -267.0
1575347588.894973, -267.0
1575347588.951546, -267.0
1575347589.954815, -267.0
1575347590.913234, -267.0
1575347591.861621, -267.0
1575347592.921448, -267.0
1575347593.871674, -267.0
1575347594.880895, -267.0
1575347595.88343, -267.0
1575347596.960077, -267.0
1575347597.999017, -267.0
1575347599.047006, -267.0
1575347600.168144, -267.0
1575347601.233004, -267.0
1575347602.276602, -267.0
1575347603.271837, -267.0
1575347604.310101, -267.0
1575347605.369197, -267.0
1575347606.63419, -267.0
1575347606.68916, -267.0
1575347606.743029, -267.0
1575347607.723684, -267.0
1575347608.716147, -267.0
1575347609.706648, -267.0
1575347610.666433, -267.0
1575347611.717474, -267.0
1575347612.703824, -267.0
1575347613.676573, -267.0
1575347614.733829, -267.0
1575347615.737061, -267.0
1575347616.780951, -267.0
1575347617.743239, -267.0
1575347618.746795, -267.0
1575347619.833671, -267.0
1575347620.836412, -267.0
1575347621.855327, -267.0
1575347621.90937, -267.0
1575347623.000783, -267.0
1575347623.95899, -267.0
1575347625.010518, -267.0
1575347626.003562, -267.0
1575347627.04778, -267.0
1575347628.056637, -267.0
1575347628.933762, -267.0
1575347629.962799, -267.0
1575347631.097712, -267.0
1575347632.077648, -267.0
1575347633.126659, -267.0
1575347634.143988, -267.0
1575347635.140521, -267.0
1575347636.158189, -267.0
1575347637.195237, -267.0
1575347638.257997, -267.0
1575347639.246285, -267.0
1575347640.27164, -267.0
1575347641.428478, -267.0
1575347641.482316, -267.0
1575347641.536618, -267.0
1575347642.789894, -267.0
1575347642.844775, -267.0
1575347644.053576, -267.0
1575347645.091489, -267.0
1575347645.145625, -267.0
1575347645.200152, -267.0
1575347645.256516, -267.0
1575347645.317058, -267.0
1575347645.377237, -267.0
1575347645.433227, -267.0
1575347645.488249, -267.0
1575347645.5428, -267.0
1575347645.597906, -267.0
1575347646.74308, -267.0
1575347647.822449, -267.0
1575347648.915862, -267.0
1575347648.97015, -267.0
1575347649.024269, -267.0
1575347649.078942, -267.0
1575347649.133268, -267.0
1575347650.19007, -267.0
1575347651.230655, -267.0
1575347652.186038, -267.0
1575347653.153473, -267.0
1575347654.143708, -267.0
1575347655.097157, -267.0
1575347656.115096, -267.0
1575347657.1272, -267.0
1575347658.133417, -267.0
1575347659.156113, -267.0
1575347660.267922, -267.0
1575347661.336014, -267.0
1575347661.390646, -267.0
1575347661.446605, -267.0
1575347661.503123, -267.0
1575347661.559029, -267.0
1575347662.711406, -265.0
1575347662.766892, -265.0
1575347663.68139, -265.0
1575347663.735528, -265.0
1575347664.641777, -265.0
1575347520.52597, -269.0
1575347521.31491, -269.0
1575347521.369365, -269.0
1575347521.423386, -269.0
1575347521.4776, -269.0
1575347521.531943, -269.0
1575347521.586468, -269.0
1575347522.368386, -269.0
1575347522.422739, -269.0
1575347523.198778, -269.0
1575347523.918643, -269.0
1575347523.973224, -269.0
1575347524.029549, -269.0
1575347524.089193, -269.0
1575347524.145454, -269.0
1575347524.199801, -269.0
1575347524.254154, -269.0
1575347524.308384, -269.0
1575347524.362178, -269.0
1575347524.416477, -269.0
1575347525.177982, -269.0
1575347525.904849, -269.0
1575347526.638183, -269.0
1575347526.69213, -269.0
1575347527.538459, -269.0
1575347527.592907, -269.0
1575347527.647955, -269.0
1575347527.707567, -269.0
1575347527.767465, -269.0
1575347527.828932, -269.0
1575347527.891255, -269.0
1575347527.95219, -269.0
1575347528.011053, -269.0
1575347528.069183, -269.0
1575347528.127106, -269.0
1575347528.185336, -269.0
1575347528.245892, -269.0
1575347528.305387, -269.0
1575347528.359316, -269.0
1575347529.505686, -269.0
1575347530.33786, -269.0
1575347531.056559, -269.0
1575347531.111318, -269.0
1575347531.836203, -269.0
1575347531.890068, -269.0
1575347531.945527, -269.0
1575347532.000437, -269.0
1575347532.059229, -269.0
1575347532.121432, -269.0
1575347532.18172, -269.0
1575347532.243707, -269.0
1575347532.30296, -269.0
1575347532.357031, -269.0
1575347533.743567, -269.0
1575347533.797599, -269.0
1575347533.85118, -269.0
1575347533.905467, -269.0
1575347534.611203, -269.0
1575347534.665261, -269.0
1575347534.720502, -269.0
1575347534.779541, -269.0
1575347534.838396, -269.0
1575347534.893719, -269.0
1575347535.968292, -269.0
1575347536.022531, -269.0
1575347536.076793, -269.0
1575347536.832483, -269.0
1575347537.53562, -269.0
1575347538.290771, -269.0
1575347539.035036, -269.0
1575347539.73377, -269.0
1575347540.461942, -269.0
1575347541.213269, -269.0
1575347541.93283, -269.0
1575347542.637068, -269.0
1575347542.691057, -269.0
1575347542.745508, -269.0
1575347543.447485, -269.0
1575347543.501443, -269.0
1575347543.556939, -269.0
1575347543.612719, -269.0
1575347543.668125, -269.0
1575347543.723982, -269.0
1575347543.780182, -269.0
1575347543.836394, -269.0
1575347543.892382, -269.0
1575347543.94951, -269.0
1575347544.005959, -269.0
1575347544.062316, -269.0
1575347544.118474, -269.0
1575347544.173236, -269.0
1575347544.227708, -269.0
1575347544.282669, -269.0
1575347544.338659, -269.0
1575347544.394761, -269.0
1575347544.451122, -269.0
1575347544.50766, -269.0
1575347544.564393, -269.0
1575347544.621065, -269.0
1575347544.677889, -269.0
1575347544.73498, -269.0
1575347544.791717, -269.0
1575347544.847434, -269.0
1575347545.903783, -269.0
1575347546.640273, -269.0
1575347546.694405, -269.0
1575347546.748356, -269.0
1575347547.46373, -269.0
1575347548.216455, -269.0
1575347549.109859, -269.0
1575347549.171299, -269.0
1575347549.232596, -269.0
1575347549.293728, -269.0
1575347550.057145, -269.0
1575347550.112227, -269.0
1575347550.173181, -269.0
1575347550.97451, -269.0
1575347551.653843, -269.0
1575347552.331867, -267.0
1575347552.385782, -267.0
1575347553.140297, -267.0
1575347553.193725, -267.0
1575347553.874903, -267.0
1575347555.034726, -267.0
1575347555.791199, -267.0
1575347556.556162, -267.0
1575347556.609927, -267.0
1575347556.664668, -267.0
1575347557.433458, -267.0
1575347558.18436, -267.0
1575347558.238566, -267.0
1575347559.083404, -267.0
1575347559.137685, -267.0
1575347559.19196, -267.0
1575347560.222574, -267.0
1575347561.015268, -267.0
1575347561.778357, -267.0
1575347562.559456, -267.0
1575347562.612837, -267.0
1575347562.666906, -267.0
1575347562.725957, -267.0
1575347563.594849, -267.0
1575347563.650374, -267.0
1575347563.705372, -267.0
1575347564.953055, -267.0
1575347565.798843, -267.0
1575347565.852673, -267.0
1575347566.567032, -267.0
1575347566.621723, -267.0
1575347567.326462, -267.0
1575347568.051202, -267.0
1575347568.778993, -267.0
1575347569.527657, -267.0
1575347570.226592, -267.0
1575347570.280707, -267.0
1575347571.025152, -267.0
1575347571.734148, -267.0
1575347572.48055, -267.0
1575347573.181728, -267.0
1575347573.888654, -267.0
1575347574.597186, -267.0
1575347575.287055, -267.0
1575347575.342604, -267.0
1575347576.043774, -267.0
1575347576.74282, -267.0
1575347577.410168, -267.0
1575347578.26888, -267.0
1575347579.439864, -267.0
1575347580.627258, -267.0
1575347581.635945, -267.0
1575347581.690277, -267.0
1575347582.523769, -267.0
1575347583.3618, -267.0
1575347583.415905, -267.0
1575347584.149594, -267.0
1575347584.204084, -267.0
1575347584.996926, -267.0
1575347585.050937, -267.0
1575347585.105126, -267.0
1575347585.159349, -267.0
1575347585.213359, -267.0
1575347585.996163, -267.0
1575347586.793811, -267.0
1575347586.847836, -267.0
1575347587.593352, -267.0
1575347587.647481, -267.0
1575347588.397102, -267.0
1575347588.451888, -267.0
1575347589.180486, -267.0
1575347589.933091, -267.0
1575347590.704757, -267.0
1575347591.833411, -267.0
1575347592.994471, -267.0
1575347593.048988, -267.0
1575347593.985663, -267.0
1575347594.039703, -267.0
1575347595.026755, -267.0
1575347595.935312, -267.0
1575347595.98985, -267.0
1575347596.044375, -267.0
1575347597.171074, -267.0
1575347597.225621, -267.0
1575347597.28136, -267.0
1575347598.497638, -267.0
1575347598.552566, -267.0
1575347598.607611, -267.0
1575347598.662957, -267.0
1575347598.718641, -267.0
1575347598.773511, -267.0
1575347598.827977, -267.0
1575347598.882234, -267.0
1575347598.937079, -267.0
1575347600.048999, -267.0
1575347600.103587, -267.0
1575347601.1361, -267.0
1575347602.180286, -267.0
1575347603.208287, -267.0
1575347604.174636, -267.0
1575347605.248504, -267.0
1575347606.293422, -267.0
1575347607.263377, -267.0
1575347608.245307, -267.0
1575347609.21852, -267.0
1575347610.201466, -267.0
1575347611.292404, -267.0
1575347611.346452, -267.0
1575347611.400658, -267.0
1575347611.455198, -267.0
1575347611.511184, -267.0
1575347611.568085, -267.0
1575347611.626212, -267.0
1575347611.682422, -267.0
1575347611.739243, -267.0
1575347611.797275, -267.0
1575347611.854472, -267.0
1575347611.91082, -267.0
1575347611.96841, -267.0
1575347612.026603, -267.0
1575347612.085313, -267.0
1575347612.143065, -267.0
1575347612.198839, -267.0
1575347613.310853, -267.0
1575347614.272368, -267.0
1575347615.289049, -267.0
1575347616.419836, -267.0
1575347616.475385, -267.0
1575347616.531797, -267.0
1575347616.587857, -267.0
1575347616.643472, -267.0
1575347617.703605, -267.0
1575347562.934836, -267.0
1575347562.989127, -267.0
1575347563.044657, -267.0
1575347563.909411, -267.0
1575347564.631326, -267.0
1575347564.685334, -267.0
1575347564.73956, -267.0
1575347565.778817, -267.0
1575347566.811486, -267.0
1575347567.487633, -267.0
1575347568.239095, -267.0
1575347568.977105, -267.0
1575347569.755449, -267.0
1575347570.469973, -267.0
1575347571.221589, -267.0
1575347571.921559, -267.0
1575347572.679145, -267.0
1575347573.43808, -267.0
1575347574.165744, -267.0
1575347574.873212, -267.0
1575347575.852022, -267.0
1575347576.578343, -267.0
1575347577.304828, -267.0
1575347578.035656, -267.0
1575347578.793083, -267.0
1575347579.54716, -267.0
1575347580.299483, -267.0
1575347581.027155, -267.0
1575347581.781425, -267.0
1575347582.548131, -267.0
1575347583.265925, -267.0
1575347584.121351, -267.0
1575347584.883115, -267.0
1575347585.649853, -267.0
1575347586.422185, -267.0
1575347587.161828, -267.0
1575347587.913881, -267.0
1575347588.601981, -267.0
1575347589.342256, -267.0
1575347590.300317, -267.0
1575347591.073188, -267.0
1575347591.839475, -267.0
1575347592.563034, -267.0
1575347593.340737, -267.0
1575347594.031121, -267.0
1575347594.787954, -267.0
1575347594.843005, -267.0
1575347594.898956, -267.0
1575347594.957447, -267.0
1575347595.013282, -267.0
1575347595.068966, -267.0
1575347595.1242, -267.0
1575347595.179179, -267.0
1575347595.23404, -267.0
1575347595.289287, -267.0
1575347595.345052, -267.0
1575347595.400227, -267.0
1575347595.454713, -267.0
1575347595.50908, -267.0
1575347596.338779, -267.0
1575347597.229757, -267.0
1575347597.284198, -267.0
1575347597.339765, -267.0
1575347597.394843, -267.0
1575347597.449421, -267.0
1575347597.504141, -267.0
1575347597.559113, -267.0
1575347597.614191, -267.0
1575347598.764065, -267.0
1575347599.690072, -267.0
1575347600.48825, -267.0
1575347601.211713, -267.0
1575347601.957623, -267.0
1575347602.674332, -267.0
1575347603.384113, -267.0
1575347604.111453, -267.0
1575347605.087052, -267.0
1575347605.809845, -267.0
1575347606.494191, -267.0
1575347607.219983, -267.0
1575347607.912633, -267.0
1575347608.648555, -267.0
1575347609.373512, -267.0
1575347610.279392, -267.0
1575347611.002327, -267.0
1575347611.715417, -267.0
1575347612.453732, -267.0
1575347613.192543, -267.0
1575347613.950426, -267.0
1575347614.686541, -267.0
1575347615.40193, -267.0
1575347616.15208, -267.0
1575347616.895883, -267.0
1575347617.654302, -267.0
1575347618.352058, -267.0
1575347619.1225, -267.0
1575347619.872165, -267.0
1575347620.592058, -267.0
1575347621.453183, -267.0
1575347621.507002, -267.0
1575347622.231374, -267.0
1575347622.949829, -267.0
1575347623.721885, -267.0
1575347624.472809, -267.0
1575347625.197737, -267.0
1575347625.921865, -267.0
1575347626.685911, -267.0
1575347627.442384, -267.0
1575347628.126752, -267.0
1575347628.832153, -267.0
1575347629.628288, -267.0
1575347630.596007, -267.0
1575347630.649617, -267.0
1575347630.705178, -267.0
1575347630.764151, -267.0
1575347630.825661, -267.0
1575347630.886591, -267.0
1575347630.945214, -267.0
1575347631.006133, -267.0
1575347631.064739, -267.0
1575347632.128794, -267.0
1575347633.037641, -267.0
1575347634.072095, -267.0
1575347634.86779, -267.0
1575347634.921243, -267.0
1575347635.882593, -267.0
1575347636.746522, -267.0
1575347636.800277, -267.0
1575347637.609812, -267.0
1575347638.460504, -267.0
1575347638.514087, -267.0
1575347638.567899, -267.0
1575347639.361221, -267.0
1575347640.108502, -267.0
1575347640.9951, -267.0
1575347641.777226, -267.0
1575347642.587043, -267.0
1575347642.640995, -267.0
1575347642.696214, -267.0
1575347642.751306, -267.0
1575347642.806812, -267.0
1575347642.861977, -267.0
1575347642.917536, -267.0
1575347642.972781, -267.0
1575347643.028486, -267.0
1575347643.083761, -267.0
1575347643.139261, -267.0
1575347643.194458, -267.0
1575347643.249946, -267.0
1575347643.305456, -267.0
1575347643.361362, -267.0
1575347643.416745, -267.0
1575347643.47354, -267.0
1575347643.528814, -267.0
1575347643.584771, -267.0
1575347643.641199, -267.0
1575347643.700534, -267.0
1575347643.755468, -267.0
1575347643.813009, -267.0
1575347643.86774, -267.0
1575347643.921895, -267.0
1575347643.976727, -267.0
1575347644.03155, -267.0
1575347645.256512, -267.0
1575347646.234685, -267.0
1575347646.288638, -267.0
1575347647.079506, -267.0
1575347647.133119, -267.0
1575347647.880288, -267.0
1575347648.604707, -267.0
1575347649.395312, -267.0
1575347650.117714, -267.0
1575347650.171352, -267.0
1575347650.22532, -267.0
1575347651.000245, -267.0
1575347651.774641, -267.0
1575347652.449034, -267.0
1575347653.228131, -267.0
1575347653.976948, -267.0
1575347654.783872, -267.0
1575347655.508748, -267.0
1575347656.258265, -267.0
1575347656.948673, -267.0
1575347657.686609, -267.0
1575347658.397421, -267.0
1575347659.162442, -267.0
1575347659.909378, -267.0
1575347660.634829, -267.0
1575347661.579432, -267.0
1575347661.633516, -267.0
1575347662.388021, -265.0
1575347663.098336, -265.0
1575347663.795429, -265.0
1575347664.61182, -265.0
1575347665.429888, -265.0
1575347666.187727, -265.0
1575347666.956052, -265.0
1575347667.693955, -265.0
1575347668.461348, -265.0
1575347669.233286, -265.0
1575347669.970855, -265.0
1575347670.768423, -265.0
1575347671.615427, -265.0
1575347672.498548, -265.0
1575347673.278419, -265.0
1575347674.072314, -265.0
1575347674.814847, -265.0
1575347675.579436, -265.0
1575347676.402586, -265.0
1575347677.1632, -265.0
1575347677.901986, -265.0
1575347678.687264, -265.0
1575347679.452025, -265.0
1575347680.220425, -265.0
1575347680.960437, -265.0
1575347681.663568, -265.0
1575347682.444002, -265.0
1575347683.175959, -265.0
1575347683.930173, -265.0
1575347684.710213, -265.0
1575347685.47387, -265.0
1575347686.258349, -265.0
1575347687.043861, -265.0
1575347687.806225, -265.0
1575347688.591023, -265.0
1575347689.357576, -265.0
1575347690.092224, -265.0
1575347690.881741, -265.0
1575347691.656816, -265.0
1575347692.435767, -265.0
1575347693.220282, -265.0
1575347693.980368, -265.0
1575347694.700908, -265.0
1575347695.393962, -265.0
1575347696.14161, -265.0
1575347696.841157, -265.0
1575347697.633739, -265.0
1575347698.376888, -265.0
1575347699.133889, -265.0
1575347699.912223, -265.0
1575347700.666657, -265.0
1575347701.391904, -265.0
1575347702.21405, -265.0
1575347703.158122, -265.0
1575347703.211941, -265.0
1575347703.978358, -265.0
1575347704.032306, -265.0
1575347704.780917, -265.0
1575347705.519668, -265.0
1575347706.294146, -265.0
