1575348321.972089, -288.0
1575348322.187383, -276.0
1575348322.401537, -276.0
1575348322.614959, -276.0
1575348322.828001, -276.0
1575348323.041631, -276.0
1575348323.255531, -276.0
1575348323.469759, -276.0
1575348323.684216, -276.0
1575348323.897913, -276.0
1575348324.110985, -276.0
1575348324.324385, -276.0
1575348324.539257, -276.0
1575348324.758298, -276.0
1575348324.979484, -276.0
1575348325.197931, -276.0
1575348325.418067, -276.0
1575348325.639564, -276.0
1575348325.856312, -276.0
1575348326.071254, -276.0
1575348326.286228, -276.0
1575348326.500632, -276.0
1575348326.71425, -276.0
1575348326.9279, -276.0
1575348327.142155, -276.0
1575348327.355223, -276.0
1575348327.569983, -276.0
1575348327.782555, -276.0
1575348327.995773, -276.0
1575348328.210267, -276.0
1575348328.423352, -276.0
1575348328.637498, -276.0
1575348328.851438, -276.0
1575348329.065082, -276.0
1575348329.278321, -276.0
1575348329.492113, -276.0
1575348329.705884, -276.0
1575348329.91988, -276.0
1575348330.132736, -276.0
1575348330.346665, -276.0
1575348330.559853, -276.0
1575348330.773619, -276.0
1575348330.986925, -276.0
1575348331.201138, -276.0
1575348331.414144, -276.0
1575348331.627994, -276.0
1575348331.841593, -276.0
1575348332.055043, -276.0
1575348332.268076, -276.0
1575348332.481021, -276.0
1575348322.499578, -276.0
1575348322.979053, -276.0
1575348323.459252, -276.0
1575348323.937593, -276.0
1575348324.416253, -276.0
1575348324.896169, -276.0
1575348325.374547, -276.0
1575348325.855042, -276.0
1575348326.332877, -276.0
1575348326.811289, -276.0
1575348327.290686, -276.0
1575348327.770122, -276.0
1575348328.256705, -276.0
1575348328.788035, -276.0
1575348329.338219, -276.0
1575348329.866503, -276.0
1575348330.405175, -276.0
1575348330.959917, -276.0
1575348331.475102, -276.0
1575348331.969156, -276.0
1575348332.456042, -276.0
1575348332.940959, -276.0
1575348335.324254, -276.0
1575348335.805148, -276.0
1575348337.265672, -276.0
1575348338.668741, -276.0
1575348339.151242, -276.0
1575348339.634598, -276.0
1575348340.992539, -276.0
1575348341.474859, -276.0
1575348341.957801, -276.0
1575348343.474964, -263.0
1575348344.962344, -263.0
1575348346.671182, -263.0
1575348347.154717, -263.0
1575348347.637968, -263.0
1575348349.343468, -263.0
1575348349.828953, -263.0
1575348350.312375, -263.0
1575348353.388911, -263.0
1575348353.873039, -263.0
1575348354.357589, -263.0
1575348354.842519, -263.0
1575348357.954086, -263.0
1575348359.633621, -263.0
1575348361.384311, -263.0
1575348361.866825, -263.0
1575348362.347279, -263.0
1575348362.83036, -263.0
1575348363.312415, -263.0
1575348322.42775, -276.0
1575348322.855389, -276.0
1575348323.285009, -276.0
1575348323.713266, -276.0
1575348324.140351, -276.0
1575348324.566547, -276.0
1575348324.99218, -276.0
1575348325.417912, -276.0
1575348325.842791, -276.0
1575348326.268371, -276.0
1575348326.696121, -276.0
1575348327.122597, -276.0
1575348327.552938, -276.0
1575348328.00854, -276.0
1575348328.474395, -276.0
1575348328.925156, -276.0
1575348329.380099, -276.0
1575348329.848163, -276.0
1575348330.293683, -276.0
1575348330.728498, -276.0
1575348332.325719, -276.0
1575348332.75709, -276.0
1575348333.192241, -276.0
1575348333.634427, -276.0
1575348334.069362, -276.0
1575348334.500617, -276.0
1575348335.951835, -276.0
1575348336.379983, -276.0
1575348336.807335, -276.0
1575348338.119978, -276.0
1575348338.546868, -276.0
1575348338.973896, -276.0
1575348339.402357, -276.0
1575348339.830763, -276.0
1575348340.260758, -276.0
1575348340.688807, -276.0
1575348341.11602, -276.0
1575348341.541566, -276.0
1575348342.793348, -276.0
1575348343.220465, -276.0
1575348343.647783, -263.0
1575348344.077209, -263.0
1575348344.503554, -263.0
1575348345.767839, -263.0
1575348346.193932, -263.0
1575348346.620582, -263.0
1575348347.781426, -263.0
1575348348.208606, -263.0
1575348348.636098, -263.0
1575348349.064417, -263.0
1575348322.078088, -276.0
1575348322.291974, -276.0
1575348322.506083, -276.0
1575348322.719479, -276.0
1575348322.933321, -276.0
1575348323.147698, -276.0
1575348323.361375, -276.0
1575348323.575535, -276.0
1575348323.788792, -276.0
1575348324.002543, -276.0
1575348324.216501, -276.0
1575348324.431046, -276.0
1575348324.646201, -276.0
1575348324.872522, -276.0
1575348325.101052, -276.0
1575348325.324101, -276.0
1575348325.549335, -276.0
1575348325.778818, -276.0
1575348325.999942, -276.0
1575348326.217303, -276.0
1575348326.43303, -276.0
1575348326.647997, -276.0
1575348326.862177, -276.0
1575348327.076574, -276.0
1575348327.290139, -276.0
1575348327.503275, -276.0
1575348327.717526, -276.0
1575348327.931397, -276.0
1575348328.146029, -276.0
1575348328.361481, -276.0
1575348328.574898, -276.0
1575348328.788449, -276.0
1575348329.00226, -276.0
1575348329.216046, -276.0
1575348329.429539, -276.0
1575348329.642491, -276.0
1575348329.855829, -276.0
1575348330.069108, -276.0
1575348330.282768, -276.0
1575348330.496171, -276.0
1575348330.709624, -276.0
1575348330.922923, -276.0
1575348331.13694, -276.0
1575348331.350417, -276.0
1575348331.563682, -276.0
1575348331.776945, -276.0
1575348331.989978, -276.0
1575348332.203702, -276.0
1575348332.417315, -276.0
1575348332.630667, -276.0
1575348332.919878, -276.0
1575348333.133146, -276.0
1575348333.346241, -276.0
1575348333.559666, -276.0
1575348333.77422, -276.0
1575348333.988602, -276.0
1575348334.229815, -276.0
1575348334.473308, -276.0
1575348334.703083, -276.0
1575348334.925301, -276.0
1575348335.143118, -276.0
1575348335.359261, -276.0
1575348335.573375, -276.0
1575348335.787217, -276.0
1575348336.000627, -276.0
1575348336.213804, -276.0
1575348336.427625, -276.0
1575348336.641147, -276.0
1575348336.854519, -276.0
1575348337.068145, -276.0
1575348337.281808, -276.0
1575348337.496339, -276.0
1575348337.711848, -276.0
1575348337.927433, -276.0
1575348338.141948, -276.0
1575348338.356176, -276.0
1575348338.570018, -276.0
1575348338.784827, -276.0
1575348339.002497, -276.0
1575348339.221561, -276.0
1575348339.444, -276.0
1575348339.665582, -276.0
1575348339.887202, -276.0
1575348340.109405, -276.0
1575348340.327171, -276.0
1575348340.545871, -276.0
1575348340.763919, -276.0
1575348340.984083, -276.0
1575348341.205483, -276.0
1575348341.42472, -276.0
1575348341.642826, -276.0
1575348341.865347, -276.0
1575348342.086081, -276.0
1575348342.306706, -276.0
1575348342.525668, -276.0
1575348342.745793, -276.0
1575348342.966538, -276.0
1575348343.184957, -276.0
1575348343.404472, -276.0
1575348343.626871, -263.0
1575348333.067879, -276.0
1575348333.281417, -276.0
1575348333.494969, -276.0
1575348333.708837, -276.0
1575348333.92281, -276.0
1575348334.137015, -276.0
1575348334.378726, -276.0
1575348334.621065, -276.0
1575348334.850759, -276.0
1575348335.072589, -276.0
1575348335.290622, -276.0
1575348335.506151, -276.0
1575348335.720477, -276.0
1575348335.934115, -276.0
1575348336.148669, -276.0
1575348336.362571, -276.0
1575348336.575706, -276.0
1575348336.789579, -276.0
1575348337.003053, -276.0
1575348337.216352, -276.0
1575348337.428977, -276.0
1575348337.643392, -276.0
1575348337.858347, -276.0
1575348338.074213, -276.0
1575348338.288043, -276.0
1575348338.502229, -276.0
1575348338.715643, -276.0
1575348338.930872, -276.0
1575348339.147484, -276.0
1575348339.365901, -276.0
1575348339.587907, -276.0
1575348339.809565, -276.0
1575348340.030582, -276.0
1575348340.252458, -276.0
1575348340.469972, -276.0
1575348340.687776, -276.0
1575348340.905708, -276.0
1575348341.12672, -276.0
1575348341.348995, -276.0
1575348341.568347, -276.0
1575348341.786435, -276.0
1575348342.009366, -276.0
1575348342.23123, -276.0
1575348342.452542, -276.0
1575348342.672161, -276.0
1575348342.893479, -276.0
1575348343.116479, -276.0
1575348343.339545, -276.0
1575348343.562983, -263.0
1575348343.787228, -263.0
1575348344.166813, -263.0
1575348344.433727, -263.0
1575348344.70006, -263.0
1575348344.966263, -263.0
1575348345.233028, -263.0
1575348345.518442, -263.0
1575348345.801505, -263.0
1575348346.083054, -263.0
1575348346.363363, -263.0
1575348346.64617, -263.0
1575348346.927609, -263.0
1575348347.210253, -263.0
1575348347.492935, -263.0
1575348347.77543, -263.0
1575348348.056183, -263.0
1575348348.336472, -263.0
1575348348.616167, -263.0
1575348348.896069, -263.0
1575348349.174846, -263.0
1575348349.451634, -263.0
1575348349.726927, -263.0
1575348350.003947, -263.0
1575348350.277478, -263.0
1575348350.550747, -263.0
1575348350.823233, -263.0
1575348351.09427, -263.0
1575348351.363115, -263.0
1575348351.632476, -263.0
1575348351.902515, -263.0
1575348352.172917, -263.0
1575348352.443182, -263.0
1575348352.711594, -263.0
1575348352.979532, -263.0
1575348353.247223, -263.0
1575348353.514684, -263.0
1575348353.783894, -263.0
1575348354.053043, -263.0
1575348354.32456, -263.0
1575348354.595026, -263.0
1575348354.866683, -263.0
1575348355.137885, -263.0
1575348355.408428, -263.0
1575348355.678239, -263.0
1575348355.947804, -263.0
1575348356.217726, -263.0
1575348356.490963, -263.0
1575348356.768475, -263.0
1575348357.042851, -263.0
1575348357.318556, -263.0
1575348357.59664, -263.0
1575348344.228537, -263.0
1575348344.442279, -263.0
1575348344.655852, -263.0
1575348344.869755, -263.0
1575348345.083973, -263.0
1575348345.31213, -263.0
1575348345.53889, -263.0
1575348345.76351, -263.0
1575348345.986864, -263.0
1575348346.211934, -263.0
1575348346.435501, -263.0
1575348346.661275, -263.0
1575348346.886147, -263.0
1575348347.111357, -263.0
1575348347.335156, -263.0
1575348347.558512, -263.0
1575348347.781045, -263.0
1575348348.003693, -263.0
1575348348.225412, -263.0
1575348348.445392, -263.0
1575348348.664818, -263.0
1575348348.884466, -263.0
1575348349.103505, -263.0
1575348349.321432, -263.0
1575348349.539766, -263.0
1575348349.757412, -263.0
1575348349.973242, -263.0
1575348350.188978, -263.0
1575348350.405381, -263.0
1575348350.621302, -263.0
1575348350.837381, -263.0
1575348351.051863, -263.0
1575348351.266736, -263.0
1575348351.481261, -263.0
1575348351.696473, -263.0
1575348351.912152, -263.0
1575348352.128086, -263.0
1575348352.344977, -263.0
1575348352.560812, -263.0
1575348352.777146, -263.0
1575348352.992827, -263.0
1575348353.208315, -263.0
1575348353.424339, -263.0
1575348353.639686, -263.0
1575348353.855053, -263.0
1575348354.072642, -263.0
1575348354.291569, -263.0
1575348354.509832, -263.0
1575348354.728312, -263.0
1575348354.949815, -263.0
1575348349.503088, -263.0
1575348349.716321, -263.0
1575348349.93049, -263.0
1575348350.144263, -263.0
1575348350.35783, -263.0
1575348350.570921, -263.0
1575348350.784303, -263.0
1575348350.99903, -263.0
1575348351.211813, -263.0
1575348351.425221, -263.0
1575348351.639466, -263.0
1575348351.854211, -263.0
1575348352.068828, -263.0
1575348352.281971, -263.0
1575348352.496237, -263.0
1575348352.710091, -263.0
1575348352.923643, -263.0
1575348353.13784, -263.0
1575348353.351576, -263.0
1575348353.565284, -263.0
1575348353.778824, -263.0
1575348353.993169, -263.0
1575348354.206887, -263.0
1575348354.419967, -263.0
1575348354.633528, -263.0
1575348354.846933, -263.0
1575348355.060746, -263.0
1575348355.275033, -263.0
1575348355.488502, -263.0
1575348355.701652, -263.0
1575348355.914676, -263.0
1575348356.128721, -263.0
1575348356.343344, -263.0
1575348356.557047, -263.0
1575348356.770596, -263.0
1575348356.984222, -263.0
1575348357.198546, -263.0
1575348357.412575, -263.0
1575348357.626742, -263.0
1575348357.839723, -263.0
1575348358.053193, -263.0
1575348358.266416, -263.0
1575348358.479488, -263.0
1575348358.693403, -263.0
1575348358.906197, -263.0
1575348359.119603, -263.0
1575348359.332783, -263.0
1575348359.545786, -263.0
1575348359.758956, -263.0
1575348359.972623, -263.0
1575348355.397606, -263.0
1575348355.611491, -263.0
1575348355.825065, -263.0
1575348356.038935, -263.0
1575348356.252307, -263.0
1575348356.465798, -263.0
1575348356.679704, -263.0
1575348356.892806, -263.0
1575348357.106814, -263.0
1575348357.319563, -263.0
1575348357.532918, -263.0
1575348357.746308, -263.0
1575348357.958045, -263.0
1575348358.170711, -263.0
1575348358.38293, -263.0
1575348358.595296, -263.0
1575348358.807538, -263.0
1575348359.020337, -263.0
1575348359.23329, -263.0
1575348359.446263, -263.0
1575348359.65864, -263.0
1575348359.872331, -263.0
1575348360.085194, -263.0
1575348360.298222, -263.0
1575348360.510412, -263.0
1575348360.723541, -263.0
1575348360.93574, -263.0
1575348361.148149, -263.0
1575348361.360398, -263.0
1575348361.57321, -263.0
1575348361.785272, -263.0
1575348361.997387, -263.0
1575348362.210135, -263.0
1575348362.423309, -263.0
1575348362.635476, -263.0
1575348362.847755, -263.0
1575348363.060372, -263.0
1575348363.272565, -263.0
1575348363.485324, -263.0
1575348363.69706, -263.0
1575348363.909162, -263.0
1575348364.120841, -263.0
1575348364.333136, -263.0
1575348364.546569, -263.0
1575348364.758658, -263.0
1575348364.971091, -263.0
1575348365.183927, -263.0
1575348365.396364, -263.0
1575348365.60871, -263.0
1575348365.820963, -263.0
1575348380.554443, -263.0
1575348380.610068, -263.0
1575348380.663862, -263.0
1575348380.717926, -263.0
1575348380.771899, -263.0
1575348380.828756, -263.0
1575348380.884475, -263.0
1575348380.939088, -263.0
1575348381.708633, -263.0
1575348382.498517, -263.0
1575348383.323046, -263.0
1575348384.133578, -263.0
1575348384.187321, -263.0
1575348384.243443, -263.0
1575348384.302215, -263.0
1575348384.363001, -263.0
1575348384.424493, -263.0
1575348384.484799, -263.0
1575348384.544077, -263.0
1575348384.603688, -263.0
1575348384.663011, -263.0
1575348384.723053, -263.0
1575348384.783924, -263.0
1575348384.845404, -263.0
1575348384.907057, -263.0
1575348384.968926, -263.0
1575348385.030688, -263.0
1575348385.092407, -263.0
1575348385.153456, -263.0
1575348385.214774, -263.0
1575348385.275154, -263.0
1575348385.335457, -263.0
1575348385.395656, -263.0
1575348385.45608, -263.0
1575348385.51652, -263.0
1575348385.577514, -263.0
1575348385.638134, -263.0
1575348385.698803, -263.0
1575348385.759263, -263.0
1575348385.819953, -263.0
1575348385.880354, -263.0
1575348385.940977, -263.0
1575348386.00137, -263.0
1575348386.061705, -263.0
1575348386.121875, -263.0
1575348386.182925, -263.0
1575348386.243539, -263.0
1575348386.303869, -263.0
1575348386.364635, -263.0
1575348386.425295, -263.0
1575348386.486627, -263.0
1575348386.547398, -263.0
1575348386.608447, -263.0
1575348386.669452, -263.0
1575348386.730598, -263.0
1575348386.792714, -263.0
1575348386.853366, -263.0
1575348386.914336, -263.0
1575348386.975346, -263.0
1575348387.035785, -263.0
1575348387.096532, -263.0
1575348387.15725, -263.0
1575348387.218663, -263.0
1575348387.279501, -263.0
1575348387.340118, -263.0
1575348387.400427, -263.0
1575348387.460983, -263.0
1575348387.521651, -263.0
1575348387.582299, -263.0
1575348387.643134, -263.0
1575348387.704127, -263.0
1575348387.765693, -263.0
1575348387.826841, -263.0
1575348387.887542, -263.0
1575348387.948585, -263.0
1575348388.009791, -263.0
1575348388.070196, -263.0
1575348388.130636, -263.0
1575348388.190744, -263.0
1575348388.251238, -263.0
1575348388.311714, -263.0
1575348388.372273, -263.0
1575348388.432814, -263.0
1575348388.493301, -263.0
1575348388.553907, -263.0
1575348388.614015, -263.0
1575348388.674101, -263.0
1575348388.734475, -263.0
1575348388.795733, -263.0
1575348388.855995, -263.0
1575348388.916619, -263.0
1575348388.977809, -263.0
1575348389.03805, -263.0
1575348389.098027, -263.0
1575348389.15804, -263.0
1575348389.218349, -263.0
1575348389.278289, -263.0
1575348389.338627, -263.0
1575348389.398937, -263.0
1575348389.459637, -263.0
1575348389.519846, -263.0
1575348389.580006, -263.0
1575348389.640304, -263.0
1575348389.700947, -263.0
1575348389.761707, -263.0
1575348389.821872, -263.0
1575348389.882051, -263.0
1575348389.943256, -263.0
1575348390.003601, -263.0
1575348390.0637, -263.0
1575348390.123828, -263.0
1575348390.184405, -263.0
1575348390.244995, -263.0
1575348390.305427, -263.0
1575348390.36613, -263.0
1575348390.426506, -263.0
1575348390.487052, -263.0
1575348390.547298, -263.0
1575348390.607646, -263.0
1575348390.668302, -263.0
1575348390.728933, -263.0
1575348390.789387, -263.0
1575348390.849801, -263.0
1575348390.9112, -263.0
1575348390.971986, -263.0
1575348391.032116, -263.0
1575348391.092127, -263.0
1575348391.152462, -263.0
1575348391.212793, -263.0
1575348391.272969, -263.0
1575348391.333195, -263.0
1575348391.393141, -263.0
1575348391.453376, -263.0
1575348391.513591, -263.0
1575348391.574006, -263.0
1575348391.634134, -263.0
1575348391.694373, -263.0
1575348391.754524, -263.0
1575348391.814648, -263.0
1575348391.874783, -263.0
1575348391.934732, -263.0
1575348391.994714, -263.0
1575348392.054963, -263.0
1575348392.114586, -263.0
1575348392.174654, -263.0
1575348392.234752, -263.0
1575348392.29389, -263.0
1575348392.353274, -263.0
1575348392.413011, -263.0
1575348392.472703, -263.0
1575348392.532101, -263.0
1575348392.590946, -263.0
1575348392.650376, -263.0
1575348392.709939, -263.0
1575348392.769262, -263.0
1575348392.828732, -263.0
1575348392.887801, -263.0
1575348392.947311, -263.0
1575348393.005694, -263.0
1575348393.063572, -263.0
1575348393.121706, -263.0
1575348393.179558, -263.0
1575348393.237411, -263.0
1575348393.295497, -263.0
1575348393.353736, -263.0
1575348393.411779, -263.0
1575348393.470498, -263.0
1575348393.529279, -263.0
1575348393.58747, -263.0
1575348393.645188, -263.0
1575348393.703452, -263.0
1575348393.761928, -263.0
1575348393.819934, -263.0
1575348393.878332, -263.0
1575348393.937892, -263.0
1575348393.997533, -263.0
1575348394.057168, -263.0
1575348394.116928, -263.0
1575348394.176786, -263.0
1575348394.236271, -263.0
1575348394.295727, -263.0
1575348394.355358, -263.0
1575348394.414476, -263.0
1575348394.473332, -263.0
1575348394.532447, -263.0
1575348394.59329, -263.0
1575348394.652834, -263.0
1575348394.712624, -263.0
1575348394.772328, -263.0
1575348394.832232, -263.0
1575348394.891659, -263.0
1575348394.952045, -263.0
1575348395.011828, -263.0
1575348395.071375, -263.0
1575348395.131529, -263.0
1575348395.192823, -263.0
1575348395.25232, -263.0
1575348395.312293, -263.0
1575348395.372476, -263.0
1575348395.43196, -263.0
1575348395.491344, -263.0
1575348395.550274, -263.0
1575348395.609827, -263.0
1575348395.669666, -263.0
1575348395.729471, -263.0
1575348395.789161, -263.0
1575348395.848926, -263.0
1575348395.908411, -263.0
1575348395.968876, -263.0
1575348396.028379, -263.0
1575348396.087742, -263.0
1575348396.146808, -263.0
1575348396.20653, -263.0
1575348396.266171, -263.0
1575348396.325588, -263.0
1575348396.385101, -263.0
1575348396.444546, -263.0
1575348396.503944, -263.0
1575348396.563388, -263.0
1575348396.622964, -263.0
1575348396.68257, -263.0
1575348396.741678, -263.0
1575348396.801119, -263.0
1575348396.860659, -263.0
1575348396.920475, -263.0
1575348396.98023, -263.0
1575348397.039518, -263.0
1575348397.099736, -263.0
1575348397.158544, -263.0
1575348397.217875, -263.0
1575348397.276815, -263.0
1575348397.335811, -263.0
1575348397.394485, -263.0
1575348397.452946, -263.0
1575348397.510919, -263.0
1575348397.569204, -263.0
1575348397.627042, -263.0
1575348397.684714, -263.0
1575348397.742793, -263.0
1575348397.8003, -263.0
1575348397.857947, -263.0
1575348397.915505, -263.0
1575348397.973667, -263.0
1575348398.031776, -263.0
1575348398.090349, -263.0
1575348398.147828, -263.0
1575348398.205904, -263.0
1575348398.263529, -263.0
1575348398.321298, -263.0
1575348398.379751, -263.0
1575348380.598049, -263.0
1575348380.655043, -263.0
1575348380.711243, -263.0
1575348380.765738, -263.0
1575348380.820164, -263.0
1575348380.873664, -263.0
1575348380.927604, -263.0
1575348380.988299, -263.0
1575348381.042343, -263.0
1575348381.095907, -263.0
1575348381.149316, -263.0
1575348381.203068, -263.0
1575348381.256467, -263.0
1575348381.309949, -263.0
1575348381.36365, -263.0
1575348381.417047, -263.0
1575348381.47133, -263.0
1575348381.525706, -263.0
1575348381.58013, -263.0
1575348381.634305, -263.0
1575348381.688733, -263.0
1575348381.743391, -263.0
1575348381.798123, -263.0
1575348381.852753, -263.0
1575348381.907563, -263.0
1575348381.962643, -263.0
1575348382.017669, -263.0
1575348382.072708, -263.0
1575348382.127475, -263.0
1575348382.182239, -263.0
1575348382.236952, -263.0
1575348382.291646, -263.0
1575348382.346305, -263.0
1575348382.400924, -263.0
1575348382.455683, -263.0
1575348382.51005, -263.0
1575348382.564448, -263.0
1575348382.618969, -263.0
1575348382.673682, -263.0
1575348382.728219, -263.0
1575348382.782627, -263.0
1575348382.83729, -263.0
1575348382.891861, -263.0
1575348382.946542, -263.0
1575348383.001022, -263.0
1575348383.05511, -263.0
1575348383.109551, -263.0
1575348383.164046, -263.0
1575348383.21841, -263.0
1575348383.272825, -263.0
1575348383.327518, -263.0
1575348383.382201, -263.0
1575348383.436767, -263.0
1575348383.491139, -263.0
1575348383.545686, -263.0
1575348383.60055, -263.0
1575348383.654979, -263.0
1575348383.709295, -263.0
1575348383.763548, -263.0
1575348383.817564, -263.0
1575348383.872389, -263.0
1575348383.926954, -263.0
1575348383.981281, -263.0
1575348384.035575, -263.0
1575348384.090661, -263.0
1575348384.145219, -263.0
1575348384.199958, -263.0
1575348384.254777, -263.0
1575348384.30934, -263.0
1575348384.363666, -263.0
1575348384.417954, -263.0
1575348384.472818, -263.0
1575348384.527369, -263.0
1575348384.581879, -263.0
1575348384.636324, -263.0
1575348384.690863, -263.0
1575348384.745291, -263.0
1575348384.799609, -263.0
1575348384.854173, -263.0
1575348384.908588, -263.0
1575348384.963198, -263.0
1575348385.017359, -263.0
1575348385.071809, -263.0
1575348385.125941, -263.0
1575348385.180312, -263.0
1575348385.234913, -263.0
1575348385.289355, -263.0
1575348385.344033, -263.0
1575348385.398525, -263.0
1575348385.452821, -263.0
1575348385.507297, -263.0
1575348385.562038, -263.0
1575348385.61648, -263.0
1575348385.670859, -263.0
1575348385.725301, -263.0
1575348385.779656, -263.0
1575348385.834434, -263.0
1575348385.888784, -263.0
1575348385.943259, -263.0
1575348385.997852, -263.0
1575348386.052705, -263.0
1575348386.107026, -263.0
1575348386.16167, -263.0
1575348386.216255, -263.0
1575348386.270713, -263.0
1575348386.325622, -263.0
1575348386.38027, -263.0
1575348386.434692, -263.0
1575348386.489075, -263.0
1575348386.543493, -263.0
1575348386.597757, -263.0
1575348386.651937, -263.0
1575348386.706285, -263.0
1575348386.760547, -263.0
1575348386.815094, -263.0
1575348386.869337, -263.0
1575348386.924163, -263.0
1575348386.978546, -263.0
1575348387.032892, -263.0
1575348387.086955, -263.0
1575348387.141434, -263.0
1575348387.195385, -263.0
1575348387.249273, -263.0
1575348387.303168, -263.0
1575348387.357348, -263.0
1575348387.411097, -263.0
1575348387.464915, -263.0
1575348388.563084, -263.0
1575348388.616815, -263.0
1575348388.670789, -263.0
1575348388.724384, -263.0
1575348388.777725, -263.0
1575348388.831286, -263.0
1575348388.885069, -263.0
1575348388.938818, -263.0
1575348388.992299, -263.0
1575348389.045979, -263.0
1575348389.09966, -263.0
1575348389.153097, -263.0
1575348389.206692, -263.0
1575348389.260184, -263.0
1575348389.314222, -263.0
1575348389.368134, -263.0
1575348389.421657, -263.0
1575348389.475862, -263.0
1575348389.529385, -263.0
1575348389.583096, -263.0
1575348389.636641, -263.0
1575348389.690263, -263.0
1575348389.743783, -263.0
1575348389.797286, -263.0
1575348389.850988, -263.0
1575348389.904641, -263.0
1575348389.958573, -263.0
1575348390.012636, -263.0
1575348390.066408, -263.0
1575348390.120132, -263.0
1575348390.173782, -263.0
1575348390.227921, -263.0
1575348390.28142, -263.0
1575348390.334956, -263.0
1575348390.38862, -263.0
1575348390.442357, -263.0
1575348390.496275, -263.0
1575348390.550091, -263.0
1575348390.603657, -263.0
1575348390.65754, -263.0
1575348390.711189, -263.0
1575348390.764886, -263.0
1575348390.818376, -263.0
1575348390.872091, -263.0
1575348390.926494, -263.0
1575348390.980383, -263.0
1575348391.034043, -263.0
1575348391.087923, -263.0
1575348391.141576, -263.0
1575348391.194994, -263.0
1575348391.248853, -263.0
1575348391.302588, -263.0
1575348391.356023, -263.0
1575348391.409505, -263.0
1575348391.463332, -263.0
1575348391.516931, -263.0
1575348391.570381, -263.0
1575348391.623757, -263.0
1575348391.677431, -263.0
1575348391.731401, -263.0
1575348391.784611, -263.0
1575348391.838349, -263.0
1575348391.89215, -263.0
1575348391.946027, -263.0
1575348391.99987, -263.0
1575348392.053221, -263.0
1575348392.106818, -263.0
1575348392.160361, -263.0
1575348392.21398, -263.0
1575348392.267554, -263.0
1575348392.321118, -263.0
1575348392.374764, -263.0
1575348392.428467, -263.0
1575348392.482357, -263.0
1575348392.53612, -263.0
1575348392.590001, -263.0
1575348392.643708, -263.0
1575348392.697466, -263.0
1575348392.75109, -263.0
1575348392.804751, -263.0
1575348392.858201, -263.0
1575348392.911824, -263.0
1575348392.966038, -263.0
1575348393.019603, -263.0
1575348393.073715, -263.0
1575348393.127869, -263.0
1575348393.181833, -263.0
1575348393.235634, -263.0
1575348393.28926, -263.0
1575348393.342595, -263.0
1575348393.396212, -263.0
1575348393.4495, -263.0
1575348393.503051, -263.0
1575348393.556508, -263.0
1575348393.609857, -263.0
1575348393.663528, -263.0
1575348393.717492, -263.0
1575348393.771453, -263.0
1575348393.82525, -263.0
1575348393.878872, -263.0
1575348393.932821, -263.0
1575348393.986432, -263.0
1575348394.039822, -263.0
1575348394.093146, -263.0
1575348394.146595, -263.0
1575348394.200072, -263.0
1575348394.253604, -263.0
1575348394.308157, -263.0
1575348394.36178, -263.0
1575348394.41549, -263.0
1575348394.469311, -263.0
1575348394.522837, -263.0
1575348394.57636, -263.0
1575348394.630028, -263.0
1575348394.683703, -263.0
1575348394.737156, -263.0
1575348394.790749, -263.0
1575348394.844361, -263.0
1575348394.898056, -263.0
1575348394.951838, -263.0
1575348395.005308, -263.0
1575348395.059328, -263.0
1575348395.113412, -263.0
1575348380.627356, -263.0
1575348380.684669, -263.0
1575348380.740971, -263.0
1575348380.796645, -263.0
1575348380.85188, -263.0
1575348380.90598, -263.0
1575348380.960295, -263.0
1575348381.021775, -263.0
1575348381.075439, -263.0
1575348381.128937, -263.0
1575348381.182975, -263.0
1575348381.236747, -263.0
1575348381.290637, -263.0
1575348381.34445, -263.0
1575348381.398476, -263.0
1575348381.452483, -263.0
1575348381.506725, -263.0
1575348381.561178, -263.0
1575348381.616086, -263.0
1575348381.670664, -263.0
1575348381.725711, -263.0
1575348381.780257, -263.0
1575348381.834795, -263.0
1575348381.890002, -263.0
1575348381.944959, -263.0
1575348381.999792, -263.0
1575348382.054447, -263.0
1575348382.109244, -263.0
1575348382.163956, -263.0
1575348382.219062, -263.0
1575348382.274078, -263.0
1575348382.328671, -263.0
1575348382.383248, -263.0
1575348382.438294, -263.0
1575348382.493212, -263.0
1575348382.547702, -263.0
1575348382.602242, -263.0
1575348382.65669, -263.0
1575348382.711602, -263.0
1575348382.766169, -263.0
1575348382.820712, -263.0
1575348382.875631, -263.0
1575348382.930639, -263.0
1575348382.985811, -263.0
1575348383.040627, -263.0
1575348383.095215, -263.0
1575348383.149802, -263.0
1575348383.20449, -263.0
1575348383.259392, -263.0
1575348383.314256, -263.0
1575348383.369044, -263.0
1575348383.423792, -263.0
1575348383.478908, -263.0
1575348383.533725, -263.0
1575348383.588044, -263.0
1575348383.64269, -263.0
1575348383.697448, -263.0
1575348383.752405, -263.0
1575348383.807148, -263.0
1575348383.861637, -263.0
1575348383.916343, -263.0
1575348383.97125, -263.0
1575348384.026395, -263.0
1575348384.081269, -263.0
1575348384.135776, -263.0
1575348384.19094, -263.0
1575348384.245575, -263.0
1575348384.300143, -263.0
1575348384.354742, -263.0
1575348384.409237, -263.0
1575348384.464157, -263.0
1575348384.51852, -263.0
1575348384.573102, -263.0
1575348384.627683, -263.0
1575348384.682152, -263.0
1575348384.737092, -263.0
1575348384.791673, -263.0
1575348384.846698, -263.0
1575348384.901498, -263.0
1575348384.956377, -263.0
1575348385.011189, -263.0
1575348385.065927, -263.0
1575348385.120702, -263.0
1575348385.175032, -263.0
1575348385.229727, -263.0
1575348385.28427, -263.0
1575348385.33864, -263.0
1575348385.393597, -263.0
1575348385.448406, -263.0
1575348385.502927, -263.0
1575348385.557545, -263.0
1575348385.61213, -263.0
1575348385.666637, -263.0
1575348385.721537, -263.0
1575348385.776634, -263.0
1575348385.831335, -263.0
1575348385.885737, -263.0
1575348385.940412, -263.0
1575348385.995038, -263.0
1575348386.04952, -263.0
1575348386.103917, -263.0
1575348386.158484, -263.0
1575348386.213211, -263.0
1575348386.268109, -263.0
1575348386.32248, -263.0
1575348386.377225, -263.0
1575348386.431819, -263.0
1575348386.486442, -263.0
1575348386.540914, -263.0
1575348386.59534, -263.0
1575348386.649853, -263.0
1575348386.704805, -263.0
1575348386.759521, -263.0
1575348386.814198, -263.0
1575348386.868834, -263.0
1575348386.923495, -263.0
1575348386.978157, -263.0
1575348387.032428, -263.0
1575348387.086784, -263.0
1575348387.141192, -263.0
1575348387.19585, -263.0
1575348387.250447, -263.0
1575348387.304998, -263.0
1575348387.359629, -263.0
1575348387.414611, -263.0
1575348387.469265, -263.0
1575348387.524033, -263.0
1575348387.578931, -263.0
1575348387.633833, -263.0
1575348387.688723, -263.0
1575348387.74384, -263.0
1575348387.798839, -263.0
1575348387.853328, -263.0
1575348387.907775, -263.0
1575348387.962783, -263.0
1575348388.017427, -263.0
1575348388.072148, -263.0
1575348388.126515, -263.0
1575348388.181676, -263.0
1575348388.237138, -263.0
1575348388.292162, -263.0
1575348388.346693, -263.0
1575348388.401046, -263.0
1575348388.456077, -263.0
1575348388.510729, -263.0
1575348388.565555, -263.0
1575348388.620395, -263.0
1575348388.674811, -263.0
1575348388.729628, -263.0
1575348388.784158, -263.0
1575348388.838733, -263.0
1575348388.893953, -263.0
1575348388.948707, -263.0
1575348389.003773, -263.0
1575348389.058695, -263.0
1575348389.113536, -263.0
1575348389.168727, -263.0
1575348389.223989, -263.0
1575348389.278814, -263.0
1575348389.333564, -263.0
1575348389.38813, -263.0
1575348389.442581, -263.0
1575348389.497326, -263.0
1575348389.552458, -263.0
1575348389.607629, -263.0
1575348389.662509, -263.0
1575348389.717178, -263.0
1575348389.772038, -263.0
1575348389.827079, -263.0
1575348389.881995, -263.0
1575348389.936627, -263.0
1575348389.991295, -263.0
1575348390.046144, -263.0
1575348390.100968, -263.0
1575348390.155318, -263.0
1575348390.209908, -263.0
1575348390.265123, -263.0
1575348390.320178, -263.0
1575348390.374731, -263.0
1575348390.429298, -263.0
1575348390.48414, -263.0
1575348390.538726, -263.0
1575348390.593255, -263.0
1575348390.647982, -263.0
1575348390.70262, -263.0
1575348390.757553, -263.0
1575348390.812129, -263.0
1575348390.866607, -263.0
1575348390.921233, -263.0
1575348390.975939, -263.0
1575348391.030515, -263.0
1575348391.084992, -263.0
1575348391.139769, -263.0
1575348391.194414, -263.0
1575348391.249432, -263.0
1575348391.304159, -263.0
1575348391.35977, -263.0
1575348391.414849, -263.0
1575348391.46963, -263.0
1575348391.524441, -263.0
1575348391.579304, -263.0
1575348391.634168, -263.0
1575348391.688456, -263.0
1575348391.74321, -263.0
1575348391.798179, -263.0
1575348391.853188, -263.0
1575348391.90806, -263.0
1575348391.962784, -263.0
1575348392.017345, -263.0
1575348392.071781, -263.0
1575348392.126997, -263.0
1575348392.181784, -263.0
1575348392.236796, -263.0
1575348392.291572, -263.0
1575348392.346159, -263.0
1575348392.400544, -263.0
1575348392.455459, -263.0
1575348392.510155, -263.0
1575348392.565011, -263.0
1575348392.619808, -263.0
1575348392.674334, -263.0
1575348392.729414, -263.0
1575348392.784184, -263.0
1575348392.83915, -263.0
1575348392.894116, -263.0
1575348392.94907, -263.0
1575348393.003447, -263.0
1575348393.058369, -263.0
1575348393.112971, -263.0
1575348393.167405, -263.0
1575348393.221908, -263.0
1575348393.276572, -263.0
1575348393.331126, -263.0
1575348393.386281, -263.0
1575348393.440632, -263.0
1575348393.495122, -263.0
1575348393.549511, -263.0
1575348393.604621, -263.0
1575348393.65897, -263.0
1575348393.713743, -263.0
1575348393.768256, -263.0
1575348393.822926, -263.0
1575348393.877519, -263.0
1575348393.932039, -263.0
1575348393.986815, -263.0
1575348394.041743, -263.0
1575348394.096743, -263.0
1575348394.151662, -263.0
1575348394.206588, -263.0
1575348394.261345, -263.0
1575348380.66096, -263.0
1575348380.715243, -263.0
1575348380.768298, -263.0
1575348380.822072, -263.0
1575348380.876319, -263.0
1575348380.933491, -263.0
1575348380.988947, -263.0
1575348381.043416, -263.0
1575348381.097735, -263.0
1575348381.151196, -263.0
1575348381.205435, -263.0
1575348381.25903, -263.0
1575348381.312897, -263.0
1575348381.366845, -263.0
1575348381.420638, -263.0
1575348381.474536, -263.0
1575348381.53013, -263.0
1575348381.589649, -263.0
1575348381.649098, -263.0
1575348381.708352, -263.0
1575348381.766868, -263.0
1575348381.826005, -263.0
1575348381.884925, -263.0
1575348381.943942, -263.0
1575348382.002767, -263.0
1575348382.062125, -263.0
1575348382.121616, -263.0
1575348382.180639, -263.0
1575348382.239519, -263.0
1575348382.298868, -263.0
1575348382.358207, -263.0
1575348382.417489, -263.0
1575348382.47677, -263.0
1575348382.536406, -263.0
1575348382.5958, -263.0
1575348382.654845, -263.0
1575348382.713923, -263.0
1575348382.773264, -263.0
1575348382.832628, -263.0
1575348382.891779, -263.0
1575348382.950898, -263.0
1575348383.010265, -263.0
1575348383.069473, -263.0
1575348383.128884, -263.0
1575348383.187692, -263.0
1575348383.247066, -263.0
1575348383.305888, -263.0
1575348383.364698, -263.0
1575348383.423454, -263.0
1575348383.482523, -263.0
1575348383.541575, -263.0
1575348383.601, -263.0
1575348383.660271, -263.0
1575348383.719199, -263.0
1575348383.778549, -263.0
1575348383.837958, -263.0
1575348383.89716, -263.0
1575348383.956448, -263.0
1575348384.015479, -263.0
1575348384.074654, -263.0
1575348384.133435, -263.0
1575348384.192146, -263.0
1575348384.251106, -263.0
1575348384.310382, -263.0
1575348384.369472, -263.0
1575348384.428784, -263.0
1575348384.487911, -263.0
1575348384.547256, -263.0
1575348384.606751, -263.0
1575348384.666024, -263.0
1575348384.725253, -263.0
1575348384.783984, -263.0
1575348384.843077, -263.0
1575348384.901969, -263.0
1575348384.960989, -263.0
1575348385.01984, -263.0
1575348385.07858, -263.0
1575348385.137622, -263.0
1575348385.196756, -263.0
1575348385.255921, -263.0
1575348385.315174, -263.0
1575348385.374268, -263.0
1575348385.433588, -263.0
1575348385.493061, -263.0
1575348385.552084, -263.0
1575348385.611224, -263.0
1575348385.670115, -263.0
1575348385.729137, -263.0
1575348385.788425, -263.0
1575348385.847557, -263.0
1575348385.906847, -263.0
1575348385.96659, -263.0
1575348386.025526, -263.0
1575348386.084926, -263.0
1575348386.144014, -263.0
1575348386.203302, -263.0
1575348386.26254, -263.0
1575348386.321653, -263.0
1575348386.380811, -263.0
1575348386.44006, -263.0
1575348386.499506, -263.0
1575348386.558878, -263.0
1575348386.617993, -263.0
1575348386.677306, -263.0
1575348386.73625, -263.0
1575348386.795261, -263.0
1575348386.854465, -263.0
1575348386.914025, -263.0
1575348386.973233, -263.0
1575348387.032361, -263.0
1575348387.091048, -263.0
1575348387.149898, -263.0
1575348387.209444, -263.0
1575348387.268832, -263.0
1575348387.327983, -263.0
1575348387.3874, -263.0
1575348387.446677, -263.0
1575348387.505915, -263.0
1575348387.565076, -263.0
1575348387.624062, -263.0
1575348387.682704, -263.0
1575348387.741548, -263.0
1575348387.800406, -263.0
1575348387.859603, -263.0
1575348387.91882, -263.0
1575348387.977667, -263.0
1575348388.037299, -263.0
1575348388.096537, -263.0
1575348388.155759, -263.0
1575348388.214902, -263.0
1575348388.273689, -263.0
1575348388.333173, -263.0
1575348388.392687, -263.0
1575348388.451431, -263.0
1575348388.510168, -263.0
1575348388.569457, -263.0
1575348388.628532, -263.0
1575348388.687866, -263.0
1575348388.747089, -263.0
1575348388.806269, -263.0
1575348388.865074, -263.0
1575348388.924321, -263.0
1575348388.983207, -263.0
1575348389.042284, -263.0
1575348389.101107, -263.0
1575348389.160436, -263.0
1575348389.219293, -263.0
1575348389.278359, -263.0
1575348389.337212, -263.0
1575348389.395893, -263.0
1575348389.454784, -263.0
1575348389.513646, -263.0
1575348389.572533, -263.0
1575348389.63156, -263.0
1575348389.690372, -263.0
1575348389.749358, -263.0
1575348389.808585, -263.0
1575348389.867672, -263.0
1575348389.927335, -263.0
1575348389.986433, -263.0
1575348390.045205, -263.0
1575348390.104356, -263.0
1575348390.162989, -263.0
1575348390.222064, -263.0
1575348390.280817, -263.0
1575348390.339428, -263.0
1575348390.398204, -263.0
1575348390.457556, -263.0
1575348390.516787, -263.0
1575348390.576204, -263.0
1575348390.63531, -263.0
1575348390.694236, -263.0
1575348390.753148, -263.0
1575348390.812035, -263.0
1575348390.870989, -263.0
1575348390.929988, -263.0
1575348390.989318, -263.0
1575348391.048311, -263.0
1575348391.10728, -263.0
1575348391.16641, -263.0
1575348391.225454, -263.0
1575348391.284677, -263.0
1575348391.343526, -263.0
1575348391.402296, -263.0
1575348391.460799, -263.0
1575348391.519427, -263.0
1575348391.578311, -263.0
1575348391.637233, -263.0
1575348391.695883, -263.0
1575348391.75431, -263.0
1575348391.812466, -263.0
1575348391.870638, -263.0
1575348391.928741, -263.0
1575348391.987392, -263.0
1575348392.046253, -263.0
1575348392.105156, -263.0
1575348392.163837, -263.0
1575348392.22258, -263.0
1575348392.281348, -263.0
1575348392.340226, -263.0
1575348392.399063, -263.0
1575348392.45796, -263.0
1575348392.516824, -263.0
1575348392.575445, -263.0
1575348392.634814, -263.0
1575348392.693956, -263.0
1575348392.753105, -263.0
1575348392.812399, -263.0
1575348392.871349, -263.0
1575348392.930549, -263.0
1575348392.989982, -263.0
1575348393.048907, -263.0
1575348393.107517, -263.0
1575348393.166496, -263.0
1575348393.225365, -263.0
1575348393.284515, -263.0
1575348393.343433, -263.0
1575348393.402636, -263.0
1575348393.461744, -263.0
1575348393.521019, -263.0
1575348393.58034, -263.0
1575348393.639359, -263.0
1575348393.698246, -263.0
1575348393.757398, -263.0
1575348393.816184, -263.0
1575348393.874806, -263.0
1575348393.933672, -263.0
1575348393.992967, -263.0
1575348394.051772, -263.0
1575348394.11079, -263.0
1575348394.169523, -263.0
1575348394.228775, -263.0
1575348394.288426, -263.0
1575348394.347996, -263.0
1575348394.406716, -263.0
1575348394.465513, -263.0
1575348394.524322, -263.0
1575348394.583299, -263.0
1575348394.642097, -263.0
1575348394.70105, -263.0
1575348394.760251, -263.0
1575348394.819645, -263.0
1575348394.878748, -263.0
1575348394.937907, -263.0
1575348394.996927, -263.0
1575348395.055713, -263.0
1575348395.114338, -263.0
1575348395.173744, -263.0
1575348395.232867, -263.0
1575348395.29156, -263.0
1575348394.369247, -263.0
1575348394.423492, -263.0
1575348394.477423, -263.0
1575348394.531483, -263.0
1575348394.585234, -263.0
1575348394.63898, -263.0
1575348395.436522, -263.0
1575348395.490204, -263.0
1575348395.544497, -263.0
1575348395.598238, -263.0
1575348395.652149, -263.0
1575348395.705665, -263.0
1575348395.759677, -263.0
1575348395.813535, -263.0
1575348395.86743, -263.0
1575348395.921285, -263.0
1575348396.700572, -263.0
1575348396.754586, -263.0
1575348396.808345, -263.0
1575348396.862463, -263.0
1575348396.91606, -263.0
1575348396.969906, -263.0
1575348397.023365, -263.0
1575348397.077546, -263.0
1575348397.131237, -263.0
1575348397.185599, -263.0
1575348397.239398, -263.0
1575348397.293435, -263.0
1575348397.347263, -263.0
1575348397.40155, -263.0
1575348397.455259, -263.0
1575348397.509426, -263.0
1575348397.563113, -263.0
1575348397.617243, -263.0
1575348397.670799, -263.0
1575348397.724497, -263.0
1575348397.77835, -263.0
1575348397.832365, -263.0
1575348397.885879, -263.0
1575348397.939763, -263.0
1575348397.993664, -263.0
1575348398.047567, -263.0
1575348398.101449, -263.0
1575348398.155415, -263.0
1575348398.2094, -263.0
1575348398.263565, -263.0
1575348398.317555, -263.0
1575348398.371225, -263.0
1575348398.425307, -263.0
1575348398.479478, -263.0
1575348398.53323, -263.0
1575348398.587085, -263.0
1575348398.640698, -263.0
1575348398.69447, -263.0
1575348398.748343, -263.0
1575348398.802625, -263.0
1575348398.85602, -263.0
1575348398.91004, -263.0
1575348398.96372, -263.0
1575348399.017848, -263.0
1575348399.071864, -263.0
1575348399.125317, -263.0
1575348399.179033, -263.0
1575348399.233141, -263.0
1575348399.287187, -263.0
1575348399.3411, -263.0
1575348399.394929, -263.0
1575348399.448942, -263.0
1575348399.50271, -263.0
1575348399.556318, -263.0
1575348399.609971, -263.0
1575348399.664283, -263.0
1575348399.718252, -263.0
1575348399.772151, -263.0
1575348399.82592, -263.0
1575348399.879694, -263.0
1575348399.933447, -263.0
1575348399.987657, -263.0
1575348400.041277, -263.0
1575348400.095185, -263.0
1575348400.149019, -263.0
1575348400.203168, -263.0
1575348400.256846, -263.0
1575348400.310716, -263.0
1575348400.36442, -263.0
1575348400.418128, -263.0
1575348400.472072, -263.0
1575348400.525981, -263.0
1575348400.580062, -263.0
1575348400.633912, -263.0
1575348400.687834, -263.0
1575348400.741742, -263.0
1575348400.79572, -263.0
1575348400.849522, -263.0
1575348400.90364, -263.0
1575348400.957771, -263.0
1575348401.011656, -263.0
1575348401.065459, -263.0
1575348401.119485, -263.0
1575348401.173383, -263.0
1575348401.227308, -263.0
1575348401.281432, -263.0
1575348401.335238, -263.0
1575348401.389293, -263.0
1575348401.443129, -263.0
1575348401.497408, -263.0
1575348401.551254, -263.0
1575348401.605321, -263.0
1575348401.658893, -263.0
1575348401.712988, -263.0
1575348401.766843, -263.0
1575348401.820979, -263.0
1575348401.874542, -263.0
1575348401.928353, -263.0
1575348401.982389, -263.0
1575348402.036393, -263.0
1575348402.090174, -263.0
1575348402.144642, -263.0
1575348402.198727, -263.0
1575348402.252718, -263.0
1575348402.306544, -263.0
1575348402.360721, -263.0
1575348402.414531, -263.0
1575348402.468581, -263.0
1575348402.52219, -263.0
1575348402.57613, -263.0
1575348402.630101, -263.0
1575348402.684284, -263.0
1575348402.738475, -263.0
1575348402.792856, -263.0
1575348402.847111, -263.0
1575348402.901348, -263.0
1575348402.955417, -263.0
1575348403.009287, -263.0
1575348403.062909, -263.0
1575348403.117143, -263.0
1575348403.171156, -263.0
1575348403.225288, -263.0
1575348403.279234, -263.0
1575348403.333676, -263.0
1575348403.387542, -263.0
1575348403.441423, -263.0
1575348403.495607, -263.0
1575348403.549299, -263.0
1575348403.603102, -263.0
1575348403.657071, -263.0
1575348403.71077, -263.0
1575348403.765043, -263.0
1575348403.81878, -263.0
1575348403.872885, -263.0
1575348403.926855, -263.0
1575348403.981031, -263.0
1575348404.035056, -263.0
1575348404.089088, -263.0
1575348404.143146, -263.0
1575348404.197212, -263.0
1575348404.251198, -263.0
1575348404.304655, -263.0
1575348404.358286, -263.0
1575348404.411832, -263.0
1575348404.465488, -263.0
1575348404.51938, -263.0
1575348404.573248, -263.0
1575348404.626735, -263.0
1575348404.68063, -263.0
1575348404.734558, -263.0
1575348404.788175, -263.0
1575348404.842122, -263.0
1575348404.896049, -263.0
1575348404.950129, -263.0
1575348405.003932, -263.0
1575348405.05834, -263.0
1575348405.112462, -263.0
1575348405.166477, -263.0
1575348405.220146, -263.0
1575348405.274023, -263.0
1575348405.328066, -263.0
1575348405.38208, -263.0
1575348405.435862, -263.0
1575348405.489992, -263.0
1575348405.543938, -263.0
1575348405.597998, -263.0
1575348405.651508, -263.0
1575348405.705088, -263.0
1575348405.759278, -263.0
1575348405.813214, -263.0
1575348405.86711, -263.0
1575348405.920759, -263.0
1575348405.97437, -263.0
1575348406.028717, -263.0
1575348406.082627, -263.0
1575348406.136719, -263.0
1575348406.190204, -263.0
1575348406.244523, -263.0
1575348406.298431, -263.0
1575348406.352406, -263.0
1575348406.406297, -263.0
1575348406.460731, -263.0
1575348406.514555, -263.0
1575348406.56857, -263.0
1575348406.622483, -263.0
1575348406.676596, -263.0
1575348406.730566, -263.0
1575348406.784424, -263.0
1575348406.838407, -263.0
1575348406.892357, -263.0
1575348406.946775, -263.0
1575348407.000824, -263.0
1575348407.054733, -263.0
1575348407.108817, -263.0
1575348407.162806, -263.0
1575348407.216839, -263.0
1575348407.270874, -263.0
1575348407.324728, -263.0
1575348407.378739, -263.0
1575348407.432484, -263.0
1575348407.486312, -263.0
1575348407.54022, -263.0
1575348407.594176, -263.0
1575348407.648175, -263.0
1575348407.702202, -263.0
1575348407.756315, -263.0
1575348407.810798, -263.0
1575348407.86487, -263.0
1575348407.918749, -263.0
1575348407.972709, -263.0
1575348408.026759, -263.0
1575348408.08057, -263.0
1575348408.134264, -263.0
1575348408.188331, -263.0
1575348408.24216, -263.0
1575348408.296163, -263.0
1575348408.349901, -263.0
1575348408.403973, -263.0
1575348408.45797, -263.0
1575348408.512163, -263.0
1575348408.566073, -263.0
1575348408.620227, -263.0
1575348408.674319, -263.0
1575348408.728291, -263.0
1575348408.782233, -263.0
1575348408.8362, -263.0
1575348408.890053, -263.0
1575348408.9445, -263.0
1575348408.998894, -263.0
1575348409.053786, -263.0
1575348409.107795, -263.0
1575348409.161827, -263.0
1575348409.215894, -263.0
1575348409.270194, -263.0
1575348395.221157, -263.0
1575348395.98227, -263.0
1575348396.036432, -263.0
1575348396.090023, -263.0
1575348396.144266, -263.0
1575348396.197884, -263.0
1575348396.251278, -263.0
1575348396.304838, -263.0
1575348396.358428, -263.0
1575348396.412344, -263.0
1575348397.19027, -263.0
1575348397.988269, -263.0
1575348398.041829, -263.0
1575348398.892977, -263.0
1575348399.628088, -263.0
1575348400.377168, -263.0
1575348401.161394, -263.0
1575348401.985442, -263.0
1575348402.733826, -263.0
1575348403.544593, -263.0
1575348404.338892, -263.0
1575348405.132293, -263.0
1575348405.891999, -263.0
1575348406.689807, -263.0
1575348407.473161, -263.0
1575348408.263985, -263.0
1575348409.051216, -263.0
1575348409.894722, -263.0
1575348410.658833, -263.0
1575348411.450502, -263.0
1575348412.271577, -263.0
1575348413.047414, -263.0
1575348413.823836, -263.0
1575348414.589751, -260.0
1575348415.33476, -260.0
1575348416.13506, -260.0
1575348416.914839, -260.0
1575348417.682447, -260.0
1575348418.425437, -260.0
1575348419.188287, -260.0
1575348419.968424, -260.0
1575348420.726865, -260.0
1575348421.521938, -260.0
1575348422.313384, -260.0
1575348423.127571, -260.0
1575348423.86652, -260.0
1575348424.589138, -260.0
1575348425.378158, -260.0
1575348426.193669, -260.0
1575348426.990755, -260.0
1575348427.7604, -260.0
1575348428.522062, -260.0
1575348429.331998, -260.0
1575348430.12357, -260.0
1575348430.91666, -260.0
1575348431.731477, -260.0
1575348432.473355, -260.0
1575348433.255155, -260.0
1575348434.057375, -260.0
1575348434.821493, -260.0
1575348435.576096, -260.0
1575348436.373498, -260.0
1575348437.152008, -260.0
1575348437.925169, -260.0
1575348438.704489, -260.0
1575348439.436255, -260.0
1575348440.238736, -260.0
1575348441.005875, -260.0
1575348441.059264, -260.0
1575348441.827424, -260.0
1575348442.597768, -260.0
1575348443.370945, -260.0
1575348444.168146, -260.0
1575348444.962624, -260.0
1575348445.723733, -260.0
1575348446.480778, -260.0
1575348447.249916, -260.0
1575348448.019515, -260.0
1575348448.808295, -260.0
1575348449.563349, -260.0
1575348450.322119, -260.0
1575348451.112061, -260.0
1575348451.879059, -260.0
1575348452.666207, -260.0
1575348453.415093, -260.0
1575348454.214053, -260.0
1575348454.928397, -260.0
1575348455.710091, -260.0
1575348456.472286, -260.0
1575348457.222432, -260.0
1575348458.046172, -260.0
1575348458.837058, -260.0
1575348459.587666, -260.0
1575348460.394051, -260.0
1575348461.139415, -260.0
1575348461.890959, -260.0
1575348462.662378, -260.0
1575348463.417023, -260.0
1575348464.182406, -260.0
1575348465.028313, -260.0
1575348465.806313, -260.0
1575348466.602284, -260.0
1575348467.385017, -260.0
1575348468.227163, -260.0
1575348469.008644, -260.0
1575348469.775406, -260.0
1575348470.544278, -260.0
1575348471.335569, -260.0
1575348472.116717, -260.0
1575348472.857107, -260.0
1575348473.582715, -260.0
1575348474.340067, -260.0
1575348474.393438, -260.0
1575348475.152457, -260.0
1575348475.978283, -260.0
1575348476.746409, -260.0
1575348477.548002, -260.0
1575348478.294782, -260.0
1575348479.056117, -260.0
1575348479.871669, -260.0
1575348480.644958, -260.0
1575348481.438073, -260.0
1575348482.189754, -260.0
1575348482.940816, -260.0
1575348483.729416, -260.0
1575348484.459285, -260.0
1575348485.208282, -260.0
1575348485.966106, -257.0
1575348486.733512, -257.0
1575348487.463103, -257.0
1575348488.23299, -257.0
1575348489.0129, -257.0
1575348489.749712, -257.0
1575348490.502995, -257.0
1575348491.265174, -257.0
1575348492.043201, -257.0
1575348492.801478, -257.0
1575348493.575756, -257.0
1575348494.330873, -257.0
1575348495.085297, -257.0
1575348495.827454, -257.0
1575348496.594098, -257.0
1575348497.379164, -257.0
1575348498.172641, -257.0
1575348498.955755, -257.0
1575348499.71995, -257.0
1575348500.51616, -257.0
1575348501.313461, -257.0
1575348502.113096, -257.0
1575348502.820618, -257.0
1575348503.551316, -257.0
1575348504.346053, -257.0
1575348505.114801, -257.0
1575348505.878719, -257.0
1575348506.675742, -257.0
1575348507.466393, -257.0
1575348508.240302, -257.0
1575348508.991628, -257.0
1575348509.819563, -257.0
1575348510.548982, -257.0
1575348511.291773, -257.0
1575348512.040489, -257.0
1575348512.798777, -257.0
1575348513.502451, -257.0
1575348514.253761, -257.0
1575348515.065516, -257.0
1575348515.795449, -257.0
1575348516.59635, -257.0
1575348517.384828, -257.0
1575348518.155877, -257.0
1575348518.932107, -257.0
1575348519.727739, -257.0
1575348520.465972, -257.0
1575348521.277102, -257.0
1575348522.061887, -257.0
1575348522.863143, -257.0
1575348523.682579, -257.0
1575348524.44529, -257.0
1575348525.215923, -257.0
1575348525.969005, -257.0
1575348526.743293, -257.0
1575348527.49557, -257.0
1575348528.227125, -257.0
1575348529.01431, -257.0
1575348529.774222, -257.0
1575348530.540415, -257.0
1575348531.279762, -257.0
1575348532.098754, -257.0
1575348532.888547, -257.0
1575348533.680305, -257.0
1575348534.464065, -257.0
1575348535.186923, -257.0
1575348535.946163, -257.0
1575348536.759674, -257.0
1575348537.583036, -257.0
1575348538.392015, -257.0
1575348539.161899, -257.0
1575348539.936715, -257.0
1575348540.71126, -257.0
1575348541.493678, -257.0
1575348542.300798, -257.0
1575348543.087526, -257.0
1575348543.876553, -257.0
1575348544.689819, -257.0
1575348545.457283, -257.0
1575348546.204392, -257.0
1575348546.915739, -257.0
1575348547.733139, -257.0
1575348548.496915, -257.0
1575348549.262246, -257.0
1575348550.027891, -257.0
1575348550.846619, -257.0
1575348551.614325, -257.0
1575348552.431491, -257.0
1575348553.228468, -257.0
1575348554.068441, -257.0
1575348554.864593, -257.0
1575348555.677963, -257.0
1575348556.377897, -257.0
1575348557.154419, -257.0
1575348557.904065, -257.0
1575348558.648178, -257.0
1575348559.396714, -257.0
1575348560.152885, -257.0
1575348560.963413, -257.0
1575348561.69768, -257.0
1575348562.452904, -257.0
1575348563.186984, -257.0
1575348563.940935, -257.0
1575348564.651405, -257.0
1575348565.402204, -257.0
1575348566.142053, -257.0
1575348566.927461, -257.0
1575348567.784733, -257.0
1575348568.568339, -257.0
1575348569.393484, -257.0
1575348570.160287, -257.0
1575348570.9794, -257.0
1575348571.737247, -257.0
1575348572.490445, -257.0
1575348573.214464, -257.0
1575348573.984557, -257.0
1575348574.722293, -257.0
1575348575.495584, -257.0
1575348576.253091, -257.0
1575348577.063625, -257.0
1575348577.810531, -257.0
1575348578.564174, -257.0
1575348579.317734, -257.0
1575348580.08406, -257.0
1575348395.39962, -263.0
1575348395.453686, -263.0
1575348395.507669, -263.0
1575348395.56196, -263.0
1575348395.615726, -263.0
1575348395.669628, -263.0
1575348395.723742, -263.0
1575348395.778113, -263.0
1575348395.833877, -263.0
1575348395.892872, -263.0
1575348395.953842, -263.0
1575348396.014728, -263.0
1575348396.072987, -263.0
1575348396.128486, -263.0
1575348396.183905, -263.0
1575348396.238349, -263.0
1575348396.2922, -263.0
1575348396.345875, -263.0
1575348396.399575, -263.0
1575348396.45328, -263.0
1575348396.506935, -263.0
1575348396.560334, -263.0
1575348396.613617, -263.0
1575348396.673649, -263.0
1575348396.729814, -263.0
1575348396.78321, -263.0
1575348396.837483, -263.0
1575348396.890932, -263.0
1575348396.945123, -263.0
1575348396.999157, -263.0
1575348397.053055, -263.0
1575348397.106382, -263.0
1575348397.160275, -263.0
1575348397.213854, -263.0
1575348397.267288, -263.0
1575348397.321017, -263.0
1575348397.374936, -263.0
1575348397.428515, -263.0
1575348397.482397, -263.0
1575348397.536022, -263.0
1575348397.590014, -263.0
1575348397.644097, -263.0
1575348397.698279, -263.0
1575348397.752436, -263.0
1575348397.806974, -263.0
1575348397.860715, -263.0
1575348397.915085, -263.0
1575348397.969414, -263.0
1575348398.024033, -263.0
1575348398.078401, -263.0
1575348398.133172, -263.0
1575348398.187454, -263.0
1575348398.24218, -263.0
1575348398.296959, -263.0
1575348398.351842, -263.0
1575348398.429297, -263.0
1575348398.48421, -263.0
1575348398.538798, -263.0
1575348398.593669, -263.0
1575348398.648202, -263.0
1575348398.702978, -263.0
1575348398.757523, -263.0
1575348398.811761, -263.0
1575348398.866561, -263.0
1575348398.921076, -263.0
1575348398.975428, -263.0
1575348399.029497, -263.0
1575348399.083847, -263.0
1575348399.138354, -263.0
1575348399.19273, -263.0
1575348399.247552, -263.0
1575348399.302048, -263.0
1575348399.357419, -263.0
1575348399.412024, -263.0
1575348399.466793, -263.0
1575348399.522123, -263.0
1575348399.577319, -263.0
1575348399.63198, -263.0
1575348399.687307, -263.0
1575348399.742221, -263.0
1575348399.797566, -263.0
1575348399.852655, -263.0
1575348399.908036, -263.0
1575348399.963122, -263.0
1575348400.017728, -263.0
1575348400.072056, -263.0
1575348400.126947, -263.0
1575348400.181003, -263.0
1575348400.235633, -263.0
1575348400.289806, -263.0
1575348400.344267, -263.0
1575348400.398459, -263.0
1575348400.45287, -263.0
1575348400.507067, -263.0
1575348400.561254, -263.0
1575348400.615352, -263.0
1575348400.669676, -263.0
1575348400.723764, -263.0
1575348400.777674, -263.0
1575348400.832166, -263.0
1575348400.88666, -263.0
1575348400.940806, -263.0
1575348400.995068, -263.0
1575348401.049185, -263.0
1575348401.103529, -263.0
1575348401.15753, -263.0
1575348401.211858, -263.0
1575348401.265762, -263.0
1575348401.320266, -263.0
1575348401.374222, -263.0
1575348401.428399, -263.0
1575348401.482655, -263.0
1575348401.537219, -263.0
1575348401.591457, -263.0
1575348401.645417, -263.0
1575348401.699493, -263.0
1575348401.754415, -263.0
1575348401.808577, -263.0
1575348401.862839, -263.0
1575348401.917147, -263.0
1575348401.971875, -263.0
1575348402.026314, -263.0
1575348402.08037, -263.0
1575348402.134428, -263.0
1575348402.188953, -263.0
1575348402.243283, -263.0
1575348402.297313, -263.0
1575348402.351564, -263.0
1575348402.40598, -263.0
1575348402.459992, -263.0
1575348402.514402, -263.0
1575348402.56863, -263.0
1575348402.62266, -263.0
1575348402.676741, -263.0
1575348402.731201, -263.0
1575348402.785434, -263.0
1575348402.840149, -263.0
1575348402.894839, -263.0
1575348402.949588, -263.0
1575348403.003794, -263.0
1575348403.058371, -263.0
1575348403.112402, -263.0
1575348403.166653, -263.0
1575348403.221028, -263.0
1575348403.275579, -263.0
1575348403.329852, -263.0
1575348403.384458, -263.0
1575348403.438394, -263.0
1575348403.493058, -263.0
1575348403.547278, -263.0
1575348403.60142, -263.0
1575348403.655466, -263.0
1575348403.709862, -263.0
1575348403.76386, -263.0
1575348403.818535, -263.0
1575348403.872492, -263.0
1575348403.926747, -263.0
1575348403.980747, -263.0
1575348404.034867, -263.0
1575348404.089056, -263.0
1575348404.14309, -263.0
1575348404.197017, -263.0
1575348404.251575, -263.0
1575348404.305949, -263.0
1575348404.360268, -263.0
1575348404.415657, -263.0
1575348404.470515, -263.0
1575348404.524871, -263.0
1575348404.579271, -263.0
1575348404.633619, -263.0
1575348404.688021, -263.0
1575348404.742732, -263.0
1575348404.797392, -263.0
1575348404.851709, -263.0
1575348404.906353, -263.0
1575348404.960734, -263.0
1575348405.015296, -263.0
1575348405.069531, -263.0
1575348405.12429, -263.0
1575348405.177974, -263.0
1575348405.232683, -263.0
1575348405.287074, -263.0
1575348405.341672, -263.0
1575348405.396085, -263.0
1575348405.451004, -263.0
1575348405.505614, -263.0
1575348405.559968, -263.0
1575348405.614324, -263.0
1575348405.669606, -263.0
1575348405.724278, -263.0
1575348405.778884, -263.0
1575348405.833735, -263.0
1575348405.88843, -263.0
1575348405.942791, -263.0
1575348405.997506, -263.0
1575348406.052109, -263.0
1575348406.106786, -263.0
1575348406.161524, -263.0
1575348406.216455, -263.0
1575348406.270901, -263.0
1575348406.325422, -263.0
1575348406.380444, -263.0
1575348406.434924, -263.0
1575348406.48959, -263.0
1575348406.544326, -263.0
1575348406.598841, -263.0
1575348406.653595, -263.0
1575348406.70836, -263.0
1575348406.763363, -263.0
1575348406.817895, -263.0
1575348406.87236, -263.0
1575348406.926678, -263.0
1575348406.981201, -263.0
1575348407.035784, -263.0
1575348407.089958, -263.0
1575348407.144451, -263.0
1575348407.198995, -263.0
1575348407.253556, -263.0
1575348407.308548, -263.0
1575348407.362741, -263.0
1575348407.417232, -263.0
1575348407.471295, -263.0
1575348407.525356, -263.0
1575348407.579557, -263.0
1575348407.634134, -263.0
1575348407.688487, -263.0
1575348407.743448, -263.0
1575348407.797843, -263.0
1575348407.852555, -263.0
1575348407.907324, -263.0
1575348407.962207, -263.0
1575348408.016376, -263.0
1575348408.070987, -263.0
1575348408.125445, -263.0
1575348408.180175, -263.0
1575348408.234493, -263.0
1575348408.288838, -263.0
1575348408.343329, -263.0
1575348408.397843, -263.0
1575348408.452223, -263.0
1575348408.507167, -263.0
1575348408.561247, -263.0
1575348408.615567, -263.0
1575348408.669996, -263.0
1575348408.724686, -263.0
1575348408.778941, -263.0
1575348408.833826, -263.0
1575348408.888036, -263.0
1575348408.942753, -263.0
1575348408.997123, -263.0
1575348398.470253, -263.0
1575348399.256128, -263.0
1575348399.310102, -263.0
1575348399.364004, -263.0
1575348399.417786, -263.0
1575348399.471618, -263.0
1575348399.525511, -263.0
1575348399.579662, -263.0
1575348399.633419, -263.0
1575348399.687385, -263.0
1575348399.741261, -263.0
1575348399.795769, -263.0
1575348399.850915, -263.0
1575348399.907551, -263.0
1575348399.964635, -263.0
1575348400.021567, -263.0
1575348400.07837, -263.0
1575348400.134843, -263.0
1575348400.190068, -263.0
1575348400.245041, -263.0
1575348400.299751, -263.0
1575348400.354275, -263.0
1575348400.408711, -263.0
1575348400.463172, -263.0
1575348400.516989, -263.0
1575348400.571631, -263.0
1575348400.625087, -263.0
1575348400.678805, -263.0
1575348400.733197, -263.0
1575348400.787074, -263.0
1575348400.840685, -263.0
1575348400.894712, -263.0
1575348400.949188, -263.0
1575348401.003099, -263.0
1575348401.056804, -263.0
1575348401.114061, -263.0
1575348401.168007, -263.0
1575348401.222504, -263.0
1575348401.276617, -263.0
1575348401.330948, -263.0
1575348401.384689, -263.0
1575348401.439045, -263.0
1575348401.49295, -263.0
1575348401.546724, -263.0
1575348401.600464, -263.0
1575348401.654064, -263.0
1575348401.708256, -263.0
1575348401.761939, -263.0
1575348401.815721, -263.0
1575348402.804652, -263.0
1575348403.67346, -263.0
1575348404.453957, -263.0
1575348404.507751, -263.0
1575348404.561598, -263.0
1575348404.615824, -263.0
1575348404.669549, -263.0
1575348404.722937, -263.0
1575348405.558347, -263.0
1575348405.611853, -263.0
1575348406.42929, -263.0
1575348407.279472, -263.0
1575348408.013222, -263.0
1575348408.066854, -263.0
1575348408.120749, -263.0
1575348408.174363, -263.0
1575348409.013354, -263.0
1575348409.864104, -263.0
1575348410.676976, -263.0
1575348410.73094, -263.0
1575348410.78475, -263.0
1575348411.657174, -263.0
1575348412.512851, -263.0
1575348412.567629, -263.0
1575348413.410513, -263.0
1575348413.464164, -263.0
1575348414.36803, -260.0
1575348415.204171, -260.0
1575348416.003126, -260.0
1575348416.057176, -260.0
1575348416.110949, -260.0
1575348416.895144, -260.0
1575348416.948836, -260.0
1575348417.002736, -260.0
1575348417.056514, -260.0
1575348417.11028, -260.0
1575348417.164037, -260.0
1575348417.217907, -260.0
1575348417.271412, -260.0
1575348418.080621, -260.0
1575348418.906151, -260.0
1575348419.688093, -260.0
1575348420.503123, -260.0
1575348421.37423, -260.0
1575348422.219263, -260.0
1575348422.273563, -260.0
1575348422.327768, -260.0
1575348423.103981, -260.0
1575348423.962622, -260.0
1575348424.017036, -260.0
1575348424.813539, -260.0
1575348424.867623, -260.0
1575348424.922029, -260.0
1575348425.663376, -260.0
1575348425.717304, -260.0
1575348426.512277, -260.0
1575348427.307966, -260.0
1575348428.094648, -260.0
1575348428.148312, -260.0
1575348428.975619, -260.0
1575348429.02948, -260.0
1575348429.083022, -260.0
1575348429.873138, -260.0
1575348429.927325, -260.0
1575348429.987086, -260.0
1575348430.041, -260.0
1575348430.858867, -260.0
1575348431.695897, -260.0
1575348431.749843, -260.0
1575348431.803825, -260.0
1575348432.674967, -260.0
1575348432.729195, -260.0
1575348433.527817, -260.0
1575348433.581601, -260.0
1575348434.37729, -260.0
1575348434.430845, -260.0
1575348434.484745, -260.0
1575348435.356149, -260.0
1575348435.409328, -260.0
1575348435.462736, -260.0
1575348436.229202, -260.0
1575348437.129701, -260.0
1575348437.183536, -260.0
1575348438.003201, -260.0
1575348438.056917, -260.0
1575348438.838035, -260.0
1575348438.891758, -260.0
1575348439.646755, -260.0
1575348439.700399, -260.0
1575348440.505228, -260.0
1575348441.301635, -260.0
1575348441.355224, -260.0
1575348442.225215, -260.0
1575348442.278578, -260.0
1575348443.054038, -260.0
1575348443.10775, -260.0
1575348443.949225, -260.0
1575348444.002764, -260.0
1575348444.05615, -260.0
1575348444.868852, -260.0
1575348445.645069, -260.0
1575348445.698871, -260.0
1575348445.752618, -260.0
1575348446.620235, -260.0
1575348447.471488, -260.0
1575348447.525131, -260.0
1575348447.578611, -260.0
1575348447.632131, -260.0
1575348448.464809, -260.0
1575348448.518318, -260.0
1575348449.322671, -260.0
1575348450.234164, -260.0
1575348450.287773, -260.0
1575348451.13602, -260.0
1575348451.189324, -260.0
1575348452.017259, -260.0
1575348452.071, -260.0
1575348452.89919, -260.0
1575348453.715205, -260.0
1575348453.768762, -260.0
1575348453.822153, -260.0
1575348453.875855, -260.0
1575348454.703603, -260.0
1575348454.757326, -260.0
1575348454.810903, -260.0
1575348455.641954, -260.0
1575348456.439446, -260.0
1575348457.24159, -260.0
1575348457.295094, -260.0
1575348458.055432, -260.0
1575348458.109026, -260.0
1575348458.162541, -260.0
1575348459.002877, -260.0
1575348459.056148, -260.0
1575348459.863831, -260.0
1575348460.626496, -260.0
1575348461.470859, -260.0
1575348462.341648, -260.0
1575348462.395183, -260.0
1575348462.448636, -260.0
1575348463.248535, -260.0
1575348463.301997, -260.0
1575348463.355681, -260.0
1575348464.194165, -260.0
1575348464.247727, -260.0
1575348465.075669, -260.0
1575348465.878869, -260.0
1575348465.932318, -260.0
1575348465.985781, -260.0
1575348466.839639, -260.0
1575348466.893178, -260.0
1575348466.94672, -260.0
1575348467.00056, -260.0
1575348467.823688, -260.0
1575348467.877305, -260.0
1575348467.930828, -260.0
1575348467.984484, -260.0
1575348468.787648, -260.0
1575348468.841248, -260.0
1575348468.895011, -260.0
1575348469.70488, -260.0
1575348470.581921, -260.0
1575348471.372483, -260.0
1575348472.189448, -260.0
1575348472.986364, -260.0
1575348473.828918, -260.0
1575348474.646838, -260.0
1575348474.700294, -260.0
1575348474.753695, -260.0
1575348474.807119, -260.0
1575348475.621069, -260.0
1575348476.498597, -260.0
1575348477.337901, -260.0
1575348478.168627, -260.0
1575348478.222372, -260.0
1575348478.275898, -260.0
1575348478.329378, -260.0
1575348478.382903, -260.0
1575348479.181405, -260.0
1575348479.941656, -260.0
1575348479.995248, -260.0
1575348480.774708, -260.0
1575348481.568112, -260.0
1575348482.365969, -260.0
1575348483.185391, -260.0
1575348483.974365, -260.0
1575348484.789912, -260.0
1575348484.843242, -260.0
1575348485.673241, -257.0
1575348485.726829, -257.0
1575348485.780295, -257.0
1575348485.833705, -257.0
1575348486.642169, -257.0
1575348487.472047, -257.0
1575348487.526004, -257.0
1575348488.340902, -257.0
1575348488.394297, -257.0
1575348489.223756, -257.0
1575348489.277337, -257.0
1575348490.070004, -257.0
1575348490.123275, -257.0
1575348409.102639, -263.0
1575348409.910284, -263.0
1575348409.964515, -263.0
1575348410.01824, -263.0
1575348410.072223, -263.0
1575348410.126403, -263.0
1575348410.180218, -263.0
1575348410.234438, -263.0
1575348410.288278, -263.0
1575348410.342355, -263.0
1575348410.396451, -263.0
1575348410.450111, -263.0
1575348410.503644, -263.0
1575348410.557381, -263.0
1575348410.611134, -263.0
1575348410.664838, -263.0
1575348410.718418, -263.0
1575348410.772348, -263.0
1575348410.826184, -263.0
1575348410.879465, -263.0
1575348410.933048, -263.0
1575348410.987284, -263.0
1575348411.040979, -263.0
1575348411.094733, -263.0
1575348411.148883, -263.0
1575348411.203107, -263.0
1575348411.256991, -263.0
1575348412.073572, -263.0
1575348412.127537, -263.0
1575348412.181562, -263.0
1575348412.871117, -263.0
1575348412.924747, -263.0
1575348413.988168, -260.0
1575348414.042166, -260.0
1575348414.095886, -260.0
1575348414.149812, -260.0
1575348414.203722, -260.0
1575348414.257939, -260.0
1575348414.311668, -260.0
1575348414.365545, -260.0
1575348415.171331, -260.0
1575348416.039497, -260.0
1575348417.015699, -260.0
1575348417.069753, -260.0
1575348417.879417, -260.0
1575348418.926855, -260.0
1575348418.981138, -260.0
1575348419.03589, -260.0
1575348419.091909, -260.0
1575348419.14744, -260.0
1575348419.20363, -260.0
1575348419.258721, -260.0
1575348419.31372, -260.0
1575348420.472154, -260.0
1575348420.526002, -260.0
1575348420.580323, -260.0
1575348420.634211, -260.0
1575348420.688058, -260.0
1575348421.585266, -260.0
1575348422.618309, -260.0
1575348423.699969, -260.0
1575348424.8415, -260.0
1575348424.89547, -260.0
1575348426.067378, -260.0
1575348426.121756, -260.0
1575348427.24443, -260.0
1575348427.298886, -260.0
1575348428.48876, -260.0
1575348428.543124, -260.0
1575348428.59749, -260.0
1575348428.652095, -260.0
1575348428.706443, -260.0
1575348428.761297, -260.0
1575348428.816428, -260.0
1575348428.871272, -260.0
1575348428.926345, -260.0
1575348428.981751, -260.0
1575348429.037863, -260.0
1575348429.093727, -260.0
1575348429.149118, -260.0
1575348429.204589, -260.0
1575348429.260347, -260.0
1575348429.315419, -260.0
1575348429.370528, -260.0
1575348429.425728, -260.0
1575348429.480927, -260.0
1575348429.536243, -260.0
1575348429.591353, -260.0
1575348429.646299, -260.0
1575348429.701625, -260.0
1575348429.757727, -260.0
1575348429.813113, -260.0
1575348429.86851, -260.0
1575348429.924386, -260.0
1575348429.979483, -260.0
1575348430.034686, -260.0
1575348430.090175, -260.0
1575348430.145968, -260.0
1575348430.201838, -260.0
1575348430.258102, -260.0
1575348430.314391, -260.0
1575348430.370054, -260.0
1575348430.426088, -260.0
1575348430.482197, -260.0
1575348430.538006, -260.0
1575348430.594038, -260.0
1575348430.650025, -260.0
1575348430.706081, -260.0
1575348430.761893, -260.0
1575348430.817387, -260.0
1575348430.873246, -260.0
1575348430.929046, -260.0
1575348430.985088, -260.0
1575348431.041295, -260.0
1575348431.097375, -260.0
1575348431.153686, -260.0
1575348431.209537, -260.0
1575348431.265275, -260.0
1575348431.321393, -260.0
1575348431.377186, -260.0
1575348431.432813, -260.0
1575348431.488665, -260.0
1575348431.544716, -260.0
1575348431.600562, -260.0
1575348431.656574, -260.0
1575348431.712382, -260.0
1575348431.768513, -260.0
1575348431.823908, -260.0
1575348431.879273, -260.0
1575348431.93514, -260.0
1575348431.991529, -260.0
1575348432.047362, -260.0
1575348432.103237, -260.0
1575348432.158727, -260.0
1575348432.213966, -260.0
1575348432.270047, -260.0
1575348432.325357, -260.0
1575348432.380884, -260.0
1575348432.43669, -260.0
1575348432.492484, -260.0
1575348432.54843, -260.0
1575348432.604453, -260.0
1575348432.660095, -260.0
1575348432.715496, -260.0
1575348432.77173, -260.0
1575348432.82742, -260.0
1575348432.883325, -260.0
1575348432.939338, -260.0
1575348432.995096, -260.0
1575348433.050577, -260.0
1575348433.106212, -260.0
1575348433.161668, -260.0
1575348433.217185, -260.0
1575348433.272872, -260.0
1575348433.328443, -260.0
1575348433.384323, -260.0
1575348433.440353, -260.0
1575348433.495695, -260.0
1575348433.55183, -260.0
1575348433.607673, -260.0
1575348433.664193, -260.0
1575348433.719948, -260.0
1575348433.775403, -260.0
1575348433.830962, -260.0
1575348433.886582, -260.0
1575348433.9419, -260.0
1575348433.997684, -260.0
1575348434.052913, -260.0
1575348434.108597, -260.0
1575348434.164622, -260.0
1575348434.220723, -260.0
1575348434.276828, -260.0
1575348434.332831, -260.0
1575348434.388682, -260.0
1575348434.444591, -260.0
1575348434.500178, -260.0
1575348434.555727, -260.0
1575348434.611576, -260.0
1575348434.667195, -260.0
1575348434.723108, -260.0
1575348434.778326, -260.0
1575348434.834038, -260.0
1575348434.88936, -260.0
1575348434.944845, -260.0
1575348435.000459, -260.0
1575348435.055694, -260.0
1575348435.111222, -260.0
1575348435.166732, -260.0
1575348435.221994, -260.0
1575348435.27728, -260.0
1575348435.33273, -260.0
1575348435.387865, -260.0
1575348435.443215, -260.0
1575348435.498764, -260.0
1575348435.554235, -260.0
1575348435.61023, -260.0
1575348435.665688, -260.0
1575348435.721658, -260.0
1575348435.777266, -260.0
1575348435.832841, -260.0
1575348435.888553, -260.0
1575348435.943951, -260.0
1575348435.999626, -260.0
1575348436.055042, -260.0
1575348436.110469, -260.0
1575348436.165749, -260.0
1575348436.221101, -260.0
1575348436.276801, -260.0
1575348436.332291, -260.0
1575348436.388203, -260.0
1575348436.443552, -260.0
1575348436.499069, -260.0
1575348436.554781, -260.0
1575348436.610569, -260.0
1575348436.666005, -260.0
1575348436.721555, -260.0
1575348436.777108, -260.0
1575348436.83286, -260.0
1575348436.888327, -260.0
1575348436.944231, -260.0
1575348436.999774, -260.0
1575348437.055174, -260.0
1575348437.110788, -260.0
1575348437.166462, -260.0
1575348437.221868, -260.0
1575348437.27754, -260.0
1575348437.33293, -260.0
1575348437.38841, -260.0
1575348437.443719, -260.0
1575348437.499369, -260.0
1575348437.554704, -260.0
1575348437.610416, -260.0
1575348437.665942, -260.0
1575348437.721684, -260.0
1575348437.776928, -260.0
1575348437.832497, -260.0
1575348437.888078, -260.0
1575348437.94362, -260.0
1575348437.999255, -260.0
1575348438.054609, -260.0
1575348438.110027, -260.0
1575348438.165255, -260.0
1575348438.22062, -260.0
1575348438.276092, -260.0
1575348438.331419, -260.0
1575348438.386807, -260.0
1575348438.442215, -260.0
1575348438.498199, -260.0
1575348438.553623, -260.0
1575348438.609189, -260.0
1575348409.362266, -263.0
1575348409.416267, -263.0
1575348409.470444, -263.0
1575348409.524237, -263.0
1575348409.578169, -263.0
1575348410.351526, -263.0
1575348410.405189, -263.0
1575348410.459153, -263.0
1575348410.513237, -263.0
1575348410.567615, -263.0
1575348410.621853, -263.0
1575348410.67566, -263.0
1575348410.729355, -263.0
1575348410.78281, -263.0
1575348410.83655, -263.0
1575348410.8902, -263.0
1575348410.94404, -263.0
1575348410.997819, -263.0
1575348411.051787, -263.0
1575348411.10552, -263.0
1575348411.159449, -263.0
1575348411.213347, -263.0
1575348411.267081, -263.0
1575348411.321201, -263.0
1575348411.375088, -263.0
1575348411.429063, -263.0
1575348411.482814, -263.0
1575348411.536671, -263.0
1575348411.590623, -263.0
1575348411.64446, -263.0
1575348411.698537, -263.0
1575348411.753004, -263.0
1575348411.807226, -263.0
1575348411.861395, -263.0
1575348411.915524, -263.0
1575348411.96971, -263.0
1575348412.023972, -263.0
1575348412.077928, -263.0
1575348412.132168, -263.0
1575348412.186114, -263.0
1575348412.240387, -263.0
1575348412.294638, -263.0
1575348412.348919, -263.0
1575348412.403245, -263.0
1575348412.457421, -263.0
1575348412.51202, -263.0
1575348412.565928, -263.0
1575348412.619875, -263.0
1575348412.674057, -263.0
1575348412.728503, -263.0
1575348412.782686, -263.0
1575348412.837332, -263.0
1575348412.891558, -263.0
1575348412.946156, -263.0
1575348413.00028, -263.0
1575348413.054343, -263.0
1575348413.108387, -263.0
1575348413.162441, -263.0
1575348413.216507, -263.0
1575348413.27063, -263.0
1575348413.324759, -263.0
1575348413.378901, -263.0
1575348414.407569, -260.0
1575348414.461675, -260.0
1575348414.51537, -260.0
1575348414.569228, -260.0
1575348414.623156, -260.0
1575348414.677007, -260.0
1575348414.730865, -260.0
1575348414.784939, -260.0
1575348414.838907, -260.0
1575348414.892931, -260.0
1575348414.946918, -260.0
1575348415.001143, -260.0
1575348415.055102, -260.0
1575348415.109213, -260.0
1575348415.163472, -260.0
1575348415.217825, -260.0
1575348416.095008, -260.0
1575348416.148889, -260.0
1575348416.202644, -260.0
1575348416.256318, -260.0
1575348416.310394, -260.0
1575348416.364459, -260.0
1575348416.418533, -260.0
1575348416.472506, -260.0
1575348416.526701, -260.0
1575348416.580697, -260.0
1575348416.634731, -260.0
1575348416.688929, -260.0
1575348416.743127, -260.0
1575348416.797217, -260.0
1575348416.851597, -260.0
1575348416.905475, -260.0
1575348416.959395, -260.0
1575348417.013454, -260.0
1575348417.067031, -260.0
1575348417.120745, -260.0
1575348417.174753, -260.0
1575348417.228898, -260.0
1575348417.282623, -260.0
1575348417.336619, -260.0
1575348417.390888, -260.0
1575348417.445047, -260.0
1575348417.499254, -260.0
1575348417.553306, -260.0
1575348417.607331, -260.0
1575348417.661341, -260.0
1575348417.715267, -260.0
1575348417.769178, -260.0
1575348417.822939, -260.0
1575348417.876874, -260.0
1575348417.930749, -260.0
1575348417.984936, -260.0
1575348418.039012, -260.0
1575348418.092844, -260.0
1575348418.146837, -260.0
1575348418.2008, -260.0
1575348418.254828, -260.0
1575348418.308581, -260.0
1575348418.362463, -260.0
1575348418.416463, -260.0
1575348418.4705, -260.0
1575348418.524394, -260.0
1575348418.578489, -260.0
1575348418.63242, -260.0
1575348418.68648, -260.0
1575348418.74082, -260.0
1575348418.794917, -260.0
1575348418.849076, -260.0
1575348418.903006, -260.0
1575348419.759518, -260.0
1575348419.813581, -260.0
1575348419.867728, -260.0
1575348419.921516, -260.0
1575348419.975928, -260.0
1575348420.030063, -260.0
1575348420.084044, -260.0
1575348420.137991, -260.0
1575348420.191796, -260.0
1575348420.245934, -260.0
1575348420.299704, -260.0
1575348420.353404, -260.0
1575348420.407094, -260.0
1575348420.461206, -260.0
1575348420.515079, -260.0
1575348421.348736, -260.0
1575348422.135474, -260.0
1575348422.189554, -260.0
1575348422.243598, -260.0
1575348423.149481, -260.0
1575348423.203125, -260.0
1575348424.068379, -260.0
1575348424.867267, -260.0
1575348425.721439, -260.0
1575348426.53785, -260.0
1575348427.390881, -260.0
1575348427.444889, -260.0
1575348427.498879, -260.0
1575348427.552956, -260.0
1575348427.606833, -260.0
1575348427.660556, -260.0
1575348427.714574, -260.0
1575348427.768504, -260.0
1575348428.617384, -260.0
1575348429.401977, -260.0
1575348429.455983, -260.0
1575348430.283575, -260.0
1575348430.337362, -260.0
1575348430.391436, -260.0
1575348430.445386, -260.0
1575348430.499244, -260.0
1575348430.552783, -260.0
1575348430.606696, -260.0
1575348430.660572, -260.0
1575348430.714819, -260.0
1575348430.768433, -260.0
1575348430.822156, -260.0
1575348430.876042, -260.0
1575348430.930118, -260.0
1575348430.984324, -260.0
1575348431.037872, -260.0
1575348431.09162, -260.0
1575348431.145159, -260.0
1575348431.198879, -260.0
1575348431.252882, -260.0
1575348431.306585, -260.0
1575348431.360055, -260.0
1575348431.413899, -260.0
1575348431.46789, -260.0
1575348431.521818, -260.0
1575348431.575715, -260.0
1575348431.629346, -260.0
1575348431.683063, -260.0
1575348431.737047, -260.0
1575348431.790741, -260.0
1575348431.844266, -260.0
1575348431.898144, -260.0
1575348431.951952, -260.0
1575348432.005676, -260.0
1575348432.060009, -260.0
1575348432.114094, -260.0
1575348432.16788, -260.0
1575348432.221841, -260.0
1575348432.275896, -260.0
1575348432.329741, -260.0
1575348432.383697, -260.0
1575348432.437461, -260.0
1575348432.491441, -260.0
1575348432.545072, -260.0
1575348432.598607, -260.0
1575348432.652598, -260.0
1575348432.706019, -260.0
1575348432.759493, -260.0
1575348432.813063, -260.0
1575348432.866681, -260.0
1575348432.920466, -260.0
1575348432.974231, -260.0
1575348433.027854, -260.0
1575348433.081642, -260.0
1575348433.135957, -260.0
1575348433.189801, -260.0
1575348433.243852, -260.0
1575348433.297865, -260.0
1575348433.351649, -260.0
1575348433.405292, -260.0
1575348433.459251, -260.0
1575348433.51288, -260.0
1575348433.566753, -260.0
1575348433.620295, -260.0
1575348433.67443, -260.0
1575348433.728425, -260.0
1575348433.782827, -260.0
1575348433.836454, -260.0
1575348433.890125, -260.0
1575348433.943943, -260.0
1575348433.99809, -260.0
1575348434.052, -260.0
1575348434.105177, -260.0
1575348434.158872, -260.0
1575348434.21256, -260.0
1575348434.266426, -260.0
1575348434.320103, -260.0
1575348434.373587, -260.0
1575348434.426944, -260.0
1575348434.480619, -260.0
1575348434.533859, -260.0
1575348434.587659, -260.0
1575348434.640856, -260.0
1575348434.694744, -260.0
