1575349849.047785, -94.0
1575349849.261962, -93.0
1575349849.475518, -93.0
1575349849.689812, -93.0
1575349849.903229, -93.0
1575349850.116024, -93.0
1575349850.329173, -93.0
1575349850.542617, -93.0
1575349850.755617, -93.0
1575349850.969605, -93.0
1575349851.183197, -93.0
1575349851.397714, -93.0
1575349851.611291, -93.0
1575349851.824993, -93.0
1575349852.038264, -93.0
1575349852.252293, -93.0
1575349852.466403, -93.0
1575349852.679494, -93.0
1575349852.89247, -93.0
1575349853.106466, -93.0
1575349853.319703, -93.0
1575349853.532453, -93.0
1575349853.745825, -93.0
1575349853.958966, -93.0
1575349854.170911, -93.0
1575349854.383419, -93.0
1575349854.595804, -93.0
1575349854.808742, -93.0
1575349855.021486, -93.0
1575349855.234943, -93.0
1575349855.448364, -93.0
1575349855.661557, -93.0
1575349855.875021, -93.0
1575349856.088532, -93.0
1575349856.301734, -93.0
1575349856.514617, -93.0
1575349856.726723, -93.0
1575349856.940366, -93.0
1575349857.152948, -93.0
1575349857.365874, -93.0
1575349857.579727, -93.0
1575349857.792857, -93.0
1575349858.005597, -93.0
1575349858.218829, -93.0
1575349858.431842, -93.0
1575349858.645049, -93.0
1575349858.85745, -93.0
1575349859.070922, -93.0
1575349859.284146, -93.0
1575349859.497387, -93.0
1575349849.073202, -94.0
1575349849.286754, -93.0
1575349849.499926, -93.0
1575349849.713238, -93.0
1575349849.926552, -93.0
1575349850.139246, -93.0
1575349850.35251, -93.0
1575349850.565268, -93.0
1575349850.77712, -93.0
1575349850.989247, -93.0
1575349851.20082, -93.0
1575349851.413259, -93.0
1575349851.625665, -93.0
1575349851.838434, -93.0
1575349852.050803, -93.0
1575349852.262916, -93.0
1575349852.47608, -93.0
1575349852.689246, -93.0
1575349852.903641, -93.0
1575349853.115725, -93.0
1575349853.328698, -93.0
1575349853.541372, -93.0
1575349853.753927, -93.0
1575349853.96746, -93.0
1575349854.179857, -93.0
1575349854.393004, -93.0
1575349854.60543, -93.0
1575349854.818126, -93.0
1575349855.030788, -93.0
1575349855.243593, -93.0
1575349855.456857, -93.0
1575349855.669997, -93.0
1575349855.883159, -93.0
1575349856.09459, -93.0
1575349856.307026, -93.0
1575349856.520405, -93.0
1575349856.732329, -93.0
1575349856.945232, -93.0
1575349857.157185, -93.0
1575349857.369956, -93.0
1575349857.582584, -93.0
1575349857.794464, -93.0
1575349858.007192, -93.0
1575349858.21944, -93.0
1575349858.431756, -93.0
1575349858.644703, -93.0
1575349858.856421, -93.0
1575349859.068626, -93.0
1575349859.280655, -93.0
1575349859.492709, -93.0
1575349849.602002, -93.0
1575349850.083161, -93.0
1575349850.561814, -93.0
1575349851.041141, -93.0
1575349851.51878, -93.0
1575349851.997033, -93.0
1575349852.47603, -93.0
1575349852.952623, -93.0
1575349853.434013, -93.0
1575349853.912132, -93.0
1575349854.38975, -93.0
1575349854.867005, -93.0
1575349855.346669, -93.0
1575349855.825167, -93.0
1575349856.303184, -93.0
1575349856.780125, -93.0
1575349857.260196, -93.0
1575349857.737489, -93.0
1575349858.215675, -93.0
1575349858.691875, -93.0
1575349859.169761, -93.0
1575349859.650244, -93.0
1575349860.141923, -93.0
1575349860.62189, -93.0
1575349861.1022, -93.0
1575349861.583718, -93.0
1575349862.065693, -91.0
1575349862.546326, -91.0
1575349863.02814, -91.0
1575349863.507977, -91.0
1575349863.988922, -90.0
1575349864.471387, -90.0
1575349864.95327, -89.0
1575349865.433267, -89.0
1575349865.91117, -89.0
1575349866.389862, -89.0
1575349866.868752, -89.0
1575349867.34572, -89.0
1575349867.825491, -89.0
1575349868.303499, -89.0
1575349868.782224, -89.0
1575349869.261213, -89.0
1575349869.739863, -89.0
1575349870.232681, -89.0
1575349870.71149, -89.0
1575349871.189643, -89.0
1575349871.670007, -89.0
1575349872.148906, -89.0
1575349872.62857, -89.0
1575349873.106246, -88.0
1575349849.161941, -93.0
1575349849.375405, -93.0
1575349849.58925, -93.0
1575349849.802358, -93.0
1575349850.015476, -93.0
1575349850.228687, -93.0
1575349850.441814, -93.0
1575349850.654411, -93.0
1575349850.867483, -93.0
1575349851.080596, -93.0
1575349851.295277, -93.0
1575349851.508189, -93.0
1575349851.720057, -93.0
1575349851.933603, -93.0
1575349852.146389, -93.0
1575349852.360235, -93.0
1575349852.573661, -93.0
1575349852.785931, -93.0
1575349852.998415, -93.0
1575349853.213392, -93.0
1575349853.4264, -93.0
1575349853.639068, -93.0
1575349853.851802, -93.0
1575349854.065297, -93.0
1575349854.27843, -93.0
1575349854.491274, -93.0
1575349854.704148, -93.0
1575349854.916808, -93.0
1575349855.131403, -93.0
1575349855.344549, -93.0
1575349855.556425, -93.0
1575349855.768978, -93.0
1575349855.982152, -93.0
1575349856.195108, -93.0
1575349856.407693, -93.0
1575349856.620527, -93.0
1575349856.832622, -93.0
1575349857.045528, -93.0
1575349857.257731, -93.0
1575349857.470608, -93.0
1575349857.683419, -93.0
1575349857.895562, -93.0
1575349858.10858, -93.0
1575349858.32115, -93.0
1575349858.535346, -93.0
1575349858.747772, -93.0
1575349858.960949, -93.0
1575349859.173912, -93.0
1575349859.386909, -93.0
1575349859.600558, -93.0
1575349860.311666, -93.0
1575349863.647682, -90.0
1575349864.074235, -90.0
1575349864.498503, -90.0
1575349864.922258, -90.0
1575349865.34595, -89.0
1575349866.137826, -89.0
1575349867.28941, -89.0
1575349868.56207, -89.0
1575349869.373831, -89.0
1575349869.823302, -89.0
1575349870.606646, -89.0
1575349871.450265, -89.0
1575349872.992036, -88.0
1575349873.774938, -88.0
1575349874.992491, -88.0
1575349876.516226, -88.0
1575349876.956515, -88.0
1575349877.408501, -88.0
1575349877.859677, -88.0
1575349879.060929, -88.0
1575349880.582403, -85.0
1575349882.788241, -85.0
1575349883.584428, -85.0
1575349884.386959, -85.0
1575349885.184261, -85.0
1575349886.010648, -85.0
1575349886.775763, -85.0
1575349887.645602, -85.0
1575349888.443951, -85.0
1575349889.27132, -85.0
1575349890.080666, -85.0
1575349890.524888, -85.0
1575349891.332838, -85.0
1575349894.706177, -85.0
1575349897.880314, -85.0
1575349899.484817, -85.0
1575349901.212806, -85.0
1575349902.035587, -85.0
1575349902.834084, -85.0
1575349904.377649, -85.0
1575349905.959102, -85.0
1575349907.935317, -85.0
1575349909.565839, -85.0
1575349910.835471, -85.0
1575349911.705311, -85.0
1575349913.240409, -85.0
1575349915.634704, -85.0
1575349918.077322, -85.0
1575349920.517877, -85.0
1575349859.960823, -93.0
1575349861.649271, -93.0
1575349861.862853, -91.0
1575349862.786099, -91.0
1575349863.000234, -91.0
1575349863.216545, -91.0
1575349863.445771, -91.0
1575349863.67329, -90.0
1575349863.890112, -90.0
1575349864.11766, -90.0
1575349864.336496, -90.0
1575349864.946312, -89.0
1575349865.16009, -89.0
1575349865.37262, -89.0
1575349865.589335, -89.0
1575349865.803037, -89.0
1575349866.024273, -89.0
1575349866.25952, -89.0
1575349866.496265, -89.0
1575349866.735029, -89.0
1575349866.97485, -89.0
1575349867.215639, -89.0
1575349867.455567, -89.0
1575349867.681642, -89.0
1575349867.89608, -89.0
1575349868.495749, -89.0
1575349868.709316, -89.0
1575349870.176046, -89.0
1575349871.665336, -89.0
1575349873.081911, -88.0
1575349874.454039, -88.0
1575349875.510871, -88.0
1575349876.558607, -88.0
1575349878.036882, -88.0
1575349878.68055, -88.0
1575349878.894036, -88.0
1575349879.908946, -85.0
1575349881.739769, -85.0
1575349882.389727, -85.0
1575349883.482397, -85.0
1575349884.548146, -85.0
1575349884.761645, -85.0
1575349885.496539, -85.0
1575349885.717532, -85.0
1575349885.94941, -85.0
1575349886.171748, -85.0
1575349886.402356, -85.0
1575349886.621852, -85.0
1575349886.85018, -85.0
1575349887.075283, -85.0
1575349860.041768, -93.0
1575349861.752348, -93.0
1575349862.686685, -91.0
1575349862.899262, -91.0
1575349863.112606, -91.0
1575349863.325896, -91.0
1575349863.539787, -91.0
1575349863.752774, -90.0
1575349863.969594, -90.0
1575349864.182394, -90.0
1575349865.173463, -89.0
1575349865.732136, -89.0
1575349866.333493, -89.0
1575349866.902044, -89.0
1575349867.493376, -89.0
1575349868.064201, -89.0
1575349868.277108, -89.0
1575349868.491531, -89.0
1575349868.703389, -89.0
1575349870.410284, -89.0
1575349871.337057, -89.0
1575349871.550928, -89.0
1575349872.16394, -89.0
1575349872.384388, -89.0
1575349872.994385, -88.0
1575349873.559696, -88.0
1575349874.903531, -88.0
1575349875.117916, -88.0
1575349875.334593, -88.0
1575349875.5515, -88.0
1575349875.768518, -88.0
1575349875.983615, -88.0
1575349876.202478, -88.0
1575349876.419271, -88.0
1575349877.002968, -88.0
1575349877.554827, -88.0
1575349878.110941, -88.0
1575349879.454993, -85.0
1575349881.105634, -85.0
1575349882.373018, -85.0
1575349884.10473, -85.0
1575349884.683608, -85.0
1575349884.89713, -85.0
1575349885.110953, -85.0
1575349886.08508, -85.0
1575349887.742793, -85.0
1575349888.322193, -85.0
1575349889.647823, -85.0
1575349890.277, -85.0
1575349891.539137, -85.0
1575349873.547376, -88.0
1575349875.249137, -88.0
1575349876.176648, -88.0
1575349876.390595, -88.0
1575349876.604025, -88.0
1575349876.817508, -88.0
1575349877.032546, -88.0
1575349877.246436, -88.0
1575349877.475117, -88.0
1575349877.690021, -88.0
1575349878.678302, -88.0
1575349878.893102, -88.0
1575349879.104647, -88.0
1575349879.318088, -88.0
1575349879.534087, -85.0
1575349879.757049, -85.0
1575349879.9765, -85.0
1575349880.189435, -85.0
1575349880.404921, -85.0
1575349880.62112, -85.0
1575349880.834878, -85.0
1575349881.051745, -85.0
1575349881.267141, -85.0
1575349881.482118, -85.0
1575349881.697811, -85.0
1575349881.912746, -85.0
1575349882.496814, -85.0
1575349883.483679, -85.0
1575349883.699801, -85.0
1575349883.914413, -85.0
1575349884.127071, -85.0
1575349884.339935, -85.0
1575349884.551833, -85.0
1575349884.765186, -85.0
1575349884.978668, -85.0
1575349885.191738, -85.0
1575349885.404246, -85.0
1575349885.618311, -85.0
1575349885.832067, -85.0
1575349886.046706, -85.0
1575349886.25923, -85.0
1575349886.89524, -85.0
1575349887.107377, -85.0
1575349887.320854, -85.0
1575349887.532995, -85.0
1575349888.142648, -85.0
1575349889.072899, -85.0
1575349889.287437, -85.0
1575349889.905628, -85.0
1575349890.866117, -85.0
1575349887.518723, -85.0
1575349889.20369, -85.0
1575349889.416412, -85.0
1575349889.629482, -85.0
1575349889.841021, -85.0
1575349890.054066, -85.0
1575349890.266271, -85.0
1575349890.478745, -85.0
1575349891.758332, -85.0
1575349893.053027, -85.0
1575349894.00501, -85.0
1575349894.921762, -85.0
1575349896.211205, -85.0
1575349897.184949, -85.0
1575349898.171824, -85.0
1575349899.141685, -85.0
1575349900.052829, -85.0
1575349901.008788, -85.0
1575349901.918457, -85.0
1575349903.176553, -85.0
1575349904.458467, -85.0
1575349905.766897, -85.0
1575349907.08202, -85.0
1575349908.383462, -85.0
1575349909.646387, -85.0
1575349910.970592, -85.0
1575349912.354865, -85.0
1575349913.836576, -85.0
1575349915.120737, -85.0
1575349916.440294, -85.0
1575349917.797376, -85.0
1575349919.117073, -85.0
1575349920.391595, -85.0
1575349921.704157, -85.0
1575349923.040951, -85.0
1575349924.362489, -85.0
1575349925.693454, -85.0
1575349926.987367, -85.0
1575349928.228109, -85.0
1575349929.514806, -85.0
1575349930.782181, -85.0
1575349932.05779, -85.0
1575349933.321179, -85.0
1575349934.591237, -85.0
1575349935.955146, -85.0
1575349937.6335, -85.0
1575349939.358601, -85.0
1575349940.700294, -85.0
1575349942.314643, -85.0
1575349944.014398, -85.0
1575349891.385401, -85.0
1575349891.651349, -85.0
1575349891.916863, -85.0
1575349892.885952, -85.0
1575349893.15189, -85.0
1575349893.418049, -85.0
1575349893.691195, -85.0
1575349893.958296, -85.0
1575349896.037637, -85.0
1575349897.018041, -85.0
1575349897.641079, -85.0
1575349897.920482, -85.0
1575349898.216571, -85.0
1575349898.496278, -85.0
1575349899.142931, -85.0
1575349899.783212, -85.0
1575349900.048895, -85.0
1575349900.321034, -85.0
1575349900.591427, -85.0
1575349901.28446, -85.0
1575349901.897605, -85.0
1575349902.554516, -85.0
1575349903.664952, -85.0
1575349904.292797, -85.0
1575349905.649121, -85.0
1575349907.392303, -85.0
1575349908.768382, -85.0
1575349909.790396, -85.0
1575349911.206741, -85.0
1575349913.337171, -85.0
1575349915.455113, -85.0
1575349917.618923, -85.0
1575349919.879444, -85.0
1575349921.301298, -85.0
1575349923.251472, -85.0
1575349923.881158, -85.0
1575349924.490515, -85.0
1575349926.262726, -85.0
1575349928.012148, -85.0
1575349929.477812, -85.0
1575349931.240034, -85.0
1575349933.041245, -85.0
1575349934.465436, -85.0
1575349935.555097, -85.0
1575349936.187707, -85.0
1575349937.588867, -85.0
1575349938.642064, -85.0
1575349940.465244, -85.0
1575349942.258325, -85.0
1575349942.893056, -85.0
1575349955.030428, -85.0
1575349955.084862, -85.0
1575349955.491792, -85.0
1575349955.548529, -85.0
1575349955.997727, -85.0
1575349956.051517, -85.0
1575349956.104929, -85.0
1575349956.564252, -85.0
1575349956.61824, -85.0
1575349956.672326, -85.0
1575349957.069392, -85.0
1575349957.122899, -85.0
1575349957.537283, -85.0
1575349957.59173, -85.0
1575349957.645727, -85.0
1575349957.70078, -85.0
1575349957.75446, -85.0
1575349958.203327, -85.0
1575349958.607223, -85.0
1575349958.660829, -85.0
1575349959.039829, -85.0
1575349959.093287, -85.0
1575349959.147014, -85.0
1575349959.205898, -85.0
1575349959.259662, -85.0
1575349959.681291, -85.0
1575349960.120001, -85.0
1575349960.588722, -85.0
1575349960.986415, -85.0
1575349961.417294, -85.0
1575349961.83235, -85.0
1575349962.289199, -85.0
1575349962.748495, -85.0
1575349963.161657, -85.0
1575349963.574574, -85.0
1575349964.002494, -85.0
1575349964.056201, -85.0
1575349964.110106, -85.0
1575349964.163947, -85.0
1575349964.217666, -85.0
1575349964.27122, -85.0
1575349964.324925, -85.0
1575349964.848379, -85.0
1575349965.268481, -85.0
1575349965.680073, -85.0
1575349966.127125, -85.0
1575349966.57412, -85.0
1575349966.62843, -85.0
1575349966.683447, -85.0
1575349966.738792, -85.0
1575349966.79299, -85.0
1575349966.846974, -85.0
1575349966.901683, -85.0
1575349967.325607, -85.0
1575349967.766436, -85.0
1575349968.184253, -85.0
1575349968.238369, -85.0
1575349968.293199, -85.0
1575349968.34822, -85.0
1575349968.402333, -85.0
1575349968.456735, -85.0
1575349968.511349, -85.0
1575349968.565809, -85.0
1575349968.61999, -85.0
1575349969.23131, -85.0
1575349969.711332, -85.0
1575349969.766029, -85.0
1575349969.820566, -85.0
1575349969.875538, -85.0
1575349969.930123, -85.0
1575349969.984939, -85.0
1575349970.039476, -85.0
1575349970.675449, -85.0
1575349971.094644, -85.0
1575349971.566143, -85.0
1575349972.009486, -85.0
1575349972.063665, -85.0
1575349972.647272, -85.0
1575349972.701324, -85.0
1575349972.75492, -85.0
1575349972.808627, -85.0
1575349973.423721, -85.0
1575349973.477622, -85.0
1575349973.531776, -85.0
1575349973.58563, -85.0
1575349974.027481, -85.0
1575349974.513318, -85.0
1575349974.567048, -85.0
1575349974.62135, -85.0
1575349974.675758, -85.0
1575349974.729667, -85.0
1575349974.783398, -85.0
1575349974.837102, -85.0
1575349974.890759, -85.0
1575349975.356837, -85.0
1575349975.883203, -85.0
1575349975.937184, -85.0
1575349975.991876, -85.0
1575349976.048184, -85.0
1575349976.103122, -85.0
1575349976.157986, -85.0
1575349976.212994, -85.0
1575349976.267824, -85.0
1575349976.901908, -85.0
1575349976.9558, -85.0
1575349977.415316, -85.0
1575349977.857007, -85.0
1575349977.911065, -85.0
1575349977.965033, -85.0
1575349978.018864, -85.0
1575349978.073291, -85.0
1575349978.512423, -85.0
1575349978.963165, -85.0
1575349979.404094, -85.0
1575349979.876083, -85.0
1575349980.3211, -85.0
1575349980.375679, -85.0
1575349980.430376, -85.0
1575349980.485337, -85.0
1575349980.540115, -85.0
1575349980.594985, -85.0
1575349980.650027, -85.0
1575349980.704773, -85.0
1575349980.759599, -85.0
1575349980.814205, -85.0
1575349980.869358, -85.0
1575349980.924533, -85.0
1575349980.979311, -85.0
1575349981.03489, -85.0
1575349981.08982, -85.0
1575349981.144861, -85.0
1575349981.200388, -85.0
1575349981.254935, -85.0
1575349981.310022, -85.0
1575349981.364852, -85.0
1575349981.419504, -85.0
1575349981.854298, -85.0
1575349981.908787, -85.0
1575349982.343562, -85.0
1575349982.762554, -85.0
1575349983.244347, -85.0
1575349983.69708, -85.0
1575349983.751392, -85.0
1575349983.805824, -85.0
1575349984.239222, -85.0
1575349984.687473, -85.0
1575349985.167347, -85.0
1575349985.643102, -85.0
1575349985.697235, -85.0
1575349986.143276, -85.0
1575349986.577282, -85.0
1575349987.016357, -85.0
1575349987.069788, -85.0
1575349987.565165, -85.0
1575349987.619509, -85.0
1575349988.05511, -85.0
1575349988.109047, -85.0
1575349988.782847, -85.0
1575349988.836155, -85.0
1575349988.89036, -85.0
1575349988.943711, -85.0
1575349988.997164, -85.0
1575349989.0505, -85.0
1575349989.104159, -85.0
1575349989.15773, -85.0
1575349989.211209, -85.0
1575349989.627992, -85.0
1575349990.078056, -85.0
1575349990.479823, -85.0
1575349990.921751, -85.0
1575349991.356147, -85.0
1575349991.8144, -85.0
1575349991.868398, -85.0
1575349992.322364, -85.0
1575349992.745947, -85.0
1575349993.176837, -85.0
1575349993.628211, -85.0
1575349994.089673, -85.0
1575349994.563284, -85.0
1575349994.970967, -85.0
1575349995.398673, -85.0
1575349995.844911, -85.0
1575349996.300457, -85.0
1575349996.354951, -85.0
1575349996.409888, -85.0
1575349996.464221, -85.0
1575349996.908478, -85.0
1575349997.312354, -85.0
1575349997.764213, -85.0
1575349997.818095, -85.0
1575349998.26213, -85.0
1575349998.702822, -85.0
1575349998.756406, -85.0
1575349999.207701, -85.0
1575349999.660416, -85.0
1575350000.120126, -85.0
1575350000.584342, -85.0
1575350001.078286, -85.0
1575350001.551875, -85.0
1575350001.94728, -85.0
1575350002.440308, -85.0
1575350002.886318, -85.0
1575350003.307992, -85.0
1575350003.777291, -85.0
1575350004.215331, -85.0
1575350004.659868, -85.0
1575350005.068036, -85.0
1575350005.504691, -85.0
1575350005.965543, -85.0
1575350006.413462, -85.0
1575350006.85887, -85.0
1575350007.295564, -85.0
1575350007.728738, -85.0
1575350007.782516, -85.0
1575350008.209159, -85.0
1575350008.262754, -85.0
1575350008.67593, -85.0
1575350009.121763, -85.0
1575350009.504335, -85.0
1575350009.557713, -85.0
1575350009.979589, -85.0
1575350010.033356, -85.0
1575350010.087, -85.0
1575350010.1411, -85.0
1575350010.194853, -85.0
1575350010.62585, -85.0
1575350011.055702, -85.0
1575350011.493649, -85.0
1575350011.928277, -85.0
1575350012.37556, -85.0
1575350012.805402, -85.0
1575350013.274662, -85.0
1575350013.695656, -85.0
1575350014.119609, -85.0
1575350014.553961, -85.0
1575350014.974796, -85.0
1575350015.42123, -85.0
1575350015.835951, -85.0
1575350015.890109, -85.0
1575350016.340386, -85.0
1575350016.394325, -85.0
1575350016.448356, -85.0
1575350016.502339, -85.0
1575350016.935427, -85.0
1575350016.989105, -85.0
1575350017.043472, -85.0
1575350017.0976, -85.0
1575350017.151515, -85.0
1575350017.205621, -85.0
1575350017.259407, -85.0
1575349955.069508, -85.0
1575349955.123582, -85.0
1575349955.547835, -85.0
1575349955.601257, -85.0
1575349955.655285, -85.0
1575349955.712006, -85.0
1575349955.770962, -85.0
1575349955.827056, -85.0
1575349955.881664, -85.0
1575349955.936495, -85.0
1575349955.992971, -85.0
1575349956.64466, -85.0
1575349956.706248, -85.0
1575349956.760786, -85.0
1575349956.81431, -85.0
1575349956.867863, -85.0
1575349956.921196, -85.0
1575349956.975005, -85.0
1575349957.029433, -85.0
1575349957.478509, -85.0
1575349957.931534, -85.0
1575349957.986242, -85.0
1575349958.04049, -85.0
1575349958.093938, -85.0
1575349958.147465, -85.0
1575349958.200616, -85.0
1575349958.253978, -85.0
1575349958.307546, -85.0
1575349958.360843, -85.0
1575349958.413636, -85.0
1575349958.466719, -85.0
1575349958.520219, -85.0
1575349958.57372, -85.0
1575349958.626977, -85.0
1575349958.680281, -85.0
1575349958.733855, -85.0
1575349958.788611, -85.0
1575349958.843504, -85.0
1575349958.897196, -85.0
1575349958.951052, -85.0
1575349959.00514, -85.0
1575349959.06158, -85.0
1575349959.117795, -85.0
1575349959.173631, -85.0
1575349959.22754, -85.0
1575349959.673793, -85.0
1575349959.729329, -85.0
1575349959.785226, -85.0
1575349959.840178, -85.0
1575349959.896067, -85.0
1575349959.951561, -85.0
1575349960.006973, -85.0
1575349960.062413, -85.0
1575349960.11721, -85.0
1575349960.175599, -85.0
1575349960.230582, -85.0
1575349960.285454, -85.0
1575349960.339109, -85.0
1575349960.771445, -85.0
1575349960.825285, -85.0
1575349960.879099, -85.0
1575349960.935589, -85.0
1575349960.996246, -85.0
1575349961.051279, -85.0
1575349961.106014, -85.0
1575349961.16078, -85.0
1575349961.215685, -85.0
1575349961.270471, -85.0
1575349961.332064, -85.0
1575349961.385811, -85.0
1575349961.802562, -85.0
1575349961.857589, -85.0
1575349961.912228, -85.0
1575349961.966843, -85.0
1575349962.021666, -85.0
1575349962.079105, -85.0
1575349962.138664, -85.0
1575349962.194924, -85.0
1575349962.251117, -85.0
1575349962.305122, -85.0
1575349962.740847, -85.0
1575349962.794854, -85.0
1575349962.848548, -85.0
1575349962.902697, -85.0
1575349963.402903, -85.0
1575349963.456816, -85.0
1575349963.510598, -85.0
1575349963.564629, -85.0
1575349963.618914, -85.0
1575349963.673579, -85.0
1575349963.73058, -85.0
1575349963.785263, -85.0
1575349963.839592, -85.0
1575349964.304346, -85.0
1575349964.357814, -85.0
1575349964.412054, -85.0
1575349964.466323, -85.0
1575349964.525083, -85.0
1575349964.579094, -85.0
1575349965.036825, -85.0
1575349965.090386, -85.0
1575349965.556769, -85.0
1575349965.610313, -85.0
1575349966.036853, -85.0
1575349966.090385, -85.0
1575349966.144533, -85.0
1575349966.198214, -85.0
1575349966.252377, -85.0
1575349966.679045, -85.0
1575349967.099889, -85.0
1575349967.541122, -85.0
1575349967.950307, -85.0
1575349968.004273, -85.0
1575349968.05851, -85.0
1575349968.48483, -85.0
1575349968.897386, -85.0
1575349969.332799, -85.0
1575349969.737182, -85.0
1575349970.160973, -85.0
1575349970.602814, -85.0
1575349971.107586, -85.0
1575349971.549996, -85.0
1575349971.603387, -85.0
1575349971.665405, -85.0
1575349971.71927, -85.0
1575349971.773459, -85.0
1575349971.827652, -85.0
1575349971.881969, -85.0
1575349971.936006, -85.0
1575349971.990123, -85.0
1575349972.044204, -85.0
1575349972.098332, -85.0
1575349972.160181, -85.0
1575349972.213961, -85.0
1575349972.267955, -85.0
1575349972.322081, -85.0
1575349972.38289, -85.0
1575349972.87597, -85.0
1575349972.932042, -85.0
1575349972.993712, -85.0
1575349973.048111, -85.0
1575349973.10215, -85.0
1575349973.156428, -85.0
1575349973.210378, -85.0
1575349973.264741, -85.0
1575349973.320881, -85.0
1575349973.812808, -85.0
1575349974.225117, -85.0
1575349974.658196, -85.0
1575349975.087655, -85.0
1575349975.51792, -85.0
1575349975.930185, -85.0
1575349976.360692, -85.0
1575349976.414306, -85.0
1575349976.833975, -85.0
1575349977.260766, -85.0
1575349977.702105, -85.0
1575349978.113446, -85.0
1575349978.546881, -85.0
1575349978.995033, -85.0
1575349979.049108, -85.0
1575349979.102898, -85.0
1575349979.156947, -85.0
1575349979.210514, -85.0
1575349979.666521, -85.0
1575349980.117259, -85.0
1575349980.606285, -85.0
1575349981.042814, -85.0
1575349981.464803, -85.0
1575349981.907478, -85.0
1575349982.347989, -85.0
1575349982.401807, -85.0
1575349982.851024, -85.0
1575349983.273961, -85.0
1575349983.75748, -85.0
1575349984.193932, -85.0
1575349984.636175, -85.0
1575349985.136437, -85.0
1575349985.612968, -85.0
1575349986.067687, -85.0
1575349986.121865, -85.0
1575349986.556413, -85.0
1575349987.021421, -85.0
1575349987.075221, -85.0
1575349987.497027, -85.0
1575349987.959122, -85.0
1575349988.430316, -85.0
1575349988.888303, -85.0
1575349989.355591, -85.0
1575349989.79398, -85.0
1575349990.192662, -85.0
1575349990.246377, -85.0
1575349990.676604, -85.0
1575349991.106769, -85.0
1575349991.531278, -85.0
1575349991.965361, -85.0
1575349992.413206, -85.0
1575349992.871453, -85.0
1575349992.925181, -85.0
1575349992.979174, -85.0
1575349993.033116, -85.0
1575349993.086879, -85.0
1575349993.140462, -85.0
1575349993.1945, -85.0
1575349993.248042, -85.0
1575349993.301743, -85.0
1575349993.355583, -85.0
1575349993.409324, -85.0
1575349993.463258, -85.0
1575349993.517022, -85.0
1575349993.570696, -85.0
1575349993.624585, -85.0
1575349993.678311, -85.0
1575349993.732026, -85.0
1575349994.181973, -85.0
1575349994.645871, -85.0
1575349995.046952, -85.0
1575349995.460188, -85.0
1575349995.901142, -85.0
1575349996.348191, -85.0
1575349996.749246, -85.0
1575349997.211921, -85.0
1575349997.265959, -85.0
1575349997.320687, -85.0
1575349997.374638, -85.0
1575349997.428678, -85.0
1575349997.9055, -85.0
1575349998.358582, -85.0
1575349998.768303, -85.0
1575349999.203916, -85.0
1575349999.257337, -85.0
1575349999.71521, -85.0
1575350000.170442, -85.0
1575350000.224312, -85.0
1575350000.691001, -85.0
1575350001.126988, -85.0
1575350001.525608, -85.0
1575350001.990681, -85.0
1575350002.40062, -85.0
1575350002.888023, -85.0
1575350003.318289, -85.0
1575350003.733834, -85.0
1575350004.174195, -85.0
1575350004.605064, -85.0
1575350005.043637, -85.0
1575350005.455776, -85.0
1575350005.918577, -85.0
1575350006.342352, -85.0
1575350006.764246, -85.0
1575350007.167611, -85.0
1575349955.100549, -85.0
1575349955.154826, -85.0
1575349955.584846, -85.0
1575349955.638424, -85.0
1575349955.692142, -85.0
1575349955.748902, -85.0
1575349955.807933, -85.0
1575349955.863896, -85.0
1575349955.918729, -85.0
1575349955.972893, -85.0
1575349956.029668, -85.0
1575349956.084113, -85.0
1575349956.138478, -85.0
1575349956.5855, -85.0
1575349957.003002, -85.0
1575349957.440761, -85.0
1575349957.869952, -85.0
1575349958.304575, -85.0
1575349958.811661, -85.0
1575349959.250125, -85.0
1575349959.673564, -85.0
1575349960.0981, -85.0
1575349960.542056, -85.0
1575349960.957041, -85.0
1575349961.390912, -85.0
1575349961.829988, -85.0
1575349961.883692, -85.0
1575349962.316726, -85.0
1575349962.790517, -85.0
1575349963.289987, -85.0
1575349963.731389, -85.0
1575349964.155671, -85.0
1575349964.597524, -85.0
1575349965.031734, -85.0
1575349965.530317, -85.0
1575349966.011258, -85.0
1575349966.422326, -85.0
1575349966.838029, -85.0
1575349967.268102, -85.0
1575349967.709443, -85.0
1575349968.123603, -85.0
1575349968.551034, -85.0
1575349968.971269, -85.0
1575349969.391999, -85.0
1575349969.815742, -85.0
1575349969.870186, -85.0
1575349969.924629, -85.0
1575349969.978571, -85.0
1575349970.032826, -85.0
1575349970.087191, -85.0
1575349970.141455, -85.0
1575349970.196106, -85.0
1575349970.250158, -85.0
1575349970.304559, -85.0
1575349970.358731, -85.0
1575349970.41282, -85.0
1575349970.467387, -85.0
1575349970.930853, -85.0
1575349971.357659, -85.0
1575349971.78478, -85.0
1575349972.217874, -85.0
1575349972.65143, -85.0
1575349973.103693, -85.0
1575349973.529765, -85.0
1575349973.949935, -85.0
1575349974.376456, -85.0
1575349974.813127, -85.0
1575349975.225378, -85.0
1575349975.678313, -85.0
1575349976.134232, -85.0
1575349976.606599, -85.0
1575349977.062676, -85.0
1575349977.498712, -85.0
1575349977.931918, -85.0
1575349978.361752, -85.0
1575349978.818084, -85.0
1575349979.271456, -85.0
1575349979.748058, -85.0
1575349980.181359, -85.0
1575349980.622347, -85.0
1575349981.072487, -85.0
1575349981.126108, -85.0
1575349981.17964, -85.0
1575349981.233586, -85.0
1575349981.822017, -85.0
1575349982.211368, -85.0
1575349982.657603, -85.0
1575349983.089217, -85.0
1575349983.518992, -85.0
1575349983.961774, -85.0
1575349984.392993, -85.0
1575349984.820468, -85.0
1575349985.235437, -85.0
1575349985.289351, -85.0
1575349985.737974, -85.0
1575349985.792019, -85.0
1575349985.845843, -85.0
1575349985.899629, -85.0
1575349985.953646, -85.0
1575349986.007784, -85.0
1575349986.061636, -85.0
1575349986.49934, -85.0
1575349986.926387, -85.0
1575349986.980701, -85.0
1575349987.034716, -85.0
1575349987.088823, -85.0
1575349987.14265, -85.0
1575349987.19649, -85.0
1575349987.25076, -85.0
1575349987.30495, -85.0
1575349987.782939, -85.0
1575349987.836727, -85.0
1575349988.274877, -85.0
1575349988.328497, -85.0
1575349988.807439, -85.0
1575349989.237947, -85.0
1575349989.684177, -85.0
1575349990.124963, -85.0
1575349990.554651, -85.0
1575349990.982717, -85.0
1575349991.434004, -85.0
1575349991.885525, -85.0
1575349992.351875, -85.0
1575349992.778795, -85.0
1575349993.218816, -85.0
1575349993.62378, -85.0
1575349994.035869, -85.0
1575349994.466876, -85.0
1575349994.883551, -85.0
1575349995.312252, -85.0
1575349995.743502, -85.0
1575349996.18757, -85.0
1575349996.633294, -85.0
1575349997.06949, -85.0
1575349997.48388, -85.0
1575349997.942508, -85.0
1575349998.366647, -85.0
1575349998.822587, -85.0
1575349999.278768, -85.0
1575349999.706905, -85.0
1575350000.149926, -85.0
1575350000.610995, -85.0
1575350001.057582, -85.0
1575350001.476488, -85.0
1575350001.929235, -85.0
1575350002.370122, -85.0
1575350002.4241, -85.0
1575350002.477857, -85.0
1575350002.532476, -85.0
1575350002.587304, -85.0
1575350002.641187, -85.0
1575350002.695713, -85.0
1575350002.750195, -85.0
1575350002.804703, -85.0
1575350002.859167, -85.0
1575350002.913655, -85.0
1575350002.968263, -85.0
1575350003.022705, -85.0
1575350003.077404, -85.0
1575350003.131825, -85.0
1575350003.186177, -85.0
1575350003.240814, -85.0
1575350003.295271, -85.0
1575350003.350282, -85.0
1575350003.405094, -85.0
1575350003.459547, -85.0
1575350003.514666, -85.0
1575350003.569419, -85.0
1575350003.62375, -85.0
1575350004.103228, -85.0
1575350004.542051, -85.0
1575350004.595957, -85.0
1575350004.649341, -85.0
1575350004.702963, -85.0
1575350005.117064, -85.0
1575350005.577503, -85.0
1575350006.025925, -85.0
1575350006.464345, -85.0
1575350006.936857, -85.0
1575350007.376197, -85.0
1575350007.790319, -85.0
1575350008.184685, -85.0
1575350008.624194, -85.0
1575350009.152137, -85.0
1575350009.587157, -85.0
1575350010.12159, -85.0
1575350010.175824, -85.0
1575350010.230183, -85.0
1575350010.28476, -85.0
1575350010.339215, -85.0
1575350010.393694, -85.0
1575350010.448598, -85.0
1575350010.503408, -85.0
1575350010.55791, -85.0
1575350010.612763, -85.0
1575350010.667361, -85.0
1575350010.721722, -85.0
1575350010.7762, -85.0
1575350011.187184, -85.0
1575350011.617982, -85.0
1575350011.672241, -85.0
1575350011.727099, -85.0
1575350011.781347, -85.0
1575350011.835868, -85.0
1575350011.89008, -85.0
1575350011.944478, -85.0
1575350011.999016, -85.0
1575350012.053371, -85.0
1575350012.108348, -85.0
1575350012.162988, -85.0
1575350012.218206, -85.0
1575350012.272774, -85.0
1575350012.327781, -85.0
1575350012.382909, -85.0
1575350012.437985, -85.0
1575350012.493298, -85.0
1575350012.548393, -85.0
1575350012.603538, -85.0
1575350012.658782, -85.0
1575350012.713712, -85.0
1575350012.768914, -85.0
1575350012.82361, -85.0
1575350012.878861, -85.0
1575350012.934153, -85.0
1575350012.989711, -85.0
1575350013.423123, -85.0
1575350013.477546, -85.0
1575350013.913512, -85.0
1575350014.343475, -85.0
1575350014.788299, -85.0
1575350015.222842, -85.0
1575350015.670607, -85.0
1575350015.724239, -85.0
1575350015.777932, -85.0
1575350015.832042, -85.0
1575350015.88557, -85.0
1575350016.322197, -85.0
1575350016.37657, -85.0
1575350016.431057, -85.0
1575350016.485993, -85.0
1575350016.540623, -85.0
1575350016.595246, -85.0
1575350016.649893, -85.0
1575350016.704826, -85.0
1575350016.760108, -85.0
1575350016.814647, -85.0
1575350016.869368, -85.0
1575350016.924361, -85.0
1575350016.978669, -85.0
1575350017.033523, -85.0
1575349955.152271, -85.0
1575349955.206956, -85.0
1575349955.615397, -85.0
1575349955.669134, -85.0
1575349955.722601, -85.0
1575349956.177415, -85.0
1575349956.231267, -85.0
1575349956.284972, -85.0
1575349956.339344, -85.0
1575349956.399979, -85.0
1575349956.456517, -85.0
1575349956.517256, -85.0
1575349956.578928, -85.0
1575349956.6381, -85.0
1575349956.692838, -85.0
1575349956.747802, -85.0
1575349956.802617, -85.0
1575349956.856666, -85.0
1575349956.911273, -85.0
1575349956.966091, -85.0
1575349957.0206, -85.0
1575349957.074948, -85.0
1575349957.129612, -85.0
1575349957.184188, -85.0
1575349957.238951, -85.0
1575349957.293641, -85.0
1575349957.348666, -85.0
1575349957.402978, -85.0
1575349957.457215, -85.0
1575349957.511536, -85.0
1575349957.56607, -85.0
1575349957.620459, -85.0
1575349957.67469, -85.0
1575349957.729348, -85.0
1575349957.783685, -85.0
1575349957.838096, -85.0
1575349957.892458, -85.0
1575349957.946831, -85.0
1575349958.001528, -85.0
1575349958.056263, -85.0
1575349958.110343, -85.0
1575349958.164029, -85.0
1575349958.217772, -85.0
1575349958.271928, -85.0
1575349958.325485, -85.0
1575349958.379178, -85.0
1575349958.432947, -85.0
1575349958.486815, -85.0
1575349958.541141, -85.0
1575349958.59545, -85.0
1575349959.166223, -85.0
1575349959.589323, -85.0
1575349960.045214, -85.0
1575349960.477827, -85.0
1575349960.933487, -85.0
1575349961.380737, -85.0
1575349961.840245, -85.0
1575349962.315483, -85.0
1575349962.369537, -85.0
1575349962.423892, -85.0
1575349962.478794, -85.0
1575349963.073363, -85.0
1575349963.691736, -85.0
1575349963.746124, -85.0
1575349963.801025, -85.0
1575349963.856626, -85.0
1575349963.911142, -85.0
1575349963.966067, -85.0
1575349964.021179, -85.0
1575349964.076203, -85.0
1575349964.131396, -85.0
1575349964.18634, -85.0
1575349964.240957, -85.0
1575349964.296064, -85.0
1575349964.35002, -85.0
1575349964.85411, -85.0
1575349965.314915, -85.0
1575349965.765643, -85.0
1575349966.202587, -85.0
1575349966.66131, -85.0
1575349966.71533, -85.0
1575349966.769825, -85.0
1575349967.21619, -85.0
1575349967.6452, -85.0
1575349967.698817, -85.0
1575349968.17497, -85.0
1575349968.229149, -85.0
1575349968.283567, -85.0
1575349968.338217, -85.0
1575349968.395895, -85.0
1575349968.451328, -85.0
1575349968.985515, -85.0
1575349969.504503, -85.0
1575349969.558574, -85.0
1575349969.989092, -85.0
1575349970.044409, -85.0
1575349970.10079, -85.0
1575349970.157846, -85.0
1575349970.215181, -85.0
1575349970.273189, -85.0
1575349970.330304, -85.0
1575349970.387828, -85.0
1575349970.445581, -85.0
1575349970.503153, -85.0
1575349970.560688, -85.0
1575349970.618105, -85.0
1575349970.675844, -85.0
1575349970.733931, -85.0
1575349970.792076, -85.0
1575349970.850569, -85.0
1575349970.908507, -85.0
1575349970.964647, -85.0
1575349971.022277, -85.0
1575349971.080194, -85.0
1575349971.137809, -85.0
1575349971.193398, -85.0
1575349971.247902, -85.0
1575349971.666261, -85.0
1575349972.117797, -85.0
1575349972.570217, -85.0
1575349972.981298, -85.0
1575349973.543586, -85.0
1575349974.015736, -85.0
1575349974.429985, -85.0
1575349974.855861, -85.0
1575349975.307112, -85.0
1575349975.750505, -85.0
1575349975.804965, -85.0
1575349976.234607, -85.0
1575349976.662052, -85.0
1575349977.116394, -85.0
1575349977.564229, -85.0
1575349977.978617, -85.0
1575349978.42774, -85.0
1575349978.482124, -85.0
1575349978.537037, -85.0
1575349978.984373, -85.0
1575349979.404961, -85.0
1575349979.827879, -85.0
1575349980.281331, -85.0
1575349980.78863, -85.0
1575349981.214303, -85.0
1575349981.648047, -85.0
1575349982.076671, -85.0
1575349982.489476, -85.0
1575349982.969044, -85.0
1575349983.023238, -85.0
1575349983.438388, -85.0
1575349983.910256, -85.0
1575349984.361482, -85.0
1575349984.801813, -85.0
1575349985.21206, -85.0
1575349985.655801, -85.0
1575349986.070974, -85.0
1575349986.595451, -85.0
1575349987.077584, -85.0
1575349987.515901, -85.0
1575349987.954536, -85.0
1575349988.404601, -85.0
1575349988.458942, -85.0
1575349988.514035, -85.0
1575349988.57004, -85.0
1575349988.625113, -85.0
1575349988.678973, -85.0
1575349988.732901, -85.0
1575349988.788533, -85.0
1575349988.843869, -85.0
1575349988.901136, -85.0
1575349988.956971, -85.0
1575349989.013908, -85.0
1575349989.070735, -85.0
1575349989.127572, -85.0
1575349989.18435, -85.0
1575349989.241144, -85.0
1575349989.298386, -85.0
1575349989.355396, -85.0
1575349989.411809, -85.0
1575349989.469112, -85.0
1575349989.526451, -85.0
1575349989.583241, -85.0
1575349989.639486, -85.0
1575349989.693997, -85.0
1575349989.750857, -85.0
1575349989.807636, -85.0
1575349989.86449, -85.0
1575349989.921837, -85.0
1575349989.978566, -85.0
1575349990.035296, -85.0
1575349990.092396, -85.0
1575349990.149507, -85.0
1575349990.206379, -85.0
1575349990.263231, -85.0
1575349990.320272, -85.0
1575349990.376834, -85.0
1575349990.431562, -85.0
1575349990.485875, -85.0
1575349990.540303, -85.0
1575349990.59574, -85.0
1575349990.651803, -85.0
1575349990.70788, -85.0
1575349990.764852, -85.0
1575349990.821091, -85.0
1575349990.875996, -85.0
1575349991.289104, -85.0
1575349991.75184, -85.0
1575349992.165024, -85.0
1575349992.59997, -85.0
1575349992.654988, -85.0
1575349993.08734, -85.0
1575349993.538306, -85.0
1575349993.975907, -85.0
1575349994.029812, -85.0
1575349994.441247, -85.0
1575349994.91346, -85.0
1575349995.328203, -85.0
1575349995.792699, -85.0
1575349996.202441, -85.0
1575349996.671201, -85.0
1575349997.118339, -85.0
1575349997.534028, -85.0
1575349997.588478, -85.0
1575349998.01377, -85.0
1575349998.481781, -85.0
1575349998.536446, -85.0
1575349998.590604, -85.0
1575349998.644452, -85.0
1575349998.698255, -85.0
1575349998.751828, -85.0
1575349998.805635, -85.0
1575349998.859134, -85.0
1575349998.913256, -85.0
1575349998.967653, -85.0
1575349999.021874, -85.0
1575349999.075479, -85.0
1575349999.128914, -85.0
1575349999.564598, -85.0
1575350000.033956, -85.0
1575350000.087834, -85.0
1575350000.514203, -85.0
1575350000.954121, -85.0
1575350001.342788, -85.0
1575350001.761985, -85.0
1575350002.217413, -85.0
1575350002.632619, -85.0
1575350003.034525, -85.0
1575350003.088171, -85.0
1575350003.142398, -85.0
1575350003.626043, -85.0
1575350003.680144, -85.0
1575350003.734866, -85.0
1575350003.851005, -85.0
1575350003.913289, -85.0
1575350003.970307, -85.0
1575350004.024153, -85.0
1575350004.077901, -85.0
1575350004.136722, -85.0
1575350004.190967, -85.0
1575350004.253325, -85.0
1575350004.313018, -85.0
1575350004.371357, -85.0
1575350004.428266, -85.0
1575350004.482806, -85.0
1575350004.539803, -85.0
1575350004.600423, -85.0
1575350005.032458, -85.0
1575350005.086626, -85.0
1575350005.538578, -85.0
1575350005.994676, -85.0
1575350006.432515, -85.0
1575350006.867696, -85.0
1575350007.309976, -85.0
1575350007.758848, -85.0
1575350007.812487, -85.0
1575350007.866251, -85.0
1575350007.919886, -85.0
1575350007.973671, -85.0
1575350008.027664, -85.0
1575350008.454031, -85.0
1575350008.935333, -85.0
1575350009.401495, -85.0
1575350009.830543, -85.0
1575350010.280175, -85.0
1575350010.721402, -85.0
1575350010.776314, -85.0
1575350011.209119, -85.0
1575350011.263729, -85.0
1575350011.318687, -85.0
1575350011.786498, -85.0
1575350011.840198, -85.0
1575350011.894095, -85.0
1575350011.948274, -85.0
1575350012.002603, -85.0
1575350012.450593, -85.0
1575350012.50435, -85.0
1575350012.558734, -85.0
1575350012.617663, -85.0
1575350012.676298, -85.0
1575350013.282054, -85.0
1575350013.738244, -85.0
1575350014.194798, -85.0
1575350014.250046, -85.0
1575350014.304304, -85.0
1575350014.358703, -85.0
1575350014.413324, -85.0
1575350014.467639, -85.0
1575350014.52215, -85.0
1575350014.57642, -85.0
1575350014.631101, -85.0
1575350014.685674, -85.0
1575350014.739855, -85.0
1575350014.79394, -85.0
1575350014.847605, -85.0
1575350014.901614, -85.0
1575350014.955792, -85.0
1575350015.009913, -85.0
1575350015.490009, -85.0
1575350015.935154, -85.0
1575350016.370242, -85.0
1575350016.4253, -85.0
1575350016.484692, -85.0
1575350016.540349, -85.0
1575350016.601818, -85.0
1575350017.047693, -85.0
1575350017.477164, -85.0
1575350017.922877, -85.0
1575350017.984022, -85.0
1575350018.437678, -85.0
1575350018.499749, -85.0
1575350018.942861, -85.0
1575350019.390884, -85.0
1575350019.836902, -85.0
1575350020.240163, -85.0
1575350020.758151, -85.0
1575350020.812607, -85.0
1575350020.867717, -85.0
1575350020.925633, -85.0
1575350020.983261, -85.0
1575350021.04117, -85.0
1575350021.09886, -85.0
1575350021.159433, -85.0
1575350021.213459, -85.0
1575350021.267568, -85.0
1575350021.321703, -85.0
1575350021.375343, -85.0
1575350021.830573, -85.0
1575350022.250825, -85.0
1575350022.675078, -85.0
1575350023.102411, -85.0
1575350023.54461, -85.0
1575350024.039143, -85.0
1575350024.092917, -85.0
1575350024.146866, -85.0
1575350024.591756, -85.0
1575350025.020726, -85.0
1575350025.423179, -85.0
1575350025.864835, -85.0
1575350026.298897, -85.0
1575350026.74492, -85.0
1575350026.798992, -85.0
1575350027.270826, -85.0
1575350027.712136, -85.0
1575350028.196553, -85.0
1575350028.249957, -85.0
1575350028.303864, -85.0
1575350028.35781, -85.0
1575350028.411426, -85.0
1575350028.464956, -85.0
1575350028.519208, -85.0
1575350028.57292, -85.0
1575350029.026255, -85.0
1575350029.452097, -85.0
1575350029.867355, -85.0
1575350029.921478, -85.0
1575350029.97533, -85.0
1575350030.456758, -85.0
1575350030.51075, -85.0
1575350030.564446, -85.0
1575350030.617995, -85.0
1575350030.671611, -85.0
1575350030.725478, -85.0
1575350030.782896, -85.0
1575350030.83709, -85.0
1575350030.894472, -85.0
1575350030.948137, -85.0
1575350031.418702, -85.0
1575350031.83535, -85.0
1575350032.285478, -85.0
1575350032.72806, -85.0
1575350033.18478, -85.0
1575350033.636878, -85.0
1575350034.08972, -85.0
1575350034.567506, -85.0
1575350035.021922, -85.0
1575350035.498909, -85.0
1575350035.999319, -85.0
1575350036.43977, -85.0
1575350036.860674, -85.0
1575350037.360851, -85.0
1575350037.835197, -85.0
1575350037.888797, -85.0
1575350037.950773, -85.0
1575350038.465786, -85.0
1575350038.520483, -85.0
1575350038.98574, -85.0
1575350039.04012, -85.0
1575350039.101627, -85.0
1575350039.16318, -85.0
1575350039.217403, -85.0
1575350039.279805, -85.0
1575350039.33426, -85.0
1575350039.395928, -85.0
1575350039.455018, -85.0
1575350039.516775, -85.0
1575350039.57884, -85.0
1575350039.641224, -85.0
1575350039.695268, -85.0
1575350039.749293, -85.0
1575350040.20598, -85.0
1575350040.664366, -85.0
1575350041.092004, -85.0
1575350041.537495, -85.0
1575350041.591453, -85.0
1575350042.028473, -85.0
1575350042.451207, -85.0
1575350042.898706, -85.0
1575350043.338361, -85.0
1575350043.800528, -85.0
1575350044.239134, -85.0
1575350044.655859, -85.0
1575350045.147353, -85.0
1575350045.202271, -85.0
1575350045.641566, -85.0
1575350046.185256, -85.0
1575350046.244297, -85.0
1575350046.303087, -85.0
1575350046.36191, -85.0
1575350046.420598, -85.0
1575350046.480765, -85.0
1575350046.887627, -85.0
1575350047.327137, -85.0
1575350047.765242, -85.0
1575350048.179281, -85.0
1575350048.614147, -85.0
1575350049.0592, -85.0
1575350049.471961, -85.0
1575350049.900135, -85.0
1575350050.326359, -85.0
1575350050.771368, -85.0
1575350051.201891, -85.0
1575350051.668409, -85.0
1575350052.100732, -85.0
1575350052.520032, -85.0
1575350052.95195, -85.0
1575350053.396894, -85.0
1575350053.903397, -85.0
1575350054.316666, -85.0
1575350054.718405, -85.0
1575350055.167634, -85.0
1575350055.585265, -85.0
1575350056.015005, -85.0
1575350056.453706, -85.0
1575350056.900086, -85.0
1575350056.95387, -85.0
1575350057.007639, -85.0
1575350057.061769, -85.0
1575350057.115384, -85.0
1575350057.169129, -85.0
1575350057.222977, -85.0
1575350057.276768, -85.0
1575350057.330212, -85.0
1575350057.383985, -85.0
1575350057.437874, -85.0
1575350057.491968, -85.0
1575350057.54619, -85.0
1575350057.60127, -85.0
1575350057.655424, -85.0
1575350057.709612, -85.0
1575350058.159334, -85.0
1575350058.605542, -85.0
1575350059.023511, -85.0
1575350059.450171, -85.0
1575350059.872481, -85.0
1575350059.926308, -85.0
1575350059.980126, -85.0
1575350060.033904, -85.0
1575350060.087636, -85.0
1575350060.140742, -85.0
1575350060.561731, -85.0
1575350061.033836, -85.0
1575350061.087528, -85.0
1575350061.141365, -85.0
1575350061.195191, -85.0
1575350061.602756, -85.0
1575350062.049564, -85.0
1575350062.490171, -85.0
1575350062.544037, -85.0
1575350062.983474, -85.0
1575350063.037267, -85.0
1575350063.091053, -85.0
1575350063.144651, -85.0
1575350007.668319, -85.0
1575350008.114085, -85.0
1575350008.557988, -85.0
1575350009.030059, -85.0
1575350009.509152, -85.0
1575350009.922083, -85.0
1575350010.357827, -85.0
1575350010.412148, -85.0
1575350010.466656, -85.0
1575350010.527694, -85.0
1575350010.588121, -85.0
1575350010.648692, -85.0
1575350010.709884, -85.0
1575350011.201827, -85.0
1575350011.259893, -85.0
1575350011.728091, -85.0
1575350011.78224, -85.0
1575350011.836265, -85.0
1575350011.890431, -85.0
1575350011.944257, -85.0
1575350011.9982, -85.0
1575350012.434479, -85.0
1575350012.892175, -85.0
1575350013.334925, -85.0
1575350013.759011, -85.0
1575350014.230782, -85.0
1575350014.653441, -85.0
1575350015.116618, -85.0
1575350015.575732, -85.0
1575350016.039076, -85.0
1575350016.488454, -85.0
1575350016.973682, -85.0
1575350017.470945, -85.0
1575350017.957736, -85.0
1575350018.011752, -85.0
1575350018.06619, -85.0
1575350018.120953, -85.0
1575350018.175328, -85.0
1575350018.664893, -85.0
1575350019.099983, -85.0
1575350019.552773, -85.0
1575350019.974942, -85.0
1575350020.425888, -85.0
1575350020.868169, -85.0
1575350021.324889, -85.0
1575350021.792596, -85.0
1575350022.246175, -85.0
1575350022.698555, -85.0
1575350023.199561, -85.0
1575350023.678435, -85.0
1575350024.12743, -85.0
1575350024.181545, -85.0
1575350024.235933, -85.0
1575350024.290257, -85.0
1575350024.344404, -85.0
1575350024.39838, -85.0
1575350024.453437, -85.0
1575350024.508184, -85.0
1575350024.563084, -85.0
1575350024.6177, -85.0
1575350024.672648, -85.0
1575350024.727205, -85.0
1575350025.193065, -85.0
1575350025.6039, -85.0
1575350026.116481, -85.0
1575350026.569226, -85.0
1575350027.015821, -85.0
1575350027.509021, -85.0
1575350027.562826, -85.0
1575350027.617294, -85.0
1575350027.671632, -85.0
1575350027.72613, -85.0
1575350027.780858, -85.0
1575350027.834876, -85.0
1575350027.889614, -85.0
1575350027.944061, -85.0
1575350027.998128, -85.0
1575350028.052151, -85.0
1575350028.10568, -85.0
1575350028.564498, -85.0
1575350028.986141, -85.0
1575350029.431182, -85.0
1575350029.862162, -85.0
1575350030.292037, -85.0
1575350030.746113, -85.0
1575350030.800192, -85.0
1575350030.854494, -85.0
1575350030.908538, -85.0
1575350030.962815, -85.0
1575350031.468212, -85.0
1575350031.886848, -85.0
1575350032.330978, -85.0
1575350032.76707, -85.0
1575350032.8216, -85.0
1575350033.244879, -85.0
1575350033.75871, -85.0
1575350034.219557, -85.0
1575350034.273777, -85.0
1575350034.328116, -85.0
1575350034.382667, -85.0
1575350034.437329, -85.0
1575350034.491645, -85.0
1575350034.54576, -85.0
1575350034.974165, -85.0
1575350035.397613, -85.0
1575350035.877363, -85.0
1575350036.356329, -85.0
1575350036.780354, -85.0
1575350037.291177, -85.0
1575350037.713512, -85.0
1575350038.127652, -85.0
1575350038.570339, -85.0
1575350038.624374, -85.0
1575350039.142497, -85.0
1575350039.196837, -85.0
1575350039.688634, -85.0
1575350039.742346, -85.0
1575350039.796189, -85.0
1575350039.850904, -85.0
1575350039.905724, -85.0
1575350039.960505, -85.0
1575350040.469393, -85.0
1575350040.524296, -85.0
1575350040.578937, -85.0
1575350040.633585, -85.0
1575350040.688275, -85.0
1575350040.742944, -85.0
1575350040.79772, -85.0
1575350040.852293, -85.0
1575350040.906717, -85.0
1575350040.960028, -85.0
1575350041.013863, -85.0
1575350041.067732, -85.0
1575350041.121704, -85.0
1575350041.175713, -85.0
1575350041.229815, -85.0
1575350041.283549, -85.0
1575350041.337748, -85.0
1575350041.79608, -85.0
1575350042.275109, -85.0
1575350042.707106, -85.0
1575350043.250644, -85.0
1575350043.304646, -85.0
1575350043.848173, -85.0
1575350044.304962, -85.0
1575350044.740923, -85.0
1575350045.17905, -85.0
1575350045.646138, -85.0
1575350046.101598, -85.0
1575350046.562925, -85.0
1575350046.616845, -85.0
1575350046.671122, -85.0
1575350047.144299, -85.0
1575350047.198377, -85.0
1575350047.691896, -85.0
1575350048.141471, -85.0
1575350048.656921, -85.0
1575350048.71091, -85.0
1575350048.764951, -85.0
1575350048.818932, -85.0
1575350049.298912, -85.0
1575350049.352711, -85.0
1575350049.407079, -85.0
1575350049.962552, -85.0
1575350050.01672, -85.0
1575350050.07076, -85.0
1575350050.12568, -85.0
1575350050.180377, -85.0
1575350050.235285, -85.0
1575350050.290013, -85.0
1575350050.344977, -85.0
1575350050.399348, -85.0
1575350050.860324, -85.0
1575350051.33087, -85.0
1575350051.384785, -85.0
1575350051.796797, -85.0
1575350051.85138, -85.0
1575350051.905598, -85.0
1575350051.95976, -85.0
1575350052.014015, -85.0
1575350052.067981, -85.0
1575350052.122546, -85.0
1575350052.176818, -85.0
1575350052.230861, -85.0
1575350052.691617, -85.0
1575350053.171788, -85.0
1575350053.619724, -85.0
1575350054.065653, -85.0
1575350054.522312, -85.0
1575350054.992421, -85.0
1575350055.446236, -85.0
1575350055.901599, -85.0
1575350056.392193, -85.0
1575350056.845937, -85.0
1575350057.286821, -85.0
1575350057.719269, -85.0
1575350058.186603, -85.0
1575350058.606768, -85.0
1575350059.03699, -85.0
1575350059.508509, -85.0
1575350059.562166, -85.0
1575350059.615943, -85.0
1575350059.669566, -85.0
1575350059.723251, -85.0
1575350059.776913, -85.0
1575350059.83094, -85.0
1575350059.884867, -85.0
1575350059.938773, -85.0
1575350059.992381, -85.0
1575350060.046196, -85.0
1575350060.099921, -85.0
1575350060.15347, -85.0
1575350060.207219, -85.0
1575350060.63417, -85.0
1575350061.07941, -85.0
1575350061.516005, -85.0
1575350061.960466, -85.0
1575350062.4087, -85.0
1575350062.462477, -85.0
1575350062.876551, -85.0
1575350063.3421, -85.0
1575350063.782234, -85.0
1575350064.214458, -85.0
1575350064.671163, -85.0
1575350065.115474, -85.0
1575350065.559061, -85.0
1575350066.010721, -85.0
1575350066.454884, -85.0
1575350066.890002, -85.0
1575350067.362727, -85.0
1575350067.416951, -85.0
1575350067.882568, -85.0
1575350067.936647, -85.0
1575350067.990608, -85.0
1575350068.044483, -85.0
1575350068.098552, -85.0
1575350068.15295, -85.0
1575350068.207021, -85.0
1575350068.26179, -85.0
1575350068.315733, -85.0
1575350068.369779, -85.0
1575350068.805024, -85.0
1575350069.236197, -85.0
1575350069.682097, -85.0
1575350069.73617, -85.0
1575350069.790165, -85.0
1575350069.843939, -85.0
1575350070.290161, -85.0
1575350070.343973, -85.0
1575350070.761146, -85.0
1575350017.126703, -85.0
1575350017.571813, -85.0
1575350017.62539, -85.0
1575350017.679168, -85.0
1575350017.741278, -85.0
1575350017.794595, -85.0
1575350017.856628, -85.0
1575350017.914264, -85.0
1575350017.967985, -85.0
1575350018.024577, -85.0
1575350018.080834, -85.0
1575350018.141643, -85.0
1575350018.203729, -85.0
1575350018.264596, -85.0
1575350018.324871, -85.0
1575350018.386782, -85.0
1575350018.447585, -85.0
1575350018.50337, -85.0
1575350018.557494, -85.0
1575350019.073251, -85.0
1575350019.563591, -85.0
1575350020.003129, -85.0
1575350020.447127, -85.0
1575350020.874796, -85.0
1575350021.326313, -85.0
1575350021.755739, -85.0
1575350022.167472, -85.0
1575350022.221031, -85.0
1575350022.275274, -85.0
1575350022.329445, -85.0
1575350022.765459, -85.0
1575350023.179161, -85.0
1575350023.630085, -85.0
1575350023.683933, -85.0
1575350023.73757, -85.0
1575350023.792507, -85.0
1575350023.849297, -85.0
1575350023.904228, -85.0
1575350023.961212, -85.0
1575350024.017212, -85.0
1575350024.071851, -85.0
1575350024.126823, -85.0
1575350024.181277, -85.0
1575350024.235302, -85.0
1575350024.289828, -85.0
1575350024.351543, -85.0
1575350024.778489, -85.0
1575350025.197197, -85.0
1575350025.659933, -85.0
1575350026.093629, -85.0
1575350026.14717, -85.0
1575350026.565941, -85.0
1575350026.619093, -85.0
1575350026.673336, -85.0
1575350026.727486, -85.0
1575350026.78134, -85.0
1575350026.83509, -85.0
1575350026.889147, -85.0
1575350027.480676, -85.0
1575350027.534206, -85.0
1575350028.005317, -85.0
1575350028.421178, -85.0
1575350028.848201, -85.0
1575350028.90221, -85.0
1575350028.95608, -85.0
1575350029.010251, -85.0
1575350029.063809, -85.0
1575350029.117529, -85.0
1575350029.574554, -85.0
1575350030.022809, -85.0
1575350030.478963, -85.0
1575350030.934919, -85.0
1575350031.371111, -85.0
1575350031.827143, -85.0
1575350032.274966, -85.0
1575350032.328551, -85.0
1575350032.382212, -85.0
1575350032.435912, -85.0
1575350032.489926, -85.0
1575350032.543821, -85.0
1575350033.007092, -85.0
1575350033.493004, -85.0
1575350033.924679, -85.0
1575350033.978536, -85.0
1575350034.032457, -85.0
1575350034.086273, -85.0
1575350034.522287, -85.0
1575350034.575722, -85.0
1575350034.629417, -85.0
1575350034.683356, -85.0
1575350034.737328, -85.0
1575350034.79123, -85.0
1575350034.844937, -85.0
1575350034.898907, -85.0
1575350034.952808, -85.0
1575350035.006632, -85.0
1575350035.060555, -85.0
1575350035.114729, -85.0
1575350035.168323, -85.0
1575350035.221935, -85.0
1575350035.276275, -85.0
1575350035.330208, -85.0
1575350035.384068, -85.0
1575350035.796549, -85.0
1575350035.850343, -85.0
1575350036.348972, -85.0
1575350036.402537, -85.0
1575350036.456483, -85.0
1575350036.510518, -85.0
1575350036.564194, -85.0
1575350036.618356, -85.0
1575350037.091069, -85.0
1575350037.144493, -85.0
1575350037.588775, -85.0
1575350038.012039, -85.0
1575350038.444313, -85.0
1575350038.881614, -85.0
1575350038.935373, -85.0
1575350039.453445, -85.0
1575350039.884182, -85.0
1575350040.316645, -85.0
1575350040.70597, -85.0
1575350041.160421, -85.0
1575350041.214144, -85.0
1575350041.664585, -85.0
1575350042.099276, -85.0
1575350042.550537, -85.0
1575350042.604444, -85.0
1575350042.658489, -85.0
1575350042.712441, -85.0
1575350042.766109, -85.0
1575350042.820014, -85.0
1575350043.259654, -85.0
1575350043.313679, -85.0
1575350043.733628, -85.0
1575350044.174733, -85.0
1575350044.6272, -85.0
1575350045.088602, -85.0
1575350045.49828, -85.0
1575350045.552333, -85.0
1575350045.992953, -85.0
1575350046.42868, -85.0
1575350046.92475, -85.0
1575350047.374091, -85.0
1575350047.831675, -85.0
1575350048.277881, -85.0
1575350048.71142, -85.0
1575350048.765036, -85.0
1575350048.819025, -85.0
1575350048.873011, -85.0
1575350048.927159, -85.0
1575350048.981134, -85.0
1575350049.424739, -85.0
1575350049.860795, -85.0
1575350049.914459, -85.0
1575350050.364152, -85.0
1575350050.810248, -85.0
1575350050.864443, -85.0
1575350051.309684, -85.0
1575350051.74266, -85.0
1575350051.796499, -85.0
1575350052.212827, -85.0
1575350052.65643, -85.0
1575350053.091798, -85.0
1575350053.524234, -85.0
1575350053.578192, -85.0
1575350054.022385, -85.0
1575350054.466761, -85.0
1575350054.920929, -85.0
1575350054.974698, -85.0
1575350055.028876, -85.0
1575350055.082844, -85.0
1575350055.137323, -85.0
1575350055.619304, -85.0
1575350055.672942, -85.0
1575350056.094541, -85.0
1575350056.148649, -85.0
1575350056.612893, -85.0
1575350057.0558, -85.0
1575350057.542648, -85.0
1575350057.976383, -85.0
1575350058.437842, -85.0
1575350058.905587, -85.0
1575350059.359538, -85.0
1575350059.748494, -85.0
1575350060.181392, -85.0
1575350060.235217, -85.0
1575350060.289165, -85.0
1575350060.728904, -85.0
1575350060.783118, -85.0
1575350060.837447, -85.0
1575350060.891672, -85.0
1575350060.946216, -85.0
1575350061.446226, -85.0
1575350061.895622, -85.0
1575350062.327296, -85.0
1575350062.380981, -85.0
1575350062.434784, -85.0
1575350062.488541, -85.0
1575350062.541988, -85.0
1575350062.595817, -85.0
1575350062.649972, -85.0
1575350062.703886, -85.0
1575350063.171968, -85.0
1575350063.22595, -85.0
1575350063.659074, -85.0
1575350064.160431, -85.0
1575350064.603155, -85.0
1575350065.075863, -85.0
1575350065.129503, -85.0
1575350065.183589, -85.0
1575350065.237552, -85.0
1575350065.725463, -85.0
1575350065.77927, -85.0
1575350066.181846, -85.0
1575350066.608169, -85.0
1575350067.062048, -85.0
1575350067.472494, -85.0
1575350067.921528, -85.0
1575350067.97491, -85.0
1575350068.461988, -85.0
1575350068.928382, -85.0
1575350068.982114, -85.0
1575350069.035807, -85.0
1575350069.089693, -85.0
1575350069.144021, -85.0
1575350069.573931, -85.0
1575350070.011928, -85.0
1575350070.065741, -85.0
1575350070.514569, -85.0
1575350070.981235, -85.0
1575350071.470736, -85.0
1575350071.94286, -85.0
1575350072.44078, -85.0
1575350072.877481, -85.0
1575350073.272397, -85.0
1575350073.705246, -85.0
1575350074.161939, -85.0
1575350074.215577, -85.0
1575350074.269294, -85.0
1575350074.322799, -85.0
1575350074.37657, -85.0
1575350074.828636, -85.0
1575350075.259807, -85.0
1575350075.703215, -85.0
1575350075.757067, -85.0
1575350075.811248, -85.0
1575350075.865298, -85.0
1575350075.919659, -85.0
1575350075.974052, -85.0
1575350017.692111, -85.0
1575350017.745847, -85.0
1575350018.199296, -85.0
1575350018.641531, -85.0
1575350019.06157, -85.0
1575350019.487447, -85.0
1575350019.916749, -85.0
1575350020.315992, -85.0
1575350020.742961, -85.0
1575350021.184783, -85.0
1575350021.58471, -85.0
1575350022.035411, -85.0
1575350022.45612, -85.0
1575350022.851704, -85.0
1575350023.305477, -85.0
1575350023.79176, -85.0
1575350024.298418, -85.0
1575350024.799053, -85.0
1575350025.220211, -85.0
1575350025.621372, -85.0
1575350026.081449, -85.0
1575350026.498607, -85.0
1575350026.922627, -85.0
1575350027.341005, -85.0
1575350027.783238, -85.0
1575350028.205016, -85.0
1575350028.690505, -85.0
1575350029.207664, -85.0
1575350029.699079, -85.0
1575350030.224857, -85.0
1575350030.689836, -85.0
1575350031.224149, -85.0
1575350031.635071, -85.0
1575350032.029219, -85.0
1575350032.452827, -85.0
1575350032.944347, -85.0
1575350033.365644, -85.0
1575350033.790354, -85.0
1575350034.21918, -85.0
1575350034.641835, -85.0
1575350035.018442, -85.0
1575350035.433332, -85.0
1575350035.82354, -85.0
1575350036.253727, -85.0
1575350036.655386, -85.0
1575350037.093627, -85.0
1575350037.529083, -85.0
1575350037.969939, -85.0
1575350038.374248, -85.0
1575350038.828323, -85.0
1575350039.236881, -85.0
1575350039.667393, -85.0
1575350040.086806, -85.0
1575350040.521037, -85.0
1575350040.916574, -85.0
1575350041.323248, -85.0
1575350041.744867, -85.0
1575350042.156157, -85.0
1575350042.573722, -85.0
1575350043.025303, -85.0
1575350043.460956, -85.0
1575350043.8843, -85.0
1575350044.329853, -85.0
1575350044.728602, -85.0
1575350045.143534, -85.0
1575350045.60277, -85.0
1575350046.011491, -85.0
1575350046.419515, -85.0
1575350046.851551, -85.0
1575350047.277102, -85.0
1575350047.717963, -85.0
1575350048.144043, -85.0
1575350048.535126, -85.0
1575350048.95448, -85.0
1575350049.386479, -85.0
1575350049.801145, -85.0
1575350050.238397, -85.0
1575350050.670924, -85.0
1575350051.094674, -85.0
1575350051.507429, -85.0
1575350051.906312, -85.0
1575350052.328039, -85.0
1575350052.725355, -85.0
1575350053.124634, -85.0
1575350053.580547, -85.0
1575350054.011618, -85.0
1575350054.426296, -85.0
1575350054.877097, -85.0
1575350055.311711, -85.0
1575350055.764002, -85.0
1575350056.216398, -85.0
1575350056.709954, -85.0
1575350057.162818, -85.0
1575350057.590589, -85.0
1575350058.006947, -85.0
1575350058.489339, -85.0
1575350058.996554, -85.0
1575350059.493074, -85.0
1575350059.971775, -85.0
1575350060.387093, -85.0
1575350060.796115, -85.0
1575350061.218998, -85.0
1575350061.655577, -85.0
1575350062.08008, -85.0
1575350062.507388, -85.0
1575350062.968287, -85.0
1575350063.402651, -85.0
1575350063.822263, -85.0
1575350064.286183, -85.0
1575350064.711128, -85.0
1575350065.163352, -85.0
1575350065.6564, -85.0
1575350066.136879, -85.0
1575350066.604989, -85.0
1575350067.041012, -85.0
1575350067.508999, -85.0
1575350067.899713, -85.0
1575350068.328665, -85.0
1575350068.727442, -85.0
1575350069.133828, -85.0
1575350069.540209, -85.0
1575350069.9297, -85.0
1575350070.340594, -85.0
1575350070.797832, -85.0
1575350071.243259, -85.0
1575350071.639621, -85.0
1575350072.056724, -85.0
1575350072.475177, -85.0
1575350072.897396, -85.0
1575350073.312375, -85.0
1575350073.742034, -85.0
1575350074.180804, -85.0
1575350074.581315, -85.0
1575350075.008626, -85.0
1575350075.43219, -85.0
1575350075.848259, -85.0
1575350076.277164, -85.0
1575350076.683882, -85.0
1575350077.1404, -85.0
1575350077.560725, -85.0
1575350078.039525, -85.0
1575350078.447354, -85.0
1575350078.952483, -85.0
1575350079.375117, -85.0
1575350079.855911, -85.0
1575350080.389018, -85.0
1575350080.858936, -85.0
1575350081.370652, -85.0
1575350081.424764, -85.0
1575350081.970958, -85.0
1575350082.473222, -85.0
1575350082.978699, -85.0
1575350083.449461, -85.0
1575350083.503953, -85.0
1575350083.564311, -85.0
1575350083.622187, -85.0
1575350084.080264, -85.0
1575350084.492291, -85.0
1575350084.977583, -85.0
1575350085.39882, -85.0
1575350085.826878, -85.0
1575350086.231508, -85.0
1575350086.707817, -85.0
1575350087.248766, -85.0
1575350087.706274, -85.0
1575350088.185942, -85.0
1575350088.643126, -85.0
1575350089.079797, -85.0
1575350089.488522, -85.0
1575350089.914225, -85.0
1575350090.357179, -85.0
1575350090.780202, -85.0
1575350091.181316, -85.0
1575350091.604188, -85.0
1575350092.001258, -85.0
1575350092.439134, -85.0
1575350092.851892, -85.0
1575350093.245349, -85.0
1575350093.669654, -85.0
1575350094.082183, -85.0
1575350094.50448, -85.0
1575350094.950117, -85.0
1575350095.477786, -85.0
1575350095.978192, -85.0
1575350096.459489, -85.0
1575350096.945519, -85.0
1575350097.430958, -85.0
1575350097.933994, -85.0
1575350098.435577, -85.0
1575350098.935965, -85.0
1575350099.349348, -85.0
1575350099.870731, -85.0
1575350100.334477, -85.0
1575350100.755073, -85.0
1575350101.186337, -85.0
1575350101.609049, -85.0
1575350102.044499, -85.0
1575350102.465313, -85.0
1575350102.874359, -85.0
1575350103.319869, -85.0
1575350103.737216, -85.0
1575350104.12037, -85.0
1575350104.520489, -85.0
1575350104.951003, -85.0
1575350105.356542, -85.0
1575350105.793134, -85.0
1575350106.22668, -85.0
1575350106.633171, -85.0
1575350107.051377, -85.0
1575350107.514071, -85.0
1575350107.964271, -85.0
1575350108.397412, -85.0
1575350108.8325, -85.0
1575350109.270012, -85.0
1575350109.705978, -85.0
1575350110.138986, -85.0
1575350110.562293, -85.0
1575350111.021705, -85.0
1575350111.445534, -85.0
1575350111.845952, -85.0
1575350112.271689, -85.0
1575350112.741233, -85.0
1575350113.112297, -85.0
1575350113.544087, -85.0
1575350113.935326, -85.0
1575350114.341294, -85.0
1575350114.759048, -85.0
1575350115.175408, -85.0
1575350115.581453, -85.0
1575350115.993807, -85.0
1575350116.418781, -85.0
1575350116.829467, -85.0
1575350117.251194, -85.0
1575350117.678817, -85.0
1575350118.100057, -85.0
1575350118.526552, -85.0
1575350118.942437, -85.0
1575350119.357746, -85.0
1575350119.777983, -85.0
1575350120.218124, -85.0
1575350120.670407, -85.0
1575350121.102099, -85.0
1575350121.531126, -85.0
1575350121.956211, -85.0
1575350122.355681, -85.0
1575350122.776202, -85.0
1575350123.203349, -85.0
1575350123.635129, -85.0
1575350124.067168, -85.0
1575350124.120845, -85.0
1575350063.609385, -85.0
1575350064.031243, -85.0
1575350064.454408, -85.0
1575350064.915299, -85.0
1575350065.375253, -85.0
1575350065.825338, -85.0
1575350065.87927, -85.0
1575350065.933212, -85.0
1575350065.986847, -85.0
1575350066.040971, -85.0
1575350066.095279, -85.0
1575350066.150551, -85.0
1575350066.206552, -85.0
1575350066.263052, -85.0
1575350066.320211, -85.0
1575350066.377095, -85.0
1575350066.433406, -85.0
1575350066.489803, -85.0
1575350066.546502, -85.0
1575350066.602711, -85.0
1575350066.659087, -85.0
1575350066.715473, -85.0
1575350066.771753, -85.0
1575350066.828591, -85.0
1575350066.884741, -85.0
1575350067.281421, -85.0
1575350067.335462, -85.0
1575350067.805638, -85.0
1575350068.268879, -85.0
1575350068.322648, -85.0
1575350068.375814, -85.0
1575350068.431829, -85.0
1575350068.488509, -85.0
1575350068.545359, -85.0
1575350068.60203, -85.0
1575350068.658748, -85.0
1575350068.715649, -85.0
1575350068.77386, -85.0
1575350068.833408, -85.0
1575350068.892798, -85.0
1575350068.95227, -85.0
1575350069.011785, -85.0
1575350069.07134, -85.0
1575350069.131261, -85.0
1575350069.190587, -85.0
1575350069.249963, -85.0
1575350069.309803, -85.0
1575350069.369447, -85.0
1575350069.429476, -85.0
1575350069.489109, -85.0
1575350069.548833, -85.0
1575350069.608078, -85.0
1575350069.667727, -85.0
1575350069.727535, -85.0
1575350069.787004, -85.0
1575350069.846407, -85.0
1575350069.906457, -85.0
1575350069.966151, -85.0
1575350070.025955, -85.0
1575350070.08565, -85.0
1575350070.145671, -85.0
1575350070.205708, -85.0
1575350070.265301, -85.0
1575350070.322156, -85.0
1575350070.755651, -85.0
1575350071.254747, -85.0
1575350071.653064, -85.0
1575350071.707457, -85.0
1575350072.150657, -85.0
1575350072.573306, -85.0
1575350072.626988, -85.0
1575350072.68074, -85.0
1575350072.734667, -85.0
1575350072.788885, -85.0
1575350072.842486, -85.0
1575350072.896528, -85.0
1575350072.950216, -85.0
1575350073.004304, -85.0
1575350073.497812, -85.0
1575350073.962008, -85.0
1575350074.016319, -85.0
1575350074.070599, -85.0
1575350074.648501, -85.0
1575350075.223206, -85.0
1575350075.279566, -85.0
1575350075.940047, -85.0
1575350076.403025, -85.0
1575350076.837997, -85.0
1575350076.891908, -85.0
1575350076.945707, -85.0
1575350077.001973, -85.0
1575350077.05828, -85.0
1575350077.114688, -85.0
1575350077.170774, -85.0
1575350077.226528, -85.0
1575350077.280216, -85.0
1575350077.840561, -85.0
1575350078.304788, -85.0
1575350078.701994, -85.0
1575350079.124767, -85.0
1575350079.556361, -85.0
1575350079.961642, -85.0
1575350080.371917, -85.0
1575350080.805418, -85.0
1575350080.858901, -85.0
1575350081.328941, -85.0
1575350081.768712, -85.0
1575350082.218494, -85.0
1575350082.646446, -85.0
1575350083.070602, -85.0
1575350083.124668, -85.0
1575350083.588893, -85.0
1575350083.643866, -85.0
1575350083.697687, -85.0
1575350083.753986, -85.0
1575350083.809885, -85.0
1575350083.865983, -85.0
1575350083.921421, -85.0
1575350083.977629, -85.0
1575350084.031093, -85.0
1575350084.086442, -85.0
1575350084.525884, -85.0
1575350084.581662, -85.0
1575350084.637617, -85.0
1575350084.693673, -85.0
1575350084.749518, -85.0
1575350084.804429, -85.0
1575350085.240589, -85.0
1575350085.295879, -85.0
1575350085.757943, -85.0
1575350086.25319, -85.0
1575350086.724465, -85.0
1575350087.156065, -85.0
1575350087.608699, -85.0
1575350088.051763, -85.0
1575350088.522017, -85.0
1575350088.978951, -85.0
1575350089.493059, -85.0
1575350089.890759, -85.0
1575350090.32944, -85.0
1575350090.38289, -85.0
1575350090.825454, -85.0
1575350091.24472, -85.0
1575350091.692926, -85.0
1575350091.747253, -85.0
1575350091.803407, -85.0
1575350091.859156, -85.0
1575350091.915692, -85.0
1575350091.971953, -85.0
1575350092.027583, -85.0
1575350092.083934, -85.0
1575350092.140504, -85.0
1575350092.197231, -85.0
1575350092.25204, -85.0
1575350092.665856, -85.0
1575350093.129483, -85.0
1575350093.545271, -85.0
1575350093.601239, -85.0
1575350093.657138, -85.0
1575350093.713193, -85.0
1575350093.769268, -85.0
1575350093.825843, -85.0
1575350093.882108, -85.0
1575350093.938234, -85.0
1575350093.994566, -85.0
1575350094.051056, -85.0
1575350094.106995, -85.0
1575350094.163307, -85.0
1575350094.219586, -85.0
1575350094.275797, -85.0
1575350094.330081, -85.0
1575350094.385134, -85.0
1575350094.440859, -85.0
1575350094.497123, -85.0
1575350094.551891, -85.0
1575350094.607821, -85.0
1575350094.663818, -85.0
1575350094.719465, -85.0
1575350095.173081, -85.0
1575350095.228684, -85.0
1575350095.285149, -85.0
1575350095.341253, -85.0
1575350095.810458, -85.0
1575350096.237466, -85.0
1575350096.290907, -85.0
1575350096.344548, -85.0
1575350096.397906, -85.0
1575350096.451525, -85.0
1575350096.505251, -85.0
1575350096.558788, -85.0
1575350096.612686, -85.0
1575350096.66632, -85.0
1575350096.720216, -85.0
1575350096.773856, -85.0
1575350096.82732, -85.0
1575350096.881113, -85.0
1575350096.934627, -85.0
1575350096.988657, -85.0
1575350097.04207, -85.0
1575350097.095654, -85.0
1575350097.149916, -85.0
1575350097.205622, -85.0
1575350097.259013, -85.0
1575350097.312277, -85.0
1575350097.365628, -85.0
1575350097.419194, -85.0
1575350097.475047, -85.0
1575350097.531042, -85.0
1575350097.587199, -85.0
1575350097.643324, -85.0
1575350097.699695, -85.0
1575350097.756224, -85.0
1575350097.812557, -85.0
1575350097.869072, -85.0
1575350097.92549, -85.0
1575350097.980877, -85.0
1575350098.036056, -85.0
1575350098.089624, -85.0
1575350098.610348, -85.0
1575350098.666749, -85.0
1575350098.721728, -85.0
1575350099.149805, -85.0
1575350099.585676, -85.0
1575350100.062209, -85.0
1575350100.504064, -85.0
1575350100.557354, -85.0
1575350100.610972, -85.0
1575350100.664775, -85.0
1575350100.718428, -85.0
1575350100.774054, -85.0
1575350100.82963, -85.0
1575350100.885046, -85.0
1575350100.941001, -85.0
1575350100.996916, -85.0
1575350101.052686, -85.0
1575350101.10851, -85.0
1575350101.16439, -85.0
1575350101.219533, -85.0
1575350101.275239, -85.0
1575350101.331446, -85.0
1575350101.387087, -85.0
1575350101.4428, -85.0
1575350101.498668, -85.0
1575350101.554343, -85.0
1575350101.610079, -85.0
1575350102.071102, -85.0
1575350102.127167, -85.0
1575350102.564833, -85.0
1575350103.025336, -85.0
1575350103.479497, -85.0
1575350070.855986, -85.0
1575350070.915259, -85.0
1575350070.97087, -85.0
1575350071.389478, -85.0
1575350071.850092, -85.0
1575350072.31858, -85.0
1575350072.373344, -85.0
1575350072.430052, -85.0
1575350072.48821, -85.0
1575350072.549008, -85.0
1575350072.611314, -85.0
1575350072.672352, -85.0
1575350072.732178, -85.0
1575350072.792076, -85.0
1575350072.853023, -85.0
1575350072.91407, -85.0
1575350072.974962, -85.0
1575350073.035926, -85.0
1575350073.096858, -85.0
1575350073.15394, -85.0
1575350073.208375, -85.0
1575350073.26253, -85.0
1575350073.316799, -85.0
1575350073.371348, -85.0
1575350073.426233, -85.0
1575350073.487312, -85.0
1575350073.548273, -85.0
1575350073.609331, -85.0
1575350073.670277, -85.0
1575350073.724712, -85.0
1575350073.778293, -85.0
1575350073.83228, -85.0
1575350074.269906, -85.0
1575350074.684686, -85.0
1575350075.130759, -85.0
1575350075.541469, -85.0
1575350075.970689, -85.0
1575350076.405045, -85.0
1575350076.826781, -85.0
1575350077.266883, -85.0
1575350077.320909, -85.0
1575350077.377152, -85.0
1575350077.433755, -85.0
1575350077.490672, -85.0
1575350077.546839, -85.0
1575350077.603528, -85.0
1575350077.660272, -85.0
1575350077.716493, -85.0
1575350078.209329, -85.0
1575350078.262752, -85.0
1575350078.316136, -85.0
1575350078.767044, -85.0
1575350079.22124, -85.0
1575350079.274896, -85.0
1575350079.329098, -85.0
1575350079.383082, -85.0
1575350079.828831, -85.0
1575350080.27304, -85.0
1575350080.326537, -85.0
1575350080.759904, -85.0
1575350081.168426, -85.0
1575350081.597907, -85.0
1575350081.651415, -85.0
1575350081.704726, -85.0
1575350082.144569, -85.0
1575350082.198068, -85.0
1575350082.251624, -85.0
1575350082.304877, -85.0
1575350082.358561, -85.0
1575350082.412006, -85.0
1575350082.466094, -85.0
1575350082.519829, -85.0
1575350082.995259, -85.0
1575350083.049153, -85.0
1575350083.102588, -85.0
1575350083.521824, -85.0
1575350083.988442, -85.0
1575350084.430041, -85.0
1575350084.8755, -85.0
1575350085.318095, -85.0
1575350085.733917, -85.0
1575350086.136514, -85.0
1575350086.621289, -85.0
1575350086.674869, -85.0
1575350086.728335, -85.0
1575350087.14263, -85.0
1575350087.555123, -85.0
1575350088.001193, -85.0
1575350088.437215, -85.0
1575350088.866439, -85.0
1575350089.307951, -85.0
1575350089.789078, -85.0
1575350090.249767, -85.0
1575350090.722989, -85.0
1575350091.21915, -85.0
1575350091.676455, -85.0
1575350091.730187, -85.0
1575350091.786066, -85.0
1575350091.842008, -85.0
1575350091.897552, -85.0
1575350091.951607, -85.0
1575350092.005278, -85.0
1575350092.05927, -85.0
1575350092.112811, -85.0
1575350092.166212, -85.0
1575350092.219632, -85.0
1575350092.621939, -85.0
1575350093.040724, -85.0
1575350093.469128, -85.0
1575350093.891762, -85.0
1575350094.275701, -85.0
1575350094.711073, -85.0
1575350095.108101, -85.0
1575350095.522128, -85.0
1575350095.963012, -85.0
1575350096.405998, -85.0
1575350096.860838, -85.0
1575350097.337388, -85.0
1575350097.797084, -85.0
1575350098.196359, -85.0
1575350098.250244, -85.0
1575350098.691161, -85.0
1575350099.136185, -85.0
1575350099.568153, -85.0
1575350100.006457, -85.0
1575350100.424418, -85.0
1575350100.477556, -85.0
1575350100.921376, -85.0
1575350100.974705, -85.0
1575350101.028584, -85.0
1575350101.462572, -85.0
1575350101.915901, -85.0
1575350101.970021, -85.0
1575350102.02449, -85.0
1575350102.078598, -85.0
1575350102.132893, -85.0
1575350102.186801, -85.0
1575350102.241515, -85.0
1575350102.296939, -85.0
1575350102.351561, -85.0
1575350102.405652, -85.0
1575350102.460165, -85.0
1575350102.513611, -85.0
1575350102.985025, -85.0
1575350103.039644, -85.0
1575350103.093801, -85.0
1575350103.148809, -85.0
1575350103.203496, -85.0
1575350103.257648, -85.0
1575350103.312441, -85.0
1575350103.367074, -85.0
1575350103.421491, -85.0
1575350103.476533, -85.0
1575350103.530287, -85.0
1575350103.939072, -85.0
1575350104.363561, -85.0
1575350104.807767, -85.0
1575350105.226558, -85.0
1575350105.280179, -85.0
1575350105.675686, -85.0
1575350106.083539, -85.0
1575350106.526226, -85.0
1575350106.579364, -85.0
1575350107.02083, -85.0
1575350107.420573, -85.0
1575350107.862027, -85.0
1575350108.277601, -85.0
1575350108.722294, -85.0
1575350109.172493, -85.0
1575350109.226147, -85.0
1575350109.280422, -85.0
1575350109.333999, -85.0
1575350109.745261, -85.0
1575350109.798876, -85.0
1575350110.23533, -85.0
1575350110.690153, -85.0
1575350111.149452, -85.0
1575350111.579051, -85.0
1575350112.000987, -85.0
1575350112.405665, -85.0
1575350112.817947, -85.0
1575350113.221172, -85.0
1575350113.274665, -85.0
1575350113.724316, -85.0
1575350114.160083, -85.0
1575350114.600969, -85.0
1575350115.053884, -85.0
1575350115.479871, -85.0
1575350115.533049, -85.0
1575350115.955017, -85.0
1575350116.392185, -85.0
1575350116.844887, -85.0
1575350116.89865, -85.0
1575350117.321908, -85.0
1575350117.759221, -85.0
1575350118.238668, -85.0
1575350118.652219, -85.0
1575350119.11231, -85.0
1575350119.541147, -85.0
1575350119.932725, -85.0
1575350119.986643, -85.0
1575350120.040114, -85.0
1575350120.093313, -85.0
1575350120.146628, -85.0
1575350120.621933, -85.0
1575350120.675532, -85.0
1575350121.112655, -85.0
1575350121.166061, -85.0
1575350121.219621, -85.0
1575350121.273173, -85.0
1575350121.69929, -85.0
1575350122.225301, -85.0
1575350122.694601, -85.0
1575350122.748499, -85.0
1575350122.802652, -85.0
1575350123.271505, -85.0
1575350123.325524, -85.0
1575350123.379794, -85.0
1575350123.434099, -85.0
1575350123.487836, -85.0
1575350123.541281, -85.0
1575350123.595051, -85.0
1575350123.648413, -85.0
1575350123.702059, -85.0
1575350124.144905, -85.0
1575350124.578974, -85.0
1575350125.017895, -85.0
1575350125.428068, -85.0
1575350125.89615, -85.0
1575350126.378833, -85.0
1575350126.43221, -85.0
1575350126.841883, -85.0
1575350127.305134, -85.0
1575350127.809396, -85.0
1575350127.862528, -85.0
1575350127.915848, -85.0
1575350127.968934, -85.0
1575350128.021821, -85.0
1575350128.075352, -85.0
1575350128.128588, -85.0
1575350128.181869, -85.0
1575350128.235032, -85.0
1575350128.652608, -85.0
1575350129.063057, -85.0
1575350129.116432, -85.0
1575350129.169687, -85.0
1575350129.222738, -85.0
1575350129.27589, -85.0
1575350129.329304, -85.0
1575350129.382556, -85.0
