1575351104.590102, -270.0
1575351105.327922, -270.0
1575351115.378729, -256.0
1575351117.498394, -256.0
1575351119.540468, -256.0
1575351121.612857, -256.0
1575351125.102838, -256.0
1575351127.300856, -256.0
1575351130.719788, -256.0
1575351133.991895, -256.0
1575351137.326941, -255.0
1575351140.727256, -255.0
1575351144.227144, -254.0
1575351147.657742, -253.0
1575351151.061712, -253.0
1575351158.396108, -253.0
1575351163.166371, -253.0
1575351170.56031, -253.0
1575351180.494796, -253.0
1575351191.817373, -247.0
1575351201.832975, -247.0
1575351208.106338, -247.0
1575351214.097586, -247.0
1575351221.317115, -247.0
1575351231.45565, -247.0
1575351240.24383, -247.0
1575351248.698116, -247.0
1575351254.815931, -247.0
1575351265.014339, -247.0
1575351275.035425, -247.0
1575351284.061656, -247.0
1575351292.748956, -247.0
1575351300.191856, -247.0
1575351308.727371, -247.0
1575351318.832092, -247.0
1575351327.364347, -247.0
1575351337.216339, -247.0
1575351345.811246, -247.0
1575351351.955063, -247.0
1575351363.325379, -247.0
1575351373.56492, -247.0
1575351383.7766, -247.0
1575351392.523217, -247.0
1575351400.071729, -247.0
1575351407.57487, -247.0
1575351413.829538, -247.0
1575351422.874837, -247.0
1575351433.322665, -247.0
1575351443.387553, -247.0
1575351452.038982, -247.0
1575351104.024666, -271.0
1575351104.394724, -270.0
1575351110.24275, -270.0
1575351110.612207, -270.0
1575351110.981095, -270.0
1575351111.350113, -270.0
1575351117.307936, -256.0
1575351117.676451, -256.0
1575351118.045948, -256.0
1575351118.415079, -256.0
1575351118.785259, -256.0
1575351119.155311, -256.0
1575351119.525018, -256.0
1575351119.894564, -256.0
1575351120.275208, -256.0
1575351120.644661, -256.0
1575351121.013895, -256.0
1575351126.512474, -256.0
1575351128.143674, -256.0
1575351129.777836, -256.0
1575351131.38073, -256.0
1575351133.157767, -256.0
1575351134.830752, -255.0
1575351138.992661, -255.0
1575351140.726714, -255.0
1575351143.649898, -254.0
1575351146.665882, -253.0
1575351149.710446, -253.0
1575351154.15012, -253.0
1575351158.384862, -253.0
1575351160.081175, -253.0
1575351164.380719, -253.0
1575351170.136228, -253.0
1575351175.839996, -253.0
1575351177.598929, -253.0
1575351180.651784, -253.0
1575351186.298619, -253.0
1575351192.061478, -247.0
1575351195.124204, -247.0
1575351199.616947, -247.0
1575351204.143878, -247.0
1575351209.75117, -247.0
1575351212.853872, -247.0
1575351218.784525, -247.0
1575351223.163087, -247.0
1575351224.863794, -247.0
1575351225.233908, -247.0
1575351226.966328, -247.0
1575351232.550199, -247.0
1575351236.967198, -247.0
1575351104.065963, -270.0
1575351104.43508, -270.0
1575351110.140105, -270.0
1575351110.50846, -270.0
1575351110.876622, -270.0
1575351111.245597, -270.0
1575351116.867419, -256.0
1575351117.236594, -256.0
1575351117.606132, -256.0
1575351117.97559, -256.0
1575351118.344646, -256.0
1575351118.713248, -256.0
1575351119.082083, -256.0
1575351119.449772, -256.0
1575351119.819469, -256.0
1575351120.189001, -256.0
1575351123.171464, -256.0
1575351127.368321, -256.0
1575351129.06348, -256.0
1575351130.740349, -256.0
1575351132.469285, -256.0
1575351132.837144, -256.0
1575351133.207104, -256.0
1575351133.57772, -256.0
1575351133.946442, -256.0
1575351134.315778, -256.0
1575351134.686214, -255.0
1575351135.068638, -255.0
1575351135.451903, -255.0
1575351135.835044, -255.0
1575351137.449483, -255.0
1575351139.11797, -255.0
1575351140.732696, -255.0
1575351142.462043, -255.0
1575351142.843189, -255.0
1575351143.222546, -255.0
1575351147.464834, -253.0
1575351149.179606, -253.0
1575351152.298551, -253.0
1575351156.46394, -253.0
1575351160.806066, -253.0
1575351166.389194, -253.0
1575351170.990447, -253.0
1575351175.799189, -253.0
1575351180.773219, -253.0
1575351184.02825, -253.0
1575351187.987696, -247.0
1575351190.352252, -247.0
1575351192.031743, -247.0
1575351193.711544, -247.0
1575351104.138258, -270.0
1575351104.507844, -270.0
1575351109.00551, -270.0
1575351109.372902, -270.0
1575351109.74211, -270.0
1575351110.113451, -270.0
1575351110.483679, -270.0
1575351110.852942, -270.0
1575351111.221228, -270.0
1575351111.589977, -270.0
1575351115.728374, -256.0
1575351116.098437, -256.0
1575351116.46727, -256.0
1575351116.837522, -256.0
1575351117.206551, -256.0
1575351117.576478, -256.0
1575351117.945749, -256.0
1575351118.314833, -256.0
1575351118.684445, -256.0
1575351119.053712, -256.0
1575351120.86013, -256.0
1575351122.724231, -256.0
1575351123.096429, -256.0
1575351123.46762, -256.0
1575351125.147304, -256.0
1575351126.801517, -256.0
1575351129.803746, -256.0
1575351131.453759, -256.0
1575351134.603745, -255.0
1575351136.4794, -255.0
1575351139.656215, -255.0
1575351145.17169, -253.0
1575351148.142453, -253.0
1575351151.328611, -253.0
1575351153.050949, -253.0
1575351157.565166, -253.0
1575351160.545544, -253.0
1575351165.188918, -253.0
1575351166.915343, -253.0
1575351172.567322, -253.0
1575351178.257166, -253.0
1575351182.804772, -253.0
1575351187.289589, -247.0
1575351191.853158, -247.0
1575351196.447007, -247.0
1575351199.828178, -247.0
1575351204.646239, -247.0
1575351207.823971, -247.0
1575351212.461058, -247.0
1575351215.574946, -247.0
1575351194.399457, -247.0
1575351199.815542, -247.0
1575351200.186667, -247.0
1575351200.555183, -247.0
1575351200.924051, -247.0
1575351201.292504, -247.0
1575351201.661007, -247.0
1575351207.180547, -247.0
1575351211.385976, -247.0
1575351215.668016, -247.0
1575351219.876346, -247.0
1575351223.905293, -247.0
1575351229.681301, -247.0
1575351235.183316, -247.0
1575351240.547203, -247.0
1575351246.05209, -247.0
1575351250.284389, -247.0
1575351255.842079, -247.0
1575351261.275785, -247.0
1575351266.773857, -247.0
1575351272.177516, -247.0
1575351277.731473, -247.0
1575351283.353595, -247.0
1575351288.787265, -247.0
1575351292.931325, -247.0
1575351297.183902, -247.0
1575351301.381352, -247.0
1575351307.016543, -247.0
1575351312.429978, -247.0
1575351317.899767, -247.0
1575351323.472416, -247.0
1575351329.113203, -247.0
1575351333.317671, -247.0
1575351338.8144, -247.0
1575351341.605312, -247.0
1575351344.584512, -247.0
1575351347.688961, -247.0
1575351350.708833, -247.0
1575351352.444297, -247.0
1575351354.079632, -247.0
1575351357.028921, -247.0
1575351359.894557, -247.0
1575351364.131548, -247.0
1575351368.277472, -247.0
1575351371.258196, -247.0
1575351376.240183, -247.0
1575351379.265923, -247.0
1575351380.958655, -247.0
1575351381.343924, -247.0
1575351384.394467, -247.0
1575351216.262024, -247.0
1575351216.632823, -247.0
1575351217.001903, -247.0
1575351217.389966, -247.0
1575351217.818392, -247.0
1575351218.223301, -247.0
1575351218.61251, -247.0
1575351218.988726, -247.0
1575351219.378335, -247.0
1575351219.773808, -247.0
1575351220.196765, -247.0
1575351220.566061, -247.0
1575351220.935897, -247.0
1575351221.304312, -247.0
1575351221.672749, -247.0
1575351222.042305, -247.0
1575351222.411461, -247.0
1575351222.780614, -247.0
1575351223.149766, -247.0
1575351223.51873, -247.0
1575351223.886337, -247.0
1575351224.255679, -247.0
1575351224.625466, -247.0
1575351224.994837, -247.0
1575351225.364455, -247.0
1575351225.73255, -247.0
1575351226.101779, -247.0
1575351226.471617, -247.0
1575351226.838827, -247.0
1575351227.207986, -247.0
1575351227.610144, -247.0
1575351227.980576, -247.0
1575351228.348958, -247.0
1575351228.717854, -247.0
1575351229.109034, -247.0
1575351229.517416, -247.0
1575351229.943919, -247.0
1575351230.371354, -247.0
1575351230.799668, -247.0
1575351231.227366, -247.0
1575351231.655464, -247.0
1575351232.083476, -247.0
1575351232.502378, -247.0
1575351232.870468, -247.0
1575351233.239011, -247.0
1575351233.609748, -247.0
1575351233.979271, -247.0
1575351234.346787, -247.0
1575351234.716058, -247.0
1575351235.08486, -247.0
1575351235.925935, -247.0
1575351242.789035, -247.0
1575351243.253054, -247.0
1575351243.717186, -247.0
1575351244.180225, -247.0
1575351244.643919, -247.0
1575351249.011639, -247.0
1575351255.87024, -247.0
1575351260.326231, -247.0
1575351264.713552, -247.0
1575351269.079583, -247.0
1575351273.374225, -247.0
1575351277.8539, -247.0
1575351282.311243, -247.0
1575351286.71865, -247.0
1575351293.472033, -247.0
1575351300.403366, -247.0
1575351307.383539, -247.0
1575351314.46862, -247.0
1575351321.540044, -247.0
1575351328.469639, -247.0
1575351335.19875, -247.0
1575351341.975957, -247.0
1575351348.851878, -247.0
1575351355.631898, -247.0
1575351362.441435, -247.0
1575351369.434718, -247.0
1575351376.355358, -247.0
1575351383.328643, -247.0
1575351390.212911, -247.0
1575351397.381754, -247.0
1575351402.967236, -247.0
1575351410.009707, -247.0
1575351416.99802, -247.0
1575351424.097314, -247.0
1575351430.942, -247.0
1575351437.867883, -247.0
1575351444.637076, -247.0
1575351451.794148, -247.0
1575351458.759958, -247.0
1575351465.772786, -247.0
1575351472.768325, -247.0
1575351479.717125, -247.0
1575351485.599623, -247.0
1575351492.381488, -247.0
1575351499.261189, -247.0
1575351506.206172, -247.0
1575351513.359665, -247.0
1575351520.175546, -247.0
1575351527.049701, -247.0
1575351237.654382, -247.0
1575351243.128589, -247.0
1575351243.49722, -247.0
1575351243.866419, -247.0
1575351244.236645, -247.0
1575351247.219842, -247.0
1575351248.95252, -247.0
1575351250.634864, -247.0
1575351252.339262, -247.0
1575351255.487451, -247.0
1575351258.563188, -247.0
1575351264.002505, -247.0
1575351269.461164, -247.0
1575351273.922013, -247.0
1575351276.898716, -247.0
1575351278.575431, -247.0
1575351281.666006, -247.0
1575351283.430356, -247.0
1575351285.169406, -247.0
1575351286.83076, -247.0
1575351288.526162, -247.0
1575351290.268247, -247.0
1575351293.132038, -247.0
1575351296.06102, -247.0
1575351298.974799, -247.0
1575351301.985686, -247.0
1575351304.976476, -247.0
1575351307.937555, -247.0
1575351309.699553, -247.0
1575351312.625979, -247.0
1575351315.651044, -247.0
1575351317.232683, -247.0
1575351320.111427, -247.0
1575351323.072543, -247.0
1575351325.968222, -247.0
1575351327.677783, -247.0
1575351329.32849, -247.0
1575351331.011189, -247.0
1575351332.710229, -247.0
1575351334.531438, -247.0
1575351334.917442, -247.0
1575351336.681004, -247.0
1575351338.418295, -247.0
1575351340.154968, -247.0
1575351341.868858, -247.0
1575351342.264934, -247.0
1575351342.660681, -247.0
1575351343.055431, -247.0
1575351343.449864, -247.0
1575351345.169826, -247.0
1575351345.859515, -247.0
1575351346.228429, -247.0
1575351346.597235, -247.0
1575351346.966308, -247.0
1575351347.33512, -247.0
1575351347.704258, -247.0
1575351348.073712, -247.0
1575351348.442882, -247.0
1575351348.814622, -247.0
1575351349.188247, -247.0
1575351349.563673, -247.0
1575351349.940173, -247.0
1575351350.313753, -247.0
1575351350.683291, -247.0
1575351352.479059, -247.0
1575351352.849241, -247.0
1575351353.221725, -247.0
1575351353.591992, -247.0
1575351355.285793, -247.0
1575351355.655443, -247.0
1575351357.35763, -247.0
1575351357.727492, -247.0
1575351358.098687, -247.0
1575351358.467888, -247.0
1575351358.840715, -247.0
1575351359.213179, -247.0
1575351359.58719, -247.0
1575351359.95941, -247.0
1575351360.337167, -247.0
1575351360.708324, -247.0
1575351361.079886, -247.0
1575351361.449786, -247.0
1575351361.819735, -247.0
1575351362.18951, -247.0
1575351362.561024, -247.0
1575351364.627098, -247.0
1575351364.999412, -247.0
1575351365.3725, -247.0
1575351365.7463, -247.0
1575351366.120245, -247.0
1575351366.493489, -247.0
1575351366.867718, -247.0
1575351367.238628, -247.0
1575351367.608619, -247.0
1575351367.979748, -247.0
1575351368.349127, -247.0
1575351368.719643, -247.0
1575351369.091092, -247.0
1575351369.462259, -247.0
1575351369.83484, -247.0
1575351370.524669, -247.0
1575351370.893462, -247.0
1575351371.261945, -247.0
1575351371.630766, -247.0
1575351372.000587, -247.0
1575351372.369854, -247.0
1575351372.738637, -247.0
1575351373.108662, -247.0
1575351373.476953, -247.0
1575351373.846071, -247.0
1575351374.214011, -247.0
1575351374.583239, -247.0
1575351374.952544, -247.0
1575351375.322108, -247.0
1575351375.691848, -247.0
1575351376.061825, -247.0
1575351376.44511, -247.0
1575351376.816868, -247.0
1575351377.186447, -247.0
1575351377.555431, -247.0
1575351377.925477, -247.0
1575351378.294588, -247.0
1575351378.663564, -247.0
1575351379.032535, -247.0
1575351379.40468, -247.0
1575351379.774677, -247.0
1575351380.144177, -247.0
1575351380.51282, -247.0
1575351380.881343, -247.0
1575351381.250546, -247.0
1575351381.620126, -247.0
1575351381.989362, -247.0
1575351382.357958, -247.0
1575351382.727117, -247.0
1575351383.097018, -247.0
1575351383.466058, -247.0
1575351383.836004, -247.0
1575351384.206089, -247.0
1575351384.576143, -247.0
1575351384.945606, -247.0
1575351385.314098, -247.0
1575351385.683535, -247.0
1575351386.05148, -247.0
1575351386.420492, -247.0
1575351386.789874, -247.0
1575351387.158721, -247.0
1575351387.528744, -247.0
1575351387.946237, -247.0
1575351388.365095, -247.0
1575351388.765686, -247.0
1575351385.200982, -247.0
1575351385.662256, -247.0
1575351386.123594, -247.0
1575351386.583417, -247.0
1575351387.044786, -247.0
1575351387.50582, -247.0
1575351387.96739, -247.0
1575351388.429875, -247.0
1575351388.890815, -247.0
1575351389.350973, -247.0
1575351389.810258, -247.0
1575351390.269965, -247.0
1575351390.729501, -247.0
1575351391.191429, -247.0
1575351392.971305, -247.0
1575351394.799601, -247.0
1575351395.259859, -247.0
1575351395.720554, -247.0
1575351396.21258, -247.0
1575351396.675319, -247.0
1575351397.135519, -247.0
1575351400.13341, -247.0
1575351400.59378, -247.0
1575351401.052926, -247.0
1575351404.186, -247.0
1575351409.874368, -247.0
1575351412.888905, -247.0
1575351417.463171, -247.0
1575351421.81999, -247.0
1575351427.378641, -247.0
1575351434.252268, -247.0
1575351439.977853, -247.0
1575351444.185438, -247.0
1575351448.616082, -247.0
1575351455.67612, -247.0
1575351461.25029, -247.0
1575351464.230296, -247.0
1575351468.489599, -247.0
1575351471.637683, -247.0
1575351474.766465, -247.0
1575351477.857947, -247.0
1575351484.791789, -247.0
1575351491.528367, -247.0
1575351497.299752, -247.0
1575351501.728795, -247.0
1575351504.728806, -247.0
1575351509.049622, -247.0
1575351513.283861, -247.0
1575351516.387533, -247.0
1575351519.575563, -247.0
1575351556.437352, -247.0
1575351556.544946, -247.0
1575351558.14399, -247.0
1575351558.238295, -247.0
1575351558.334019, -247.0
1575351558.428627, -247.0
1575351559.959954, -247.0
1575351560.053333, -247.0
1575351560.15574, -247.0
1575351560.261943, -247.0
1575351560.363981, -247.0
1575351560.465163, -247.0
1575351560.56505, -247.0
1575351560.665941, -247.0
1575351560.770859, -247.0
1575351560.865467, -247.0
1575351560.959982, -247.0
1575351561.054526, -247.0
1575351561.148387, -247.0
1575351561.242461, -247.0
1575351561.337021, -247.0
1575351561.432855, -247.0
1575351561.528915, -247.0
1575351561.624588, -247.0
1575351563.930924, -247.0
1575351564.025197, -247.0
1575351564.12343, -247.0
1575351564.228862, -247.0
1575351564.323702, -247.0
1575351564.417973, -247.0
1575351564.512015, -247.0
1575351566.376613, -247.0
1575351566.469706, -247.0
1575351566.564428, -247.0
1575351566.65921, -247.0
1575351568.572937, -247.0
1575351568.666725, -247.0
1575351568.77208, -247.0
1575351568.87869, -247.0
1575351568.976987, -247.0
1575351569.070678, -247.0
1575351571.794691, -247.0
1575351571.890093, -247.0
1575351571.986595, -247.0
1575351572.083641, -247.0
1575351572.180979, -247.0
1575351572.277268, -247.0
1575351572.373435, -247.0
1575351572.478566, -247.0
1575351572.579697, -247.0
1575351572.678585, -247.0
1575351572.776384, -247.0
1575351572.874194, -247.0
1575351572.971465, -247.0
1575351573.068732, -247.0
1575351573.176155, -247.0
1575351574.738476, -247.0
1575351576.306749, -247.0
1575351576.399812, -247.0
1575351576.494158, -247.0
1575351576.587668, -247.0
1575351576.683484, -247.0
1575351576.781361, -247.0
1575351576.87674, -247.0
1575351576.972574, -247.0
1575351577.06845, -247.0
1575351577.164753, -247.0
1575351577.263737, -247.0
1575351577.363206, -247.0
1575351577.462235, -247.0
1575351577.561831, -247.0
1575351577.66123, -247.0
1575351577.760488, -247.0
1575351577.857769, -247.0
1575351577.957116, -247.0
1575351578.053768, -247.0
1575351578.152006, -247.0
1575351578.247429, -247.0
1575351579.775182, -247.0
1575351579.868187, -247.0
1575351579.961457, -247.0
1575351581.606341, -247.0
1575351581.699246, -247.0
1575351581.792313, -247.0
1575351581.886011, -247.0
1575351581.981466, -247.0
1575351583.447783, -247.0
1575351584.919638, -247.0
1575351585.012918, -247.0
1575351585.106205, -247.0
1575351585.200071, -247.0
1575351585.296304, -247.0
1575351585.390753, -247.0
1575351585.491171, -247.0
1575351585.594284, -247.0
1575351587.385901, -247.0
1575351589.117466, -247.0
1575351590.968413, -247.0
1575351592.5986, -247.0
1575351592.691548, -247.0
1575351592.784409, -247.0
1575351592.877264, -247.0
1575351592.970211, -247.0
1575351594.411867, -247.0
1575351594.504245, -247.0
1575351594.597329, -247.0
1575351596.272354, -247.0
1575351596.365558, -247.0
1575351597.887595, -247.0
1575351599.471968, -247.0
1575351599.565146, -247.0
1575351601.124821, -247.0
1575351602.615206, -247.0
1575351604.216213, -247.0
1575351604.309548, -247.0
1575351604.402477, -247.0
1575351604.49531, -247.0
1575351604.588489, -247.0
1575351604.681402, -247.0
1575351604.774693, -247.0
1575351606.32768, -247.0
1575351606.420602, -247.0
1575351606.513942, -247.0
1575351606.607003, -247.0
1575351606.70142, -247.0
1575351606.794895, -247.0
1575351606.888, -247.0
1575351606.981238, -247.0
1575351607.074461, -247.0
1575351608.969131, -247.0
1575351609.064026, -247.0
1575351609.160537, -247.0
1575351609.255228, -247.0
1575351610.832426, -247.0
1575351612.344252, -247.0
1575351613.984062, -247.0
1575351615.483226, -247.0
1575351617.00627, -247.0
1575351618.676168, -247.0
1575351620.337578, -247.0
1575351620.430575, -247.0
1575351620.523107, -247.0
1575351622.350921, -247.0
1575351622.4437, -247.0
1575351623.935187, -247.0
1575351624.028021, -247.0
1575351625.408099, -247.0
1575351625.500828, -247.0
1575351625.598145, -247.0
1575351625.695453, -247.0
1575351625.802008, -247.0
1575351625.908528, -247.0
1575351626.010433, -247.0
1575351626.112914, -247.0
1575351626.206592, -247.0
1575351626.299284, -247.0
1575351628.808171, -247.0
1575351630.341602, -247.0
1575351631.909567, -247.0
1575351632.003534, -247.0
1575351632.098718, -247.0
1575351632.191739, -247.0
1575351634.457048, -247.0
1575351635.969097, -247.0
1575351636.062106, -247.0
1575351637.932687, -247.0
1575351638.026416, -247.0
1575351638.118893, -247.0
1575351639.900052, -247.0
1575351639.993185, -247.0
1575351641.724506, -247.0
1575351641.818002, -247.0
1575351643.317214, -247.0
1575351644.933613, -247.0
1575351645.026854, -247.0
1575351645.120072, -247.0
1575351646.635243, -247.0
1575351648.303579, -247.0
1575351649.830453, -247.0
1575351651.448852, -247.0
1575351651.54159, -247.0
1575351651.634309, -247.0
1575351653.27741, -247.0
1575351654.744389, -247.0
1575351654.837411, -247.0
1575351654.930138, -247.0
1575351655.022926, -247.0
1575351655.115654, -247.0
1575351655.208258, -247.0
1575351655.301373, -247.0
1575351655.394079, -247.0
1575351655.487352, -247.0
1575351655.580188, -247.0
1575351655.673317, -247.0
1575351655.765951, -247.0
1575351655.859127, -247.0
1575351655.952057, -247.0
1575351656.045455, -247.0
1575351656.138578, -247.0
1575351656.235157, -247.0
1575351658.320338, -247.0
1575351658.417603, -247.0
1575351658.511335, -247.0
1575351658.604264, -247.0
1575351658.696863, -247.0
1575351658.789468, -247.0
1575351660.288996, -247.0
1575351660.382296, -247.0
1575351661.8879, -247.0
1575351663.506104, -247.0
1575351663.599105, -247.0
1575351663.692104, -247.0
1575351665.402517, -247.0
1575351665.495808, -247.0
1575351667.047489, -247.0
1575351668.574653, -247.0
1575351670.067305, -247.0
1575351670.159921, -247.0
1575351670.252744, -247.0
1575351670.34551, -247.0
1575351670.438515, -247.0
1575351670.531455, -247.0
1575351672.076892, -247.0
1575351672.169876, -247.0
1575351672.262632, -247.0
1575351673.854183, -247.0
1575351673.947386, -247.0
1575351675.476031, -247.0
1575351675.568621, -247.0
1575351675.661108, -247.0
1575351677.19589, -247.0
1575351677.288442, -247.0
1575351677.381125, -247.0
1575351677.473894, -247.0
1575351677.567263, -247.0
1575351677.660038, -247.0
1575351679.170377, -247.0
1575351679.263318, -247.0
1575351680.863797, -247.0
1575351682.420871, -247.0
1575351683.94325, -247.0
1575351684.036762, -247.0
1575351684.129306, -247.0
1575351685.679594, -247.0
1575351687.264846, -247.0
1575351688.872531, -247.0
1575351690.494607, -247.0
1575351690.587917, -247.0
1575351690.683264, -247.0
1575351690.778675, -247.0
1575351556.471263, -247.0
1575351556.579657, -247.0
1575351556.6727, -247.0
1575351558.245739, -247.0
1575351559.652387, -247.0
1575351561.0526, -247.0
1575351562.515136, -247.0
1575351563.925491, -247.0
1575351565.276852, -247.0
1575351566.685383, -247.0
1575351568.131017, -247.0
1575351569.557697, -247.0
1575351570.969648, -247.0
1575351572.232866, -247.0
1575351573.524243, -247.0
1575351575.307994, -247.0
1575351576.763049, -247.0
1575351578.203038, -247.0
1575351579.533239, -247.0
1575351581.074297, -247.0
1575351582.488948, -247.0
1575351582.583408, -247.0
1575351582.681963, -247.0
1575351582.785643, -247.0
1575351582.893119, -247.0
1575351582.997191, -247.0
1575351583.104473, -247.0
1575351583.212576, -247.0
1575351583.319706, -247.0
1575351583.425806, -247.0
1575351583.529848, -247.0
1575351583.634663, -247.0
1575351583.742469, -247.0
1575351583.849342, -247.0
1575351583.953936, -247.0
1575351584.057328, -247.0
1575351584.159746, -247.0
1575351584.262633, -247.0
1575351584.365125, -247.0
1575351584.467025, -247.0
1575351584.568761, -247.0
1575351584.670856, -247.0
1575351584.774529, -247.0
1575351584.876481, -247.0
1575351584.982482, -247.0
1575351586.584978, -247.0
1575351588.284747, -247.0
1575351589.784951, -247.0
1575351591.17441, -247.0
1575351592.462276, -247.0
1575351593.773185, -247.0
1575351595.363207, -247.0
1575351596.822925, -247.0
1575351598.218707, -247.0
1575351599.642303, -247.0
1575351601.202388, -247.0
1575351602.549697, -247.0
1575351603.951187, -247.0
1575351605.386459, -247.0
1575351606.647607, -247.0
1575351608.010101, -247.0
1575351609.351171, -247.0
1575351610.651893, -247.0
1575351612.020094, -247.0
1575351613.418091, -247.0
1575351614.762834, -247.0
1575351616.088551, -247.0
1575351617.499656, -247.0
1575351618.838958, -247.0
1575351620.397375, -247.0
1575351621.678501, -247.0
1575351623.269015, -247.0
1575351624.695078, -247.0
1575351626.336299, -247.0
1575351627.660829, -247.0
1575351629.19462, -247.0
1575351630.635918, -247.0
1575351631.950991, -247.0
1575351632.044357, -247.0
1575351632.145787, -247.0
1575351634.089828, -247.0
1575351635.5597, -247.0
1575351637.020809, -247.0
1575351638.373326, -247.0
1575351639.856787, -247.0
1575351641.223486, -247.0
1575351642.674625, -247.0
1575351644.10504, -247.0
1575351645.638212, -247.0
1575351646.99694, -247.0
1575351648.453579, -247.0
1575351650.178369, -247.0
1575351651.5522, -247.0
1575351652.957415, -247.0
1575351654.581271, -247.0
1575351656.277066, -247.0
1575351657.728967, -247.0
1575351659.058649, -247.0
1575351660.578338, -247.0
1575351662.077163, -247.0
1575351663.528199, -247.0
1575351664.93814, -247.0
1575351666.389899, -247.0
1575351667.66191, -247.0
1575351669.15151, -247.0
1575351670.535426, -247.0
1575351672.185476, -247.0
1575351673.582769, -247.0
1575351674.894288, -247.0
1575351676.315601, -247.0
1575351677.847708, -247.0
1575351679.221104, -247.0
1575351680.694113, -247.0
1575351682.166766, -247.0
1575351683.569731, -247.0
1575351685.399876, -247.0
1575351687.142761, -247.0
1575351688.914855, -247.0
1575351690.196515, -247.0
1575351691.922706, -247.0
1575351694.083389, -247.0
1575351695.832942, -247.0
1575351697.275348, -247.0
1575351698.791046, -247.0
1575351700.296117, -247.0
1575351701.799656, -247.0
1575351703.524129, -247.0
1575351705.639682, -247.0
1575351707.623595, -247.0
1575351707.718351, -247.0
1575351709.552203, -247.0
1575351711.401926, -247.0
1575351713.104419, -247.0
1575351714.505669, -247.0
1575351715.918358, -247.0
1575351717.380872, -247.0
1575351718.882902, -247.0
1575351720.388113, -247.0
1575351721.912424, -247.0
1575351723.543338, -247.0
1575351725.235712, -247.0
1575351727.635283, -247.0
1575351727.7302, -247.0
1575351727.824344, -247.0
1575351729.772915, -247.0
1575351731.267692, -247.0
1575351732.780051, -247.0
1575351734.16617, -247.0
1575351736.115746, -247.0
1575351738.130419, -247.0
1575351739.823147, -247.0
1575351741.735449, -247.0
1575351743.43332, -247.0
1575351745.262322, -247.0
1575351746.914342, -247.0
1575351748.362742, -247.0
1575351749.995223, -247.0
1575351751.693582, -247.0
1575351753.105124, -247.0
1575351754.701597, -247.0
1575351756.055747, -247.0
1575351757.390398, -247.0
1575351758.987637, -247.0
1575351760.915822, -247.0
1575351762.783312, -247.0
1575351762.878246, -247.0
1575351762.972901, -247.0
1575351765.084951, -247.0
1575351765.178184, -247.0
1575351765.27254, -247.0
1575351765.376796, -247.0
1575351765.483325, -247.0
1575351765.578034, -247.0
1575351765.67141, -247.0
1575351767.625959, -247.0
1575351767.720974, -247.0
1575351769.583166, -247.0
1575351771.330422, -247.0
1575351772.92158, -247.0
1575351774.43865, -247.0
1575351775.907416, -247.0
1575351777.370115, -247.0
1575351778.915111, -247.0
1575351780.446897, -247.0
1575351781.815178, -247.0
1575351783.208821, -247.0
1575351784.559225, -247.0
1575351786.192916, -247.0
1575351787.636389, -247.0
1575351789.050289, -247.0
1575351790.478938, -247.0
1575351792.117469, -247.0
1575351793.821051, -247.0
1575351795.427102, -247.0
1575351797.799452, -247.0
1575351797.894033, -247.0
1575351797.988725, -247.0
1575351798.084095, -247.0
1575351798.179553, -247.0
1575351798.274475, -247.0
1575351798.369092, -247.0
1575351798.46361, -247.0
1575351798.558298, -247.0
1575351798.653057, -247.0
1575351800.54215, -247.0
1575351802.113619, -247.0
1575351802.206769, -247.0
1575351803.661085, -247.0
1575351805.246215, -247.0
1575351806.745322, -247.0
1575351808.276445, -247.0
1575351809.694968, -247.0
1575351811.353357, -247.0
1575351812.774123, -247.0
1575351814.116134, -247.0
1575351815.796719, -247.0
1575351817.229472, -247.0
1575351818.695271, -247.0
1575351820.161789, -247.0
1575351821.522707, -247.0
1575351823.1081, -247.0
1575351824.510288, -247.0
1575351825.922049, -247.0
1575351827.412367, -247.0
1575351828.9624, -247.0
1575351830.408736, -247.0
1575351831.940071, -247.0
1575351833.246449, -247.0
1575351834.756749, -247.0
1575351836.930145, -247.0
1575351837.023769, -247.0
1575351837.118695, -247.0
1575351838.855043, -247.0
1575351841.24393, -247.0
1575351841.339657, -247.0
1575351843.561558, -247.0
1575351845.792458, -247.0
1575351847.688435, -247.0
1575351849.207483, -247.0
1575351850.736715, -247.0
1575351850.829893, -247.0
1575351852.35709, -247.0
1575351853.911724, -247.0
1575351855.565682, -247.0
1575351857.03695, -247.0
1575351858.516181, -247.0
1575351859.984356, -247.0
1575351860.077728, -247.0
1575351861.589759, -247.0
1575351861.682602, -247.0
1575351556.516188, -247.0
1575351556.620337, -247.0
1575351556.714099, -247.0
1575351558.156939, -247.0
1575351559.605316, -247.0
1575351561.055619, -247.0
1575351562.514164, -247.0
1575351563.951995, -247.0
1575351565.440997, -247.0
1575351567.059107, -247.0
1575351568.459922, -247.0
1575351570.018305, -247.0
1575351571.428185, -247.0
1575351571.521095, -247.0
1575351573.011575, -247.0
1575351574.59225, -247.0
1575351576.171057, -247.0
1575351577.647222, -247.0
1575351579.119891, -247.0
1575351580.774184, -247.0
1575351582.250748, -247.0
1575351583.622806, -247.0
1575351583.715958, -247.0
1575351585.597754, -247.0
1575351587.750987, -247.0
1575351587.84576, -247.0
1575351590.185906, -247.0
1575351591.81426, -247.0
1575351593.495022, -247.0
1575351594.930605, -247.0
1575351596.315689, -247.0
1575351597.747195, -247.0
1575351599.396169, -247.0
1575351600.971217, -247.0
1575351602.611296, -247.0
1575351604.746705, -247.0
1575351606.179182, -247.0
1575351607.673372, -247.0
1575351607.766495, -247.0
1575351607.860301, -247.0
1575351607.955262, -247.0
1575351608.047803, -247.0
1575351608.142086, -247.0
1575351609.918182, -247.0
1575351611.575943, -247.0
1575351611.669339, -247.0
1575351613.341517, -247.0
1575351614.885552, -247.0
1575351616.364985, -247.0
1575351617.892741, -247.0
1575351619.290654, -247.0
1575351620.665352, -247.0
1575351622.229772, -247.0
1575351623.693891, -247.0
1575351625.193322, -247.0
1575351626.667831, -247.0
1575351628.161063, -247.0
1575351629.530625, -247.0
1575351630.995982, -247.0
1575351632.431272, -247.0
1575351632.523858, -247.0
1575351634.027936, -247.0
1575351635.482132, -247.0
1575351636.841305, -247.0
1575351638.320834, -247.0
1575351639.711529, -247.0
1575351641.150829, -247.0
1575351642.560394, -247.0
1575351643.961095, -247.0
1575351645.511365, -247.0
1575351647.186178, -247.0
1575351648.869192, -247.0
1575351650.599555, -247.0
1575351652.149216, -247.0
1575351653.642015, -247.0
1575351655.175962, -247.0
1575351656.640721, -247.0
1575351656.733736, -247.0
1575351658.292615, -247.0
1575351659.713844, -247.0
1575351661.104737, -247.0
1575351662.676257, -247.0
1575351664.084382, -247.0
1575351665.62881, -247.0
1575351667.046075, -247.0
1575351668.583654, -247.0
1575351669.97434, -247.0
1575351671.385954, -247.0
1575351672.736818, -247.0
1575351674.344551, -247.0
1575351675.742128, -247.0
1575351677.233708, -247.0
1575351678.684582, -247.0
1575351679.997162, -247.0
1575351680.090297, -247.0
1575351681.520969, -247.0
1575351681.613855, -247.0
1575351683.423374, -247.0
1575351684.838226, -247.0
1575351686.364582, -247.0
1575351686.457792, -247.0
1575351686.551971, -247.0
1575351686.648418, -247.0
1575351686.743281, -247.0
1575351688.354359, -247.0
1575351689.764076, -247.0
1575351691.299009, -247.0
1575351692.865979, -247.0
1575351694.491118, -247.0
1575351694.583972, -247.0
1575351696.20199, -247.0
1575351697.86714, -247.0
1575351699.328327, -247.0
1575351699.421903, -247.0
1575351699.515839, -247.0
1575351699.612556, -247.0
1575351699.709769, -247.0
1575351699.806403, -247.0
1575351699.903456, -247.0
1575351700.000119, -247.0
1575351701.420815, -247.0
1575351702.897947, -247.0
1575351704.325854, -247.0
1575351705.919886, -247.0
1575351707.490519, -247.0
1575351707.583799, -247.0
1575351707.685951, -247.0
1575351707.787832, -247.0
1575351709.275344, -247.0
1575351710.802596, -247.0
1575351712.716997, -247.0
1575351714.320285, -247.0
1575351715.683016, -247.0
1575351717.118276, -247.0
1575351718.616846, -247.0
1575351719.983856, -247.0
1575351721.578843, -247.0
1575351723.357986, -247.0
1575351724.853402, -247.0
1575351727.000452, -247.0
1575351729.147587, -247.0
1575351730.763012, -247.0
1575351732.248157, -247.0
1575351733.860649, -247.0
1575351735.454887, -247.0
1575351736.906803, -247.0
1575351738.397407, -247.0
1575351739.893456, -247.0
1575351741.36405, -247.0
1575351742.812306, -247.0
1575351744.252831, -247.0
1575351745.681497, -247.0
1575351747.191469, -247.0
1575351748.613574, -247.0
1575351750.061489, -247.0
1575351751.4623, -247.0
1575351752.892756, -247.0
1575351754.284671, -247.0
1575351755.746887, -247.0
1575351755.839696, -247.0
1575351757.612752, -247.0
1575351759.418207, -247.0
1575351759.511568, -247.0
1575351761.221866, -247.0
1575351762.650334, -247.0
1575351764.024019, -247.0
1575351765.412567, -247.0
1575351766.989643, -247.0
1575351768.466541, -247.0
1575351770.081846, -247.0
1575351771.491685, -247.0
1575351773.056979, -247.0
1575351773.150055, -247.0
1575351773.248791, -247.0
1575351775.044962, -247.0
1575351776.518792, -247.0
1575351778.01041, -247.0
1575351779.693278, -247.0
1575351781.203041, -247.0
1575351782.699365, -247.0
1575351784.282424, -247.0
1575351785.732796, -247.0
1575351787.149233, -247.0
1575351788.586684, -247.0
1575351790.034887, -247.0
1575351791.507451, -247.0
1575351793.039101, -247.0
1575351794.583359, -247.0
1575351796.0834, -247.0
1575351797.559535, -247.0
1575351799.407885, -247.0
1575351799.502303, -247.0
1575351799.600434, -247.0
1575351801.142545, -247.0
1575351802.680134, -247.0
1575351804.140525, -247.0
1575351805.691988, -247.0
1575351808.032801, -247.0
1575351808.128916, -247.0
1575351808.229325, -247.0
1575351808.330504, -247.0
1575351808.424625, -247.0
1575351808.517987, -247.0
1575351808.610772, -247.0
1575351808.70414, -247.0
1575351808.797412, -247.0
1575351808.890552, -247.0
1575351808.983645, -247.0
1575351809.077486, -247.0
1575351809.170677, -247.0
1575351809.26409, -247.0
1575351809.357421, -247.0
1575351809.450341, -247.0
1575351809.543383, -247.0
1575351809.636328, -247.0
1575351809.729191, -247.0
1575351809.822563, -247.0
1575351811.434138, -247.0
1575351812.832634, -247.0
1575351814.364004, -247.0
1575351815.782362, -247.0
1575351817.207019, -247.0
1575351818.697293, -247.0
1575351820.071867, -247.0
1575351821.454751, -247.0
1575351822.88491, -247.0
1575351824.357846, -247.0
1575351825.806628, -247.0
1575351827.277786, -247.0
1575351828.758984, -247.0
1575351830.223383, -247.0
1575351831.708128, -247.0
1575351833.043427, -247.0
1575351833.136392, -247.0
1575351834.639248, -247.0
1575351836.157048, -247.0
1575351837.818658, -247.0
1575351837.913241, -247.0
1575351838.012241, -247.0
1575351838.112853, -247.0
1575351838.217936, -247.0
1575351838.318717, -247.0
1575351838.414289, -247.0
1575351838.507028, -247.0
1575351840.086446, -247.0
1575351841.614496, -247.0
1575351843.089313, -247.0
1575351843.182478, -247.0
1575351843.275561, -247.0
1575351843.368731, -247.0
1575351556.584335, -247.0
1575351556.684701, -247.0
1575351558.210791, -247.0
1575351559.749034, -247.0
1575351561.258035, -247.0
1575351561.351096, -247.0
1575351562.868955, -247.0
1575351562.962038, -247.0
1575351563.055066, -247.0
1575351563.150067, -247.0
1575351563.252801, -247.0
1575351563.347157, -247.0
1575351563.439962, -247.0
1575351563.532891, -247.0
1575351563.625928, -247.0
1575351563.719555, -247.0
1575351563.81368, -247.0
1575351563.906649, -247.0
1575351563.999696, -247.0
1575351564.092269, -247.0
1575351564.185131, -247.0
1575351564.27821, -247.0
1575351564.373796, -247.0
1575351564.473571, -247.0
1575351564.574191, -247.0
1575351564.676707, -247.0
1575351564.779451, -247.0
1575351564.882064, -247.0
1575351564.98504, -247.0
1575351565.087826, -247.0
1575351565.187442, -247.0
1575351565.289611, -247.0
1575351565.395814, -247.0
1575351565.496649, -247.0
1575351567.919127, -247.0
1575351568.012452, -247.0
1575351568.105824, -247.0
1575351568.201728, -247.0
1575351568.294803, -247.0
1575351568.388258, -247.0
1575351568.485758, -247.0
1575351570.117965, -247.0
1575351571.781602, -247.0
1575351571.875064, -247.0
1575351571.968089, -247.0
1575351573.681612, -247.0
1575351575.154908, -247.0
1575351575.248096, -247.0
1575351576.968327, -247.0
1575351578.502617, -247.0
1575351578.595539, -247.0
1575351580.206109, -247.0
1575351580.299358, -247.0
1575351581.884655, -247.0
1575351583.411652, -247.0
1575351583.505109, -247.0
1575351584.946376, -247.0
1575351586.470507, -247.0
1575351587.909738, -247.0
1575351589.422251, -247.0
1575351590.958991, -247.0
1575351592.469666, -247.0
1575351592.562376, -247.0
1575351592.655561, -247.0
1575351594.228487, -247.0
1575351594.32152, -247.0
1575351594.415014, -247.0
1575351595.9821, -247.0
1575351596.075374, -247.0
1575351596.169427, -247.0
1575351596.262951, -247.0
1575351596.355792, -247.0
1575351597.881492, -247.0
1575351599.538531, -247.0
1575351599.631484, -247.0
1575351599.724841, -247.0
1575351601.446176, -247.0
1575351601.539133, -247.0
1575351601.6323, -247.0
1575351601.731269, -247.0
1575351601.833189, -247.0
1575351601.932689, -247.0
1575351602.032224, -247.0
1575351602.13907, -247.0
1575351602.239674, -247.0
1575351602.346537, -247.0
1575351602.447321, -247.0
1575351604.117628, -247.0
1575351605.709797, -247.0
1575351607.292521, -247.0
1575351608.811132, -247.0
1575351608.904171, -247.0
1575351608.996721, -247.0
1575351609.089977, -247.0
1575351609.182982, -247.0
1575351609.275818, -247.0
1575351609.368547, -247.0
1575351610.96583, -247.0
1575351611.059052, -247.0
1575351611.151774, -247.0
1575351611.246238, -247.0
1575351612.809603, -247.0
1575351612.902521, -247.0
1575351612.995757, -247.0
1575351614.547653, -247.0
1575351614.640692, -247.0
1575351614.733499, -247.0
1575351614.826399, -247.0
1575351614.919446, -247.0
1575351615.012998, -247.0
1575351615.106325, -247.0
1575351616.636945, -247.0
1575351616.731051, -247.0
1575351616.82733, -247.0
1575351618.410303, -247.0
1575351618.503334, -247.0
1575351618.596341, -247.0
1575351618.690089, -247.0
1575351618.782907, -247.0
1575351618.875634, -247.0
1575351620.381822, -247.0
1575351620.474829, -247.0
1575351622.010977, -247.0
1575351623.504472, -247.0
1575351624.924608, -247.0
1575351626.418457, -247.0
1575351626.511335, -247.0
1575351626.604117, -247.0
1575351626.697265, -247.0
1575351628.198767, -247.0
1575351629.762778, -247.0
1575351631.429201, -247.0
1575351631.521853, -247.0
1575351633.075149, -247.0
1575351634.588329, -247.0
1575351634.681721, -247.0
1575351636.27132, -247.0
1575351637.810143, -247.0
1575351637.903056, -247.0
1575351637.996162, -247.0
1575351638.089338, -247.0
1575351638.182519, -247.0
1575351638.275599, -247.0
1575351638.368797, -247.0
1575351638.461416, -247.0
1575351638.554315, -247.0
1575351638.647305, -247.0
1575351638.739868, -247.0
1575351638.832423, -247.0
1575351640.506443, -247.0
1575351640.599846, -247.0
1575351640.692899, -247.0
1575351640.786895, -247.0
1575351640.880147, -247.0
1575351640.973881, -247.0
1575351641.067392, -247.0
1575351641.161574, -247.0
1575351641.259864, -247.0
1575351641.357547, -247.0
1575351641.460131, -247.0
1575351641.566343, -247.0
1575351641.674549, -247.0
1575351641.781104, -247.0
1575351641.87859, -247.0
1575351641.984472, -247.0
1575351642.090372, -247.0
1575351642.187628, -247.0
1575351642.289121, -247.0
1575351644.320371, -247.0
1575351644.413502, -247.0
1575351644.506657, -247.0
1575351644.600184, -247.0
1575351644.693995, -247.0
1575351644.789759, -247.0
1575351644.886318, -247.0
1575351644.983649, -247.0
1575351645.080923, -247.0
1575351645.178586, -247.0
1575351645.273375, -247.0
1575351646.805873, -247.0
1575351646.899034, -247.0
1575351648.584342, -247.0
1575351648.6775, -247.0
1575351648.77053, -247.0
1575351650.258841, -247.0
1575351651.960832, -247.0
1575351653.433819, -247.0
1575351655.086405, -247.0
1575351655.179298, -247.0
1575351655.272104, -247.0
1575351656.826513, -247.0
1575351658.435078, -247.0
1575351660.02767, -247.0
1575351661.579745, -247.0
1575351663.089743, -247.0
1575351663.182693, -247.0
1575351663.275649, -247.0
1575351663.368897, -247.0
1575351663.462019, -247.0
1575351665.084057, -247.0
1575351665.177682, -247.0
1575351666.611337, -247.0
1575351666.704214, -247.0
1575351666.7978, -247.0
1575351668.758984, -247.0
1575351668.85244, -247.0
1575351668.94779, -247.0
1575351669.048433, -247.0
1575351669.142687, -247.0
1575351670.573204, -247.0
1575351670.665991, -247.0
1575351670.759253, -247.0
1575351670.852105, -247.0
1575351670.945491, -247.0
1575351671.038571, -247.0
1575351671.131853, -247.0
1575351671.224948, -247.0
1575351671.318816, -247.0
1575351671.412189, -247.0
1575351671.505598, -247.0
1575351671.59925, -247.0
1575351673.29125, -247.0
1575351673.385654, -247.0
1575351673.479473, -247.0
1575351675.228342, -247.0
1575351675.323177, -247.0
1575351675.417695, -247.0
1575351675.516508, -247.0
1575351675.619697, -247.0
1575351675.725651, -247.0
1575351675.830564, -247.0
1575351675.936, -247.0
1575351676.043736, -247.0
1575351676.151513, -247.0
1575351676.258153, -247.0
1575351676.357398, -247.0
1575351676.462975, -247.0
1575351676.558855, -247.0
1575351676.651832, -247.0
1575351676.744819, -247.0
1575351676.838405, -247.0
1575351676.931497, -247.0
1575351677.024877, -247.0
1575351677.117606, -247.0
1575351677.210518, -247.0
1575351678.668793, -247.0
1575351678.761969, -247.0
1575351678.854971, -247.0
1575351678.948142, -247.0
1575351680.447563, -247.0
1575351681.952205, -247.0
1575351683.375317, -247.0
1575351684.669844, -247.0
1575351686.235192, -247.0
1575351687.920472, -247.0
1575351689.696787, -247.0
1575351691.310827, -247.0
1575351692.814922, -247.0
1575351694.52677, -247.0
1575351696.194977, -247.0
1575351697.882594, -247.0
1575351699.594415, -247.0
1575351701.180592, -247.0
1575351702.996508, -247.0
1575351703.089616, -247.0
1575351703.196955, -247.0
1575351703.304181, -247.0
1575351703.403144, -247.0
1575351703.498338, -247.0
1575351703.598201, -247.0
1575351703.699321, -247.0
1575351705.641601, -247.0
1575351705.743215, -247.0
1575351705.85117, -247.0
1575351705.958942, -247.0
1575351706.067016, -247.0
1575351706.174448, -247.0
1575351706.281766, -247.0
1575351706.389732, -247.0
1575351706.497445, -247.0
1575351706.605305, -247.0
1575351706.712957, -247.0
1575351706.820281, -247.0
1575351706.927795, -247.0
1575351707.035413, -247.0
1575351707.134576, -247.0
1575351707.228665, -247.0
1575351707.326236, -247.0
1575351707.420388, -247.0
1575351707.514946, -247.0
1575351707.611337, -247.0
1575351707.704248, -247.0
1575351707.798258, -247.0
1575351707.89193, -247.0
1575351709.76611, -247.0
1575351709.859472, -247.0
1575351709.953098, -247.0
1575351710.047008, -247.0
1575351710.140279, -247.0
1575351712.149462, -247.0
1575351713.689985, -247.0
1575351715.230495, -247.0
1575351715.323868, -247.0
1575351715.420763, -247.0
1575351717.277095, -247.0
1575351718.718813, -247.0
1575351718.811915, -247.0
1575351720.544339, -247.0
1575351722.073, -247.0
1575351723.626575, -247.0
1575351725.297116, -247.0
1575351726.928789, -247.0
1575351728.641356, -247.0
1575351730.289566, -247.0
1575351731.842157, -247.0
1575351733.503198, -247.0
1575351735.010662, -247.0
1575351736.749535, -247.0
1575351738.340935, -247.0
1575351739.908641, -247.0
1575351741.556307, -247.0
1575351743.252356, -247.0
1575351745.04252, -247.0
1575351746.792611, -247.0
1575351748.449224, -247.0
1575351750.135514, -247.0
1575351751.838504, -247.0
1575351753.574487, -247.0
1575351755.325124, -247.0
1575351757.005479, -247.0
1575351757.099111, -247.0
1575351758.849759, -247.0
1575351758.943116, -247.0
1575351759.03618, -247.0
1575351759.129841, -247.0
1575351760.813022, -247.0
1575351762.467292, -247.0
1575351764.184904, -247.0
1575351765.861064, -247.0
1575351767.637093, -247.0
1575351767.730754, -247.0
1575351767.829796, -247.0
1575351767.937156, -247.0
1575351768.043043, -247.0
1575351768.15017, -247.0
1575351768.247451, -247.0
1575351769.752201, -247.0
1575351771.297005, -247.0
1575351772.983469, -247.0
1575351774.437013, -247.0
1575351776.017602, -247.0
1575351777.62985, -247.0
1575351777.722644, -247.0
1575351777.816251, -247.0
1575351777.912731, -247.0
1575351779.780959, -247.0
1575351781.392667, -247.0
1575351781.485594, -247.0
1575351782.954958, -247.0
1575351784.587609, -247.0
1575351786.15521, -247.0
1575351786.248099, -247.0
1575351787.702238, -247.0
1575351787.795176, -247.0
1575351789.316537, -247.0
1575351791.010095, -247.0
1575351791.103196, -247.0
1575351792.553618, -247.0
1575351794.163488, -247.0
1575351795.775204, -247.0
1575351795.868872, -247.0
1575351795.96322, -247.0
1575351796.056758, -247.0
1575351797.94495, -247.0
1575351799.436921, -247.0
1575351801.181135, -247.0
1575351801.275051, -247.0
1575351801.370815, -247.0
1575351801.465616, -247.0
1575351801.564305, -247.0
1575351801.672382, -247.0
1575351801.780058, -247.0
1575351801.875781, -247.0
1575351801.975278, -247.0
1575351802.077687, -247.0
1575351802.185352, -247.0
1575351802.287614, -247.0
1575351802.383141, -247.0
1575351802.478694, -247.0
1575351802.575272, -247.0
1575351802.669117, -247.0
1575351804.730771, -247.0
1575351804.824813, -247.0
1575351806.442678, -247.0
1575351808.209296, -247.0
1575351808.302658, -247.0
1575351808.396899, -247.0
1575351808.49292, -247.0
1575351808.591984, -247.0
1575351808.691972, -247.0
1575351808.790506, -247.0
1575351808.884533, -247.0
1575351808.979381, -247.0
1575351809.076544, -247.0
1575351811.049839, -247.0
1575351811.14347, -247.0
1575351811.237028, -247.0
1575351811.329937, -247.0
1575351811.423312, -247.0
1575351811.517751, -247.0
1575351811.621933, -247.0
1575351811.716081, -247.0
1575351813.654669, -247.0
1575351816.055032, -247.0
1575351817.660875, -247.0
1575351819.442362, -247.0
1575351821.099639, -247.0
1575351822.953811, -247.0
1575351823.047551, -247.0
1575351824.636861, -247.0
1575351826.174502, -247.0
1575351826.267982, -247.0
1575351827.889989, -247.0
1575351829.463138, -247.0
1575351831.11132, -247.0
1575351832.8803, -247.0
1575351834.671185, -247.0
1575351836.232533, -247.0
1575351837.908564, -247.0
1575351839.762226, -247.0
1575351839.855535, -247.0
1575351841.690904, -247.0
1575351841.785872, -247.0
1575351841.879474, -247.0
1575351841.972681, -247.0
1575351842.066235, -247.0
1575351842.159874, -247.0
1575351843.783971, -247.0
1575351843.876771, -247.0
1575351843.969785, -247.0
1575351845.728244, -247.0
1575351847.392864, -247.0
1575351849.017363, -247.0
1575351849.110526, -247.0
1575351851.154348, -247.0
1575351851.252777, -247.0
1575351851.358043, -247.0
1575351851.455639, -247.0
1575351851.551727, -247.0
1575351851.647529, -247.0
1575351851.753011, -247.0
1575351853.333894, -247.0
1575351853.427204, -247.0
1575351853.521323, -247.0
1575351855.026807, -247.0
1575351855.120179, -247.0
1575351856.628717, -247.0
1575351858.172085, -247.0
1575351858.265214, -247.0
1575351859.972782, -247.0
1575351861.623897, -247.0
1575351863.152426, -247.0
1575351864.69314, -247.0
1575351866.273788, -247.0
1575351867.733238, -247.0
1575351869.594776, -247.0
1575351871.414025, -247.0
1575351871.510141, -247.0
1575351873.228341, -247.0
1575351874.696196, -247.0
1575351876.234681, -247.0
1575351877.818582, -247.0
1575351877.911904, -247.0
1575351878.004645, -247.0
1575351878.098017, -247.0
1575351878.191187, -247.0
1575351878.284278, -247.0
1575351878.377674, -247.0
1575351879.845612, -247.0
1575351881.324291, -247.0
1575351882.895223, -247.0
1575351884.413276, -247.0
1575351886.019517, -247.0
1575351887.660699, -247.0
1575351889.214635, -247.0
1575351889.308068, -247.0
1575351889.403724, -247.0
1575351889.502833, -247.0
1575351889.604083, -247.0
1575351889.702474, -247.0
1575351889.798107, -247.0
1575351889.897406, -247.0
1575351890.003091, -247.0
1575351890.105356, -247.0
1575351890.204222, -247.0
1575351890.311762, -247.0
1575351890.419365, -247.0
1575351890.521635, -247.0
1575351890.623747, -247.0
1575351890.726021, -247.0
1575351690.963624, -247.0
1575351691.056486, -247.0
1575351691.149157, -247.0
1575351691.242245, -247.0
1575351691.335924, -247.0
1575351691.42934, -247.0
1575351691.523538, -247.0
1575351693.333178, -247.0
1575351694.644309, -247.0
1575351694.737457, -247.0
1575351694.830181, -247.0
1575351694.922929, -247.0
1575351695.015464, -247.0
1575351695.107997, -247.0
1575351695.204526, -247.0
1575351695.304112, -247.0
1575351696.779823, -247.0
1575351698.246944, -247.0
1575351699.619656, -247.0
1575351700.962785, -247.0
1575351702.375491, -247.0
1575351702.469835, -247.0
1575351702.566804, -247.0
1575351702.661202, -247.0
1575351702.756297, -247.0
1575351702.859071, -247.0
1575351702.966207, -247.0
1575351703.073413, -247.0
1575351703.180491, -247.0
1575351703.288007, -247.0
1575351703.395037, -247.0
1575351703.501753, -247.0
1575351703.609288, -247.0
1575351703.716298, -247.0
1575351703.822888, -247.0
1575351703.929908, -247.0
1575351704.036283, -247.0
1575351704.142244, -247.0
1575351704.248218, -247.0
1575351704.353874, -247.0
1575351704.459341, -247.0
1575351704.56476, -247.0
1575351704.669765, -247.0
1575351704.763149, -247.0
1575351704.866022, -247.0
1575351704.973661, -247.0
1575351705.079946, -247.0
1575351705.186863, -247.0
1575351705.293171, -247.0
1575351705.400446, -247.0
1575351705.50289, -247.0
1575351705.605586, -247.0
1575351705.699747, -247.0
1575351705.792441, -247.0
1575351705.885908, -247.0
1575351705.978702, -247.0
1575351706.071878, -247.0
1575351707.682436, -247.0
1575351709.264309, -247.0
1575351710.910453, -247.0
1575351712.432237, -247.0
1575351713.907754, -247.0
1575351715.429345, -247.0
1575351716.932974, -247.0
1575351718.448577, -247.0
1575351719.910642, -247.0
1575351720.003944, -247.0
1575351721.527556, -247.0
1575351722.985231, -247.0
1575351723.078114, -247.0
1575351723.171645, -247.0
1575351723.264656, -247.0
1575351724.734027, -247.0
1575351724.826781, -247.0
1575351726.220732, -247.0
1575351726.313369, -247.0
1575351727.777739, -247.0
1575351729.532836, -247.0
1575351731.105892, -247.0
1575351732.628574, -247.0
1575351734.241548, -247.0
1575351734.33442, -247.0
1575351734.435617, -247.0
1575351734.534566, -247.0
1575351734.633402, -247.0
1575351734.727856, -247.0
1575351734.8208, -247.0
1575351734.914148, -247.0
1575351735.008227, -247.0
1575351735.10052, -247.0
1575351735.19408, -247.0
1575351735.287014, -247.0
1575351735.394604, -247.0
1575351735.501817, -247.0
1575351735.608398, -247.0
1575351735.701688, -247.0
1575351735.79487, -247.0
1575351735.887862, -247.0
1575351735.981129, -247.0
1575351736.074227, -247.0
1575351736.167323, -247.0
1575351736.260171, -247.0
1575351736.352895, -247.0
1575351736.446433, -247.0
1575351736.543408, -247.0
1575351738.270669, -247.0
1575351739.869525, -247.0
1575351739.962277, -247.0
1575351741.487875, -247.0
1575351741.580544, -247.0
1575351741.673251, -247.0
1575351743.50205, -247.0
1575351745.076688, -247.0
1575351746.799486, -247.0
1575351748.232413, -247.0
1575351748.324961, -247.0
1575351749.804446, -247.0
1575351749.897144, -247.0
1575351749.990311, -247.0
1575351750.082442, -247.0
1575351750.175265, -247.0
1575351750.267944, -247.0
1575351750.361434, -247.0
1575351750.454807, -247.0
1575351750.551603, -247.0
1575351750.658435, -247.0
1575351750.764746, -247.0
1575351750.870951, -247.0
1575351750.977827, -247.0
1575351751.083281, -247.0
1575351751.188292, -247.0
1575351751.293669, -247.0
1575351751.398881, -247.0
1575351751.505385, -247.0
1575351751.612928, -247.0
1575351751.719286, -247.0
1575351751.826621, -247.0
1575351751.933234, -247.0
1575351752.040071, -247.0
1575351752.145531, -247.0
1575351752.247929, -247.0
1575351752.34927, -247.0
1575351752.446088, -247.0
1575351752.549369, -247.0
1575351752.652606, -247.0
1575351752.745841, -247.0
1575351752.838533, -247.0
1575351752.931752, -247.0
1575351753.024888, -247.0
1575351753.119501, -247.0
1575351753.212944, -247.0
1575351753.306343, -247.0
1575351753.398921, -247.0
1575351755.059149, -247.0
1575351756.649053, -247.0
1575351756.741906, -247.0
1575351758.159429, -247.0
1575351759.597556, -247.0
1575351759.690844, -247.0
1575351759.786967, -247.0
1575351759.888649, -247.0
1575351759.993094, -247.0
1575351760.09411, -247.0
1575351760.198461, -247.0
1575351760.299998, -247.0
1575351760.403437, -247.0
1575351760.507437, -247.0
1575351760.611519, -247.0
1575351760.715664, -247.0
1575351760.819904, -247.0
1575351760.917803, -247.0
1575351762.469685, -247.0
1575351763.97433, -247.0
1575351765.406723, -247.0
1575351765.500048, -247.0
1575351765.592659, -247.0
1575351765.684866, -247.0
1575351765.777895, -247.0
1575351765.870776, -247.0
1575351765.965034, -247.0
1575351766.058152, -247.0
1575351766.152196, -247.0
1575351766.245745, -247.0
1575351767.71276, -247.0
1575351769.131836, -247.0
1575351769.224461, -247.0
1575351769.317457, -247.0
1575351769.411658, -247.0
1575351770.97903, -247.0
1575351772.388604, -247.0
1575351772.481723, -247.0
1575351772.574676, -247.0
1575351772.667377, -247.0
1575351774.32642, -247.0
1575351775.91792, -247.0
1575351777.483805, -247.0
1575351779.135607, -247.0
1575351779.228704, -247.0
1575351779.32137, -247.0
1575351780.956494, -247.0
1575351781.050633, -247.0
1575351782.548757, -247.0
1575351784.28198, -247.0
1575351784.375152, -247.0
1575351785.951817, -247.0
1575351786.046428, -247.0
1575351786.152982, -247.0
1575351786.252804, -247.0
1575351787.681976, -247.0
1575351787.774887, -247.0
1575351787.868229, -247.0
1575351787.961505, -247.0
1575351788.058518, -247.0
1575351788.164573, -247.0
1575351788.2719, -247.0
1575351788.378163, -247.0
1575351788.484832, -247.0
1575351788.591623, -247.0
1575351788.698701, -247.0
1575351788.805951, -247.0
1575351788.91307, -247.0
1575351789.020229, -247.0
1575351789.127279, -247.0
1575351789.233924, -247.0
1575351789.340403, -247.0
1575351789.446678, -247.0
1575351789.552558, -247.0
1575351789.658047, -247.0
1575351789.763695, -247.0
1575351789.869122, -247.0
1575351789.974713, -247.0
1575351790.08041, -247.0
1575351790.185867, -247.0
1575351790.288544, -247.0
1575351790.381732, -247.0
1575351791.975764, -247.0
1575351793.535397, -247.0
1575351795.128338, -247.0
1575351795.221619, -247.0
1575351795.315733, -247.0
1575351796.764897, -247.0
1575351796.857767, -247.0
1575351796.950463, -247.0
1575351797.043373, -247.0
1575351797.136306, -247.0
1575351797.229233, -247.0
1575351797.322201, -247.0
1575351797.415469, -247.0
1575351797.508236, -247.0
1575351797.601249, -247.0
1575351799.069071, -247.0
1575351800.58649, -247.0
1575351801.998837, -247.0
1575351803.466876, -247.0
1575351804.813767, -247.0
1575351806.178053, -247.0
1575351807.562656, -247.0
1575351808.897865, -247.0
1575351810.240695, -247.0
1575351811.584288, -247.0
1575351813.002629, -247.0
1575351814.370517, -247.0
1575351815.977226, -247.0
1575351817.329319, -247.0
1575351817.422139, -247.0
1575351817.516109, -247.0
1575351818.93374, -247.0
1575351820.345946, -247.0
1575351821.81452, -247.0
1575351823.397588, -247.0
1575351824.874999, -247.0
1575351826.272188, -247.0
1575351828.044677, -247.0
1575351829.478558, -247.0
1575351830.861312, -247.0
1575351832.482211, -247.0
1575351833.820975, -247.0
1575351835.422503, -247.0
1575351836.932066, -247.0
1575351838.476513, -247.0
1575351838.569834, -247.0
1575351838.67653, -247.0
1575351838.782689, -247.0
1575351838.889231, -247.0
1575351838.995015, -247.0
1575351839.101292, -247.0
1575351839.206875, -247.0
1575351839.312762, -247.0
1575351839.419091, -247.0
1575351839.522063, -247.0
1575351841.1418, -247.0
1575351842.630437, -247.0
1575351844.033413, -247.0
1575351845.438265, -247.0
1575351847.060187, -247.0
1575351848.488481, -247.0
1575351848.582982, -247.0
1575351848.676029, -247.0
1575351848.775087, -247.0
1575351848.880286, -247.0
1575351848.978488, -247.0
1575351849.071468, -247.0
1575351849.167298, -247.0
1575351849.266306, -247.0
1575351849.365381, -247.0
1575351849.460565, -247.0
1575351849.553565, -247.0
1575351849.647126, -247.0
1575351851.19461, -247.0
1575351852.689708, -247.0
1575351854.216945, -247.0
1575351855.727425, -247.0
1575351857.201136, -247.0
1575351858.893203, -247.0
1575351860.391025, -247.0
1575351860.484103, -247.0
1575351860.577258, -247.0
1575351862.322887, -247.0
1575351863.778554, -247.0
1575351865.194642, -247.0
1575351866.772951, -247.0
1575351868.273308, -247.0
1575351869.921453, -247.0
1575351871.340339, -247.0
1575351873.000892, -247.0
1575351873.098923, -247.0
1575351873.206291, -247.0
1575351873.312124, -247.0
1575351873.419284, -247.0
1575351873.519245, -247.0
1575351873.616158, -247.0
1575351875.698176, -247.0
1575351877.144412, -247.0
1575351877.245628, -247.0
1575351877.346142, -247.0
1575351878.923049, -247.0
1575351879.02228, -247.0
1575351879.119059, -247.0
1575351879.211414, -247.0
1575351879.30773, -247.0
1575351879.407332, -247.0
1575351879.507507, -247.0
1575351879.607939, -247.0
1575351879.706834, -247.0
1575351879.806216, -247.0
1575351879.905349, -247.0
1575351880.00463, -247.0
1575351880.106036, -247.0
1575351880.21136, -247.0
1575351880.313366, -247.0
1575351880.412292, -247.0
1575351880.505108, -247.0
1575351881.989035, -247.0
1575351883.447801, -247.0
1575351885.046089, -247.0
1575351886.432623, -247.0
1575351887.937676, -247.0
1575351888.037164, -247.0
1575351888.130337, -247.0
1575351889.618626, -247.0
1575351891.043067, -247.0
1575351892.441455, -247.0
1575351893.791229, -247.0
1575351895.194367, -247.0
1575351896.666318, -247.0
1575351898.086487, -247.0
1575351899.647183, -247.0
1575351901.079799, -247.0
1575351902.49174, -247.0
1575351902.584961, -247.0
1575351903.957825, -247.0
1575351905.424318, -247.0
1575351905.517188, -247.0
1575351906.873233, -247.0
1575351908.360896, -247.0
1575351908.454251, -247.0
1575351908.547557, -247.0
1575351909.992288, -247.0
1575351911.479774, -247.0
1575351912.949201, -247.0
1575351914.441745, -247.0
1575351915.952731, -247.0
1575351917.317272, -247.0
1575351918.704377, -247.0
1575351920.248794, -247.0
1575351921.866488, -247.0
1575351923.361046, -247.0
1575351924.824316, -247.0
1575351926.33921, -247.0
1575351927.829895, -247.0
1575351929.305967, -247.0
1575351929.399154, -247.0
1575351930.889675, -247.0
1575351932.37093, -247.0
1575351932.464006, -247.0
1575351932.556813, -247.0
1575351934.086345, -247.0
1575351935.604188, -247.0
1575351936.951278, -247.0
1575351938.343261, -247.0
1575351939.978826, -247.0
1575351941.43407, -247.0
1575351941.527415, -247.0
1575351941.621021, -247.0
1575351943.383325, -247.0
1575351945.219812, -247.0
1575351946.648983, -247.0
1575351948.103673, -247.0
1575351949.6747, -247.0
1575351951.187334, -247.0
1575351951.280633, -247.0
1575351952.865582, -247.0
1575351954.374188, -247.0
1575351955.903542, -247.0
1575351957.438776, -247.0
1575351958.859147, -247.0
1575351960.484413, -247.0
1575351961.847252, -247.0
1575351963.212558, -247.0
1575351964.809853, -247.0
1575351964.902693, -247.0
1575351966.369878, -247.0
1575351967.884335, -247.0
1575351967.97743, -247.0
1575351968.070578, -247.0
1575351968.164034, -247.0
1575351968.256793, -247.0
1575351968.349796, -247.0
1575351969.740852, -247.0
1575351971.207443, -247.0
1575351971.300716, -247.0
1575351972.843742, -247.0
1575351974.320099, -247.0
1575351974.413558, -247.0
1575351975.894614, -247.0
1575351977.453424, -247.0
1575351977.546531, -247.0
1575351979.071135, -247.0
1575351980.624621, -247.0
1575351982.145001, -247.0
1575351982.238209, -247.0
1575351982.331017, -247.0
1575351982.424029, -247.0
1575351984.020532, -247.0
1575351985.484026, -247.0
1575351985.577078, -247.0
1575351985.669547, -247.0
1575351987.035101, -247.0
1575351988.646423, -247.0
1575351991.07049, -247.0
1575351992.657008, -247.0
1575351994.399938, -247.0
1575351996.080928, -247.0
1575351997.632969, -247.0
1575351997.7271, -247.0
1575351997.824468, -247.0
1575351997.924126, -247.0
1575351998.026502, -247.0
1575351998.128668, -247.0
1575351998.228485, -247.0
1575351998.331131, -247.0
1575351998.434359, -247.0
1575351998.53507, -247.0
1575351998.630844, -247.0
1575351998.730071, -247.0
1575352000.497544, -247.0
1575352000.592804, -247.0
1575352000.689259, -247.0
1575352000.787018, -247.0
1575352000.884164, -247.0
1575352000.982874, -247.0
1575352001.078941, -247.0
1575352003.027545, -247.0
1575352004.498339, -247.0
1575352005.982786, -247.0
1575352007.431021, -247.0
1575352007.52447, -247.0
1575352007.617327, -247.0
1575352007.71069, -247.0
1575352007.803775, -247.0
1575352007.896856, -247.0
1575352009.419254, -247.0
1575352010.935179, -247.0
1575352012.482103, -247.0
1575352013.912035, -247.0
1575352015.474498, -247.0
1575352015.567674, -247.0
1575352015.661184, -247.0
1575352015.760684, -247.0
1575352015.861673, -247.0
1575352015.968514, -247.0
1575352016.076332, -247.0
1575352016.183248, -247.0
1575352016.291018, -247.0
1575352016.398104, -247.0
1575352016.506066, -247.0
1575352016.613227, -247.0
1575352016.718514, -247.0
1575352016.825407, -247.0
1575352016.932885, -247.0
1575351843.554201, -247.0
1575351843.647455, -247.0
1575351845.09099, -247.0
1575351845.183561, -247.0
1575351845.289832, -247.0
1575351845.384161, -247.0
1575351845.490423, -247.0
1575351846.928118, -247.0
1575351848.379434, -247.0
1575351848.472541, -247.0
1575351848.565694, -247.0
1575351848.65887, -247.0
1575351848.751886, -247.0
1575351850.200665, -247.0
1575351850.293912, -247.0
1575351851.701432, -247.0
1575351851.79472, -247.0
1575351853.51065, -247.0
1575351853.603706, -247.0
1575351855.00625, -247.0
1575351856.479778, -247.0
1575351857.832214, -247.0
1575351857.925482, -247.0
1575351858.018436, -247.0
1575351858.111221, -247.0
1575351858.204433, -247.0
1575351858.297269, -247.0
1575351858.389921, -247.0
1575351859.834258, -247.0
1575351861.308825, -247.0
1575351861.401404, -247.0
1575351861.494376, -247.0
1575351861.587442, -247.0
1575351861.683255, -247.0
1575351863.131662, -247.0
1575351864.610542, -247.0
1575351866.144746, -247.0
1575351868.145972, -247.0
1575351868.238844, -247.0
1575351869.746501, -247.0
1575351871.181149, -247.0
1575351872.679703, -247.0
1575351874.351996, -247.0
1575351875.924403, -247.0
1575351877.475569, -247.0
1575351879.096384, -247.0
1575351879.189225, -247.0
1575351879.288518, -247.0
1575351879.394502, -247.0
1575351879.501667, -247.0
1575351879.608653, -247.0
1575351879.71453, -247.0
1575351879.818174, -247.0
1575351879.919929, -247.0
1575351880.021852, -247.0
1575351880.123509, -247.0
1575351880.224989, -247.0
1575351880.326443, -247.0
1575351880.430089, -247.0
1575351880.52322, -247.0
1575351880.617501, -247.0
1575351880.714063, -247.0
1575351880.809253, -247.0
1575351880.903959, -247.0
1575351881.002222, -247.0
1575351881.105193, -247.0
1575351881.213085, -247.0
1575351881.321298, -247.0
1575351881.427989, -247.0
1575351881.536003, -247.0
1575351881.656897, -247.0
1575351881.764643, -247.0
1575351881.863646, -247.0
1575351881.959234, -247.0
1575351882.055059, -247.0
1575351882.151444, -247.0
1575351882.244986, -247.0
1575351882.338592, -247.0
1575351882.43866, -247.0
1575351882.539894, -247.0
1575351882.632725, -247.0
1575351882.725546, -247.0
1575351882.818649, -247.0
1575351882.91142, -247.0
1575351883.008964, -247.0
1575351883.112353, -247.0
1575351883.220167, -247.0
1575351883.323947, -247.0
1575351883.429132, -247.0
1575351883.536981, -247.0
1575351883.641491, -247.0
1575351883.749538, -247.0
1575351883.851944, -247.0
1575351883.955316, -247.0
1575351884.060459, -247.0
1575351884.153909, -247.0
1575351884.247255, -247.0
1575351885.923261, -247.0
1575351887.430813, -247.0
1575351888.982414, -247.0
1575351889.075999, -247.0
1575351889.179943, -247.0
1575351891.051321, -247.0
1575351892.668628, -247.0
1575351894.028496, -247.0
1575351895.511862, -247.0
1575351897.040806, -247.0
1575351898.571068, -247.0
1575351900.197297, -247.0
1575351900.289733, -247.0
1575351900.381761, -247.0
1575351900.475566, -247.0
1575351900.568463, -247.0
1575351900.661313, -247.0
1575351902.553223, -247.0
1575351902.645729, -247.0
1575351904.108966, -247.0
1575351905.58475, -247.0
1575351907.07753, -247.0
1575351907.170554, -247.0
1575351907.264755, -247.0
1575351907.361954, -247.0
1575351907.457208, -247.0
1575351907.558821, -247.0
1575351907.654238, -247.0
1575351909.092517, -247.0
1575351910.547854, -247.0
1575351912.144082, -247.0
1575351913.681946, -247.0
1575351915.214467, -247.0
1575351915.307487, -247.0
1575351915.400686, -247.0
1575351915.493716, -247.0
1575351915.586684, -247.0
1575351915.679401, -247.0
1575351915.772405, -247.0
1575351915.865716, -247.0
1575351915.958782, -247.0
1575351916.051626, -247.0
1575351916.144978, -247.0
1575351916.238063, -247.0
1575351916.330965, -247.0
1575351916.424644, -247.0
1575351916.519179, -247.0
1575351916.617951, -247.0
1575351916.725135, -247.0
1575351916.824226, -247.0
1575351916.917966, -247.0
1575351917.012313, -247.0
1575351917.108481, -247.0
1575351917.20747, -247.0
1575351917.312692, -247.0
1575351917.412153, -247.0
1575351919.966495, -247.0
1575351920.059065, -247.0
1575351920.152008, -247.0
1575351921.754986, -247.0
1575351921.847729, -247.0
1575351921.94086, -247.0
1575351922.034471, -247.0
1575351923.722156, -247.0
1575351923.815243, -247.0
1575351925.4743, -247.0
1575351927.082273, -247.0
1575351928.759847, -247.0
1575351930.29838, -247.0
1575351931.759846, -247.0
1575351931.852853, -247.0
1575351931.946198, -247.0
1575351932.0393, -247.0
1575351933.611106, -247.0
1575351933.704382, -247.0
1575351933.79729, -247.0
1575351933.890273, -247.0
1575351935.453213, -247.0
1575351935.546412, -247.0
1575351937.038884, -247.0
1575351937.131695, -247.0
1575351938.722865, -247.0
1575351940.2312, -247.0
1575351941.75063, -247.0
1575351943.342617, -247.0
1575351944.981625, -247.0
1575351946.544439, -247.0
1575351948.079722, -247.0
1575351949.530141, -247.0
1575351951.03198, -247.0
1575351952.560409, -247.0
1575351952.653436, -247.0
1575351952.746554, -247.0
1575351954.247818, -247.0
1575351954.340941, -247.0
1575351954.433428, -247.0
1575351954.52598, -247.0
1575351954.618898, -247.0
1575351954.711703, -247.0
1575351954.805689, -247.0
1575351954.903743, -247.0
1575351955.010935, -247.0
1575351955.109227, -247.0
1575351955.202212, -247.0
1575351955.295966, -247.0
1575351956.864511, -247.0
1575351958.476226, -247.0
1575351958.569633, -247.0
1575351960.252416, -247.0
1575351961.849162, -247.0
1575351961.942039, -247.0
1575351963.58672, -247.0
1575351965.229236, -247.0
1575351965.322397, -247.0
1575351965.416046, -247.0
1575351966.946668, -247.0
1575351968.419818, -247.0
1575351968.512246, -247.0
1575351970.052547, -247.0
1575351970.14525, -247.0
1575351971.70374, -247.0
1575351973.171508, -247.0
1575351973.264391, -247.0
1575351974.766475, -247.0
1575351976.288119, -247.0
1575351976.380726, -247.0
1575351978.109652, -247.0
1575351979.851637, -247.0
1575351981.615214, -247.0
1575351981.710361, -247.0
1575351983.440912, -247.0
1575351985.08382, -247.0
1575351986.737325, -247.0
1575351988.43082, -247.0
1575351990.115239, -247.0
1575351991.686675, -247.0
1575351993.268115, -247.0
1575351994.761271, -247.0
1575351994.854113, -247.0
1575351994.946725, -247.0
1575351995.039273, -247.0
1575351996.632068, -247.0
1575351998.377436, -247.0
1575351998.470161, -247.0
1575352000.234999, -247.0
1575352000.327512, -247.0
1575352002.047819, -247.0
1575352003.595044, -247.0
1575352003.688136, -247.0
1575352003.780605, -247.0
1575352003.873184, -247.0
1575352005.418786, -247.0
1575352007.007543, -247.0
1575351861.869855, -247.0
1575351861.963497, -247.0
1575351863.404493, -247.0
1575351865.108976, -247.0
1575351866.872546, -247.0
1575351868.34804, -247.0
1575351869.687793, -247.0
1575351871.228695, -247.0
1575351872.663472, -247.0
1575351874.191987, -247.0
1575351875.650755, -247.0
1575351877.072629, -247.0
1575351877.165536, -247.0
1575351878.993401, -247.0
1575351880.874283, -247.0
1575351882.811727, -247.0
1575351884.472832, -247.0
1575351884.566806, -247.0
1575351884.666529, -247.0
1575351884.774956, -247.0
1575351884.881207, -247.0
1575351884.9855, -247.0
1575351885.088664, -247.0
1575351885.191086, -247.0
1575351885.294919, -247.0
1575351885.397575, -247.0
1575351885.491367, -247.0
1575351885.584907, -247.0
1575351885.677945, -247.0
1575351885.772256, -247.0
1575351885.865659, -247.0
1575351885.958972, -247.0
1575351887.485785, -247.0
1575351887.578871, -247.0
1575351889.311889, -247.0
1575351890.870499, -247.0
1575351890.963994, -247.0
1575351891.057452, -247.0
1575351891.150232, -247.0
1575351893.268672, -247.0
1575351894.738449, -247.0
1575351896.312103, -247.0
1575351897.684472, -247.0
1575351899.167789, -247.0
1575351899.261307, -247.0
1575351899.354279, -247.0
1575351899.452113, -247.0
1575351899.550816, -247.0
1575351899.646137, -247.0
1575351899.744867, -247.0
1575351899.851311, -247.0
1575351899.959347, -247.0
1575351900.077693, -247.0
1575351900.185095, -247.0
1575351900.292465, -247.0
1575351900.399983, -247.0
1575351900.507031, -247.0
1575351900.613703, -247.0
1575351900.720167, -247.0
1575351900.82718, -247.0
1575351900.934433, -247.0
1575351901.042302, -247.0
1575351901.149776, -247.0
1575351901.25741, -247.0
1575351901.365408, -247.0
1575351901.47307, -247.0
1575351901.580658, -247.0
1575351901.687468, -247.0
1575351901.796771, -247.0
1575351901.903163, -247.0
1575351901.997476, -247.0
1575351902.095757, -247.0
1575351903.450288, -247.0
1575351904.820659, -247.0
1575351906.250686, -247.0
1575351907.653139, -247.0
1575351909.000933, -247.0
1575351910.447992, -247.0
1575351911.931917, -247.0
1575351913.457408, -247.0
1575351915.003807, -247.0
1575351916.468423, -247.0
1575351917.858736, -247.0
1575351917.951844, -247.0
1575351919.488283, -247.0
1575351919.582045, -247.0
1575351919.675291, -247.0
1575351921.149545, -247.0
1575351922.607807, -247.0
1575351924.167319, -247.0
1575351925.558723, -247.0
1575351926.927088, -247.0
1575351928.404835, -247.0
1575351929.877497, -247.0
1575351931.3405, -247.0
1575351931.433794, -247.0
1575351932.859956, -247.0
1575351934.276261, -247.0
1575351935.76894, -247.0
1575351935.862277, -247.0
1575351935.956535, -247.0
1575351938.186324, -247.0
1575351938.280268, -247.0
1575351939.855356, -247.0
1575351939.948623, -247.0
1575351940.042184, -247.0
1575351940.136852, -247.0
1575351940.229886, -247.0
1575351941.735431, -247.0
1575351943.076641, -247.0
1575351944.481309, -247.0
1575351945.941662, -247.0
1575351947.585392, -247.0
1575351949.124083, -247.0
1575351950.837519, -247.0
1575351952.357184, -247.0
1575351953.823267, -247.0
1575351955.298693, -247.0
1575351956.760762, -247.0
1575351958.229523, -247.0
1575351959.788069, -247.0
1575351959.881905, -247.0
1575351959.985823, -247.0
1575351960.09127, -247.0
1575351961.561599, -247.0
1575351961.655111, -247.0
1575351963.168804, -247.0
1575351963.262163, -247.0
1575351964.791805, -247.0
1575351966.158161, -247.0
1575351967.576323, -247.0
1575351969.075367, -247.0
1575351970.549956, -247.0
1575351972.012939, -247.0
1575351973.685477, -247.0
1575351975.311841, -247.0
1575351975.405095, -247.0
1575351975.498384, -247.0
1575351976.849741, -247.0
1575351976.944707, -247.0
1575351978.433902, -247.0
1575351979.852383, -247.0
1575351981.218671, -247.0
1575351982.745259, -247.0
1575351984.168417, -247.0
1575351985.610217, -247.0
1575351987.062206, -247.0
1575351988.556585, -247.0
1575351988.650004, -247.0
1575351988.748742, -247.0
1575351988.848295, -247.0
1575351988.951232, -247.0
1575351989.055567, -247.0
1575351989.151556, -247.0
1575351989.249348, -247.0
1575351989.348166, -247.0
1575351989.441747, -247.0
1575351991.062851, -247.0
1575351991.155923, -247.0
1575351993.488393, -247.0
1575351995.261712, -247.0
1575351996.809678, -247.0
1575351998.385122, -247.0
1575351998.4792, -247.0
1575352000.702655, -247.0
1575352002.202356, -247.0
1575352003.712804, -247.0
1575352005.280149, -247.0
1575352006.691822, -247.0
1575352008.227852, -247.0
1575352009.695244, -247.0
1575352011.2035, -247.0
1575352011.296905, -247.0
1575352012.802346, -247.0
1575352014.218997, -247.0
1575352015.69577, -247.0
1575352015.789736, -247.0
1575352017.325426, -247.0
1575352019.098978, -247.0
1575352019.192356, -247.0
1575352019.284933, -247.0
1575352020.902313, -247.0
1575352022.281578, -247.0
1575352023.680866, -247.0
1575352025.151788, -247.0
1575352026.589195, -247.0
1575352026.682293, -247.0
1575352026.775338, -247.0
1575352028.710572, -247.0
1575352028.803641, -247.0
1575352030.262371, -247.0
1575352031.630388, -247.0
1575352032.979972, -247.0
1575352034.44626, -247.0
1575352036.003683, -247.0
1575352037.396999, -247.0
1575352038.84867, -247.0
1575352040.2347, -247.0
1575352041.600652, -247.0
1575352043.314147, -247.0
1575352045.222176, -247.0
1575352047.079448, -247.0
1575352049.306055, -247.0
1575352051.242818, -247.0
1575352053.217182, -247.0
1575352055.139458, -247.0
1575352056.843122, -247.0
1575352058.565404, -247.0
1575352060.012866, -247.0
1575352061.510051, -247.0
1575352062.991125, -247.0
1575352064.482114, -247.0
1575352065.855834, -247.0
1575352067.288722, -247.0
1575352068.710848, -247.0
1575352070.105447, -247.0
1575352071.602039, -247.0
1575352073.1244, -247.0
1575352074.557485, -247.0
1575352076.12946, -247.0
1575352077.528717, -247.0
1575352079.074329, -247.0
1575352079.167368, -247.0
1575352079.260131, -247.0
1575352080.758939, -247.0
1575352082.235575, -244.0
1575352083.906272, -244.0
1575352085.370587, -244.0
1575352087.669535, -244.0
1575352087.767643, -244.0
1575352087.863504, -244.0
1575352089.366651, -244.0
1575352091.122794, -244.0
1575352092.720377, -244.0
1575352094.147579, -244.0
1575352095.695161, -244.0
1575352097.555162, -244.0
1575352098.912426, -244.0
1575352100.325701, -244.0
1575352101.624005, -244.0
1575352103.186771, -244.0
1575352104.555505, -244.0
1575352105.917852, -244.0
1575352107.28343, -244.0
1575352108.635684, -244.0
1575352109.995529, -244.0
1575352111.36822, -244.0
1575352112.691038, -244.0
1575352114.084723, -244.0
1575352115.443726, -244.0
1575351890.912556, -247.0
1575351891.005837, -247.0
1575351891.112562, -247.0
1575351891.216569, -247.0
1575351891.323992, -247.0
1575351891.423041, -247.0
1575351891.517348, -247.0
1575351891.616296, -247.0
1575351891.717581, -247.0
1575351891.811246, -247.0
1575351893.348378, -247.0
1575351893.441794, -247.0
1575351895.039515, -247.0
1575351895.132941, -247.0
1575351895.226603, -247.0
1575351895.319861, -247.0
1575351895.412918, -247.0
1575351895.506424, -247.0
1575351895.599347, -247.0
1575351895.692672, -247.0
1575351895.78651, -247.0
1575351895.879887, -247.0
1575351897.276613, -247.0
1575351899.749522, -247.0
1575351901.29849, -247.0
1575351901.391534, -247.0
1575351902.963927, -247.0
1575351904.642858, -247.0
1575351904.735933, -247.0
1575351906.488438, -247.0
1575351908.285829, -247.0
1575351908.378843, -247.0
1575351908.472321, -247.0
1575351910.034422, -247.0
1575351910.127817, -247.0
1575351910.222009, -247.0
1575351910.315809, -247.0
1575351910.411143, -247.0
1575351910.505651, -247.0
1575351910.604433, -247.0
1575351910.705398, -247.0
1575351910.807128, -247.0
1575351910.911331, -247.0
1575351911.013049, -247.0
1575351911.108143, -247.0
1575351911.203057, -247.0
1575351911.299208, -247.0
1575351912.859984, -247.0
1575351912.953441, -247.0
1575351913.049694, -247.0
1575351913.148938, -247.0
1575351913.244692, -247.0
1575351913.339145, -247.0
1575351913.437838, -247.0
1575351913.5345, -247.0
1575351915.158915, -247.0
1575351915.252583, -247.0
1575351915.345264, -247.0
1575351916.956317, -247.0
1575351917.049312, -247.0
1575351917.142105, -247.0
1575351917.235483, -247.0
1575351917.328236, -247.0
1575351917.42132, -247.0
1575351919.063095, -247.0
1575351920.559808, -247.0
1575351922.392531, -247.0
1575351922.485318, -247.0
1575351923.955969, -247.0
1575351924.049477, -247.0
1575351924.142964, -247.0
1575351925.68307, -247.0
1575351925.77596, -247.0
1575351927.336945, -247.0
1575351927.430178, -247.0
1575351927.523044, -247.0
1575351927.616345, -247.0
1575351929.130494, -247.0
1575351929.223921, -247.0
1575351930.766176, -247.0
1575351930.859699, -247.0
1575351932.843525, -247.0
1575351934.488699, -247.0
1575351936.272032, -247.0
1575351936.365169, -247.0
1575351936.458326, -247.0
1575351936.552649, -247.0
1575351936.647155, -247.0
1575351936.740983, -247.0
1575351936.834769, -247.0
1575351938.443875, -247.0
1575351938.53708, -247.0
1575351938.630653, -247.0
1575351938.724953, -247.0
1575351938.820049, -247.0
1575351938.920611, -247.0
1575351939.015, -247.0
1575351939.109202, -247.0
1575351939.205317, -247.0
1575351939.300294, -247.0
1575351939.397145, -247.0
1575351939.490188, -247.0
1575351939.583484, -247.0
1575351939.676419, -247.0
1575351939.76941, -247.0
1575351939.863495, -247.0
1575351939.959815, -247.0
1575351940.055003, -247.0
1575351941.681834, -247.0
1575351943.31456, -247.0
1575351943.407728, -247.0
1575351945.252522, -247.0
1575351946.82568, -247.0
1575351946.918834, -247.0
1575351947.011996, -247.0
1575351947.105121, -247.0
1575351948.604183, -247.0
1575351950.263983, -247.0
1575351951.852724, -247.0
1575351953.500714, -247.0
1575351953.59386, -247.0
1575351953.68787, -247.0
1575351953.782559, -247.0
1575351953.876523, -247.0
1575351953.969338, -247.0
1575351955.622981, -247.0
1575351955.715787, -247.0
1575351957.304272, -247.0
1575351958.922913, -247.0
1575351960.602099, -247.0
1575351962.363219, -247.0
1575351962.456457, -247.0
1575351964.196459, -247.0
1575351965.907549, -247.0
1575351968.547579, -247.0
1575351970.321146, -247.0
1575351970.41469, -247.0
1575351970.507999, -247.0
1575351970.601678, -247.0
1575351970.695254, -247.0
1575351970.788482, -247.0
1575351972.489013, -247.0
1575351972.58199, -247.0
1575351974.034132, -247.0
1575351975.642501, -247.0
1575351977.102318, -247.0
1575351977.195497, -247.0
1575351977.289691, -247.0
1575351977.386249, -247.0
1575351977.488433, -247.0
1575351977.596626, -247.0
1575351977.699015, -247.0
1575351977.7931, -247.0
1575351979.251919, -247.0
1575351979.345526, -247.0
1575351980.889238, -247.0
1575351982.433142, -247.0
1575351983.904829, -247.0
1575351983.998135, -247.0
1575351984.091685, -247.0
1575351985.687993, -247.0
1575351987.373436, -247.0
1575351987.466167, -247.0
1575351989.031884, -247.0
1575351989.124611, -247.0
1575351989.218005, -247.0
1575351989.311484, -247.0
1575351989.404707, -247.0
1575351989.497961, -247.0
1575351989.59106, -247.0
1575351989.684356, -247.0
1575351989.7771, -247.0
1575351991.360122, -247.0
1575351991.452949, -247.0
1575351991.546333, -247.0
1575351991.639581, -247.0
1575351991.732284, -247.0
1575351993.306661, -247.0
1575351995.025926, -247.0
1575351996.676486, -247.0
1575351998.522951, -247.0
1575352000.250308, -247.0
1575352000.343215, -247.0
1575352001.929983, -247.0
1575352003.561124, -247.0
1575352005.367837, -247.0
1575352007.152817, -247.0
1575352007.246144, -247.0
1575352008.931758, -247.0
1575352010.910226, -247.0
1575352012.372399, -247.0
1575352012.465863, -247.0
1575352012.55882, -247.0
1575352014.101369, -247.0
1575352014.194499, -247.0
1575352015.663409, -247.0
1575352017.104561, -247.0
1575352017.197131, -247.0
1575352017.290188, -247.0
1575352017.382598, -247.0
1575352017.47558, -247.0
1575352018.98523, -247.0
1575352020.696392, -247.0
1575352022.610533, -247.0
1575352024.321935, -247.0
1575352025.873931, -247.0
1575352025.96646, -247.0
1575352027.510543, -247.0
1575352027.603426, -247.0
1575352027.696242, -247.0
1575352029.269573, -247.0
1575352030.95858, -247.0
1575352031.051421, -247.0
1575352031.144161, -247.0
1575352031.237132, -247.0
1575352031.330107, -247.0
1575352031.423241, -247.0
1575352033.133256, -247.0
1575352033.226419, -247.0
1575352033.319392, -247.0
1575352033.411854, -247.0
1575352033.504846, -247.0
1575352035.030132, -247.0
1575352036.503756, -247.0
1575352038.057293, -247.0
1575352038.150157, -247.0
1575352038.243038, -247.0
1575352038.335862, -247.0
1575352038.429009, -247.0
1575352038.521615, -247.0
1575352038.614998, -247.0
1575352038.707438, -247.0
1575352040.404298, -247.0
1575352040.499282, -247.0
1575352040.595394, -247.0
1575352040.690392, -247.0
1575352040.78548, -247.0
1575352040.878505, -247.0
1575352040.972658, -247.0
1575352041.06671, -247.0
1575352041.160885, -247.0
1575352041.254039, -247.0
1575352041.347381, -247.0
1575352041.440607, -247.0
1575352041.53351, -247.0
1575352041.626278, -247.0
1575352041.719265, -247.0
1575352041.811867, -247.0
1575352043.617225, -247.0
1575352043.711098, -247.0
1575352008.430746, -247.0
1575352009.775991, -247.0
1575352011.157237, -247.0
1575352012.596989, -247.0
1575352014.016934, -247.0
1575352015.346205, -247.0
1575352016.771261, -247.0
1575352018.103265, -247.0
1575352019.439402, -247.0
1575352020.788888, -247.0
1575352022.140913, -247.0
1575352023.56261, -247.0
1575352024.95185, -247.0
1575352026.401194, -247.0
1575352027.935809, -247.0
1575352029.695984, -247.0
1575352029.795687, -247.0
1575352031.256394, -247.0
1575352032.736407, -247.0
1575352034.197263, -247.0
1575352035.674246, -247.0
1575352037.035677, -247.0
1575352038.515928, -247.0
1575352039.962173, -247.0
1575352041.466462, -247.0
1575352041.560949, -247.0
1575352042.925735, -247.0
1575352044.277452, -247.0
1575352045.727137, -247.0
1575352047.049782, -247.0
1575352048.950465, -247.0
1575352050.260072, -247.0
1575352051.676858, -247.0
1575352053.22872, -247.0
1575352054.684443, -247.0
1575352056.068901, -247.0
1575352057.440412, -247.0
1575352059.627922, -247.0
1575352061.066989, -247.0
1575352062.942678, -247.0
1575352064.506326, -247.0
1575352065.881747, -247.0
1575352067.596501, -247.0
1575352069.077501, -247.0
1575352069.170738, -247.0
1575352069.26741, -247.0
1575352069.374221, -247.0
1575352069.479913, -247.0
1575352069.585154, -247.0
1575352069.690704, -247.0
1575352069.796145, -247.0
1575352069.898496, -247.0
1575352069.996557, -247.0
1575352070.098211, -247.0
1575352070.199361, -247.0
1575352070.292144, -247.0
1575352070.385022, -247.0
1575352070.489949, -247.0
1575352070.596916, -247.0
1575352070.702269, -247.0
1575352070.807756, -247.0
1575352070.913738, -247.0
1575352071.01896, -247.0
1575352071.12387, -247.0
1575352071.229159, -247.0
1575352071.334497, -247.0
1575352071.429023, -247.0
1575352071.52436, -247.0
1575352071.619028, -247.0
1575352071.715408, -247.0
1575352071.81416, -247.0
1575352071.912311, -247.0
1575352072.007176, -247.0
1575352072.102048, -247.0
1575352072.204593, -247.0
1575352072.310594, -247.0
1575352072.408887, -247.0
1575352072.508112, -247.0
1575352072.601941, -247.0
1575352072.695936, -247.0
1575352072.791369, -247.0
1575352072.889645, -247.0
1575352072.987356, -247.0
1575352073.085703, -247.0
1575352073.184529, -247.0
1575352073.283506, -247.0
1575352073.383733, -247.0
1575352073.483082, -247.0
1575352073.579388, -247.0
1575352073.672155, -247.0
1575352073.765794, -247.0
1575352073.85801, -247.0
1575352073.95004, -247.0
1575352075.372803, -247.0
1575352076.861292, -247.0
1575352078.30362, -247.0
1575352079.744194, -247.0
1575352081.04359, -244.0
1575352082.415988, -244.0
1575352083.800108, -244.0
1575352085.115136, -244.0
1575352086.502048, -244.0
1575352087.865404, -244.0
1575352089.24764, -244.0
1575352090.598293, -244.0
1575352091.954056, -244.0
1575352093.325432, -244.0
1575352094.765759, -244.0
1575352096.18541, -244.0
1575352097.711218, -244.0
1575352099.061207, -244.0
1575352100.365444, -244.0
1575352101.733814, -244.0
1575352103.175046, -244.0
1575352104.617843, -244.0
1575352106.101492, -244.0
1575352107.526156, -244.0
1575352109.000505, -244.0
1575352110.381935, -244.0
1575352111.734121, -244.0
1575352113.16618, -244.0
1575352114.568598, -244.0
1575352115.955256, -244.0
1575352117.396744, -244.0
1575352118.775548, -244.0
1575352120.551179, -244.0
1575352121.912575, -244.0
1575352123.260706, -244.0
1575352124.62734, -244.0
1575352125.984882, -244.0
1575352127.318751, -244.0
1575352128.636141, -244.0
1575352129.981585, -244.0
1575352131.349372, -244.0
1575352132.817849, -244.0
1575352134.198755, -244.0
1575352135.482779, -244.0
1575352136.864163, -244.0
1575352138.283007, -244.0
1575352139.705995, -244.0
1575352141.047619, -244.0
1575352142.461563, -244.0
1575352143.821568, -244.0
1575352145.297243, -244.0
1575352146.67456, -244.0
1575352148.062991, -244.0
1575352149.455686, -244.0
1575352150.799294, -244.0
1575352152.120437, -244.0
1575352153.427416, -244.0
1575352154.744758, -244.0
1575352156.09332, -244.0
1575352157.5061, -244.0
1575352158.858929, -244.0
1575352160.176429, -244.0
1575352161.534679, -244.0
1575352162.885585, -244.0
1575352164.161742, -244.0
1575352165.57169, -244.0
1575352166.918406, -244.0
1575352168.267756, -244.0
1575352169.605631, -244.0
1575352170.855924, -244.0
1575352172.201969, -244.0
1575352173.545556, -244.0
1575352174.88057, -244.0
1575352176.218376, -244.0
1575352177.55511, -244.0
1575352179.108886, -244.0
1575352181.594933, -244.0
1575352183.177814, -244.0
1575352183.27104, -244.0
1575352183.363721, -244.0
1575352183.464317, -244.0
1575352184.866287, -244.0
1575352186.207875, -244.0
1575352187.570279, -244.0
1575352189.032625, -244.0
1575352190.478722, -244.0
1575352191.846185, -244.0
1575352193.195367, -244.0
1575352194.565286, -244.0
1575352195.898223, -244.0
1575352197.290344, -244.0
1575352198.670361, -244.0
1575352200.032222, -244.0
1575352201.398266, -244.0
1575352202.747324, -244.0
1575352204.17173, -244.0
1575352205.500934, -244.0
1575352206.870612, -244.0
1575352208.240163, -244.0
1575352209.670237, -244.0
1575352211.121635, -244.0
1575352212.592514, -244.0
1575352213.998147, -244.0
1575352215.383672, -244.0
1575352216.803391, -244.0
1575352218.187087, -244.0
1575352219.555851, -244.0
1575352220.973911, -244.0
1575352222.330431, -244.0
1575352223.693314, -244.0
1575352225.06217, -244.0
1575352226.389542, -244.0
1575352227.704587, -244.0
1575352229.055074, -244.0
1575352230.390777, -244.0
1575352231.660436, -244.0
1575352233.007603, -244.0
1575352234.407588, -244.0
1575352235.809597, -244.0
1575352237.211824, -244.0
1575352238.532766, -244.0
1575352239.963762, -244.0
1575352241.286239, -244.0
1575352242.583586, -244.0
1575352244.035775, -244.0
1575352245.473031, -244.0
1575352246.918176, -244.0
1575352248.340138, -244.0
1575352249.946596, -244.0
1575352251.246784, -244.0
1575352252.844333, -244.0
1575352254.284941, -244.0
1575352255.654478, -244.0
1575352257.07489, -244.0
1575352258.465747, -244.0
1575352259.878647, -244.0
1575352261.284939, -244.0
1575352262.654091, -244.0
1575352264.074289, -244.0
1575352265.601347, -244.0
1575352265.69619, -244.0
1575352267.074073, -244.0
1575352268.511141, -244.0
1575352269.871327, -244.0
1575352271.265754, -244.0
1575352272.742386, -244.0
1575352272.836664, -244.0
1575352272.933016, -244.0
1575352273.034589, -244.0
1575352273.13107, -244.0
1575352273.229519, -244.0
1575352273.329361, -244.0
1575352273.422176, -244.0
1575352273.51908, -244.0
1575352273.613921, -244.0
1575352273.710813, -244.0
1575352273.811882, -244.0
