1575352286.560481, -267.0
1575352286.930196, -255.0
1575352289.972445, -251.0
1575352290.341713, -251.0
1575352290.711398, -251.0
1575352291.083815, -251.0
1575352291.454031, -246.0
1575352295.724518, -246.0
1575352298.600877, -246.0
1575352304.126714, -246.0
1575352309.874413, -246.0
1575352315.510217, -246.0
1575352321.207234, -246.0
1575352324.227471, -246.0
1575352327.135192, -246.0
1575352328.830291, -246.0
1575352331.783326, -246.0
1575352336.025524, -246.0
1575352341.89203, -246.0
1575352344.854906, -246.0
1575352347.761502, -246.0
1575352350.618942, -246.0
1575352353.678655, -246.0
1575352354.057367, -246.0
1575352359.584282, -246.0
1575352365.098916, -246.0
1575352366.796399, -246.0
1575352368.419815, -246.0
1575352371.407881, -246.0
1575352374.455521, -246.0
1575352376.08485, -246.0
1575352379.065588, -246.0
1575352384.692852, -246.0
1575352387.603486, -246.0
1575352391.940662, -246.0
1575352396.137617, -246.0
1575352397.769814, -246.0
1575352399.708233, -246.0
1575352400.083158, -246.0
1575352400.462102, -246.0
1575352400.840591, -246.0
1575352401.221658, -246.0
1575352401.600285, -246.0
1575352406.133261, -246.0
1575352409.117528, -246.0
1575352409.495243, -246.0
1575352409.8725, -246.0
1575352411.510469, -246.0
1575352413.098996, -246.0
1575352416.347837, -246.0
1575352286.606737, -266.0
1575352286.976184, -255.0
1575352291.253027, -246.0
1575352291.622162, -246.0
1575352291.991618, -246.0
1575352292.361758, -246.0
1575352292.730631, -246.0
1575352295.728717, -246.0
1575352298.756141, -246.0
1575352299.124963, -246.0
1575352299.505733, -246.0
1575352299.876454, -246.0
1575352302.866648, -246.0
1575352305.772901, -246.0
1575352308.788757, -246.0
1575352311.681863, -246.0
1575352314.638193, -246.0
1575352318.862658, -246.0
1575352324.27755, -246.0
1575352329.588831, -246.0
1575352332.370008, -246.0
1575352335.249012, -246.0
1575352338.159814, -246.0
1575352341.164219, -246.0
1575352341.533935, -246.0
1575352343.195475, -246.0
1575352343.565279, -246.0
1575352343.938871, -246.0
1575352344.32251, -246.0
1575352344.712301, -246.0
1575352345.110567, -246.0
1575352345.501054, -246.0
1575352345.897285, -246.0
1575352346.297985, -246.0
1575352346.698226, -246.0
1575352347.098338, -246.0
1575352347.500081, -246.0
1575352347.900301, -246.0
1575352348.303896, -246.0
1575352348.725422, -246.0
1575352349.143619, -246.0
1575352349.541625, -246.0
1575352349.959601, -246.0
1575352350.370378, -246.0
1575352350.793059, -246.0
1575352351.203073, -246.0
1575352351.606145, -246.0
1575352352.005863, -246.0
1575352352.404721, -246.0
1575352352.804873, -246.0
1575352286.656372, -255.0
1575352287.026618, -255.0
1575352289.977803, -251.0
1575352290.346871, -251.0
1575352290.715722, -251.0
1575352291.087135, -251.0
1575352291.456551, -246.0
1575352296.836475, -246.0
1575352301.101499, -246.0
1575352302.830683, -246.0
1575352304.58298, -246.0
1575352304.965301, -246.0
1575352305.338177, -246.0
1575352305.718048, -246.0
1575352306.099107, -246.0
1575352306.475382, -246.0
1575352306.8579, -246.0
1575352309.835769, -246.0
1575352310.209664, -246.0
1575352311.861311, -246.0
1575352312.229882, -246.0
1575352313.819878, -246.0
1575352315.469776, -246.0
1575352318.425683, -246.0
1575352318.794207, -246.0
1575352319.163048, -246.0
1575352319.532257, -246.0
1575352322.425396, -246.0
1575352322.797583, -246.0
1575352324.615564, -246.0
1575352325.000364, -246.0
1575352325.368747, -246.0
1575352325.74771, -246.0
1575352326.135293, -246.0
1575352326.541867, -246.0
1575352326.932486, -246.0
1575352327.309569, -246.0
1575352329.111948, -246.0
1575352330.980025, -246.0
1575352332.597485, -246.0
1575352334.320049, -246.0
1575352336.077464, -246.0
1575352336.470879, -246.0
1575352338.448665, -246.0
1575352340.144593, -246.0
1575352341.911849, -246.0
1575352343.576991, -246.0
1575352345.22758, -246.0
1575352345.613147, -246.0
1575352346.02236, -246.0
1575352287.492715, -255.0
1575352288.32045, -255.0
1575352295.588513, -246.0
1575352296.417792, -246.0
1575352297.249525, -246.0
1575352298.104202, -246.0
1575352298.977294, -246.0
1575352299.805984, -246.0
1575352300.638476, -246.0
1575352301.485134, -246.0
1575352302.363198, -246.0
1575352303.248109, -246.0
1575352304.127093, -246.0
1575352305.004554, -246.0
1575352311.1341, -246.0
1575352317.126876, -246.0
1575352327.080993, -246.0
1575352333.379322, -246.0
1575352334.239777, -246.0
1575352341.677735, -246.0
1575352344.995587, -246.0
1575352353.7262, -246.0
1575352362.239507, -246.0
1575352369.52132, -246.0
1575352379.406705, -246.0
1575352389.394488, -246.0
1575352399.602468, -246.0
1575352409.602089, -246.0
1575352416.774691, -246.0
1575352420.087671, -246.0
1575352426.017518, -246.0
1575352429.549355, -245.0
1575352437.068681, -245.0
1575352444.368434, -245.0
1575352447.722439, -245.0
1575352452.308762, -245.0
1575352455.670761, -245.0
1575352457.751069, -245.0
1575352458.597412, -245.0
1575352461.981254, -245.0
1575352465.274878, -245.0
1575352472.476848, -245.0
1575352478.481829, -245.0
1575352489.118148, -245.0
1575352495.126051, -245.0
1575352501.209173, -245.0
1575352507.208675, -245.0
1575352514.516327, -245.0
1575352523.039402, -245.0
1575352527.706352, -245.0
1575352347.365176, -246.0
1575352348.10369, -246.0
1575352348.843135, -246.0
1575352349.580206, -246.0
1575352350.319367, -246.0
1575352351.055889, -246.0
1575352351.795547, -246.0
1575352352.532226, -246.0
1575352353.269723, -246.0
1575352354.008399, -246.0
1575352354.74641, -246.0
1575352355.486788, -246.0
1575352356.227418, -246.0
1575352356.965571, -246.0
1575352357.704459, -246.0
1575352358.442604, -246.0
1575352359.179124, -246.0
1575352359.919055, -246.0
1575352360.65766, -246.0
1575352361.397906, -246.0
1575352362.135257, -246.0
1575352362.874795, -246.0
1575352363.617367, -246.0
1575352364.357265, -246.0
1575352365.095203, -246.0
1575352365.834769, -246.0
1575352366.570281, -246.0
1575352367.304459, -246.0
1575352368.042827, -246.0
1575352368.780078, -246.0
1575352369.517538, -246.0
1575352370.256811, -246.0
1575352370.995064, -246.0
1575352371.733986, -246.0
1575352372.475415, -246.0
1575352373.216025, -246.0
1575352374.000207, -246.0
1575352374.851825, -246.0
1575352375.704623, -246.0
1575352376.55589, -246.0
1575352377.328099, -246.0
1575352378.177027, -246.0
1575352379.031501, -246.0
1575352379.885866, -246.0
1575352380.73832, -246.0
1575352381.587608, -246.0
1575352382.342098, -246.0
1575352383.187882, -246.0
1575352384.038984, -246.0
1575352384.889848, -246.0
1575352353.53694, -246.0
1575352359.087847, -246.0
1575352359.457222, -246.0
1575352359.82643, -246.0
1575352360.195848, -246.0
1575352360.564883, -246.0
1575352365.993976, -246.0
1575352369.172933, -246.0
1575352370.774474, -246.0
1575352373.681739, -246.0
1575352375.369747, -246.0
1575352378.205199, -246.0
1575352378.574237, -246.0
1575352378.945347, -246.0
1575352382.055251, -246.0
1575352382.425736, -246.0
1575352385.298928, -246.0
1575352388.201208, -246.0
1575352391.156441, -246.0
1575352391.526386, -246.0
1575352391.894371, -246.0
1575352393.545824, -246.0
1575352397.786703, -246.0
1575352401.854843, -246.0
1575352403.547955, -246.0
1575352403.914915, -246.0
1575352406.957055, -246.0
1575352409.898472, -246.0
1575352410.267676, -246.0
1575352411.931547, -246.0
1575352413.60276, -246.0
1575352416.623105, -246.0
1575352417.003508, -246.0
1575352419.989549, -246.0
1575352420.365099, -246.0
1575352420.748831, -246.0
1575352422.343414, -246.0
1575352422.725881, -246.0
1575352423.120586, -246.0
1575352423.505468, -246.0
1575352423.88809, -246.0
1575352428.961525, -245.0
1575352433.263072, -245.0
1575352434.970705, -245.0
1575352436.56681, -245.0
1575352440.364395, -245.0
1575352440.739336, -245.0
1575352445.523547, -245.0
1575352445.897288, -245.0
1575352446.273353, -245.0
1575352385.723554, -246.0
1575352392.563569, -246.0
1575352393.024706, -246.0
1575352393.485814, -246.0
1575352393.948875, -246.0
1575352394.409976, -246.0
1575352394.872789, -246.0
1575352400.682442, -246.0
1575352403.831283, -246.0
1575352408.022476, -246.0
1575352408.486751, -246.0
1575352409.017132, -246.0
1575352409.529383, -246.0
1575352410.021526, -246.0
1575352410.535135, -246.0
1575352411.049436, -246.0
1575352411.561304, -246.0
1575352417.097833, -246.0
1575352421.329169, -246.0
1575352421.790197, -246.0
1575352422.25203, -246.0
1575352422.715682, -246.0
1575352423.181267, -246.0
1575352423.648592, -246.0
1575352424.121362, -246.0
1575352424.588945, -246.0
1575352425.05268, -246.0
1575352425.519625, -246.0
1575352425.992804, -246.0
1575352426.472882, -246.0
1575352426.964682, -246.0
1575352427.457799, -246.0
1575352427.952534, -246.0
1575352428.446608, -246.0
1575352428.941768, -246.0
1575352429.43645, -245.0
1575352429.932415, -245.0
1575352430.428103, -245.0
1575352430.924761, -245.0
1575352431.420949, -245.0
1575352431.900624, -245.0
1575352432.362213, -245.0
1575352432.837843, -245.0
1575352433.332987, -245.0
1575352433.809781, -245.0
1575352434.270723, -245.0
1575352434.747313, -245.0
1575352435.239346, -245.0
1575352435.715403, -245.0
1575352436.207294, -245.0
1575352417.08149, -246.0
1575352417.450244, -246.0
1575352417.818485, -246.0
1575352418.186794, -246.0
1575352418.585256, -246.0
1575352418.99476, -246.0
1575352419.391754, -246.0
1575352419.760335, -246.0
1575352420.129949, -246.0
1575352420.499483, -246.0
1575352420.868438, -246.0
1575352421.237168, -246.0
1575352421.606604, -246.0
1575352421.975532, -246.0
1575352422.345074, -246.0
1575352422.712575, -246.0
1575352423.081913, -246.0
1575352423.452046, -246.0
1575352423.82007, -246.0
1575352424.188452, -246.0
1575352424.558222, -246.0
1575352424.927445, -246.0
1575352425.295823, -246.0
1575352425.664733, -246.0
1575352426.03404, -246.0
1575352426.402963, -246.0
1575352426.771966, -246.0
1575352427.140953, -246.0
1575352427.510209, -246.0
1575352427.878785, -246.0
1575352428.247092, -246.0
1575352428.61708, -246.0
1575352428.98752, -245.0
1575352429.356308, -245.0
1575352429.725768, -245.0
1575352430.095474, -245.0
1575352430.464112, -245.0
1575352430.835701, -245.0
1575352431.206072, -245.0
1575352431.575832, -245.0
1575352431.942484, -245.0
1575352432.312773, -245.0
1575352432.684568, -245.0
1575352433.053698, -245.0
1575352433.422699, -245.0
1575352433.792709, -245.0
1575352434.160907, -245.0
1575352434.530662, -245.0
1575352434.900429, -245.0
1575352435.268795, -245.0
1575352435.950559, -245.0
1575352441.392065, -245.0
1575352444.498833, -245.0
1575352447.447435, -245.0
1575352450.40202, -245.0
1575352453.228168, -245.0
1575352456.048537, -245.0
1575352459.038324, -245.0
1575352461.942696, -245.0
1575352464.938273, -245.0
1575352467.906152, -245.0
1575352473.150929, -245.0
1575352478.910493, -245.0
1575352484.39023, -245.0
1575352489.949291, -245.0
1575352495.470421, -245.0
1575352500.998613, -245.0
1575352506.505896, -245.0
1575352510.67392, -245.0
1575352514.952217, -245.0
1575352520.796685, -245.0
1575352524.914452, -245.0
1575352529.346483, -245.0
1575352530.841923, -245.0
1575352535.353792, -245.0
1575352536.92152, -245.0
1575352538.64057, -245.0
1575352541.651212, -245.0
1575352543.276525, -245.0
1575352546.221709, -245.0
1575352549.322181, -245.0
1575352552.163352, -245.0
1575352558.723862, -245.0
1575352564.14681, -245.0
1575352569.522176, -245.0
1575352574.995864, -245.0
1575352580.512194, -245.0
1575352586.073936, -245.0
1575352591.611401, -245.0
1575352597.032559, -245.0
1575352600.076997, -245.0
1575352605.5473, -245.0
1575352610.345777, -245.0
1575352613.311712, -245.0
1575352616.354995, -245.0
1575352620.345821, -245.0
1575352622.311851, -245.0
1575352624.48152, -245.0
1575352624.878718, -245.0
1575352629.042532, -245.0
1575352436.862136, -245.0
1575352437.231534, -245.0
1575352437.600599, -245.0
1575352437.969346, -245.0
1575352438.340778, -245.0
1575352438.708393, -245.0
1575352439.078652, -245.0
1575352439.457987, -245.0
1575352439.826569, -245.0
1575352440.194656, -245.0
1575352440.565784, -245.0
1575352440.93544, -245.0
1575352441.303612, -245.0
1575352441.671648, -245.0
1575352442.040267, -245.0
1575352442.411156, -245.0
1575352442.780624, -245.0
1575352443.149197, -245.0
1575352443.519737, -245.0
1575352443.887328, -245.0
1575352444.256514, -245.0
1575352444.625712, -245.0
1575352444.995002, -245.0
1575352445.364222, -245.0
1575352445.731852, -245.0
1575352446.101126, -245.0
1575352446.468847, -245.0
1575352446.835873, -245.0
1575352447.20343, -245.0
1575352447.571665, -245.0
1575352447.938941, -245.0
1575352448.307279, -245.0
1575352448.675241, -245.0
1575352449.049907, -245.0
1575352449.432427, -245.0
1575352449.808426, -245.0
1575352450.176067, -245.0
1575352450.544835, -245.0
1575352450.912115, -245.0
1575352451.281123, -245.0
1575352451.649704, -245.0
1575352452.018267, -245.0
1575352452.386875, -245.0
1575352452.75628, -245.0
1575352453.126077, -245.0
1575352453.494994, -245.0
1575352453.863273, -245.0
1575352454.233843, -245.0
1575352454.604758, -245.0
1575352455.007488, -245.0
1575352657.084146, -245.0
1575352658.487875, -245.0
1575352659.930106, -245.0
1575352661.461986, -245.0
1575352661.555868, -245.0
1575352661.657032, -245.0
1575352661.75277, -245.0
1575352663.25701, -245.0
1575352663.350633, -245.0
1575352663.447821, -245.0
1575352665.168001, -245.0
1575352666.744579, -245.0
1575352668.287974, -245.0
1575352669.927283, -245.0
1575352671.346914, -245.0
1575352673.434951, -245.0
1575352674.913171, -245.0
1575352676.465541, -245.0
1575352678.001479, -245.0
1575352680.048443, -245.0
1575352681.477977, -245.0
1575352681.570997, -245.0
1575352681.663853, -245.0
1575352681.75709, -245.0
1575352683.386522, -245.0
1575352683.480738, -245.0
1575352683.576398, -245.0
1575352683.671068, -245.0
1575352685.488683, -245.0
1575352685.582438, -245.0
1575352685.676602, -245.0
1575352687.315971, -245.0
1575352687.408783, -245.0
1575352689.005302, -245.0
1575352689.098933, -245.0
1575352690.940534, -245.0
1575352691.034747, -245.0
1575352691.130204, -245.0
1575352691.225126, -245.0
1575352691.32091, -245.0
1575352691.420065, -245.0
1575352691.521295, -245.0
1575352691.625427, -245.0
1575352691.726515, -245.0
1575352691.826906, -245.0
1575352691.928618, -245.0
1575352692.028635, -245.0
1575352692.128399, -245.0
1575352692.22979, -245.0
1575352692.329223, -245.0
1575352692.429154, -245.0
1575352692.529158, -245.0
1575352692.627962, -245.0
1575352692.72749, -245.0
1575352692.826837, -245.0
1575352692.926798, -245.0
1575352693.026927, -245.0
1575352693.128004, -245.0
1575352693.229628, -245.0
1575352693.330616, -245.0
1575352693.427671, -245.0
1575352693.524039, -245.0
1575352693.624801, -245.0
1575352693.726082, -245.0
1575352693.826704, -245.0
1575352693.924605, -245.0
1575352694.025509, -245.0
1575352694.124313, -245.0
1575352695.74845, -245.0
1575352697.654411, -245.0
1575352697.747838, -245.0
1575352697.841296, -245.0
1575352699.868466, -245.0
1575352699.961807, -245.0
1575352700.056518, -245.0
1575352700.151516, -245.0
1575352700.246, -245.0
1575352700.340383, -245.0
1575352700.434301, -245.0
1575352700.527641, -245.0
1575352700.623297, -245.0
1575352700.720581, -245.0
1575352700.818949, -245.0
1575352700.915419, -245.0
1575352701.014986, -245.0
1575352701.112235, -245.0
1575352701.211129, -245.0
1575352701.310899, -245.0
1575352701.411163, -245.0
1575352701.511776, -245.0
1575352701.608206, -245.0
1575352701.701873, -245.0
1575352701.79532, -245.0
1575352701.8886, -245.0
1575352701.982149, -245.0
1575352702.0766, -245.0
1575352702.171423, -245.0
1575352704.088094, -245.0
1575352705.536991, -245.0
1575352705.63046, -245.0
1575352705.724814, -245.0
1575352705.820736, -245.0
1575352705.917507, -245.0
1575352706.015741, -245.0
1575352706.110903, -245.0
1575352708.026777, -245.0
1575352709.797881, -245.0
1575352709.892198, -245.0
1575352712.556103, -245.0
1575352712.651918, -245.0
1575352712.755229, -245.0
1575352712.850516, -245.0
1575352712.950165, -245.0
1575352713.053738, -245.0
1575352713.15805, -245.0
1575352713.263952, -245.0
1575352713.36853, -245.0
1575352713.467123, -245.0
1575352713.570466, -245.0
1575352713.674801, -245.0
1575352713.778519, -245.0
1575352713.882979, -245.0
1575352713.987679, -245.0
1575352714.085428, -245.0
1575352715.781721, -245.0
1575352715.877598, -245.0
1575352717.5503, -245.0
1575352719.394086, -245.0
1575352719.487901, -245.0
1575352719.581885, -245.0
1575352721.048807, -245.0
1575352722.715402, -245.0
1575352724.341334, -245.0
1575352725.890289, -245.0
1575352727.673113, -245.0
1575352727.771751, -245.0
1575352727.875047, -245.0
1575352727.974255, -245.0
1575352728.074551, -245.0
1575352728.168771, -245.0
1575352729.965179, -245.0
1575352731.600845, -245.0
1575352733.371723, -245.0
1575352733.466752, -245.0
1575352735.287671, -245.0
1575352735.382452, -245.0
1575352735.479201, -245.0
1575352735.57335, -245.0
1575352737.112718, -245.0
1575352738.746874, -245.0
1575352740.403641, -245.0
1575352740.496543, -245.0
1575352742.005886, -245.0
1575352743.676098, -245.0
1575352743.769544, -245.0
1575352745.254932, -245.0
1575352745.34767, -245.0
1575352747.035061, -245.0
1575352748.522672, -245.0
1575352750.213699, -245.0
1575352751.80633, -245.0
1575352753.370696, -245.0
1575352754.941742, -245.0
1575352756.507644, -245.0
1575352758.180008, -245.0
1575352759.59178, -245.0
1575352759.684392, -245.0
1575352759.777732, -245.0
1575352761.50879, -245.0
1575352763.010777, -245.0
1575352764.617582, -245.0
1575352764.711997, -245.0
1575352766.765593, -245.0
1575352766.85916, -245.0
1575352766.953899, -245.0
1575352767.052859, -245.0
1575352767.147723, -245.0
1575352767.240863, -245.0
1575352767.334407, -245.0
1575352769.232716, -245.0
1575352771.003475, -245.0
1575352773.037566, -245.0
1575352774.937112, -245.0
1575352776.818871, -245.0
1575352776.91362, -245.0
1575352779.197416, -245.0
1575352779.29274, -245.0
1575352781.3366, -245.0
1575352781.43148, -245.0
1575352783.080028, -245.0
1575352785.246803, -245.0
1575352786.910433, -245.0
1575352788.610391, -245.0
1575352790.037118, -245.0
1575352791.695629, -245.0
1575352793.192755, -245.0
1575352794.842312, -245.0
1575352796.602376, -245.0
1575352798.096545, -245.0
1575352799.736121, -245.0
1575352801.325875, -245.0
1575352802.956119, -245.0
1575352804.716179, -245.0
1575352806.219122, -245.0
1575352806.311662, -245.0
1575352806.404895, -245.0
1575352806.498008, -245.0
1575352806.591148, -245.0
1575352806.684999, -245.0
1575352806.781784, -245.0
1575352806.875775, -245.0
1575352806.972007, -245.0
1575352807.065818, -245.0
1575352807.162786, -245.0
1575352807.256711, -245.0
1575352807.354301, -245.0
1575352807.451103, -245.0
1575352809.23664, -245.0
1575352811.068219, -245.0
1575352811.161988, -245.0
1575352811.259391, -245.0
1575352813.368019, -245.0
1575352814.84952, -245.0
1575352816.45362, -245.0
1575352817.981523, -245.0
1575352818.077018, -245.0
1575352818.175059, -245.0
1575352818.276513, -245.0
1575352818.381798, -245.0
1575352818.485483, -245.0
1575352818.584918, -245.0
1575352818.686958, -245.0
1575352818.792342, -245.0
1575352818.898391, -245.0
1575352819.004747, -245.0
1575352819.112091, -245.0
1575352819.2193, -245.0
1575352819.326719, -245.0
1575352819.427055, -245.0
1575352819.534447, -245.0
1575352819.63313, -245.0
1575352821.128619, -245.0
1575352821.226161, -245.0
1575352821.330803, -245.0
1575352821.435758, -245.0
1575352821.540681, -245.0
1575352821.645611, -245.0
1575352821.750767, -245.0
1575352821.855528, -245.0
1575352821.9604, -245.0
1575352657.08192, -245.0
1575352658.451248, -245.0
1575352658.544471, -245.0
1575352658.638928, -245.0
1575352658.735113, -245.0
1575352658.831066, -245.0
1575352658.929131, -245.0
1575352659.02739, -245.0
1575352659.126918, -245.0
1575352659.226161, -245.0
1575352659.324895, -245.0
1575352659.421011, -245.0
1575352659.515167, -245.0
1575352659.60918, -245.0
1575352659.703623, -245.0
1575352659.7975, -245.0
1575352659.891672, -245.0
1575352659.986111, -245.0
1575352660.080108, -245.0
1575352660.173792, -245.0
1575352660.267522, -245.0
1575352660.361301, -245.0
1575352660.455627, -245.0
1575352660.551728, -245.0
1575352660.646452, -245.0
1575352660.744697, -245.0
1575352660.839484, -245.0
1575352660.934658, -245.0
1575352661.03266, -245.0
1575352661.131521, -245.0
1575352661.229217, -245.0
1575352661.328156, -245.0
1575352661.42827, -245.0
1575352661.528039, -245.0
1575352661.622726, -245.0
1575352661.72096, -245.0
1575352661.820292, -245.0
1575352661.918343, -245.0
1575352662.015816, -245.0
1575352662.112183, -245.0
1575352662.206713, -245.0
1575352662.30322, -245.0
1575352662.401048, -245.0
1575352662.49717, -245.0
1575352664.859281, -245.0
1575352666.334246, -245.0
1575352666.427644, -245.0
1575352666.523222, -245.0
1575352666.616339, -245.0
1575352666.710528, -245.0
1575352668.273832, -245.0
1575352669.727664, -245.0
1575352669.822273, -245.0
1575352669.919059, -245.0
1575352670.014246, -245.0
1575352670.113205, -245.0
1575352670.213519, -245.0
1575352670.314109, -245.0
1575352670.414866, -245.0
1575352670.515279, -245.0
1575352670.615523, -245.0
1575352670.711896, -245.0
1575352672.08223, -245.0
1575352673.424399, -245.0
1575352674.951681, -245.0
1575352676.369226, -245.0
1575352676.467444, -245.0
1575352676.56933, -245.0
1575352676.666843, -245.0
1575352676.768236, -245.0
1575352676.871897, -245.0
1575352676.97781, -245.0
1575352677.083797, -245.0
1575352677.189812, -245.0
1575352677.29558, -245.0
1575352677.401483, -245.0
1575352677.507653, -245.0
1575352677.608035, -245.0
1575352677.711688, -245.0
1575352677.819094, -245.0
1575352677.922737, -245.0
1575352678.030042, -245.0
1575352678.132211, -245.0
1575352678.238399, -245.0
1575352678.345505, -245.0
1575352678.452629, -245.0
1575352678.559541, -245.0
1575352678.66689, -245.0
1575352678.773935, -245.0
1575352678.874551, -245.0
1575352680.799207, -245.0
1575352682.213392, -245.0
1575352683.903104, -245.0
1575352684.000552, -245.0
1575352684.100147, -245.0
1575352684.197471, -245.0
1575352684.298, -245.0
1575352684.395766, -245.0
1575352686.539806, -245.0
1575352687.932806, -245.0
1575352689.701966, -245.0
1575352691.405595, -245.0
1575352692.805572, -245.0
1575352692.899767, -245.0
1575352694.405649, -245.0
1575352694.499223, -245.0
1575352694.59408, -245.0
1575352694.689241, -245.0
1575352694.784317, -245.0
1575352694.87929, -245.0
1575352694.97504, -245.0
1575352695.070399, -245.0
1575352695.165644, -245.0
1575352695.260101, -245.0
1575352696.767901, -245.0
1575352696.860989, -245.0
1575352696.953708, -245.0
1575352697.046692, -245.0
1575352697.139635, -245.0
1575352697.23339, -245.0
1575352697.331973, -245.0
1575352697.433669, -245.0
1575352697.536538, -245.0
1575352697.640158, -245.0
1575352697.743755, -245.0
1575352697.844968, -245.0
1575352697.948541, -245.0
1575352698.052092, -245.0
1575352698.155537, -245.0
1575352698.258733, -245.0
1575352698.362199, -245.0
1575352698.464686, -245.0
1575352700.439498, -245.0
1575352701.903121, -245.0
1575352703.651934, -245.0
1575352703.753432, -245.0
1575352703.853912, -245.0
1575352703.956589, -245.0
1575352704.063781, -245.0
1575352704.166076, -245.0
1575352704.263222, -245.0
1575352704.36785, -245.0
1575352704.473982, -245.0
1575352704.578344, -245.0
1575352704.675571, -245.0
1575352704.777636, -245.0
1575352704.873321, -245.0
1575352704.96722, -245.0
1575352705.062486, -245.0
1575352707.223222, -245.0
1575352708.69748, -245.0
1575352710.141265, -245.0
1575352711.634317, -245.0
1575352713.17766, -245.0
1575352714.679095, -245.0
1575352714.772438, -245.0
1575352714.86635, -245.0
1575352716.361514, -245.0
1575352717.743605, -245.0
1575352719.200784, -245.0
1575352719.294339, -245.0
1575352720.660797, -245.0
1575352722.112319, -245.0
1575352723.461743, -245.0
1575352724.941012, -245.0
1575352726.276545, -245.0
1575352727.969783, -245.0
1575352729.400387, -245.0
1575352730.828284, -245.0
1575352730.921788, -245.0
1575352732.445161, -245.0
1575352732.538874, -245.0
1575352734.045241, -245.0
1575352735.86569, -245.0
1575352737.706558, -245.0
1575352737.799915, -245.0
1575352739.614857, -245.0
1575352741.030372, -245.0
1575352742.457838, -245.0
1575352744.051975, -245.0
1575352745.477819, -245.0
1575352746.994525, -245.0
1575352748.393533, -245.0
1575352749.94567, -245.0
1575352751.773605, -245.0
1575352753.33132, -245.0
1575352754.715257, -245.0
1575352756.054509, -245.0
1575352757.550544, -245.0
1575352757.644918, -245.0
1575352759.114932, -245.0
1575352759.208608, -245.0
1575352759.304173, -245.0
1575352759.403632, -245.0
1575352759.51138, -245.0
1575352759.618783, -245.0
1575352759.726666, -245.0
1575352759.834512, -245.0
1575352759.934148, -245.0
1575352760.041881, -245.0
1575352760.149717, -245.0
1575352760.25684, -245.0
1575352760.364444, -245.0
1575352760.471866, -245.0
1575352760.579129, -245.0
1575352760.686296, -245.0
1575352760.793864, -245.0
1575352760.900859, -245.0
1575352761.007946, -245.0
1575352761.11493, -245.0
1575352761.217239, -245.0
1575352761.310103, -245.0
1575352761.407903, -245.0
1575352761.515551, -245.0
1575352761.623423, -245.0
1575352761.731286, -245.0
1575352761.839058, -245.0
1575352761.947039, -245.0
1575352762.048578, -245.0
1575352762.156096, -245.0
1575352762.263569, -245.0
1575352762.371066, -245.0
1575352762.471447, -245.0
1575352762.579168, -245.0
1575352762.680079, -245.0
1575352764.140632, -245.0
1575352764.233628, -245.0
1575352764.326377, -245.0
1575352764.420509, -245.0
1575352764.51396, -245.0
1575352764.607888, -245.0
1575352764.702093, -245.0
1575352764.796595, -245.0
1575352764.898925, -245.0
1575352765.00671, -245.0
1575352765.114571, -245.0
1575352765.222123, -245.0
1575352765.330161, -245.0
1575352765.437502, -245.0
1575352765.545202, -245.0
1575352765.65253, -245.0
1575352765.759984, -245.0
1575352765.864867, -245.0
1575352767.915789, -245.0
1575352768.020243, -245.0
1575352768.124156, -245.0
1575352768.231425, -245.0
1575352768.338861, -245.0
1575352768.446146, -245.0
1575352768.553737, -245.0
1575352655.770786, -245.0
1575352655.874349, -245.0
1575352655.982355, -245.0
1575352656.084299, -245.0
1575352657.416968, -245.0
1575352657.512813, -245.0
1575352659.684536, -245.0
1575352659.777675, -245.0
1575352659.871725, -245.0
1575352661.469089, -245.0
1575352661.563683, -245.0
1575352661.670866, -245.0
1575352661.774254, -245.0
1575352661.881587, -245.0
1575352661.976692, -245.0
1575352662.078579, -245.0
1575352662.173969, -245.0
1575352663.653436, -245.0
1575352665.131677, -245.0
1575352667.213557, -245.0
1575352668.645135, -245.0
1575352670.162209, -245.0
1575352670.256557, -245.0
1575352671.699492, -245.0
1575352673.140226, -245.0
1575352673.233726, -245.0
1575352673.327034, -245.0
1575352673.430218, -245.0
1575352675.106451, -245.0
1575352676.517862, -245.0
1575352676.614277, -245.0
1575352678.10836, -245.0
1575352678.205647, -245.0
1575352678.310352, -245.0
1575352678.412207, -245.0
1575352678.517172, -245.0
1575352678.614154, -245.0
1575352678.709805, -245.0
1575352678.805654, -245.0
1575352678.901935, -245.0
1575352678.997875, -245.0
1575352679.094886, -245.0
1575352679.19574, -245.0
1575352679.292577, -245.0
1575352679.388633, -245.0
1575352679.485054, -245.0
1575352679.584208, -245.0
1575352679.685458, -245.0
1575352679.787035, -245.0
1575352679.889171, -245.0
1575352679.992015, -245.0
1575352680.101377, -245.0
1575352680.204101, -245.0
1575352680.306603, -245.0
1575352680.409427, -245.0
1575352680.512016, -245.0
1575352680.61055, -245.0
1575352682.002078, -245.0
1575352684.029254, -245.0
1575352684.133387, -245.0
1575352684.235595, -245.0
1575352684.340184, -245.0
1575352684.43441, -245.0
1575352684.529983, -245.0
1575352684.625202, -245.0
1575352684.721035, -245.0
1575352684.816634, -245.0
1575352684.91274, -245.0
1575352685.009876, -245.0
1575352685.105755, -245.0
1575352687.320675, -245.0
1575352688.659729, -245.0
1575352690.049047, -245.0
1575352690.145875, -245.0
1575352690.24761, -245.0
1575352690.351858, -245.0
1575352690.458938, -245.0
1575352690.566412, -245.0
1575352690.674197, -245.0
1575352690.781725, -245.0
1575352690.889073, -245.0
1575352690.996843, -245.0
1575352691.104665, -245.0
1575352691.212343, -245.0
1575352691.319402, -245.0
1575352691.420298, -245.0
1575352691.527513, -245.0
1575352691.62045, -245.0
1575352693.075131, -245.0
1575352694.666911, -245.0
1575352696.112539, -245.0
1575352696.208469, -245.0
1575352696.30189, -245.0
1575352696.40103, -245.0
1575352696.500579, -245.0
1575352696.600537, -245.0
1575352696.699997, -245.0
1575352696.797356, -245.0
1575352696.899215, -245.0
1575352697.001627, -245.0
1575352697.104876, -245.0
1575352697.208224, -245.0
1575352697.312129, -245.0
1575352697.414797, -245.0
1575352697.512188, -245.0
1575352697.608727, -245.0
1575352697.701855, -245.0
1575352697.794996, -245.0
1575352697.888015, -245.0
1575352697.986753, -245.0
1575352698.088931, -245.0
1575352698.187039, -245.0
1575352698.281844, -245.0
1575352698.377134, -245.0
1575352698.472037, -245.0
1575352698.567366, -245.0
1575352698.666541, -245.0
1575352698.767032, -245.0
1575352698.868201, -245.0
1575352698.967031, -245.0
1575352699.066484, -245.0
1575352699.167596, -245.0
1575352699.270051, -245.0
1575352699.371061, -245.0
1575352699.473127, -245.0
1575352699.574161, -245.0
1575352699.670644, -245.0
1575352699.769257, -245.0
1575352699.868191, -245.0
1575352699.968684, -245.0
1575352700.069914, -245.0
1575352700.171384, -245.0
1575352700.272594, -245.0
1575352700.374213, -245.0
1575352700.475474, -245.0
1575352700.578393, -245.0
1575352700.683317, -245.0
1575352700.785843, -245.0
1575352700.88288, -245.0
1575352702.387599, -245.0
1575352702.480855, -245.0
1575352702.579838, -245.0
1575352702.673175, -245.0
1575352702.770419, -245.0
1575352702.868927, -245.0
1575352702.966105, -245.0
1575352703.064705, -245.0
1575352703.165888, -245.0
1575352703.271047, -245.0
1575352703.377317, -245.0
1575352703.484387, -245.0
1575352703.591353, -245.0
1575352703.698133, -245.0
1575352703.798525, -245.0
1575352703.905711, -245.0
1575352704.006134, -245.0
1575352704.113855, -245.0
1575352704.213095, -245.0
1575352704.31982, -245.0
1575352704.419466, -245.0
1575352704.526516, -245.0
1575352704.633701, -245.0
1575352704.740919, -245.0
1575352704.84809, -245.0
1575352704.954958, -245.0
1575352705.061775, -245.0
1575352705.168726, -245.0
1575352705.276068, -245.0
1575352705.383376, -245.0
1575352705.491051, -245.0
1575352705.598454, -245.0
1575352705.705831, -245.0
1575352705.813175, -245.0
1575352705.920073, -245.0
1575352706.026816, -245.0
1575352706.134288, -245.0
1575352706.236813, -245.0
1575352707.909946, -245.0
1575352709.5872, -245.0
1575352711.139478, -245.0
1575352711.23348, -245.0
1575352711.341109, -245.0
1575352711.448601, -245.0
1575352711.555991, -245.0
1575352711.663691, -245.0
1575352711.762483, -245.0
1575352711.86924, -245.0
1575352711.976649, -245.0
1575352712.083733, -245.0
1575352712.190518, -245.0
1575352712.297451, -245.0
1575352712.399549, -245.0
1575352712.493674, -245.0
1575352712.587978, -245.0
1575352712.682884, -245.0
1575352712.777067, -245.0
1575352714.529358, -245.0
1575352716.247036, -245.0
1575352717.728214, -245.0
1575352719.601343, -245.0
1575352721.373329, -245.0
1575352723.915361, -245.0
1575352725.940638, -245.0
1575352727.450089, -245.0
1575352729.176147, -245.0
1575352730.788713, -245.0
1575352733.133149, -245.0
1575352733.238301, -245.0
1575352733.345349, -245.0
1575352733.451239, -245.0
1575352733.545163, -245.0
1575352733.650029, -245.0
1575352733.757156, -245.0
1575352733.85412, -245.0
1575352733.947842, -245.0
1575352734.047069, -245.0
1575352734.153962, -245.0
1575352734.261597, -245.0
1575352734.369009, -245.0
1575352734.467493, -245.0
1575352736.083864, -245.0
1575352736.178193, -245.0
1575352736.271721, -245.0
1575352736.364692, -245.0
1575352738.088239, -245.0
1575352740.336507, -245.0
1575352740.431739, -245.0
1575352740.525715, -245.0
1575352740.620678, -245.0
1575352740.719548, -245.0
1575352740.81527, -245.0
1575352740.910647, -245.0
1575352741.005102, -245.0
1575352741.100846, -245.0
1575352741.198246, -245.0
1575352741.304809, -245.0
1575352741.402314, -245.0
1575352741.508834, -245.0
1575352741.615869, -245.0
1575352741.723907, -245.0
1575352741.830908, -245.0
1575352741.938858, -245.0
1575352742.047025, -245.0
1575352742.153463, -245.0
1575352742.261066, -245.0
1575352742.366334, -245.0
1575352742.474087, -245.0
1575352742.580852, -245.0
1575352742.688819, -245.0
1575352742.796199, -245.0
1575352657.192594, -245.0
1575352658.530349, -245.0
1575352659.945402, -245.0
1575352661.397457, -245.0
1575352661.494346, -245.0
1575352661.598954, -245.0
1575352661.696433, -245.0
1575352663.121246, -245.0
1575352664.980118, -245.0
1575352666.561026, -245.0
1575352668.327828, -245.0
1575352668.42201, -245.0
1575352668.517697, -245.0
1575352668.615991, -245.0
1575352668.720583, -245.0
1575352668.826539, -245.0
1575352668.933085, -245.0
1575352669.039823, -245.0
1575352669.149537, -245.0
1575352669.257775, -245.0
1575352669.358679, -245.0
1575352669.465225, -245.0
1575352669.572926, -245.0
1575352669.67834, -245.0
1575352669.785289, -245.0
1575352669.892355, -245.0
1575352669.999559, -245.0
1575352670.106707, -245.0
1575352670.214538, -245.0
1575352670.321588, -245.0
1575352670.425553, -245.0
1575352670.520481, -245.0
1575352670.615653, -245.0
1575352670.712316, -245.0
1575352670.809142, -245.0
1575352670.906031, -245.0
1575352671.003054, -245.0
1575352671.101338, -245.0
1575352671.198936, -245.0
1575352671.295999, -245.0
1575352673.985233, -245.0
1575352675.678513, -245.0
1575352677.263184, -245.0
1575352678.689465, -245.0
1575352678.784533, -245.0
1575352678.880721, -245.0
1575352678.975686, -245.0
1575352679.068686, -245.0
1575352679.1625, -245.0
1575352680.6959, -245.0
1575352682.188868, -245.0
1575352682.287573, -245.0
1575352682.38218, -245.0
1575352684.277005, -245.0
1575352684.370759, -245.0
1575352684.464225, -245.0
1575352684.558389, -245.0
1575352684.652043, -245.0
1575352684.746605, -245.0
1575352684.840144, -245.0
1575352684.933423, -245.0
1575352686.558524, -245.0
1575352686.651682, -245.0
1575352688.461996, -245.0
1575352688.556085, -245.0
1575352688.649051, -245.0
1575352690.232799, -245.0
1575352690.326016, -245.0
1575352690.423783, -245.0
1575352690.520252, -245.0
1575352690.614468, -245.0
1575352690.708867, -245.0
1575352690.803729, -245.0
1575352690.89767, -245.0
1575352690.990725, -245.0
1575352691.084091, -245.0
1575352691.177447, -245.0
1575352691.270428, -245.0
1575352691.364815, -245.0
1575352691.460665, -245.0
1575352691.55508, -245.0
1575352693.760697, -245.0
1575352695.240833, -245.0
1575352696.855399, -245.0
1575352696.949984, -245.0
1575352697.042982, -245.0
1575352697.135544, -245.0
1575352697.229043, -245.0
1575352697.322232, -245.0
1575352697.416402, -245.0
1575352698.881902, -245.0
1575352700.354503, -245.0
1575352700.451536, -245.0
1575352700.557763, -245.0
1575352700.665273, -245.0
1575352700.772646, -245.0
1575352700.866736, -245.0
1575352700.974713, -245.0
1575352701.070225, -245.0
1575352701.177377, -245.0
1575352701.285175, -245.0
1575352701.393072, -245.0
1575352701.50106, -245.0
1575352701.600388, -245.0
1575352701.693269, -245.0
1575352701.786087, -245.0
1575352703.388535, -245.0
1575352703.48205, -245.0
1575352703.575104, -245.0
1575352705.208377, -245.0
1575352706.840903, -245.0
1575352706.93501, -245.0
1575352707.040375, -245.0
1575352707.14725, -245.0
1575352707.253059, -245.0
1575352707.349193, -245.0
1575352707.455037, -245.0
1575352707.551215, -245.0
1575352707.651617, -245.0
1575352707.758535, -245.0
1575352707.866736, -245.0
1575352707.973016, -245.0
1575352708.07203, -245.0
1575352710.110527, -245.0
1575352712.405612, -245.0
1575352714.404961, -245.0
1575352714.505222, -245.0
1575352716.085243, -245.0
1575352716.183387, -245.0
1575352716.290102, -245.0
1575352716.388597, -245.0
1575352716.49565, -245.0
1575352716.603455, -245.0
1575352716.7098, -245.0
1575352716.807208, -245.0
1575352716.901833, -245.0
1575352718.457195, -245.0
1575352719.857937, -245.0
1575352719.951363, -245.0
1575352721.626436, -245.0
1575352721.720122, -245.0
1575352723.716507, -245.0
1575352723.809801, -245.0
1575352725.237764, -245.0
1575352725.334394, -245.0
1575352725.432241, -245.0
1575352725.530757, -245.0
1575352725.624672, -245.0
1575352727.994749, -245.0
1575352728.087856, -245.0
1575352728.182951, -245.0
1575352728.27789, -245.0
1575352728.377023, -245.0
1575352728.483368, -245.0
1575352728.590741, -245.0
1575352728.689393, -245.0
1575352728.79676, -245.0
1575352728.903652, -245.0
1575352729.010836, -245.0
1575352729.108323, -245.0
1575352729.215352, -245.0
1575352730.822288, -245.0
1575352732.343087, -245.0
1575352732.436409, -245.0
1575352732.529656, -245.0
1575352732.623368, -245.0
1575352732.718305, -245.0
1575352732.812302, -245.0
1575352734.257433, -245.0
1575352734.350269, -245.0
1575352734.446006, -245.0
1575352734.539698, -245.0
1575352734.633688, -245.0
1575352734.72898, -245.0
1575352734.824059, -245.0
1575352734.922608, -245.0
1575352735.030023, -245.0
1575352735.135207, -245.0
1575352735.238836, -245.0
1575352735.341916, -245.0
1575352735.445568, -245.0
1575352735.548447, -245.0
1575352735.652331, -245.0
1575352735.756041, -245.0
1575352737.616005, -245.0
1575352737.724463, -245.0
1575352737.830495, -245.0
1575352737.934442, -245.0
1575352738.037598, -245.0
1575352738.139926, -245.0
1575352738.241708, -245.0
1575352738.343975, -245.0
1575352738.446124, -245.0
1575352738.548586, -245.0
1575352738.650783, -245.0
1575352738.753663, -245.0
1575352738.852755, -245.0
1575352738.959387, -245.0
1575352739.062193, -245.0
1575352739.169041, -245.0
1575352739.262387, -245.0
1575352739.355371, -245.0
1575352739.451328, -245.0
1575352739.544601, -245.0
1575352739.637322, -245.0
1575352739.732435, -245.0
1575352739.840279, -245.0
1575352739.947333, -245.0
1575352740.064095, -245.0
1575352740.171711, -245.0
1575352740.273126, -245.0
1575352740.367361, -245.0
1575352740.470089, -245.0
1575352741.970959, -245.0
1575352742.072216, -245.0
1575352742.179524, -245.0
1575352742.287773, -245.0
1575352742.381357, -245.0
1575352742.475162, -245.0
1575352744.170422, -245.0
1575352745.797754, -245.0
1575352747.323461, -245.0
1575352748.832169, -245.0
1575352748.924443, -245.0
1575352749.017166, -245.0
1575352751.013593, -245.0
1575352752.71039, -245.0
1575352754.45708, -245.0
1575352754.550019, -245.0
1575352756.30467, -245.0
1575352758.146542, -245.0
1575352758.24128, -245.0
1575352760.114142, -245.0
1575352761.581907, -245.0
1575352763.174582, -245.0
1575352763.269128, -245.0
1575352764.796628, -245.0
1575352764.890817, -245.0
1575352764.984993, -245.0
1575352765.080168, -245.0
1575352766.7275, -245.0
1575352768.218844, -245.0
1575352769.976129, -245.0
1575352770.070336, -245.0
1575352771.993199, -245.0
1575352773.586755, -245.0
1575352775.573038, -245.0
1575352775.666918, -245.0
1575352777.506568, -245.0
1575352777.600265, -245.0
1575352743.026634, -245.0
1575352744.502453, -245.0
1575352744.595359, -245.0
1575352744.688224, -245.0
1575352747.252825, -245.0
1575352748.741446, -245.0
1575352748.835517, -245.0
1575352748.9307, -245.0
1575352749.027902, -245.0
1575352749.124421, -245.0
1575352749.219502, -245.0
1575352749.31419, -245.0
1575352749.409002, -245.0
1575352749.504376, -245.0
1575352749.600381, -245.0
1575352749.69696, -245.0
1575352749.792694, -245.0
1575352749.88921, -245.0
1575352749.990943, -245.0
1575352750.084928, -245.0
1575352751.7745, -245.0
1575352751.86906, -245.0
1575352751.968731, -245.0
1575352754.2702, -245.0
1575352754.369338, -245.0
1575352754.47335, -245.0
1575352754.577675, -245.0
1575352754.682487, -245.0
1575352754.787637, -245.0
1575352754.892376, -245.0
1575352754.991156, -245.0
1575352755.093714, -245.0
1575352755.194789, -245.0
1575352756.751481, -245.0
1575352756.845409, -245.0
1575352756.940401, -245.0
1575352757.035582, -245.0
1575352757.130479, -245.0
1575352757.225542, -245.0
1575352759.473546, -245.0
1575352761.615922, -245.0
1575352761.708449, -245.0
1575352763.151438, -245.0
1575352765.681681, -245.0
1575352765.78017, -245.0
1575352765.880159, -245.0
1575352765.983205, -245.0
1575352766.087228, -245.0
1575352766.191239, -245.0
1575352766.294798, -245.0
1575352766.39897, -245.0
1575352766.503214, -245.0
1575352766.607423, -245.0
1575352766.7123, -245.0
1575352766.81676, -245.0
1575352766.921555, -245.0
1575352767.02683, -245.0
1575352767.125359, -245.0
1575352767.228789, -245.0
1575352767.333004, -245.0
1575352767.436225, -245.0
1575352767.535194, -245.0
1575352767.63961, -245.0
1575352767.737758, -245.0
1575352767.841065, -245.0
1575352767.943985, -245.0
1575352768.047838, -245.0
1575352768.151441, -245.0
1575352768.256005, -245.0
1575352768.359817, -245.0
1575352768.457962, -245.0
1575352768.552701, -245.0
1575352768.657385, -245.0
1575352768.762257, -245.0
1575352768.866234, -245.0
1575352768.960203, -245.0
1575352769.062937, -245.0
1575352769.16649, -245.0
1575352769.270982, -245.0
1575352769.373175, -245.0
1575352769.475787, -245.0
1575352769.578534, -245.0
1575352769.681496, -245.0
1575352769.779574, -245.0
1575352769.872647, -245.0
1575352769.966756, -245.0
1575352770.061021, -245.0
1575352770.155895, -245.0
1575352770.253475, -245.0
1575352770.348957, -245.0
1575352770.445917, -245.0
1575352770.543199, -245.0
1575352770.640511, -245.0
1575352770.738601, -245.0
1575352770.836858, -245.0
1575352770.935191, -245.0
1575352771.0306, -245.0
1575352771.123221, -245.0
1575352771.216177, -245.0
1575352771.313479, -245.0
1575352771.406561, -245.0
1575352773.192439, -245.0
1575352775.898172, -245.0
1575352775.991389, -245.0
1575352777.686319, -245.0
1575352777.780988, -245.0
1575352777.875563, -245.0
1575352777.977661, -245.0
1575352778.079206, -245.0
1575352778.172614, -245.0
1575352778.271806, -245.0
1575352778.372811, -245.0
1575352778.475311, -245.0
1575352778.579264, -245.0
1575352778.681688, -245.0
1575352778.786252, -245.0
1575352778.890147, -245.0
1575352778.994384, -245.0
1575352779.098776, -245.0
1575352779.202653, -245.0
1575352779.307338, -245.0
1575352779.41128, -245.0
1575352779.515647, -245.0
1575352779.619698, -245.0
1575352779.723834, -245.0
1575352779.828142, -245.0
1575352779.932303, -245.0
1575352780.037172, -245.0
1575352780.141364, -245.0
1575352780.239195, -245.0
1575352780.344604, -245.0
1575352780.440521, -245.0
1575352780.533401, -245.0
1575352782.561182, -245.0
1575352782.655445, -245.0
1575352782.750193, -245.0
1575352782.844189, -245.0
1575352782.939023, -245.0
1575352784.352309, -245.0
1575352785.954055, -245.0
1575352787.779357, -245.0
1575352789.373483, -245.0
1575352791.396005, -245.0
1575352793.418499, -245.0
1575352795.363236, -245.0
1575352795.458286, -245.0
1575352795.552808, -245.0
1575352797.253531, -245.0
1575352798.829358, -245.0
1575352800.367786, -245.0
1575352801.819905, -245.0
1575352803.532254, -245.0
1575352805.192687, -245.0
1575352806.650563, -245.0
1575352808.284677, -245.0
1575352809.7778, -245.0
1575352809.871365, -245.0
1575352809.973305, -245.0
1575352810.072961, -245.0
1575352810.172096, -245.0
1575352810.266529, -245.0
1575352811.758173, -245.0
1575352811.851311, -245.0
1575352811.945469, -245.0
1575352812.038846, -245.0
1575352813.643973, -245.0
1575352815.1355, -245.0
1575352816.604476, -245.0
1575352818.157709, -245.0
1575352819.827077, -245.0
1575352819.920685, -245.0
1575352821.768147, -245.0
1575352821.863176, -245.0
1575352823.369084, -245.0
1575352824.991842, -245.0
1575352826.731426, -245.0
1575352828.61513, -245.0
1575352830.658716, -245.0
1575352830.751639, -245.0
1575352830.844367, -245.0
1575352832.326966, -245.0
1575352833.854764, -245.0
1575352833.947217, -245.0
1575352834.040343, -245.0
1575352835.318396, -245.0
1575352837.160941, -245.0
1575352839.168605, -245.0
1575352840.911135, -245.0
1575352842.615386, -245.0
1575352842.710155, -245.0
1575352844.491228, -245.0
1575352844.584556, -245.0
1575352846.051706, -245.0
1575352847.570004, -245.0
1575352847.664213, -245.0
1575352847.759813, -245.0
1575352847.854375, -245.0
1575352847.949308, -245.0
1575352849.992727, -245.0
1575352850.087697, -245.0
1575352850.180791, -245.0
1575352850.273742, -245.0
1575352851.854312, -245.0
1575352851.948571, -245.0
1575352853.795562, -245.0
1575352853.888452, -245.0
1575352853.980965, -245.0
1575352854.074439, -245.0
1575352854.167987, -245.0
1575352854.260412, -245.0
1575352854.353002, -245.0
1575352854.445836, -245.0
1575352854.538921, -245.0
1575352854.631571, -245.0
1575352854.724314, -245.0
1575352854.817342, -245.0
1575352854.910528, -245.0
1575352855.003484, -245.0
1575352855.095897, -245.0
1575352855.188654, -245.0
1575352856.76981, -245.0
1575352858.27257, -245.0
1575352858.366743, -245.0
1575352860.324188, -245.0
1575352862.382064, -245.0
1575352864.504404, -245.0
1575352866.046239, -245.0
1575352867.635884, -245.0
1575352867.728738, -245.0
1575352867.821526, -245.0
1575352867.914366, -245.0
1575352868.007624, -245.0
1575352868.100429, -245.0
1575352869.746957, -245.0
1575352871.324768, -245.0
1575352873.375971, -245.0
1575352873.470609, -245.0
1575352873.566257, -245.0
1575352873.660266, -245.0
1575352873.755157, -245.0
1575352873.849173, -245.0
1575352873.942196, -245.0
1575352875.365271, -245.0
1575352875.457741, -245.0
1575352877.029517, -245.0
1575352877.12258, -245.0
1575352878.592915, -245.0
1575352880.249991, -245.0
1575352880.344353, -245.0
1575352880.439222, -245.0
1575352770.491292, -245.0
1575352771.87212, -245.0
1575352771.966342, -245.0
1575352772.062252, -245.0
1575352772.160754, -245.0
1575352772.265111, -245.0
1575352772.372546, -245.0
1575352772.470066, -245.0
1575352772.563209, -245.0
1575352772.655907, -245.0
1575352772.74909, -245.0
1575352772.842008, -245.0
1575352772.934643, -245.0
1575352773.026895, -245.0
1575352773.119381, -245.0
1575352773.2119, -245.0
1575352773.304798, -245.0
1575352773.39778, -245.0
1575352773.49028, -245.0
1575352773.582765, -245.0
1575352773.675581, -245.0
1575352773.782615, -245.0
1575352773.877731, -245.0
1575352773.983617, -245.0
1575352774.079753, -245.0
1575352774.175595, -245.0
1575352774.271269, -245.0
1575352774.367338, -245.0
1575352774.475009, -245.0
1575352774.568188, -245.0
1575352774.661636, -245.0
1575352774.763826, -245.0
1575352774.856992, -245.0
1575352774.950733, -245.0
1575352775.043739, -245.0
1575352775.136771, -245.0
1575352775.229748, -245.0
1575352775.3226, -245.0
1575352775.428978, -245.0
1575352777.200806, -245.0
1575352779.656486, -245.0
1575352781.298576, -245.0
1575352783.006323, -245.0
1575352784.73103, -245.0
1575352784.825352, -245.0
1575352784.920574, -245.0
1575352785.015945, -245.0
1575352785.111335, -245.0
1575352785.206841, -245.0
1575352785.302062, -245.0
1575352785.396704, -245.0
1575352787.204137, -245.0
1575352787.297297, -245.0
1575352787.391867, -245.0
1575352789.067121, -245.0
1575352791.032829, -245.0
1575352792.739909, -245.0
1575352792.834357, -245.0
1575352792.936372, -245.0
1575352793.036341, -245.0
1575352793.136819, -245.0
1575352793.23083, -245.0
1575352793.325716, -245.0
1575352793.424628, -245.0
1575352793.52331, -245.0
1575352793.622184, -245.0
1575352793.721348, -245.0
1575352793.821005, -245.0
1575352793.920909, -245.0
1575352794.020528, -245.0
1575352794.116858, -245.0
1575352795.89308, -245.0
1575352797.970974, -245.0
1575352798.065984, -245.0
1575352799.851713, -245.0
1575352801.611377, -245.0
1575352801.704333, -245.0
1575352801.799116, -245.0
1575352801.892242, -245.0
1575352803.741657, -245.0
1575352803.851318, -245.0
1575352803.952476, -245.0
1575352804.047717, -245.0
1575352804.143651, -245.0
1575352804.239382, -245.0
1575352804.334372, -245.0
1575352804.4302, -245.0
1575352804.525896, -245.0
1575352804.621224, -245.0
1575352804.716617, -245.0
1575352804.812113, -245.0
1575352804.918977, -245.0
1575352805.014216, -245.0
1575352805.109423, -245.0
1575352805.203318, -245.0
1575352805.297409, -245.0
1575352806.845996, -245.0
1575352808.626586, -245.0
1575352810.215061, -245.0
1575352812.13377, -245.0
1575352813.793504, -245.0
1575352815.395555, -245.0
1575352816.897942, -245.0
1575352818.565126, -245.0
1575352820.171636, -245.0
1575352820.265228, -245.0
1575352820.369284, -245.0
1575352820.467622, -245.0
1575352820.563498, -245.0
1575352820.6586, -245.0
1575352820.754086, -245.0
1575352820.849075, -245.0
1575352820.944646, -245.0
1575352821.039606, -245.0
1575352821.134355, -245.0
1575352821.229118, -245.0
1575352821.324595, -245.0
1575352821.419359, -245.0
1575352821.526231, -245.0
1575352821.619431, -245.0
1575352821.718207, -245.0
1575352823.27032, -245.0
1575352823.367236, -245.0
1575352823.467841, -245.0
1575352823.56797, -245.0
1575352823.668873, -245.0
1575352823.76889, -245.0
1575352823.868743, -245.0
1575352823.968312, -245.0
1575352824.067979, -245.0
1575352824.16816, -245.0
1575352824.262257, -245.0
1575352824.357173, -245.0
1575352825.949492, -245.0
1575352827.640114, -245.0
1575352827.734034, -245.0
1575352827.829514, -245.0
1575352827.926797, -245.0
1575352828.021737, -245.0
1575352830.069799, -245.0
1575352830.164079, -245.0
1575352831.686584, -245.0
1575352833.280227, -245.0
1575352835.049601, -245.0
1575352835.142742, -245.0
1575352836.667938, -245.0
1575352838.467355, -245.0
1575352840.017733, -245.0
1575352841.630861, -245.0
1575352843.200662, -245.0
1575352844.725386, -245.0
1575352846.297744, -245.0
1575352848.037214, -245.0
1575352849.701249, -245.0
1575352851.248887, -245.0
1575352851.341947, -245.0
1575352851.43747, -245.0
1575352851.535291, -245.0
1575352851.630504, -245.0
1575352853.439982, -245.0
1575352853.532686, -245.0
1575352855.492508, -245.0
1575352856.949493, -245.0
1575352858.836335, -245.0
1575352858.929729, -245.0
1575352859.028959, -245.0
1575352859.128308, -245.0
1575352859.221836, -245.0
1575352859.321153, -245.0
1575352859.417508, -245.0
1575352861.212391, -245.0
1575352861.307035, -245.0
1575352861.406396, -245.0
1575352861.501958, -245.0
1575352861.609591, -245.0
1575352861.704754, -245.0
1575352861.80269, -245.0
1575352861.902212, -245.0
1575352861.996884, -245.0
1575352862.103631, -245.0
1575352862.200985, -245.0
1575352863.880089, -245.0
1575352865.608133, -245.0
1575352867.118593, -245.0
1575352868.674378, -245.0
1575352868.767142, -245.0
1575352870.421202, -245.0
1575352872.001759, -245.0
1575352872.094852, -245.0
1575352873.679027, -245.0
1575352873.77192, -245.0
1575352873.865489, -245.0
1575352873.970253, -245.0
1575352874.067311, -245.0
1575352874.162585, -245.0
1575352874.25819, -245.0
1575352874.353804, -245.0
1575352874.449047, -245.0
1575352874.546538, -245.0
1575352876.194885, -245.0
1575352876.302933, -245.0
1575352876.398911, -245.0
1575352876.50644, -245.0
1575352877.900513, -245.0
1575352879.568098, -245.0
1575352881.786889, -245.0
1575352881.881884, -245.0
1575352881.977594, -245.0
1575352882.076342, -245.0
1575352882.171566, -245.0
1575352882.26549, -245.0
1575352882.359437, -245.0
1575352882.452787, -245.0
1575352882.545651, -245.0
1575352882.638113, -245.0
1575352882.730688, -245.0
1575352884.207384, -245.0
1575352884.300128, -245.0
1575352886.111697, -245.0
1575352886.205154, -245.0
1575352888.039279, -245.0
1575352888.132844, -245.0
1575352888.229073, -245.0
1575352888.322497, -245.0
1575352889.866482, -245.0
1575352891.568026, -245.0
1575352893.02453, -245.0
1575352894.586669, -245.0
1575352896.166554, -245.0
1575352897.72597, -245.0
1575352899.500103, -245.0
1575352901.178402, -245.0
1575352903.030489, -245.0
1575352904.727659, -245.0
1575352906.829577, -245.0
1575352906.923473, -245.0
1575352907.017712, -245.0
1575352907.11185, -245.0
1575352907.206102, -245.0
1575352907.301758, -245.0
1575352907.402361, -245.0
1575352907.504024, -245.0
1575352907.606066, -245.0
1575352907.708916, -245.0
1575352907.810329, -245.0
1575352907.913085, -245.0
1575352908.016075, -245.0
1575352908.120106, -245.0
1575352908.223274, -245.0
1575352908.326677, -245.0
1575352779.182378, -245.0
1575352780.525923, -245.0
1575352782.001962, -245.0
1575352783.331688, -245.0
1575352784.784628, -245.0
1575352786.171686, -245.0
1575352786.266113, -245.0
1575352788.436512, -245.0
1575352789.848533, -245.0
1575352791.28454, -245.0
1575352792.721501, -245.0
1575352794.136283, -245.0
1575352795.700523, -245.0
1575352797.212685, -245.0
1575352798.595266, -245.0
1575352800.047539, -245.0
1575352801.549837, -245.0
1575352803.262702, -245.0
1575352803.356351, -245.0
1575352805.128706, -245.0
1575352805.222, -245.0
1575352807.519168, -245.0
1575352809.26715, -245.0
1575352809.361298, -245.0
1575352810.950104, -245.0
1575352811.043335, -245.0
1575352811.136884, -245.0
1575352811.230145, -245.0
1575352813.333181, -245.0
1575352815.381837, -245.0
1575352815.477859, -245.0
1575352817.097034, -245.0
1575352817.190551, -245.0
1575352818.750146, -245.0
1575352818.844644, -245.0
1575352820.157541, -245.0
1575352820.252452, -245.0
1575352820.345618, -245.0
1575352820.440503, -245.0
1575352821.911103, -245.0
1575352822.005161, -245.0
1575352822.102568, -245.0
1575352822.203451, -245.0
1575352822.310953, -245.0
1575352822.411248, -245.0
1575352822.517983, -245.0
1575352822.617645, -245.0
1575352822.721518, -245.0
1575352822.821476, -245.0
1575352822.924503, -245.0
1575352823.024131, -245.0
1575352823.125381, -245.0
1575352823.224908, -245.0
1575352823.326141, -245.0
1575352823.42557, -245.0
1575352823.522584, -245.0
1575352823.616866, -245.0
1575352823.711379, -245.0
1575352823.806567, -245.0
1575352826.256849, -245.0
1575352827.974763, -245.0
1575352829.381102, -245.0
1575352831.085628, -245.0
1575352831.179665, -245.0
1575352833.866535, -245.0
1575352835.660395, -245.0
1575352837.211629, -245.0
1575352838.665569, -245.0
1575352840.289263, -245.0
1575352841.900865, -245.0
1575352843.583036, -245.0
1575352845.630401, -245.0
1575352847.178996, -245.0
1575352849.198348, -245.0
1575352850.800284, -245.0
1575352852.212477, -245.0
1575352854.318765, -245.0
1575352855.961439, -245.0
1575352856.057409, -245.0
1575352857.569278, -245.0
1575352859.037883, -245.0
1575352860.527627, -245.0
1575352860.622831, -245.0
1575352860.720967, -245.0
1575352860.817009, -245.0
1575352860.911078, -245.0
1575352861.006349, -245.0
1575352861.101235, -245.0
1575352862.56898, -245.0
1575352864.106712, -245.0
1575352864.201202, -245.0
1575352864.296214, -245.0
1575352866.027369, -245.0
1575352867.59327, -245.0
1575352869.9355, -245.0
1575352870.029377, -245.0
1575352870.122344, -245.0
1575352871.698429, -245.0
1575352871.792087, -245.0
1575352871.88502, -245.0
1575352873.454216, -245.0
1575352875.654415, -245.0
1575352875.749909, -245.0
1575352875.848187, -245.0
1575352875.944166, -245.0
1575352876.042779, -245.0
1575352876.145377, -245.0
1575352876.25153, -245.0
1575352876.3542, -245.0
1575352876.449514, -245.0
1575352876.542841, -245.0
1575352876.636606, -245.0
1575352876.730168, -245.0
1575352876.823285, -245.0
1575352876.919579, -245.0
1575352877.014449, -245.0
1575352877.108529, -245.0
1575352877.201549, -245.0
1575352878.670355, -245.0
1575352880.643146, -245.0
1575352880.736936, -245.0
1575352880.831243, -245.0
1575352880.925584, -245.0
1575352882.415022, -245.0
1575352882.510238, -245.0
1575352884.09112, -245.0
1575352885.863822, -245.0
1575352887.651703, -245.0
1575352889.147763, -245.0
1575352891.248356, -245.0
1575352891.342353, -245.0
1575352891.436982, -245.0
1575352891.530355, -245.0
1575352891.623918, -245.0
1575352891.717903, -245.0
1575352893.399594, -245.0
1575352895.620396, -245.0
1575352897.83977, -245.0
1575352897.933524, -245.0
1575352898.028335, -245.0
1575352898.125141, -245.0
1575352898.220184, -245.0
1575352898.315339, -245.0
1575352898.409724, -245.0
1575352898.503281, -245.0
1575352898.599037, -245.0
1575352898.695644, -245.0
1575352898.790581, -245.0
1575352898.887067, -245.0
1575352898.981653, -245.0
1575352899.075789, -245.0
1575352900.579006, -245.0
1575352902.20601, -245.0
1575352903.94855, -245.0
1575352905.472505, -245.0
1575352907.120131, -245.0
1575352909.060795, -245.0
1575352910.721598, -245.0
1575352912.519999, -245.0
1575352912.613035, -245.0
1575352912.706419, -245.0
1575352912.800796, -245.0
1575352914.328025, -245.0
1575352915.955263, -245.0
1575352917.601464, -245.0
1575352919.912279, -245.0
1575352921.479958, -245.0
1575352923.472769, -245.0
1575352925.393628, -245.0
1575352926.98289, -245.0
1575352928.439433, -245.0
1575352930.041662, -245.0
1575352931.904184, -245.0
1575352931.997598, -245.0
1575352932.091764, -245.0
1575352932.185268, -245.0
1575352932.279215, -245.0
1575352932.372874, -245.0
1575352932.466846, -245.0
1575352934.28389, -245.0
1575352934.377931, -245.0
1575352934.474358, -245.0
1575352934.572303, -245.0
1575352934.673625, -245.0
1575352934.775333, -245.0
1575352934.877686, -245.0
1575352934.979141, -245.0
1575352935.080779, -245.0
1575352935.182389, -245.0
1575352935.284474, -245.0
1575352935.386076, -245.0
1575352935.488318, -245.0
1575352935.590123, -245.0
1575352935.691654, -245.0
1575352935.794437, -245.0
1575352935.899569, -245.0
1575352936.004742, -245.0
1575352936.110237, -245.0
1575352936.215284, -245.0
1575352936.320977, -245.0
1575352936.427206, -245.0
1575352936.532486, -245.0
1575352936.628773, -245.0
1575352938.29094, -245.0
1575352940.006338, -245.0
1575352941.648085, -245.0
1575352941.74434, -245.0
1575352941.841046, -245.0
1575352943.890781, -245.0
1575352945.509721, -245.0
1575352947.09989, -245.0
1575352949.034135, -245.0
1575352950.58437, -245.0
1575352952.137646, -245.0
1575352952.230429, -245.0
1575352952.323415, -245.0
1575352952.41628, -245.0
1575352952.509124, -245.0
1575352952.602811, -245.0
1575352952.696205, -245.0
1575352952.789887, -245.0
1575352955.200431, -245.0
1575352955.29464, -245.0
1575352955.389756, -245.0
1575352955.485163, -245.0
1575352955.580176, -245.0
1575352955.673195, -245.0
1575352955.767293, -245.0
1575352955.861634, -245.0
1575352955.956839, -245.0
1575352956.050374, -245.0
1575352956.143273, -245.0
1575352957.630573, -245.0
1575352959.2974, -245.0
1575352960.926086, -245.0
1575352962.594812, -245.0
1575352964.179467, -245.0
1575352965.659563, -245.0
1575352967.212369, -245.0
1575352968.689457, -245.0
1575352968.78327, -245.0
1575352968.87775, -245.0
1575352968.973467, -245.0
1575352970.647507, -245.0
1575352970.7412, -245.0
1575352972.353702, -245.0
1575352974.011528, -245.0
1575352975.505063, -245.0
1575352975.597812, -245.0
1575352975.689857, -245.0
1575352822.191253, -245.0
1575352823.59884, -245.0
1575352823.691653, -245.0
1575352823.78491, -245.0
1575352823.878003, -245.0
1575352823.971122, -245.0
1575352825.439192, -245.0
1575352825.531913, -245.0
1575352826.959877, -245.0
1575352827.053091, -245.0
1575352827.146506, -245.0
1575352827.239671, -245.0
1575352827.333356, -245.0
1575352827.426474, -245.0
1575352828.97265, -245.0
1575352830.363734, -245.0
1575352831.887917, -245.0
1575352833.395523, -245.0
1575352834.874639, -245.0
1575352836.252427, -245.0
1575352838.348052, -245.0
1575352839.803723, -245.0
1575352841.375379, -245.0
1575352841.468357, -245.0
1575352841.562134, -245.0
1575352841.656526, -245.0
1575352841.751367, -245.0
1575352841.845991, -245.0
1575352841.94195, -245.0
1575352842.043456, -245.0
1575352842.139647, -245.0
1575352842.235943, -245.0
1575352842.329827, -245.0
1575352842.422892, -245.0
1575352842.517109, -245.0
1575352842.610573, -245.0
1575352844.730319, -245.0
1575352846.130727, -245.0
1575352847.670081, -245.0
1575352847.763951, -245.0
1575352849.490329, -245.0
1575352850.923002, -245.0
1575352852.675356, -245.0
1575352854.17281, -245.0
1575352855.796408, -245.0
1575352857.271055, -245.0
1575352859.275669, -245.0
1575352859.370314, -245.0
1575352860.805957, -245.0
1575352860.900496, -245.0
1575352860.995954, -245.0
1575352861.093764, -245.0
1575352861.188472, -245.0
1575352862.708352, -245.0
1575352862.802627, -245.0
1575352862.898139, -245.0
1575352862.995492, -245.0
1575352863.093719, -245.0
1575352863.194937, -245.0
1575352863.292905, -245.0
1575352863.387925, -245.0
1575352863.480696, -245.0
1575352863.57431, -245.0
1575352863.667099, -245.0
1575352863.760648, -245.0
1575352863.855872, -245.0
1575352863.948865, -245.0
1575352864.041916, -245.0
1575352865.58751, -245.0
1575352865.679947, -245.0
1575352865.773716, -245.0
1575352865.871303, -245.0
1575352865.969566, -245.0
1575352866.067778, -245.0
1575352866.1644, -245.0
1575352866.262605, -245.0
1575352866.361165, -245.0
1575352866.461532, -245.0
1575352866.562523, -245.0
1575352866.663286, -245.0
1575352866.764307, -245.0
1575352866.865993, -245.0
1575352866.967228, -245.0
1575352867.068205, -245.0
1575352867.169982, -245.0
1575352867.271467, -245.0
1575352867.373069, -245.0
1575352867.469269, -245.0
1575352867.56773, -245.0
1575352867.663231, -245.0
1575352867.75744, -245.0
1575352867.852237, -245.0
1575352867.945785, -245.0
1575352868.039414, -245.0
1575352868.131987, -245.0
1575352868.225623, -245.0
1575352868.318868, -245.0
1575352868.412323, -245.0
1575352868.506582, -245.0
1575352868.603749, -245.0
1575352868.703018, -245.0
1575352868.803835, -245.0
1575352868.907287, -245.0
1575352869.01157, -245.0
1575352869.115437, -245.0
1575352869.219297, -245.0
1575352869.318501, -245.0
1575352869.413194, -245.0
1575352869.508659, -245.0
1575352869.603619, -245.0
1575352869.698321, -245.0
1575352869.793118, -245.0
1575352869.887881, -245.0
1575352869.983046, -245.0
1575352870.077987, -245.0
1575352870.172403, -245.0
1575352870.267222, -245.0
1575352870.363475, -245.0
1575352870.458706, -245.0
1575352870.554836, -245.0
1575352870.649453, -245.0
1575352870.743822, -245.0
1575352870.839551, -245.0
1575352870.937244, -245.0
1575352871.034112, -245.0
1575352871.128028, -245.0
1575352871.222282, -245.0
1575352873.331711, -245.0
1575352873.425291, -245.0
1575352873.521763, -245.0
1575352873.620357, -245.0
1575352873.716504, -245.0
1575352873.813907, -245.0
1575352873.911577, -245.0
1575352874.009063, -245.0
1575352874.106061, -245.0
1575352874.200703, -245.0
1575352874.296559, -245.0
1575352874.393214, -245.0
1575352874.489679, -245.0
1575352876.524865, -245.0
1575352878.687063, -245.0
1575352880.243524, -245.0
1575352881.924539, -245.0
1575352883.487283, -245.0
1575352885.033955, -245.0
1575352886.553492, -245.0
1575352886.646406, -245.0
1575352888.58812, -245.0
1575352890.395757, -245.0
1575352892.692362, -245.0
1575352892.787207, -245.0
1575352894.917384, -245.0
1575352896.419302, -245.0
1575352896.513375, -245.0
1575352896.60678, -245.0
1575352898.229435, -245.0
1575352899.71083, -245.0
1575352901.242325, -245.0
1575352902.734492, -245.0
1575352904.678989, -245.0
1575352906.264006, -245.0
1575352906.357869, -245.0
1575352907.763975, -245.0
1575352909.375852, -245.0
1575352910.870296, -245.0
1575352910.963636, -245.0
1575352911.056778, -245.0
1575352911.149822, -245.0
1575352911.242846, -245.0
1575352911.336936, -245.0
1575352911.433846, -245.0
1575352911.528143, -245.0
1575352911.621622, -245.0
1575352911.715066, -245.0
1575352913.89557, -245.0
1575352913.99361, -245.0
1575352916.441096, -245.0
1575352916.53923, -245.0
1575352916.633391, -245.0
1575352916.729827, -245.0
1575352916.828721, -245.0
1575352916.928617, -245.0
1575352917.02976, -245.0
1575352917.130128, -245.0
1575352917.226863, -245.0
1575352917.32033, -245.0
1575352917.414077, -245.0
1575352917.508714, -245.0
1575352919.456562, -245.0
1575352919.549674, -245.0
1575352919.64319, -245.0
1575352919.736471, -245.0
1575352919.830583, -245.0
1575352919.925049, -245.0
1575352920.021106, -245.0
1575352920.115735, -245.0
1575352920.211747, -245.0
1575352920.309484, -245.0
1575352920.405568, -245.0
1575352920.499327, -245.0
1575352922.107843, -245.0
1575352923.93391, -245.0
1575352924.028501, -245.0
1575352924.121805, -245.0
1575352926.014395, -245.0
1575352926.108543, -245.0
1575352926.201937, -245.0
1575352926.295262, -245.0
1575352927.797383, -245.0
1575352929.482474, -245.0
1575352929.57621, -245.0
1575352929.669746, -245.0
1575352929.763212, -245.0
1575352929.859684, -245.0
1575352929.953415, -245.0
1575352931.451894, -245.0
1575352932.99504, -245.0
1575352934.466578, -245.0
1575352934.560123, -245.0
1575352936.082235, -245.0
1575352937.634883, -245.0
1575352939.366732, -245.0
1575352940.854796, -245.0
1575352942.365994, -245.0
1575352943.75926, -245.0
1575352945.741055, -245.0
1575352947.580084, -245.0
1575352947.673134, -245.0
1575352947.76626, -245.0
1575352949.585719, -245.0
1575352951.331313, -245.0
1575352952.783141, -245.0
1575352954.149673, -245.0
1575352955.781243, -245.0
1575352955.874062, -245.0
1575352957.763489, -245.0
1575352959.200749, -245.0
1575352960.652117, -245.0
1575352962.192917, -245.0
1575352963.772894, -245.0
1575352965.330432, -245.0
1575352965.423319, -245.0
1575352965.517901, -245.0
1575352967.223454, -245.0
1575352967.317107, -245.0
1575352967.411005, -245.0
1575352968.99641, -245.0
1575352970.568862, -245.0
1575352972.626437, -245.0
1575352880.59239, -245.0
1575352880.686592, -245.0
1575352880.781096, -245.0
1575352880.876297, -245.0
1575352882.516743, -245.0
1575352884.003614, -245.0
1575352886.217326, -245.0
1575352887.798162, -245.0
1575352887.892562, -245.0
1575352887.98609, -245.0
1575352889.71399, -245.0
1575352889.808022, -245.0
1575352889.901503, -245.0
1575352891.738036, -245.0
1575352891.832166, -245.0
1575352891.927012, -245.0
1575352892.027009, -245.0
1575352892.131384, -245.0
1575352892.238336, -245.0
1575352892.345536, -245.0
1575352892.443449, -245.0
1575352894.700346, -245.0
1575352894.796737, -245.0
1575352894.899974, -245.0
1575352895.007921, -245.0
1575352895.113575, -245.0
1575352895.220436, -245.0
1575352895.325706, -245.0
1575352895.432339, -245.0
1575352895.538936, -245.0
1575352895.645682, -245.0
1575352895.75059, -245.0
1575352895.84551, -245.0
1575352895.939332, -245.0
1575352896.032989, -245.0
1575352897.675131, -245.0
1575352897.769828, -245.0
1575352897.866506, -245.0
1575352897.971729, -245.0
1575352898.068971, -245.0
1575352900.38475, -245.0
1575352902.20594, -245.0
1575352902.300017, -245.0
1575352902.39536, -245.0
1575352902.489186, -245.0
1575352904.707233, -245.0
1575352906.611024, -245.0
1575352906.705034, -245.0
1575352906.800998, -245.0
1575352906.895592, -245.0
1575352908.495087, -245.0
1575352910.205637, -245.0
1575352910.299269, -245.0
1575352912.378775, -245.0
1575352913.973123, -245.0
1575352914.067423, -245.0
1575352914.161907, -245.0
1575352914.257332, -245.0
1575352914.358523, -245.0
1575352914.463141, -245.0
1575352914.563945, -245.0
1575352914.662896, -245.0
1575352914.760672, -245.0
1575352914.860381, -245.0
1575352914.963011, -245.0
1575352915.067351, -245.0
1575352915.169957, -245.0
1575352915.273949, -245.0
1575352915.377911, -245.0
1575352915.482425, -245.0
1575352915.587254, -245.0
1575352915.691683, -245.0
1575352915.796873, -245.0
1575352915.902428, -245.0
1575352916.007418, -245.0
1575352916.112671, -245.0
1575352916.218314, -245.0
1575352916.323939, -245.0
1575352916.429105, -245.0
1575352916.53494, -245.0
1575352916.640259, -245.0
1575352916.745635, -245.0
1575352916.851144, -245.0
1575352916.956645, -245.0
1575352917.062536, -245.0
1575352917.167973, -245.0
1575352917.273721, -245.0
1575352917.379434, -245.0
1575352917.478946, -245.0
1575352919.649896, -245.0
1575352919.744119, -245.0
1575352919.839061, -245.0
1575352919.934053, -245.0
1575352920.035754, -245.0
1575352920.130609, -245.0
1575352920.22437, -245.0
1575352922.655419, -245.0
1575352922.74934, -245.0
1575352922.844814, -245.0
1575352922.945452, -245.0
1575352923.040326, -245.0
1575352923.141097, -245.0
1575352923.247118, -245.0
1575352923.354119, -245.0
1575352923.46062, -245.0
1575352923.567536, -245.0
1575352923.674572, -245.0
1575352923.781919, -245.0
1575352923.888614, -245.0
1575352923.995345, -245.0
1575352924.102417, -245.0
1575352924.196067, -245.0
1575352925.649494, -245.0
1575352925.742038, -245.0
1575352925.836922, -245.0
1575352927.713679, -245.0
1575352929.402843, -245.0
1575352929.497563, -245.0
1575352931.127308, -245.0
1575352932.603108, -245.0
1575352934.076872, -245.0
1575352936.06205, -245.0
1575352936.155589, -245.0
1575352937.75549, -245.0
1575352939.444641, -245.0
1575352942.040454, -245.0
1575352942.139571, -245.0
1575352942.241523, -245.0
1575352942.345764, -245.0
1575352942.45233, -245.0
1575352942.556385, -245.0
1575352942.653929, -245.0
1575352942.75824, -245.0
1575352942.85577, -245.0
1575352942.958493, -245.0
1575352943.063866, -245.0
1575352943.166126, -245.0
1575352943.26536, -245.0
1575352943.359002, -245.0
1575352943.452158, -245.0
1575352943.545736, -245.0
1575352945.408696, -245.0
1575352947.414439, -245.0
1575352947.509319, -245.0
1575352947.605344, -245.0
1575352947.704815, -245.0
1575352947.809187, -245.0
1575352947.916613, -245.0
1575352948.020533, -245.0
1575352948.117114, -245.0
1575352948.209916, -245.0
1575352948.303923, -245.0
1575352948.400051, -245.0
1575352948.492873, -245.0
1575352948.588844, -245.0
1575352948.684921, -245.0
1575352948.781397, -245.0
1575352948.878142, -245.0
1575352948.974501, -245.0
1575352949.071661, -245.0
1575352949.168626, -245.0
1575352949.265077, -245.0
1575352949.361902, -245.0
1575352949.459098, -245.0
1575352949.555779, -245.0
1575352949.652708, -245.0
1575352949.749492, -245.0
1575352949.846892, -245.0
1575352949.94622, -245.0
1575352950.046893, -245.0
1575352950.150489, -245.0
1575352950.250414, -245.0
1575352950.354011, -245.0
1575352950.46085, -245.0
1575352950.564796, -245.0
1575352950.671804, -245.0
1575352950.779179, -245.0
1575352950.885965, -245.0
1575352950.988931, -245.0
1575352951.085336, -245.0
1575352951.178394, -245.0
1575352951.272228, -245.0
1575352951.370383, -245.0
1575352951.468576, -245.0
1575352951.567364, -245.0
1575352951.664976, -245.0
1575352951.759212, -245.0
1575352953.641415, -245.0
1575352953.736525, -245.0
1575352953.832934, -245.0
1575352953.92824, -245.0
1575352954.025588, -245.0
1575352954.12252, -245.0
1575352955.702559, -245.0
1575352955.795423, -245.0
1575352955.888831, -245.0
1575352955.98237, -245.0
1575352956.075806, -245.0
1575352956.168986, -245.0
1575352957.783559, -245.0
1575352959.492705, -245.0
1575352961.459807, -245.0
1575352963.515773, -245.0
1575352963.610287, -245.0
1575352963.704894, -245.0
1575352963.802866, -245.0
1575352963.902145, -245.0
1575352964.002478, -245.0
1575352964.101405, -245.0
1575352964.196531, -245.0
1575352966.12723, -245.0
1575352967.837344, -245.0
1575352969.611631, -245.0
1575352969.70578, -245.0
1575352971.204502, -245.0
1575352972.763576, -245.0
1575352974.285338, -245.0
1575352975.757885, -245.0
1575352977.544739, -245.0
1575352979.620161, -245.0
1575352979.713653, -245.0
1575352981.348167, -245.0
1575352983.348955, -245.0
1575352983.442308, -245.0
1575352983.536591, -245.0
1575352983.63699, -245.0
1575352983.730925, -245.0
1575352985.192919, -245.0
1575352987.13022, -245.0
1575352988.997248, -245.0
1575352989.090571, -245.0
1575352989.185783, -245.0
1575352989.285305, -245.0
1575352989.380249, -245.0
1575352989.473695, -245.0
1575352991.489289, -245.0
1575352991.585226, -245.0
1575352993.305867, -245.0
1575352993.39979, -245.0
1575352993.495061, -245.0
1575352993.592021, -245.0
1575352993.68576, -245.0
1575352993.782037, -245.0
1575352993.878888, -245.0
1575352993.976276, -245.0
1575352994.073625, -245.0
1575352994.172536, -245.0
1575352994.272196, -245.0
1575352994.371146, -245.0
1575352994.467054, -245.0
1575352908.47332, -245.0
1575352908.566825, -245.0
1575352908.659332, -245.0
1575352908.757715, -245.0
1575352908.864123, -245.0
1575352908.971095, -245.0
1575352909.07733, -245.0
1575352909.184695, -245.0
1575352909.290832, -245.0
1575352909.398532, -245.0
1575352909.504816, -245.0
1575352909.612606, -245.0
1575352909.712145, -245.0
1575352909.806331, -245.0
1575352909.90064, -245.0
1575352909.997388, -245.0
1575352910.091289, -245.0
1575352911.996921, -245.0
1575352913.428858, -245.0
1575352914.829375, -245.0
1575352916.371848, -245.0
1575352917.804439, -245.0
1575352917.898011, -245.0
1575352917.992676, -245.0
1575352918.087043, -245.0
1575352919.54103, -245.0
1575352921.131087, -245.0
1575352922.536042, -245.0
1575352924.015031, -245.0
1575352925.512935, -245.0
1575352926.86531, -245.0
1575352928.344171, -245.0
1575352929.663216, -245.0
1575352931.228831, -245.0
1575352932.715156, -245.0
1575352934.14818, -245.0
1575352935.57016, -245.0
1575352936.987886, -245.0
1575352938.63385, -245.0
1575352939.999397, -245.0
1575352941.416894, -245.0
1575352942.879013, -245.0
1575352944.422264, -245.0
1575352944.515636, -245.0
1575352944.609802, -245.0
1575352944.704249, -245.0
1575352944.79935, -245.0
1575352944.893653, -245.0
1575352947.219162, -245.0
1575352948.7948, -245.0
1575352948.887487, -245.0
1575352950.476747, -245.0
1575352952.064341, -245.0
1575352953.676113, -245.0
1575352955.266048, -245.0
1575352955.360209, -245.0
1575352955.456819, -245.0
1575352955.552264, -245.0
1575352955.649684, -245.0
1575352955.748334, -245.0
1575352955.847944, -245.0
1575352955.946423, -245.0
1575352956.04153, -245.0
1575352956.13781, -245.0
1575352956.236465, -245.0
1575352956.334502, -245.0
1575352956.431491, -245.0
1575352956.529316, -245.0
1575352956.627486, -245.0
1575352956.725227, -245.0
1575352956.820585, -245.0
1575352956.918684, -245.0
1575352957.014444, -245.0
1575352957.11342, -245.0
1575352957.20829, -245.0
1575352958.712453, -245.0
1575352960.222306, -245.0
1575352961.657006, -245.0
1575352961.751257, -245.0
1575352961.846107, -245.0
1575352961.942096, -245.0
1575352962.0374, -245.0
1575352963.608387, -245.0
1575352965.52828, -245.0
1575352967.215061, -245.0
1575352968.758281, -245.0
1575352970.686626, -245.0
1575352970.78016, -245.0
1575352972.534272, -245.0
1575352974.18169, -245.0
1575352974.274692, -245.0
1575352975.99654, -245.0
1575352977.562193, -245.0
1575352979.346244, -245.0
1575352980.991112, -245.0
1575352982.920212, -245.0
1575352983.012837, -245.0
1575352985.287957, -245.0
1575352985.381847, -245.0
1575352985.478978, -245.0
1575352985.582961, -245.0
1575352985.680496, -245.0
1575352985.775511, -245.0
1575352987.242498, -245.0
1575352987.335825, -245.0
1575352989.610308, -245.0
1575352989.705772, -245.0
1575352989.803156, -245.0
1575352989.895971, -245.0
1575352989.99017, -245.0
1575352990.083791, -245.0
1575352990.177337, -245.0
1575352990.27189, -245.0
1575352990.366389, -245.0
1575352990.460808, -245.0
1575352990.554926, -245.0
1575352990.649851, -245.0
1575352990.747877, -245.0
1575352990.847378, -245.0
1575352990.947563, -245.0
1575352991.04826, -245.0
1575352991.148197, -245.0
1575352991.24473, -245.0
1575352993.0375, -245.0
1575352994.784367, -245.0
1575352996.402953, -245.0
1575352999.102146, -245.0
1575353002.485266, -245.0
1575353005.682152, -245.0
1575353009.072985, -245.0
1575353009.167387, -245.0
1575353012.404053, -245.0
1575353015.601842, -245.0
1575353015.6964, -245.0
1575353015.792375, -245.0
1575353015.888092, -245.0
1575353015.984103, -245.0
1575353016.077653, -245.0
1575353017.650949, -245.0
1575353019.351377, -245.0
1575353021.300902, -245.0
1575353024.189527, -245.0
1575353027.583159, -245.0
1575353027.677221, -245.0
1575353027.771043, -245.0
1575353027.865692, -245.0
1575353027.960022, -245.0
1575353029.528376, -245.0
1575353029.620799, -245.0
1575353031.270659, -244.0
1575353031.363011, -244.0
1575353032.969531, -244.0
1575353034.537573, -244.0
1575353036.325168, -244.0
1575353036.419417, -244.0
1575353036.512418, -244.0
1575353036.60502, -244.0
1575353036.697817, -244.0
1575353038.139056, -244.0
1575353038.231612, -244.0
1575353039.70096, -244.0
1575353039.793736, -244.0
1575353039.886726, -244.0
1575353039.979213, -244.0
1575353041.607084, -244.0
1575353041.700207, -244.0
1575353043.302713, -244.0
1575353045.011206, -244.0
1575353045.104267, -244.0
1575353046.571218, -244.0
1575353048.082488, -244.0
1575353048.175667, -244.0
1575353048.269686, -244.0
1575353048.36435, -244.0
1575353048.458256, -244.0
1575353048.551398, -244.0
1575353050.057365, -244.0
1575353050.150106, -244.0
1575353051.631734, -244.0
1575353051.724395, -244.0
1575353051.816888, -244.0
1575353051.909476, -244.0
1575353053.425226, -244.0
1575353053.519211, -244.0
1575353053.614072, -244.0
1575353053.707442, -244.0
1575353053.801887, -244.0
1575353053.897161, -244.0
1575353053.991303, -244.0
1575353054.086357, -244.0
1575353054.179808, -244.0
1575353054.274111, -244.0
1575353054.36838, -244.0
1575353054.462598, -244.0
1575353054.557133, -244.0
1575353054.651361, -244.0
1575353054.745701, -244.0
1575353054.839899, -244.0
1575353054.934345, -244.0
1575353055.028555, -244.0
1575353055.124092, -244.0
1575353055.21789, -244.0
1575353055.311839, -244.0
1575353055.406134, -244.0
1575353057.736034, -244.0
1575353057.830266, -244.0
1575353057.924562, -244.0
1575353058.020537, -244.0
1575353058.118619, -244.0
1575353058.217727, -244.0
1575353058.3169, -244.0
1575353058.4139, -244.0
1575353060.117189, -244.0
1575353060.210258, -244.0
1575353060.302922, -244.0
1575353061.947113, -244.0
1575353063.492709, -244.0
1575353065.009865, -244.0
1575353066.565674, -244.0
1575353068.04506, -244.0
1575353069.739689, -244.0
1575353069.833269, -244.0
1575353069.928015, -244.0
1575353070.02134, -244.0
1575353071.815747, -244.0
1575353071.909926, -244.0
1575353072.004779, -244.0
1575353074.145981, -244.0
1575353076.38974, -244.0
1575353076.483108, -244.0
1575353076.575644, -244.0
1575353078.207456, -244.0
1575353079.900734, -244.0
1575353081.302498, -244.0
1575353081.395099, -244.0
1575353083.113347, -244.0
1575353084.707376, -244.0
1575353086.571228, -244.0
1575353088.188557, -244.0
1575353090.138178, -244.0
1575353092.384293, -244.0
1575353093.952054, -244.0
1575353095.433938, -244.0
1575353095.527124, -244.0
1575353097.159006, -244.0
1575353098.696136, -244.0
1575353100.503537, -244.0
1575353102.128599, -244.0
1575353103.627019, -244.0
1575353105.138972, -244.0
