1574516742.368672, -480.0
1574516742.489454, -480.0
1574516742.611585, -480.0
1574516742.731732, -480.0
1574516744.674647, -480.0
1574516746.233263, -470.0
1574516746.35384, -470.0
1574516746.473678, -470.0
1574516746.594348, -470.0
1574516746.714828, -470.0
1574516747.210227, -470.0
1574516747.65752, -470.0
1574516748.144477, -470.0
1574516751.367884, -470.0
1574516754.443663, -470.0
1574516757.341215, -470.0
1574516760.319571, -460.0
1574516763.394805, -460.0
1574516765.829698, -460.0
1574516768.895959, -460.0
1574516771.870796, -460.0
1574516774.960938, -460.0
1574516777.995228, -460.0
1574516780.686566, -460.0
1574516783.069037, -460.0
1574516785.423643, -460.0
1574516788.129094, -460.0
1574516790.869412, -460.0
1574516792.938036, -460.0
1574516794.955562, -460.0
1574516796.997979, -460.0
1574516799.026257, -460.0
1574516801.075426, -460.0
1574516803.08003, -460.0
1574516805.168584, -460.0
1574516807.249336, -460.0
1574516810.33613, -460.0
1574516813.428021, -460.0
1574516815.383227, -460.0
1574516817.624685, -460.0
1574516820.632697, -460.0
1574516822.246202, -460.0
1574516825.192896, -460.0
1574516828.14163, -460.0
1574516831.132064, -460.0
1574516834.109819, -460.0
1574516837.077688, -460.0
1574516840.137025, -460.0
1574516843.120801, -460.0
1574516846.166272, -460.0
1574516742.375906, -480.0
1574516742.496279, -480.0
1574516742.617131, -480.0
1574516743.053535, -480.0
1574516743.174704, -480.0
1574516743.618155, -480.0
1574516743.738642, -480.0
1574516743.86116, -480.0
1574516743.98084, -480.0
1574516744.101228, -480.0
1574516745.032663, -480.0
1574516745.999762, -470.0
1574516746.468794, -470.0
1574516747.020139, -470.0
1574516749.500567, -470.0
1574516751.871631, -470.0
1574516754.61457, -470.0
1574516757.267695, -470.0
1574516759.860152, -465.0
1574516762.45279, -460.0
1574516765.040956, -460.0
1574516767.668497, -460.0
1574516770.303892, -460.0
1574516772.927897, -460.0
1574516775.846424, -460.0
1574516778.722766, -460.0
1574516781.634965, -460.0
1574516784.570721, -460.0
1574516787.545366, -460.0
1574516790.501806, -460.0
1574516793.417396, -460.0
1574516796.430543, -460.0
1574516799.381652, -460.0
1574516802.298175, -460.0
1574516805.265204, -460.0
1574516808.167994, -460.0
1574516811.01704, -460.0
1574516813.986814, -460.0
1574516816.921856, -460.0
1574516819.883758, -460.0
1574516822.848171, -460.0
1574516825.745632, -460.0
1574516828.727883, -460.0
1574516831.703124, -460.0
1574516834.621028, -460.0
1574516837.586721, -460.0
1574516840.521777, -460.0
1574516843.492592, -460.0
1574516846.452044, -460.0
1574516849.343198, -460.0
1574516742.302261, -501.0
1574516742.343465, -501.0
1574516742.383847, -480.0
1574516742.424535, -480.0
1574516743.191747, -480.0
1574516743.234128, -480.0
1574516743.274869, -480.0
1574516743.315387, -480.0
1574516743.355773, -480.0
1574516743.396359, -480.0
1574516743.436778, -480.0
1574516743.477285, -480.0
1574516743.517966, -480.0
1574516743.558385, -480.0
1574516743.598903, -480.0
1574516743.63932, -480.0
1574516743.682211, -480.0
1574516744.470351, -480.0
1574516744.919609, -480.0
1574516745.356489, -480.0
1574516745.84876, -472.0
1574516746.619326, -470.0
1574516747.309682, -470.0
1574516747.972196, -470.0
1574516748.656764, -470.0
1574516749.337729, -470.0
1574516750.041879, -470.0
1574516750.728293, -470.0
1574516751.43252, -470.0
1574516752.132974, -470.0
1574516752.829765, -470.0
1574516753.559929, -470.0
1574516754.140961, -470.0
1574516755.009748, -470.0
1574516755.858419, -470.0
1574516756.444539, -470.0
1574516756.978212, -470.0
1574516757.562479, -465.0
1574516758.283209, -465.0
1574516759.125585, -465.0
1574516759.991188, -465.0
1574516760.36477, -460.0
1574516760.739739, -460.0
1574516761.099234, -460.0
1574516761.932159, -460.0
1574516763.567257, -460.0
1574516764.451417, -460.0
1574516765.398256, -460.0
1574516765.769788, -460.0
1574516766.700573, -460.0
1574516742.326825, -501.0
1574516742.380854, -480.0
1574516742.434447, -480.0
1574516742.488279, -480.0
1574516743.246475, -480.0
1574516744.363658, -480.0
1574516745.506242, -472.0
1574516746.955939, -470.0
1574516747.764925, -470.0
1574516747.822248, -470.0
1574516747.877521, -470.0
1574516747.931215, -470.0
1574516747.984544, -470.0
1574516748.039279, -470.0
1574516749.391658, -470.0
1574516750.217383, -470.0
1574516751.185232, -470.0
1574516752.306801, -470.0
1574516753.4612, -470.0
1574516754.552463, -470.0
1574516754.612084, -470.0
1574516754.671755, -470.0
1574516754.72574, -470.0
1574516754.779134, -470.0
1574516754.833024, -470.0
1574516754.88714, -470.0
1574516754.945694, -470.0
1574516755.816113, -470.0
1574516756.494585, -470.0
1574516757.157456, -470.0
1574516757.895174, -465.0
1574516758.647435, -465.0
1574516759.49362, -465.0
1574516760.31009, -465.0
1574516761.252064, -460.0
1574516762.097644, -460.0
1574516763.127635, -460.0
1574516764.745608, -460.0
1574516765.800334, -460.0
1574516766.574197, -460.0
1574516767.697968, -460.0
1574516769.269817, -460.0
1574516770.943698, -460.0
1574516772.473606, -460.0
1574516773.997895, -460.0
1574516775.457536, -460.0
1574516776.284921, -460.0
1574516778.338218, -460.0
1574516780.572509, -460.0
1574516781.842088, -460.0
1574516766.762476, -460.0
1574516766.815917, -460.0
1574516766.869779, -460.0
1574516766.923717, -460.0
1574516766.977203, -460.0
1574516767.030868, -460.0
1574516767.084908, -460.0
1574516767.141947, -460.0
1574516767.198907, -460.0
1574516767.255309, -460.0
1574516767.310598, -460.0
1574516767.365476, -460.0
1574516767.420881, -460.0
1574516767.476547, -460.0
1574516767.531767, -460.0
1574516767.586758, -460.0
1574516767.641474, -460.0
1574516767.696546, -460.0
1574516768.773605, -460.0
1574516768.829842, -460.0
1574516768.885954, -460.0
1574516768.942957, -460.0
1574516769.000738, -460.0
1574516769.058574, -460.0
1574516769.116723, -460.0
1574516769.17501, -460.0
1574516769.233345, -460.0
1574516769.290431, -460.0
1574516769.348192, -460.0
1574516769.406183, -460.0
1574516769.464134, -460.0
1574516769.522807, -460.0
1574516769.582597, -460.0
1574516769.642834, -460.0
1574516769.703063, -460.0
1574516769.763323, -460.0
1574516769.823342, -460.0
1574516769.883663, -460.0
1574516769.943897, -460.0
1574516770.003928, -460.0
1574516770.063457, -460.0
1574516770.123746, -460.0
1574516770.183817, -460.0
1574516770.244319, -460.0
1574516770.304707, -460.0
1574516770.364743, -460.0
1574516770.425146, -460.0
1574516770.485301, -460.0
1574516770.546023, -460.0
1574516770.606438, -460.0
1574516770.684572, -460.0
1574516770.757935, -460.0
1574516770.824957, -460.0
1574516770.891534, -460.0
1574516770.957951, -460.0
1574516771.025281, -460.0
1574516773.51812, -460.0
1574516774.929021, -460.0
1574516776.24769, -460.0
1574516777.900344, -460.0
1574516779.465064, -460.0
1574516780.431697, -460.0
1574516781.70011, -460.0
1574516782.658131, -460.0
1574516783.592104, -460.0
1574516784.321029, -460.0
1574516785.482899, -460.0
1574516786.050058, -460.0
1574516786.591314, -460.0
1574516787.111336, -460.0
1574516788.315791, -460.0
1574516789.623891, -460.0
1574516791.472963, -460.0
1574516792.875751, -460.0
1574516794.21729, -460.0
1574516795.573578, -460.0
1574516796.99751, -460.0
1574516797.933366, -460.0
1574516798.897728, -460.0
1574516799.876069, -460.0
1574516800.821007, -460.0
1574516801.788614, -460.0
1574516802.79586, -460.0
1574516803.425204, -460.0
1574516804.04821, -460.0
1574516804.683936, -460.0
1574516805.297556, -460.0
1574516805.922609, -460.0
1574516806.533433, -460.0
1574516807.157133, -460.0
1574516808.911923, -460.0
1574516810.330924, -460.0
1574516811.732851, -460.0
1574516813.170283, -460.0
1574516814.587019, -460.0
1574516815.987066, -460.0
1574516817.409336, -460.0
1574516818.807072, -460.0
1574516820.214699, -460.0
1574516821.620784, -460.0
1574516781.89318, -460.0
1574516781.933366, -460.0
1574516781.973664, -460.0
1574516782.013785, -460.0
1574516782.054056, -460.0
1574516782.094319, -460.0
1574516782.134499, -460.0
1574516782.177376, -460.0
1574516782.217573, -460.0
1574516782.257662, -460.0
1574516782.298603, -460.0
1574516782.339079, -460.0
1574516782.379356, -460.0
1574516782.419665, -460.0
1574516782.459949, -460.0
1574516782.500038, -460.0
1574516782.540349, -460.0
1574516782.580895, -460.0
1574516782.621348, -460.0
1574516782.661643, -460.0
1574516782.701844, -460.0
1574516782.742203, -460.0
1574516782.782765, -460.0
1574516782.824654, -460.0
1574516782.868687, -460.0
1574516782.913085, -460.0
1574516782.957778, -460.0
1574516783.0031, -460.0
1574516783.048288, -460.0
1574516783.093168, -460.0
1574516783.138147, -460.0
1574516783.18329, -460.0
1574516783.228136, -460.0
1574516783.272488, -460.0
1574516783.316924, -460.0
1574516784.314478, -460.0
1574516784.359526, -460.0
1574516784.404762, -460.0
1574516784.449844, -460.0
1574516784.494836, -460.0
1574516784.539459, -460.0
1574516784.584035, -460.0
1574516784.629257, -460.0
1574516784.674402, -460.0
1574516784.719711, -460.0
1574516784.764713, -460.0
1574516784.809667, -460.0
1574516784.854644, -460.0
1574516784.899694, -460.0
1574516784.944516, -460.0
1574516785.035714, -460.0
1574516785.115862, -460.0
1574516785.195517, -460.0
1574516786.353345, -460.0
1574516786.44175, -460.0
1574516786.522268, -460.0
1574516786.602303, -460.0
1574516786.682307, -460.0
1574516786.762772, -460.0
1574516786.846081, -460.0
1574516787.620598, -460.0
1574516788.322041, -460.0
1574516789.312791, -460.0
1574516790.325879, -460.0
1574516791.341429, -460.0
1574516792.273566, -460.0
1574516793.213284, -460.0
1574516794.113923, -460.0
1574516794.940802, -460.0
1574516795.728249, -460.0
1574516796.493922, -460.0
1574516797.26524, -460.0
1574516798.04353, -460.0
1574516798.852714, -460.0
1574516799.625943, -460.0
1574516800.380453, -460.0
1574516801.168447, -460.0
1574516801.960821, -460.0
1574516802.751987, -460.0
1574516804.320809, -460.0
1574516805.840041, -460.0
1574516807.491206, -460.0
1574516808.733552, -460.0
1574516809.524074, -460.0
1574516810.31789, -460.0
1574516811.099135, -460.0
1574516811.922413, -460.0
1574516812.688566, -460.0
1574516813.45443, -460.0
1574516814.217078, -460.0
1574516814.989689, -460.0
1574516815.779242, -460.0
1574516816.536378, -460.0
1574516817.316251, -460.0
1574516818.105842, -460.0
1574516818.895442, -460.0
1574516819.673827, -460.0
1574516820.448581, -460.0
1574516821.213572, -460.0
1574516822.036009, -460.0
1574516821.685339, -460.0
1574516821.739312, -460.0
1574516821.792894, -460.0
1574516821.846756, -460.0
1574516821.900537, -460.0
1574516821.954365, -460.0
1574516822.007984, -460.0
1574516822.062186, -460.0
1574516822.800511, -460.0
1574516822.855886, -460.0
1574516822.910711, -460.0
1574516822.964736, -460.0
1574516823.019103, -460.0
1574516825.403178, -460.0
1574516826.62881, -460.0
1574516828.035029, -460.0
1574516829.308006, -460.0
1574516830.33166, -460.0
1574516831.417743, -460.0
1574516832.102088, -460.0
1574516832.796502, -460.0
1574516833.490448, -460.0
1574516834.130254, -460.0
1574516834.697364, -460.0
1574516834.908937, -460.0
1574516835.587791, -460.0
1574516836.159931, -460.0
1574516836.733525, -460.0
1574516837.414273, -460.0
1574516838.143382, -460.0
1574516838.741536, -460.0
1574516840.026727, -460.0
1574516841.308249, -460.0
1574516842.601902, -460.0
1574516843.94669, -460.0
1574516845.219213, -460.0
1574516846.524527, -460.0
1574516847.536943, -460.0
1574516848.852318, -460.0
1574516850.176331, -460.0
1574516851.510079, -460.0
1574516852.820771, -460.0
1574516854.085562, -460.0
1574516855.361493, -460.0
1574516856.673268, -460.0
1574516858.030165, -460.0
1574516859.363895, -460.0
1574516860.744441, -460.0
1574516861.757768, -460.0
1574516862.794247, -460.0
1574516822.395723, -460.0
1574516822.424058, -460.0
1574516822.450825, -460.0
1574516822.480403, -460.0
1574516822.507208, -460.0
1574516822.534043, -460.0
1574516822.560994, -460.0
1574516822.5879, -460.0
1574516822.970296, -460.0
1574516822.998388, -460.0
1574516823.028368, -460.0
1574516823.055343, -460.0
1574516823.082119, -460.0
1574516823.109472, -460.0
1574516823.136842, -460.0
1574516823.165179, -460.0
1574516823.195376, -460.0
1574516823.22251, -460.0
1574516823.249483, -460.0
1574516823.276415, -460.0
1574516824.543166, -460.0
1574516824.57356, -460.0
1574516824.603196, -460.0
1574516824.633131, -460.0
1574516825.551378, -460.0
1574516826.178555, -460.0
1574516826.207114, -460.0
1574516826.234337, -460.0
1574516826.262223, -460.0
1574516826.290546, -460.0
1574516826.318738, -460.0
1574516826.346943, -460.0
1574516826.374205, -460.0
1574516826.401415, -460.0
1574516826.428349, -460.0
1574516826.45562, -460.0
1574516827.13373, -460.0
1574516827.161919, -460.0
1574516827.796426, -460.0
1574516827.825559, -460.0
1574516827.856198, -460.0
1574516827.88614, -460.0
1574516827.915666, -460.0
1574516827.946002, -460.0
1574516827.976078, -460.0
1574516828.006072, -460.0
1574516828.036458, -460.0
1574516828.066542, -460.0
1574516828.09703, -460.0
1574516828.127128, -460.0
1574516828.146741, -460.0
1574516828.465915, -460.0
1574516828.754651, -460.0
1574516829.108522, -460.0
1574516829.425015, -460.0
1574516829.746764, -460.0
1574516830.082399, -460.0
1574516830.427086, -460.0
1574516830.759744, -460.0
1574516831.110975, -460.0
1574516831.451015, -460.0
1574516831.782124, -460.0
1574516832.10791, -460.0
1574516832.446575, -460.0
1574516832.775027, -460.0
1574516833.100873, -460.0
1574516833.435479, -460.0
1574516833.764407, -460.0
1574516834.120852, -460.0
1574516834.13582, -460.0
1574516834.149076, -460.0
1574516834.162458, -460.0
1574516834.176039, -460.0
1574516834.190345, -460.0
1574516834.675106, -460.0
1574516835.167562, -460.0
1574516835.496263, -460.0
1574516835.856314, -460.0
1574516836.207642, -460.0
1574516836.563195, -460.0
1574516836.578254, -460.0
1574516836.593481, -460.0
1574516836.607131, -460.0
1574516836.620716, -460.0
1574516836.634099, -460.0
1574516836.64742, -460.0
1574516836.661039, -460.0
1574516836.674476, -460.0
1574516836.687952, -460.0
1574516836.701305, -460.0
1574516836.71481, -460.0
1574516836.72891, -460.0
1574516836.742754, -460.0
1574516837.083465, -460.0
1574516837.423871, -460.0
1574516837.776223, -460.0
1574516838.111257, -460.0
1574516838.453463, -460.0
1574516838.812613, -460.0
1574516839.153835, -460.0
1574516871.252489, -460.0
1574516871.267234, -460.0
1574516871.281108, -460.0
1574516871.295012, -460.0
1574516871.308853, -460.0
1574516871.322664, -460.0
1574516871.336452, -460.0
1574516871.350193, -460.0
1574516871.364045, -460.0
1574516871.378113, -460.0
1574516871.730293, -460.0
1574516872.082854, -460.0
1574516872.443077, -460.0
1574516872.812599, -460.0
1574516873.157675, -460.0
1574516873.52139, -460.0
1574516873.876574, -460.0
1574516874.209489, -460.0
1574516874.547637, -460.0
1574516874.873253, -460.0
1574516875.24128, -460.0
1574516875.659648, -460.0
1574516876.00194, -460.0
1574516876.35052, -460.0
1574516876.708619, -460.0
1574516877.119264, -460.0
1574516877.478759, -460.0
1574516877.827065, -460.0
1574516878.17025, -460.0
1574516878.519241, -460.0
1574516878.84254, -460.0
1574516879.194382, -460.0
1574516879.53783, -460.0
1574516879.873139, -460.0
1574516880.216211, -460.0
1574516880.551938, -460.0
1574516880.876093, -460.0
1574516881.242902, -460.0
1574516881.592445, -460.0
1574516881.934505, -460.0
1574516882.264937, -460.0
1574516882.594344, -460.0
1574516882.608486, -460.0
1574516882.959735, -460.0
1574516883.292535, -460.0
1574516883.651906, -460.0
1574516883.989674, -460.0
1574516884.336099, -460.0
1574516884.691734, -460.0
1574516885.062941, -460.0
1574516885.41707, -460.0
1574516885.778897, -460.0
1574516886.12423, -460.0
1574516886.485306, -460.0
1574516886.843613, -460.0
1574516887.183943, -460.0
1574516887.531673, -460.0
1574516887.887105, -460.0
1574516888.211847, -460.0
1574516888.65583, -460.0
1574516888.670172, -460.0
1574516889.028838, -460.0
1574516889.374806, -460.0
1574516889.69819, -460.0
1574516890.041781, -460.0
1574516890.370506, -460.0
1574516890.734811, -460.0
1574516891.004138, -460.0
1574516891.189243, -460.0
1574516891.373127, -460.0
1574516891.553283, -460.0
1574516891.724065, -460.0
1574516891.893764, -460.0
1574516892.074359, -460.0
1574516892.25563, -460.0
1574516892.43578, -460.0
1574516892.619388, -460.0
1574516892.913873, -460.0
1574516893.209825, -460.0
1574516893.386186, -460.0
1574516893.560399, -460.0
1574516893.772704, -460.0
1574516894.088886, -460.0
1574516894.420595, -460.0
1574516894.776609, -460.0
1574516895.106683, -460.0
1574516895.444163, -460.0
1574516895.762097, -460.0
1574516896.09502, -460.0
1574516896.45204, -460.0
1574516896.799363, -460.0
1574516897.198745, -460.0
1574516897.562122, -460.0
1574516897.883013, -460.0
1574516898.218102, -460.0
1574516898.559616, -460.0
1574516898.91479, -460.0
1574516899.263557, -460.0
1574516899.597649, -460.0
1574516899.946184, -460.0
1574516900.284667, -460.0
1574516900.632492, -460.0
1574516900.991372, -460.0
1574516901.350484, -460.0
1574516901.712403, -460.0
1574516902.073524, -460.0
1574516902.087699, -460.0
1574516902.50051, -460.0
1574516903.055671, -460.0
1574516903.070534, -460.0
1574516903.084186, -460.0
1574516903.097541, -460.0
1574516903.112112, -460.0
1574516903.12772, -460.0
1574516903.141535, -460.0
1574516903.680499, -460.0
1574516904.027913, -460.0
1574516904.35149, -460.0
1574516904.735364, -460.0
1574516905.086771, -460.0
1574516905.421966, -460.0
1574516905.756714, -460.0
1574516906.113356, -460.0
1574516906.461201, -460.0
1574516906.825966, -460.0
1574516907.174963, -460.0
1574516907.532071, -460.0
1574516907.891524, -460.0
1574516908.235681, -460.0
1574516908.594217, -460.0
1574516908.915931, -460.0
1574516909.254311, -460.0
1574516909.625605, -460.0
1574516909.990613, -460.0
1574516910.343564, -460.0
1574516910.697714, -460.0
1574516911.062133, -460.0
1574516911.425249, -460.0
1574516911.773967, -460.0
1574516911.788005, -460.0
1574516911.802115, -460.0
1574516912.144008, -460.0
1574516912.521725, -460.0
1574516912.53579, -460.0
1574516912.906185, -460.0
1574516913.242291, -460.0
1574516913.595037, -460.0
1574516913.942539, -460.0
1574516914.26261, -460.0
1574516914.618474, -460.0
1574516914.959047, -460.0
1574516915.312281, -460.0
1574516915.326634, -460.0
1574516915.340517, -460.0
1574516915.354096, -460.0
1574516915.367527, -460.0
1574516915.383005, -460.0
1574516915.396807, -460.0
1574516915.742529, -460.0
1574516916.090213, -460.0
1574516916.441989, -460.0
1574516916.813823, -460.0
1574516917.178608, -460.0
1574516917.524571, -460.0
1574516917.849686, -460.0
1574516918.206207, -460.0
1574516918.559374, -460.0
1574516918.909005, -460.0
1574516919.235816, -460.0
1574516919.593183, -460.0
1574516919.944746, -460.0
1574516920.285338, -460.0
1574516920.635882, -460.0
1574516920.977818, -460.0
1574516921.318616, -460.0
1574516921.665988, -460.0
1574516922.026552, -460.0
1574516922.358099, -460.0
1574516922.700289, -460.0
1574516923.040371, -460.0
1574516923.388569, -460.0
1574516923.738573, -460.0
1574516924.090486, -460.0
1574516924.104546, -460.0
1574516924.496179, -460.0
1574516924.928326, -460.0
1574516925.291297, -460.0
1574516925.648254, -460.0
1574516926.022505, -460.0
1574516926.43233, -460.0
1574516926.865732, -460.0
1574516926.88049, -460.0
1574516926.894231, -460.0
1574516926.908551, -460.0
1574516926.924062, -460.0
1574516926.938173, -460.0
1574516926.952626, -460.0
1574516926.967732, -460.0
1574516927.481316, -460.0
1574516927.868384, -460.0
1574516928.304436, -460.0
1574516928.318753, -460.0
1574516928.76998, -460.0
1574516928.784178, -460.0
1574516928.799018, -460.0
1574516929.232268, -460.0
1574516929.24702, -460.0
1574516929.260772, -460.0
1574516929.274771, -460.0
1574516929.673954, -460.0
1574516930.061886, -460.0
1574516930.42871, -460.0
1574516930.828121, -460.0
1574516930.842444, -460.0
1574516930.857383, -460.0
1574516930.871099, -460.0
1574516930.884879, -460.0
1574516930.898557, -460.0
1574516930.912776, -460.0
1574516930.926442, -460.0
1574516930.940269, -460.0
1574516930.954344, -460.0
1574516930.968548, -460.0
1574516930.98328, -460.0
1574516930.997002, -460.0
1574516931.010818, -460.0
1574516931.024787, -460.0
1574516931.038553, -460.0
1574516931.052623, -460.0
1574516931.066425, -460.0
1574516931.081969, -460.0
1574516931.096492, -460.0
1574516931.110883, -460.0
1574516931.126421, -460.0
1574516931.507815, -460.0
1574516931.924043, -460.0
1574516931.939638, -460.0
1574516931.954114, -460.0
1574516932.387579, -460.0
1574516932.887392, -460.0
1574516932.902925, -460.0
1574516932.918145, -460.0
1574516932.93327, -460.0
1574516932.947296, -460.0
1574516932.961216, -460.0
1574516932.975094, -460.0
1574516932.989119, -460.0
1574516933.003008, -460.0
1574516933.017082, -460.0
1574516933.031498, -460.0
1574516871.615417, -460.0
1574516871.630315, -460.0
1574516871.645461, -460.0
1574516871.660857, -460.0
1574516871.675612, -460.0
1574516871.690796, -460.0
1574516871.704542, -460.0
1574516872.044365, -460.0
1574516872.375131, -460.0
1574516872.704726, -460.0
1574516873.027614, -460.0
1574516873.385, -460.0
1574516873.735004, -460.0
1574516874.058126, -460.0
1574516874.388702, -460.0
1574516874.718894, -460.0
1574516875.054702, -460.0
1574516875.377032, -460.0
1574516875.70895, -460.0
1574516876.064455, -460.0
1574516876.411467, -460.0
1574516876.781368, -460.0
1574516876.795826, -460.0
1574516876.809809, -460.0
1574516877.247937, -460.0
1574516877.585095, -460.0
1574516877.947882, -460.0
1574516878.418679, -460.0
1574516878.432797, -460.0
1574516878.793222, -460.0
1574516879.154718, -460.0
1574516879.496011, -460.0
1574516879.825099, -460.0
1574516880.176108, -460.0
1574516880.557526, -460.0
1574516880.940387, -460.0
1574516881.327475, -460.0
1574516881.69315, -460.0
1574516882.192785, -460.0
1574516882.208121, -460.0
1574516882.222806, -460.0
1574516882.23805, -460.0
1574516882.253216, -460.0
1574516882.268366, -460.0
1574516882.281921, -460.0
1574516882.295318, -460.0
1574516882.308799, -460.0
1574516882.322409, -460.0
1574516882.335882, -460.0
1574516882.349475, -460.0
1574516882.362843, -460.0
1574516882.376447, -460.0
1574516882.389791, -460.0
1574516882.403567, -460.0
1574516882.417328, -460.0
1574516882.431048, -460.0
1574516882.444928, -460.0
1574516882.458527, -460.0
1574516882.472363, -460.0
1574516882.486053, -460.0
1574516882.49994, -460.0
1574516882.514612, -460.0
1574516883.267438, -460.0
1574516883.673444, -460.0
1574516884.009154, -460.0
1574516884.354161, -460.0
1574516884.698618, -460.0
1574516885.057355, -460.0
1574516885.448456, -460.0
1574516885.46277, -460.0
1574516886.123855, -460.0
1574516886.138459, -460.0
1574516886.151806, -460.0
1574516886.165209, -460.0
1574516886.17848, -460.0
1574516886.192116, -460.0
1574516886.205569, -460.0
1574516886.218891, -460.0
1574516886.23247, -460.0
1574516886.245832, -460.0
1574516886.259392, -460.0
1574516886.272667, -460.0
1574516886.286296, -460.0
1574516886.299493, -460.0
1574516886.312991, -460.0
1574516886.326463, -460.0
1574516886.339911, -460.0
1574516886.353517, -460.0
1574516886.366973, -460.0
1574516886.382207, -460.0
1574516886.869298, -460.0
1574516887.267566, -460.0
1574516887.815145, -460.0
1574516887.829684, -460.0
1574516887.843493, -460.0
1574516888.471717, -460.0
1574516888.486206, -460.0
1574516888.868789, -460.0
1574516889.217728, -460.0
1574516889.566296, -460.0
1574516889.919944, -460.0
1574516890.297022, -460.0
1574516890.65387, -460.0
1574516891.065758, -460.0
1574516891.07978, -460.0
1574516891.094373, -460.0
1574516891.471815, -460.0
1574516891.825549, -460.0
1574516892.159134, -460.0
1574516892.486263, -460.0
1574516892.850144, -460.0
1574516893.210481, -460.0
1574516893.556489, -460.0
1574516893.90116, -460.0
1574516894.243692, -460.0
1574516894.621257, -460.0
1574516894.987321, -460.0
1574516895.321552, -460.0
1574516895.678408, -460.0
1574516896.026705, -460.0
1574516896.389026, -460.0
1574516896.726753, -460.0
1574516897.045269, -460.0
1574516897.386945, -460.0
1574516897.694955, -460.0
1574516898.048905, -460.0
1574516898.393423, -460.0
1574516898.714708, -460.0
1574516899.029624, -460.0
1574516899.3667, -460.0
1574516899.696137, -460.0
1574516900.052234, -460.0
1574516900.521455, -460.0
1574516900.536451, -460.0
1574516901.01182, -460.0
1574516901.026178, -460.0
1574516901.040077, -460.0
1574516901.053769, -460.0
1574516901.615125, -460.0
1574516901.629652, -460.0
1574516901.645168, -460.0
1574516901.660429, -460.0
1574516901.675908, -460.0
1574516901.689561, -460.0
1574516901.703527, -460.0
1574516901.7176, -460.0
1574516902.119156, -460.0
1574516902.135465, -460.0
1574516902.731529, -460.0
1574516903.086257, -460.0
1574516903.434688, -460.0
1574516903.797924, -460.0
1574516904.137233, -460.0
1574516904.531694, -460.0
1574516904.547235, -460.0
1574516904.560842, -460.0
1574516904.575725, -460.0
1574516904.589902, -460.0
1574516904.996251, -460.0
1574516905.365623, -460.0
1574516905.738506, -460.0
1574516906.093131, -460.0
1574516906.454776, -460.0
1574516906.827594, -460.0
1574516907.271167, -460.0
1574516907.816019, -460.0
1574516907.830241, -460.0
1574516907.844285, -460.0
1574516907.858208, -460.0
1574516907.872021, -460.0
1574516907.886003, -460.0
1574516907.899773, -460.0
1574516907.913919, -460.0
1574516908.334093, -460.0
1574516909.220283, -460.0
1574516909.235951, -460.0
1574516909.249942, -460.0
1574516909.26478, -460.0
1574516910.011417, -460.0
1574516910.579627, -460.0
1574516910.845638, -460.0
1574516911.186869, -460.0
1574516911.528695, -460.0
1574516911.875362, -460.0
1574516912.244521, -460.0
1574516912.607732, -460.0
1574516912.965075, -460.0
1574516913.307448, -460.0
1574516913.321359, -460.0
1574516913.695565, -460.0
1574516914.074041, -460.0
1574516914.088952, -460.0
1574516914.545097, -460.0
1574516914.889126, -460.0
1574516915.219793, -460.0
1574516915.575927, -460.0
1574516915.952208, -460.0
1574516916.291216, -460.0
1574516916.63526, -460.0
1574516916.977406, -460.0
1574516917.336862, -460.0
1574516917.695062, -460.0
1574516918.086338, -460.0
1574516918.431821, -460.0
1574516918.797302, -460.0
1574516919.114462, -460.0
1574516919.444967, -460.0
1574516919.805498, -460.0
1574516920.163191, -460.0
1574516920.517453, -460.0
1574516920.855269, -460.0
1574516921.209171, -460.0
1574516921.890682, -460.0
1574516921.905077, -460.0
1574516922.346783, -460.0
1574516922.361652, -460.0
1574516922.696159, -460.0
1574516923.072424, -460.0
1574516923.432384, -460.0
1574516923.771885, -460.0
1574516924.116003, -460.0
1574516924.531442, -460.0
1574516924.54525, -460.0
1574516924.559854, -460.0
1574516924.573491, -460.0
1574516924.588933, -460.0
1574516924.602704, -460.0
1574516924.616665, -460.0
1574516924.630321, -460.0
1574516924.645916, -460.0
1574516924.660941, -460.0
1574516924.675081, -460.0
1574516924.689871, -460.0
1574516925.213149, -460.0
1574516925.535688, -460.0
1574516925.885582, -460.0
1574516926.248091, -460.0
1574516926.593887, -460.0
1574516926.92807, -460.0
1574516927.269882, -460.0
1574516927.622405, -460.0
1574516927.974978, -460.0
1574516928.318933, -460.0
1574516928.651416, -460.0
1574516929.03044, -460.0
1574516929.396064, -460.0
1574516929.74814, -460.0
1574516930.085963, -460.0
1574516930.446705, -460.0
1574516930.803509, -460.0
1574516871.267429, -460.0
1574516871.281959, -460.0
1574516871.296451, -460.0
1574516871.309874, -460.0
1574516871.323612, -460.0
1574516871.33696, -460.0
1574516871.350549, -460.0
1574516871.36401, -460.0
1574516871.377379, -460.0
1574516871.390769, -460.0
1574516871.40415, -460.0
1574516871.417756, -460.0
1574516871.43119, -460.0
1574516871.445407, -460.0
1574516871.794527, -460.0
1574516872.146905, -460.0
1574516872.479263, -460.0
1574516872.816206, -460.0
1574516873.186337, -460.0
1574516873.551195, -460.0
1574516873.928015, -460.0
1574516874.2879, -460.0
1574516874.648868, -460.0
1574516875.003987, -460.0
1574516875.354979, -460.0
1574516875.710563, -460.0
1574516876.046546, -460.0
1574516876.408949, -460.0
1574516876.758658, -460.0
1574516876.77266, -460.0
1574516876.786281, -460.0
1574516876.800282, -460.0
1574516876.81399, -460.0
1574516876.82794, -460.0
1574516877.154922, -460.0
1574516877.169552, -460.0
1574516877.185114, -460.0
1574516877.199902, -460.0
1574516877.213465, -460.0
1574516877.226824, -460.0
1574516877.240466, -460.0
1574516877.253827, -460.0
1574516877.267183, -460.0
1574516877.281184, -460.0
1574516877.296445, -460.0
1574516877.699716, -460.0
1574516878.057016, -460.0
1574516878.422639, -460.0
1574516878.790242, -460.0
1574516879.144439, -460.0
1574516879.490236, -460.0
1574516879.818286, -460.0
1574516880.15313, -460.0
1574516880.498095, -460.0
1574516880.845485, -460.0
1574516881.202795, -460.0
1574516881.562631, -460.0
1574516881.936034, -460.0
1574516882.307273, -460.0
1574516882.637265, -460.0
1574516882.968906, -460.0
1574516883.305902, -460.0
1574516883.624219, -460.0
1574516883.978504, -460.0
1574516884.341023, -460.0
1574516884.677881, -460.0
1574516885.030416, -460.0
1574516885.369606, -460.0
1574516885.739204, -460.0
1574516886.177691, -460.0
1574516886.689073, -460.0
1574516887.117345, -460.0
1574516887.131503, -460.0
1574516887.144895, -460.0
1574516887.15826, -460.0
1574516887.171571, -460.0
1574516887.185222, -460.0
1574516887.198518, -460.0
1574516887.212088, -460.0
1574516887.22545, -460.0
1574516887.239116, -460.0
1574516887.252429, -460.0
1574516887.265862, -460.0
1574516887.280772, -460.0
1574516887.294154, -460.0
1574516887.309192, -460.0
1574516887.75707, -460.0
1574516888.115443, -460.0
1574516888.48463, -460.0
1574516888.827004, -460.0
1574516889.191547, -460.0
1574516889.548683, -460.0
1574516889.90982, -460.0
1574516890.150729, -460.0
1574516890.367049, -460.0
1574516890.687588, -460.0
1574516891.033685, -460.0
1574516891.384221, -460.0
1574516891.745363, -460.0
1574516892.144805, -460.0
1574516892.528008, -460.0
1574516892.849471, -460.0
1574516893.187801, -460.0
1574516893.546308, -460.0
1574516893.881626, -460.0
1574516894.262118, -460.0
1574516894.566178, -460.0
1574516894.939443, -460.0
1574516895.319197, -460.0
1574516895.846043, -460.0
1574516895.861835, -460.0
1574516895.875758, -460.0
1574516895.889398, -460.0
1574516895.903338, -460.0
1574516895.917059, -460.0
1574516895.930862, -460.0
1574516896.500052, -460.0
1574516896.849142, -460.0
1574516897.187258, -460.0
1574516897.514753, -460.0
1574516897.908513, -460.0
1574516897.923653, -460.0
1574516897.937155, -460.0
1574516897.951818, -460.0
1574516897.965511, -460.0
1574516897.979386, -460.0
1574516897.993019, -460.0
1574516898.006279, -460.0
1574516898.021417, -460.0
1574516898.374027, -460.0
1574516898.733349, -460.0
1574516899.09097, -460.0
1574516899.440385, -460.0
1574516899.803824, -460.0
1574516900.176793, -460.0
1574516900.651248, -460.0
1574516900.665418, -460.0
1574516901.040479, -460.0
1574516901.407802, -460.0
1574516901.78178, -460.0
1574516901.795732, -460.0
1574516902.266388, -460.0
1574516902.749495, -460.0
1574516903.108237, -460.0
1574516903.481454, -460.0
1574516903.844869, -460.0
1574516904.186624, -460.0
1574516904.524684, -460.0
1574516904.889699, -460.0
1574516905.24424, -460.0
1574516905.627727, -460.0
1574516905.983033, -460.0
1574516906.315529, -460.0
1574516906.662678, -460.0
1574516907.013747, -460.0
1574516907.361176, -460.0
1574516907.730416, -460.0
1574516908.085744, -460.0
1574516908.437523, -460.0
1574516908.815571, -460.0
1574516909.196367, -460.0
1574516909.54605, -460.0
1574516909.909947, -460.0
1574516910.231136, -460.0
1574516910.606819, -460.0
1574516910.936977, -460.0
1574516911.298939, -460.0
1574516911.637417, -460.0
1574516911.988917, -460.0
1574516912.354684, -460.0
1574516912.699182, -460.0
1574516913.075101, -460.0
1574516913.437035, -460.0
1574516913.802785, -460.0
1574516914.168811, -460.0
1574516914.512575, -460.0
1574516914.843896, -460.0
1574516915.177133, -460.0
1574516915.539851, -460.0
1574516915.897018, -460.0
1574516916.219745, -460.0
1574516916.501364, -460.0
1574516916.681552, -460.0
1574516916.870648, -460.0
1574516917.043429, -460.0
1574516917.217411, -460.0
1574516917.420489, -460.0
1574516917.598199, -460.0
1574516917.879581, -460.0
1574516918.188716, -460.0
1574516918.474914, -460.0
1574516918.847873, -460.0
1574516919.188756, -460.0
1574516919.534452, -460.0
1574516919.86646, -460.0
1574516920.168979, -460.0
1574516920.405073, -460.0
1574516920.644561, -460.0
1574516920.834663, -460.0
1574516921.020621, -460.0
1574516921.253773, -460.0
1574516921.474365, -460.0
1574516921.829067, -460.0
1574516922.163329, -460.0
1574516922.376053, -460.0
1574516922.632101, -460.0
1574516922.837212, -460.0
1574516923.031553, -460.0
1574516923.798426, -460.0
1574516924.14494, -460.0
1574516924.159627, -460.0
1574516924.173374, -460.0
1574516924.187544, -460.0
1574516924.584027, -460.0
1574516924.938309, -460.0
1574516925.270476, -460.0
1574516925.600768, -460.0
1574516925.946782, -460.0
1574516926.278134, -460.0
1574516926.624177, -460.0
1574516926.964296, -460.0
1574516927.315469, -460.0
1574516927.656777, -460.0
1574516927.993914, -460.0
1574516928.327017, -460.0
1574516928.68584, -460.0
1574516929.00983, -460.0
1574516929.369645, -460.0
1574516929.712368, -460.0
1574516930.061778, -460.0
1574516930.404291, -460.0
1574516930.730071, -460.0
1574516931.085989, -460.0
1574516931.45153, -460.0
1574516931.796029, -460.0
1574516932.139205, -460.0
1574516932.482389, -460.0
1574516932.862851, -460.0
1574516933.216547, -460.0
1574516933.589269, -460.0
1574516933.942551, -460.0
1574516934.297294, -460.0
1574516934.651553, -460.0
1574516934.977246, -460.0
1574516935.342722, -460.0
1574516935.707553, -460.0
1574516936.062759, -460.0
1574516936.42151, -460.0
1574516936.747065, -460.0
1574516937.098747, -460.0
1574516871.590689, -460.0
1574516871.950101, -460.0
1574516872.384526, -460.0
1574516872.836045, -460.0
1574516873.274733, -460.0
1574516873.736779, -460.0
1574516874.178181, -460.0
1574516874.607777, -460.0
1574516875.060673, -460.0
1574516875.519967, -460.0
1574516875.986733, -460.0
1574516876.453409, -460.0
1574516876.908329, -460.0
1574516877.32689, -460.0
1574516877.701248, -460.0
1574516878.043259, -460.0
1574516878.401487, -460.0
1574516878.76289, -460.0
1574516879.089962, -460.0
1574516879.436564, -460.0
1574516879.801352, -460.0
1574516880.172206, -460.0
1574516880.187798, -460.0
1574516880.20163, -460.0
1574516880.216136, -460.0
1574516880.229634, -460.0
1574516880.243343, -460.0
1574516880.256891, -460.0
1574516880.272194, -460.0
1574516880.639063, -460.0
1574516880.969819, -460.0
1574516881.309174, -460.0
1574516881.665044, -460.0
1574516882.013411, -460.0
1574516882.379645, -460.0
1574516882.704619, -460.0
1574516883.049086, -460.0
1574516883.396788, -460.0
1574516883.726493, -460.0
1574516884.087497, -460.0
1574516884.44693, -460.0
1574516884.786055, -460.0
1574516885.101673, -460.0
1574516885.42658, -460.0
1574516885.754644, -460.0
1574516886.105084, -460.0
1574516886.463432, -460.0
1574516886.823238, -460.0
1574516887.170226, -460.0
1574516887.51765, -460.0
1574516887.862568, -460.0
1574516888.219588, -460.0
1574516888.564556, -460.0
1574516888.9126, -460.0
1574516889.23935, -460.0
1574516889.57184, -460.0
1574516889.911265, -460.0
1574516890.264123, -460.0
1574516890.61984, -460.0
1574516891.057947, -460.0
1574516891.073182, -460.0
1574516891.088162, -460.0
1574516891.101792, -460.0
1574516891.115058, -460.0
1574516891.129039, -460.0
1574516891.14292, -460.0
1574516891.156983, -460.0
1574516891.799364, -460.0
1574516892.154944, -460.0
1574516892.494303, -460.0
1574516892.850623, -460.0
1574516893.205027, -460.0
1574516893.549741, -460.0
1574516893.906385, -460.0
1574516894.309252, -460.0
1574516894.670327, -460.0
1574516895.020167, -460.0
1574516895.367947, -460.0
1574516895.70227, -460.0
1574516896.050247, -460.0
1574516896.385965, -460.0
1574516896.730883, -460.0
1574516897.095631, -460.0
1574516897.109643, -460.0
1574516897.123326, -460.0
1574516897.137231, -460.0
1574516897.151069, -460.0
1574516897.164926, -460.0
1574516897.515969, -460.0
1574516897.8709, -460.0
1574516897.885012, -460.0
1574516898.274124, -460.0
1574516898.658961, -460.0
1574516899.089857, -460.0
1574516899.563381, -460.0
1574516899.577994, -460.0
1574516899.968059, -460.0
1574516900.303578, -460.0
1574516900.654153, -460.0
1574516901.006691, -460.0
1574516901.3824, -460.0
1574516901.742526, -460.0
1574516902.14016, -460.0
1574516902.519197, -460.0
1574516902.901948, -460.0
1574516903.262163, -460.0
1574516903.605998, -460.0
1574516903.944049, -460.0
1574516903.958064, -460.0
1574516903.972084, -460.0
1574516903.986523, -460.0
1574516904.000274, -460.0
1574516904.724595, -460.0
1574516905.118324, -460.0
1574516905.440414, -460.0
1574516905.766826, -460.0
1574516906.097064, -460.0
1574516906.431168, -460.0
1574516906.78396, -460.0
1574516907.120766, -460.0
1574516907.456116, -460.0
1574516907.777042, -460.0
1574516908.124655, -460.0
1574516908.487511, -460.0
1574516908.501739, -460.0
1574516908.515921, -460.0
1574516908.530112, -460.0
1574516908.545569, -460.0
1574516908.559468, -460.0
1574516908.891885, -460.0
1574516909.243229, -460.0
1574516909.583204, -460.0
1574516909.93515, -460.0
1574516910.257559, -460.0
1574516910.610602, -460.0
1574516910.964325, -460.0
1574516911.332406, -460.0
1574516911.663204, -460.0
1574516912.019304, -460.0
1574516912.364809, -460.0
1574516912.734567, -460.0
1574516913.117789, -460.0
1574516913.132963, -460.0
1574516913.489807, -460.0
1574516913.827612, -460.0
1574516914.15248, -460.0
1574516914.483718, -460.0
1574516914.843756, -460.0
1574516915.189962, -460.0
1574516915.550287, -460.0
1574516915.934167, -460.0
1574516916.30537, -460.0
1574516916.319472, -460.0
1574516916.670728, -460.0
1574516917.022837, -460.0
1574516917.363164, -460.0
1574516917.726762, -460.0
1574516917.741205, -460.0
1574516917.755589, -460.0
1574516917.768847, -460.0
1574516917.782533, -460.0
1574516917.796158, -460.0
1574516917.810013, -460.0
1574516917.823938, -460.0
1574516917.837707, -460.0
1574516917.851577, -460.0
1574516917.865401, -460.0
1574516917.879441, -460.0
1574516917.893245, -460.0
1574516917.908515, -460.0
1574516917.923353, -460.0
1574516917.938237, -460.0
1574516917.951976, -460.0
1574516917.965627, -460.0
1574516917.979613, -460.0
1574516917.993354, -460.0
1574516918.007276, -460.0
1574516918.021028, -460.0
1574516918.035102, -460.0
1574516918.04886, -460.0
1574516918.062873, -460.0
1574516918.076548, -460.0
1574516918.09035, -460.0
1574516918.104488, -460.0
1574516918.118315, -460.0
1574516918.132641, -460.0
1574516918.146311, -460.0
1574516918.160169, -460.0
1574516918.173856, -460.0
1574516918.187801, -460.0
1574516918.201494, -460.0
1574516918.215233, -460.0
1574516918.228949, -460.0
1574516918.242669, -460.0
1574516918.256523, -460.0
1574516918.27022, -460.0
1574516918.284153, -460.0
1574516918.297676, -460.0
1574516918.311658, -460.0
1574516918.325245, -460.0
1574516918.339805, -460.0
1574516918.353537, -460.0
1574516918.367439, -460.0
1574516918.381059, -460.0
1574516918.394913, -460.0
1574516918.408915, -460.0
1574516918.907999, -460.0
1574516919.278547, -460.0
1574516919.63348, -460.0
1574516919.647578, -460.0
1574516920.072091, -460.0
1574516920.422761, -460.0
1574516920.727306, -460.0
1574516921.083311, -460.0
1574516921.424583, -460.0
1574516921.742971, -460.0
1574516922.079192, -460.0
1574516922.429345, -460.0
1574516922.779384, -460.0
1574516923.154205, -460.0
1574516923.526254, -460.0
1574516923.873938, -460.0
1574516924.316348, -460.0
1574516924.678146, -460.0
1574516925.043464, -460.0
1574516925.395809, -460.0
1574516925.74189, -460.0
1574516926.097548, -460.0
1574516926.446932, -460.0
1574516926.807479, -460.0
1574516927.165607, -460.0
1574516927.515049, -460.0
1574516927.863175, -460.0
1574516928.203387, -460.0
1574516928.522258, -460.0
1574516928.865128, -460.0
1574516929.231367, -460.0
1574516929.591501, -460.0
1574516929.907488, -460.0
1574516930.251293, -460.0
1574516930.583845, -460.0
1574516930.916624, -460.0
1574516930.930628, -460.0
1574516931.256372, -460.0
1574516931.590273, -460.0
1574516931.604264, -460.0
1574516931.971082, -460.0
1574516932.330342, -460.0
1574516932.679448, -460.0
1574516933.009469, -460.0
1574516930.830312, -460.0
1574516930.844355, -460.0
1574516931.171301, -460.0
1574516931.511785, -460.0
1574516931.853575, -460.0
1574516932.202053, -460.0
1574516932.541845, -460.0
1574516932.897408, -460.0
1574516933.256607, -460.0
1574516933.590286, -460.0
1574516933.918043, -460.0
1574516934.261583, -460.0
1574516934.590335, -460.0
1574516934.913938, -460.0
1574516935.246349, -460.0
1574516935.574201, -460.0
1574516935.939618, -460.0
1574516936.294412, -460.0
1574516936.645604, -460.0
1574516936.986893, -460.0
1574516937.347694, -460.0
1574516937.671141, -460.0
1574516937.992879, -460.0
1574516938.336364, -460.0
1574516938.695607, -460.0
1574516939.022672, -460.0
1574516939.372568, -460.0
1574516939.688753, -460.0
1574516940.042007, -460.0
1574516940.367867, -460.0
1574516940.713338, -460.0
1574516941.071993, -460.0
1574516941.418986, -460.0
1574516941.763642, -460.0
1574516942.127428, -460.0
1574516942.498415, -460.0
1574516942.858798, -460.0
1574516943.196283, -460.0
1574516943.552004, -460.0
1574516943.914334, -460.0
1574516944.266719, -460.0
1574516944.654812, -460.0
1574516944.67025, -460.0
1574516944.683862, -460.0
1574516944.697459, -460.0
1574516944.710905, -460.0
1574516944.724862, -460.0
1574516944.7383, -460.0
1574516944.752193, -460.0
1574516944.765678, -460.0
1574516944.781407, -460.0
1574516945.129369, -460.0
1574516945.483255, -460.0
1574516945.857259, -460.0
1574516946.212161, -460.0
1574516946.561431, -460.0
1574516946.923552, -460.0
1574516947.292277, -460.0
1574516947.628606, -460.0
1574516947.949986, -460.0
1574516948.294397, -460.0
1574516948.639289, -460.0
1574516948.997758, -460.0
1574516949.330957, -460.0
1574516949.684871, -460.0
1574516950.034357, -460.0
1574516950.368873, -460.0
1574516950.7309, -460.0
1574516951.094423, -460.0
1574516951.444267, -460.0
1574516951.794582, -460.0
1574516952.144835, -460.0
1574516952.504697, -460.0
1574516952.846605, -460.0
1574516953.196724, -460.0
1574516953.547147, -460.0
1574516953.906068, -460.0
1574516954.247774, -460.0
1574516954.592904, -460.0
1574516954.924662, -460.0
1574516955.278055, -460.0
1574516955.621772, -460.0
1574516955.938522, -460.0
1574516956.304991, -460.0
1574516956.694439, -460.0
1574516956.709178, -460.0
1574516956.723569, -460.0
1574516956.738526, -460.0
1574516957.212809, -460.0
1574516957.577932, -460.0
1574516957.971643, -460.0
1574516958.325911, -460.0
1574516958.693111, -460.0
1574516959.016474, -460.0
1574516959.386112, -460.0
1574516959.731699, -460.0
1574516960.086839, -460.0
1574516960.425251, -460.0
1574516960.766207, -460.0
1574516961.15235, -460.0
1574516961.487644, -460.0
1574516961.881468, -460.0
1574516962.235969, -460.0
1574516962.579859, -460.0
1574516962.94325, -460.0
1574516963.298949, -460.0
1574516963.741748, -460.0
1574516964.154891, -460.0
1574516964.632326, -460.0
1574516965.041633, -460.0
1574516965.382975, -460.0
1574516965.728285, -460.0
1574516966.072105, -460.0
1574516966.414601, -460.0
1574516966.755522, -460.0
1574516967.085271, -460.0
1574516967.502298, -460.0
1574516967.516276, -460.0
1574516967.530597, -460.0
1574516967.544366, -460.0
1574516967.899716, -460.0
1574516968.251557, -460.0
1574516968.594631, -460.0
1574516968.961452, -460.0
1574516969.342497, -460.0
1574516969.699214, -460.0
1574516970.069094, -460.0
1574516970.407914, -460.0
1574516970.758648, -460.0
1574516971.108958, -460.0
1574516971.477469, -460.0
1574516971.834853, -460.0
1574516972.192708, -460.0
1574516972.533734, -460.0
1574516972.880746, -460.0
1574516973.221028, -460.0
1574516973.558062, -460.0
1574516973.902393, -460.0
1574516974.233778, -460.0
1574516974.579588, -460.0
1574516974.932137, -460.0
1574516975.281211, -460.0
1574516975.598194, -460.0
1574516975.934041, -460.0
1574516976.300809, -460.0
1574516976.632569, -460.0
1574516976.972713, -460.0
1574516977.342344, -460.0
1574516977.683009, -460.0
1574516978.042151, -460.0
1574516978.400566, -460.0
1574516978.770237, -460.0
1574516979.096869, -460.0
1574516979.449354, -460.0
1574516979.804106, -460.0
1574516980.139543, -460.0
1574516980.47996, -460.0
1574516980.804186, -460.0
1574516981.144894, -460.0
1574516981.487972, -460.0
1574516981.823085, -460.0
1574516982.194758, -460.0
1574516982.525997, -460.0
1574516982.880823, -460.0
1574516983.250311, -460.0
1574516983.599873, -460.0
1574516983.956241, -460.0
1574516984.297267, -460.0
1574516984.650599, -460.0
1574516984.98782, -460.0
1574516985.343246, -460.0
1574516985.674655, -460.0
1574516986.030633, -460.0
1574516986.38183, -460.0
1574516986.71779, -460.0
1574516987.071716, -460.0
1574516987.396193, -460.0
1574516987.74738, -460.0
1574516988.101311, -460.0
1574516988.115391, -460.0
1574516988.129613, -460.0
1574516988.498262, -460.0
1574516988.881464, -460.0
1574516989.301418, -460.0
1574516989.316979, -460.0
1574516989.330397, -460.0
1574516989.343764, -460.0
1574516989.357974, -460.0
1574516989.775276, -460.0
1574516989.790865, -460.0
1574516989.804439, -460.0
1574516989.817832, -460.0
1574516989.831282, -460.0
1574516989.845049, -460.0
1574516989.858446, -460.0
1574516989.872896, -460.0
1574516990.192534, -460.0
1574516990.539418, -460.0
1574516990.890066, -460.0
1574516991.23517, -460.0
1574516991.249169, -460.0
1574516991.602321, -460.0
1574516991.974932, -460.0
1574516992.325613, -460.0
1574516992.652331, -460.0
1574516992.988161, -460.0
1574516993.334375, -460.0
1574516993.652066, -460.0
1574516993.97766, -460.0
1574516994.325669, -460.0
1574516994.668079, -460.0
1574516995.025652, -460.0
1574516995.369899, -460.0
1574516995.746589, -460.0
1574516996.099605, -460.0
1574516996.451352, -460.0
1574516996.820574, -460.0
1574516997.352384, -460.0
1574516997.699401, -460.0
1574516998.083419, -460.0
1574516998.440131, -460.0
1574516998.981633, -460.0
1574516998.997322, -460.0
1574516999.011079, -460.0
1574516999.024707, -460.0
1574516999.038624, -460.0
1574516999.052803, -460.0
1574516999.066718, -460.0
1574516999.080395, -460.0
1574516999.094195, -460.0
1574516999.108284, -460.0
1574516999.44434, -460.0
1574516999.796729, -460.0
1574517000.143529, -460.0
1574517000.487589, -460.0
1574517000.855606, -460.0
1574517001.216112, -460.0
1574517001.563783, -460.0
1574517001.928853, -460.0
1574517002.281129, -460.0
1574517002.645087, -460.0
1574517003.013026, -460.0
1574517003.353414, -460.0
1574517003.71845, -460.0
1574517004.065214, -460.0
1574517004.429894, -460.0
1574517004.82235, -460.0
1574517005.33328, -460.0
1574517005.766841, -460.0
1574517005.781273, -460.0
1574516933.324879, -460.0
1574516933.340096, -460.0
1574516933.353583, -460.0
1574516933.367095, -460.0
1574516933.380622, -460.0
1574516933.394314, -460.0
1574516933.407795, -460.0
1574516933.421608, -460.0
1574516933.43701, -460.0
1574516933.787689, -460.0
1574516934.148404, -460.0
1574516934.509024, -460.0
1574516934.850973, -460.0
1574516935.21729, -460.0
1574516935.584563, -460.0
1574516935.929266, -460.0
1574516936.276027, -460.0
1574516936.632154, -460.0
1574516936.990559, -460.0
1574516937.360322, -460.0
1574516937.710107, -460.0
1574516938.047719, -460.0
1574516938.386955, -460.0
1574516938.739961, -460.0
1574516939.079264, -460.0
1574516939.432376, -460.0
1574516939.764403, -460.0
1574516940.118938, -460.0
1574516940.452713, -460.0
1574516940.785311, -460.0
1574516941.131066, -460.0
1574516941.493411, -460.0
1574516941.843353, -460.0
1574516942.185382, -460.0
1574516942.524042, -460.0
1574516942.831253, -460.0
1574516943.177531, -460.0
1574516943.507669, -460.0
1574516943.849994, -460.0
1574516944.179387, -460.0
1574516944.50887, -460.0
1574516944.848703, -460.0
1574516945.201367, -460.0
1574516945.517305, -460.0
1574516945.857259, -460.0
1574516946.19942, -460.0
1574516946.533561, -460.0
1574516946.879397, -460.0
1574516947.233035, -460.0
1574516947.57353, -460.0
1574516947.934504, -460.0
1574516948.28445, -460.0
1574516948.603317, -460.0
1574516948.943078, -460.0
1574516949.28219, -460.0
1574516949.646119, -460.0
1574516949.99242, -460.0
1574516950.338137, -460.0
1574516950.6834, -460.0
1574516951.061262, -460.0
1574516951.495565, -460.0
1574516951.848463, -460.0
1574516952.207106, -460.0
1574516952.566953, -460.0
1574516952.921967, -460.0
1574516953.24936, -460.0
1574516953.592538, -460.0
1574516953.926432, -460.0
1574516954.29037, -460.0
1574516954.64782, -460.0
1574516955.001195, -460.0
1574516955.352746, -460.0
1574516955.691276, -460.0
1574516956.064315, -460.0
1574516956.426024, -460.0
1574516956.760857, -460.0
1574516957.129428, -460.0
1574516957.485001, -460.0
1574516957.825665, -460.0
1574516958.18186, -460.0
1574516958.52137, -460.0
1574516958.866079, -460.0
1574516959.250785, -460.0
1574516960.015593, -460.0
1574516960.029197, -460.0
1574516960.042446, -460.0
1574516960.055793, -460.0
1574516960.069111, -460.0
1574516960.082671, -460.0
1574516960.096035, -460.0
1574516960.109611, -460.0
1574516960.122997, -460.0
1574516960.137467, -460.0
1574516960.151312, -460.0
1574516960.514937, -460.0
1574516960.842297, -460.0
1574516961.188006, -460.0
1574516961.20177, -460.0
1574516961.56544, -460.0
1574516961.934811, -460.0
1574516962.278799, -460.0
1574516962.611773, -460.0
1574516962.961725, -460.0
1574516963.307266, -460.0
1574516963.664955, -460.0
1574516964.01478, -460.0
1574516964.344751, -460.0
1574516964.710688, -460.0
1574516965.081704, -460.0
1574516965.505486, -460.0
1574516965.519802, -460.0
1574516965.534114, -460.0
1574516965.548815, -460.0
1574516965.562473, -460.0
1574516965.575908, -460.0
1574516965.589303, -460.0
1574516965.602882, -460.0
1574516965.616369, -460.0
1574516965.630399, -460.0
1574516965.644149, -460.0
1574516966.003629, -460.0
1574516966.379117, -460.0
1574516966.731935, -460.0
1574516967.084735, -460.0
1574516967.437209, -460.0
1574516967.740251, -460.0
1574516968.100378, -460.0
1574516968.456718, -460.0
1574516968.803049, -460.0
1574516969.169504, -460.0
1574516969.535778, -460.0
1574516969.891741, -460.0
1574516970.252067, -460.0
1574516970.595395, -460.0
1574516970.934492, -460.0
1574516971.308352, -460.0
1574516971.323118, -460.0
1574516971.338311, -460.0
1574516971.685383, -460.0
1574516972.014022, -460.0
1574516972.338317, -460.0
1574516972.66403, -460.0
1574516973.00861, -460.0
1574516973.36213, -460.0
1574516973.725133, -460.0
1574516973.739151, -460.0
1574516974.11222, -460.0
1574516974.126385, -460.0
1574516974.140715, -460.0
1574516974.154751, -460.0
1574516974.16959, -460.0
1574516974.182984, -460.0
1574516974.197762, -460.0
1574516974.211283, -460.0
1574516974.224535, -460.0
1574516974.238175, -460.0
1574516974.252325, -460.0
1574516974.266399, -460.0
1574516974.279909, -460.0
1574516974.29322, -460.0
1574516974.30733, -460.0
1574516974.322649, -460.0
1574516974.336108, -460.0
1574516974.349561, -460.0
1574516974.363215, -460.0
1574516974.376762, -460.0
1574516974.391692, -460.0
1574516974.912435, -460.0
1574516975.238254, -460.0
1574516975.583629, -460.0
1574516975.916232, -460.0
1574516976.273433, -460.0
1574516976.604998, -460.0
1574516976.969221, -460.0
1574516977.286397, -460.0
1574516977.636319, -460.0
1574516977.960743, -460.0
1574516978.323811, -460.0
1574516978.682275, -460.0
1574516979.027924, -460.0
1574516979.393426, -460.0
1574516979.755874, -460.0
1574516980.127938, -460.0
1574516980.142488, -460.0
1574516980.156557, -460.0
1574516980.17106, -460.0
1574516980.623716, -460.0
1574516980.994446, -460.0
1574516981.351831, -460.0
1574516981.727299, -460.0
1574516982.092041, -460.0
1574516982.466061, -460.0
1574516982.82957, -460.0
1574516983.19337, -460.0
1574516983.562759, -460.0
1574516983.577107, -460.0
1574516983.99382, -460.0
1574516984.350228, -460.0
1574516984.661839, -460.0
1574516985.013283, -460.0
1574516985.366393, -460.0
1574516985.703684, -460.0
1574516986.040521, -460.0
1574516986.392006, -460.0
1574516986.765354, -460.0
1574516987.114933, -460.0
1574516987.479043, -460.0
1574516987.826945, -460.0
1574516988.176783, -460.0
1574516988.528232, -460.0
1574516988.896906, -460.0
1574516989.25893, -460.0
1574516989.606792, -460.0
1574516989.966464, -460.0
1574516990.322429, -460.0
1574516990.678456, -460.0
1574516991.038811, -460.0
1574516991.408187, -460.0
1574516991.764326, -460.0
1574516992.11407, -460.0
1574516992.468799, -460.0
1574516992.804736, -460.0
1574516993.167104, -460.0
1574516993.516176, -460.0
1574516993.852399, -460.0
1574516994.166619, -460.0
1574516994.52355, -460.0
1574516994.901171, -460.0
1574516995.269174, -460.0
1574516995.652487, -460.0
1574516995.666501, -460.0
1574516996.134491, -460.0
1574516996.504827, -460.0
1574516996.869757, -460.0
1574516996.883699, -460.0
1574516997.227536, -460.0
1574516997.583597, -460.0
1574516997.932013, -460.0
1574516998.276064, -460.0
1574516998.600553, -460.0
1574516998.970656, -460.0
1574516999.323592, -460.0
1574516999.713562, -460.0
1574517000.038202, -460.0
1574517000.374959, -460.0
1574517000.718158, -460.0
1574517001.052704, -460.0
1574517001.40573, -460.0
1574517001.785383, -460.0
1574517002.125687, -460.0
1574516933.343516, -460.0
1574516933.673341, -460.0
1574516934.03109, -460.0
1574516934.386331, -460.0
1574516934.762175, -460.0
1574516935.096902, -460.0
1574516935.448975, -460.0
1574516935.789742, -460.0
1574516936.131242, -460.0
1574516936.474535, -460.0
1574516936.81105, -460.0
1574516937.131673, -460.0
1574516937.474136, -460.0
1574516937.816242, -460.0
1574516938.168317, -460.0
1574516938.54191, -460.0
1574516938.972424, -460.0
1574516939.31356, -460.0
1574516939.728102, -460.0
1574516939.743182, -460.0
1574516939.75682, -460.0
1574516939.770238, -460.0
1574516939.783829, -460.0
1574516939.797148, -460.0
1574516939.810848, -460.0
1574516939.824263, -460.0
1574516939.83806, -460.0
1574516939.852475, -460.0
1574516939.866966, -460.0
1574516939.882005, -460.0
1574516939.896568, -460.0
1574516939.910638, -460.0
1574516940.286055, -460.0
1574516940.650598, -460.0
1574516941.006509, -460.0
1574516941.365384, -460.0
1574516941.716692, -460.0
1574516941.730712, -460.0
1574516942.073662, -460.0
1574516942.395132, -460.0
1574516942.737258, -460.0
1574516943.058928, -460.0
1574516943.387925, -460.0
1574516943.725322, -460.0
1574516944.08655, -460.0
1574516944.100642, -460.0
1574516944.467652, -460.0
1574516944.826465, -460.0
1574516945.179969, -460.0
1574516945.531298, -460.0
1574516945.969284, -460.0
1574516945.983524, -460.0
1574516945.998149, -460.0
1574516946.352025, -460.0
1574516946.715492, -460.0
1574516947.047276, -460.0
1574516947.396552, -460.0
1574516947.7479, -460.0
1574516948.097681, -460.0
1574516948.446594, -460.0
1574516948.782719, -460.0
1574516949.133877, -460.0
1574516949.448501, -460.0
1574516949.78385, -460.0
1574516950.138215, -460.0
1574516950.506908, -460.0
1574516950.859716, -460.0
1574516951.227407, -460.0
1574516951.722423, -460.0
1574516951.737369, -460.0
1574516951.750987, -460.0
1574516951.764463, -460.0
1574516951.777701, -460.0
1574516951.793116, -460.0
1574516952.256171, -460.0
1574516952.748193, -460.0
1574516952.762197, -460.0
1574516953.15134, -460.0
1574516953.165603, -460.0
1574516953.180961, -460.0
1574516953.194367, -460.0
1574516953.207622, -460.0
1574516953.221485, -460.0
1574516953.234927, -460.0
1574516953.248936, -460.0
1574516953.262502, -460.0
1574516953.276222, -460.0
1574516953.291197, -460.0
1574516953.640155, -460.0
1574516953.98348, -460.0
1574516954.317943, -460.0
1574516954.666561, -460.0
1574516955.002717, -460.0
1574516955.363186, -460.0
1574516955.718351, -460.0
1574516956.071873, -460.0
1574516956.420049, -460.0
1574516956.749157, -460.0
1574516956.960031, -460.0
1574516957.150375, -460.0
1574516957.375914, -460.0
1574516957.709907, -460.0
1574516958.043874, -460.0
1574516958.420787, -460.0
1574516958.798146, -460.0
1574516959.162132, -460.0
1574516959.539659, -460.0
1574516959.892572, -460.0
1574516960.29426, -460.0
1574516960.30844, -460.0
1574516960.68854, -460.0
1574516961.059588, -460.0
1574516961.428479, -460.0
1574516961.443089, -460.0
1574516961.458364, -460.0
1574516961.807226, -460.0
1574516962.170245, -460.0
1574516962.514115, -460.0
1574516962.853511, -460.0
1574516963.204905, -460.0
1574516963.561191, -460.0
1574516963.902529, -460.0
1574516964.250214, -460.0
1574516964.623445, -460.0
1574516964.988894, -460.0
1574516965.338075, -460.0
1574516965.683109, -460.0
1574516966.011377, -460.0
1574516966.352649, -460.0
1574516966.732933, -460.0
1574516966.747354, -460.0
1574516966.762252, -460.0
1574516966.775885, -460.0
1574516966.789854, -460.0
1574516966.803548, -460.0
1574516966.817459, -460.0
1574516967.491628, -460.0
1574516967.849155, -460.0
1574516968.216913, -460.0
1574516968.561407, -460.0
1574516968.92633, -460.0
1574516969.263169, -460.0
1574516969.608416, -460.0
1574516969.934931, -460.0
1574516970.303136, -460.0
1574516970.790721, -460.0
1574516971.145541, -460.0
1574516971.489111, -460.0
1574516971.827197, -460.0
1574516972.15339, -460.0
1574516972.443917, -460.0
1574516972.62483, -460.0
1574516972.905055, -460.0
1574516973.24623, -460.0
1574516973.600533, -460.0
1574516973.940046, -460.0
1574516974.285945, -460.0
1574516974.640376, -460.0
1574516974.979991, -460.0
1574516975.335892, -460.0
1574516975.691182, -460.0
1574516976.033485, -460.0
1574516976.389861, -460.0
1574516976.726851, -460.0
1574516977.078201, -460.0
1574516977.431357, -460.0
1574516977.758716, -460.0
1574516978.091392, -460.0
1574516978.432085, -460.0
1574516978.789528, -460.0
1574516979.122492, -460.0
1574516979.475855, -460.0
1574516979.845775, -460.0
1574516980.202908, -460.0
1574516980.551176, -460.0
1574516980.905426, -460.0
1574516981.250936, -460.0
1574516981.617222, -460.0
1574516981.971875, -460.0
1574516982.331856, -460.0
1574516982.696154, -460.0
1574516983.064885, -460.0
1574516983.862291, -460.0
1574516983.875988, -460.0
1574516983.889489, -460.0
1574516983.902846, -460.0
1574516983.916455, -460.0
1574516983.930358, -460.0
1574516983.944086, -460.0
1574516983.958057, -460.0
1574516983.971823, -460.0
1574516983.985843, -460.0
1574516983.9996, -460.0
1574516984.013543, -460.0
1574516984.027342, -460.0
1574516984.040999, -460.0
1574516984.055201, -460.0
1574516984.068925, -460.0
1574516984.084131, -460.0
1574516984.099396, -460.0
1574516984.463365, -460.0
1574516984.818661, -460.0
1574516985.230243, -460.0
1574516985.621369, -460.0
1574516986.095439, -460.0
1574516986.565867, -460.0
1574516986.581368, -460.0
1574516986.595323, -460.0
1574516986.609232, -460.0
1574516986.623661, -460.0
1574516986.637378, -460.0
1574516986.651125, -460.0
1574516986.665075, -460.0
1574516986.678923, -460.0
1574516986.692881, -460.0
1574516986.708045, -460.0
1574516986.722527, -460.0
1574516986.736676, -460.0
1574516986.750764, -460.0
1574516986.764556, -460.0
1574516986.778377, -460.0
1574516986.792208, -460.0
1574516986.805949, -460.0
1574516986.820186, -460.0
1574516986.834349, -460.0
1574516986.848341, -460.0
1574516986.862222, -460.0
1574516986.876224, -460.0
1574516986.890239, -460.0
1574516987.224829, -460.0
1574516987.571425, -460.0
1574516987.907483, -460.0
1574516988.272065, -460.0
1574516988.61595, -460.0
1574516988.977828, -460.0
1574516989.343688, -460.0
1574516989.704734, -460.0
1574516990.060236, -460.0
1574516990.421652, -460.0
1574516991.016503, -460.0
1574516991.030886, -460.0
1574516991.046217, -460.0
1574516991.060186, -460.0
1574516991.074069, -460.0
1574516991.456483, -460.0
1574516991.791634, -460.0
1574516992.129977, -460.0
1574516992.499553, -460.0
1574516992.861222, -460.0
1574516992.87528, -460.0
1574516937.388068, -460.0
1574516937.803869, -460.0
1574516937.818443, -460.0
1574516937.832257, -460.0
1574516937.846257, -460.0
1574516938.176019, -460.0
1574516938.493152, -460.0
1574516938.807297, -460.0
1574516939.160822, -460.0
1574516939.498854, -460.0
1574516939.846506, -460.0
1574516940.278519, -460.0
1574516940.63024, -460.0
1574516940.988744, -460.0
1574516941.323124, -460.0
1574516941.665672, -460.0
1574516942.004918, -460.0
1574516942.321282, -460.0
1574516942.662152, -460.0
1574516943.004915, -460.0
1574516943.342716, -460.0
1574516943.660158, -460.0
1574516943.988235, -460.0
1574516944.322267, -460.0
1574516944.665062, -460.0
1574516944.997125, -460.0
1574516945.330626, -460.0
1574516945.679774, -460.0
1574516946.01165, -460.0
1574516946.355791, -460.0
1574516946.704098, -460.0
1574516947.047154, -460.0
1574516947.391189, -460.0
1574516947.701677, -460.0
1574516948.080012, -460.0
1574516948.44662, -460.0
1574516948.781145, -460.0
1574516949.115569, -460.0
1574516949.459964, -460.0
1574516949.820816, -460.0
1574516950.164484, -460.0
1574516950.518585, -460.0
1574516950.877919, -460.0
1574516951.23215, -460.0
1574516951.572, -460.0
1574516951.951139, -460.0
1574516952.308277, -460.0
1574516952.641722, -460.0
1574516952.974875, -460.0
1574516953.320159, -460.0
1574516953.657236, -460.0
1574516954.001917, -460.0
1574516954.36212, -460.0
1574516954.717139, -460.0
1574516955.068879, -460.0
1574516955.424716, -460.0
1574516955.749164, -460.0
1574516956.092024, -460.0
1574516956.430509, -460.0
1574516956.763845, -460.0
1574516957.117103, -460.0
1574516957.453111, -460.0
1574516957.816012, -460.0
1574516958.158254, -460.0
1574516958.541855, -460.0
1574516958.924023, -460.0
1574516959.342983, -460.0
1574516959.704602, -460.0
1574516960.040308, -460.0
1574516960.421854, -460.0
1574516960.787918, -460.0
1574516961.154613, -460.0
1574516961.168593, -460.0
1574516961.543146, -460.0
1574516961.984974, -460.0
1574516962.369411, -460.0
1574516962.384879, -460.0
1574516962.398801, -460.0
1574516962.412492, -460.0
1574516962.426569, -460.0
1574516962.440676, -460.0
1574516962.778203, -460.0
1574516963.117314, -460.0
1574516963.468117, -460.0
1574516963.810591, -460.0
1574516964.167395, -460.0
1574516964.495592, -460.0
1574516964.834918, -460.0
1574516965.180064, -460.0
1574516965.52478, -460.0
1574516965.8678, -460.0
1574516966.21073, -460.0
1574516966.529672, -460.0
1574516966.863445, -460.0
1574516967.20211, -460.0
1574516967.52922, -460.0
1574516967.885371, -460.0
1574516968.201218, -460.0
1574516968.529909, -460.0
1574516968.881426, -460.0
1574516969.236633, -460.0
1574516969.562585, -460.0
1574516969.908435, -460.0
1574516970.275529, -460.0
1574516970.594725, -460.0
1574516970.917271, -460.0
1574516971.264621, -460.0
1574516971.60119, -460.0
1574516971.958793, -460.0
1574516972.32895, -460.0
1574516972.716881, -460.0
1574516973.131268, -460.0
1574516973.563384, -460.0
1574516973.578593, -460.0
1574516973.593564, -460.0
1574516973.97379, -460.0
1574516974.338862, -460.0
1574516974.702003, -460.0
1574516975.088629, -460.0
1574516975.512247, -460.0
1574516975.851348, -460.0
1574516976.212787, -460.0
1574516976.577301, -460.0
1574516976.936718, -460.0
1574516977.295308, -460.0
1574516977.637472, -460.0
1574516977.991688, -460.0
1574516978.335229, -460.0
1574516978.680022, -460.0
1574516979.033824, -460.0
1574516979.39479, -460.0
1574516979.775246, -460.0
1574516980.1301, -460.0
1574516980.466589, -460.0
1574516980.816805, -460.0
1574516981.171001, -460.0
1574516981.522688, -460.0
1574516981.881402, -460.0
1574516982.218649, -460.0
1574516982.57199, -460.0
1574516982.909316, -460.0
1574516983.276566, -460.0
1574516983.614592, -460.0
1574516983.996516, -460.0
1574516984.344799, -460.0
1574516984.709808, -460.0
1574516985.063327, -460.0
1574516985.405128, -460.0
1574516985.766707, -460.0
1574516986.113479, -460.0
1574516986.47572, -460.0
1574516986.872167, -460.0
1574516987.226097, -460.0
1574516987.586779, -460.0
1574516987.929325, -460.0
1574516988.266104, -460.0
1574516988.613004, -460.0
1574516988.949311, -460.0
1574516989.293486, -460.0
1574516989.63605, -460.0
1574516989.971003, -460.0
1574516990.285835, -460.0
1574516990.636756, -460.0
1574516990.999796, -460.0
1574516991.360615, -460.0
1574516991.70563, -460.0
1574516992.053174, -460.0
1574516992.385972, -460.0
1574516992.712905, -460.0
1574516993.058382, -460.0
1574516993.430029, -460.0
1574516993.801786, -460.0
1574516993.816923, -460.0
1574516993.830943, -460.0
1574516993.845554, -460.0
1574516994.210099, -460.0
1574516994.56006, -460.0
1574516994.917545, -460.0
1574516995.294182, -460.0
1574516995.657522, -460.0
1574516995.986734, -460.0
1574516996.333458, -460.0
1574516996.672439, -460.0
1574516997.016512, -460.0
1574516997.373768, -460.0
1574516997.747385, -460.0
1574516998.090659, -460.0
1574516998.427913, -460.0
1574516998.767598, -460.0
1574516999.110133, -460.0
1574516999.450816, -460.0
1574516999.814858, -460.0
1574517000.14933, -460.0
1574517000.488128, -460.0
1574517000.829346, -460.0
1574517001.18741, -460.0
1574517001.52156, -460.0
1574517001.857778, -460.0
1574517002.201445, -460.0
1574517002.542329, -460.0
1574517002.891435, -460.0
1574517003.241436, -460.0
1574517003.589622, -460.0
1574517003.966402, -460.0
1574517003.980473, -460.0
1574517004.294179, -460.0
1574517004.645704, -460.0
1574517005.016645, -460.0
1574517005.375637, -460.0
1574517005.732386, -460.0
1574517006.095157, -460.0
1574517006.49808, -460.0
1574517006.853007, -460.0
1574517007.181272, -460.0
1574517007.548127, -460.0
1574517007.915236, -460.0
1574517008.273795, -460.0
1574517008.625888, -460.0
1574517008.990221, -460.0
1574517009.351664, -460.0
1574517009.695788, -460.0
1574517010.05381, -460.0
1574517010.424111, -460.0
1574517010.770492, -460.0
1574517011.105697, -460.0
1574517011.456643, -460.0
1574517011.788661, -460.0
1574517012.160573, -460.0
1574517012.520201, -460.0
1574517012.872224, -460.0
1574517013.2198, -460.0
1574517013.572608, -460.0
1574517013.908837, -460.0
1574517014.253157, -460.0
1574517014.597866, -460.0
1574517014.932059, -460.0
1574517015.266531, -460.0
1574517015.635933, -460.0
1574517015.984721, -460.0
1574517016.329177, -460.0
1574517016.688331, -460.0
1574517017.031127, -460.0
1574517017.360694, -460.0
1574517017.723141, -460.0
1574517018.082427, -460.0
1574517018.419652, -460.0
1574517018.788813, -460.0
1574517019.156894, -460.0
1574517019.524262, -460.0
1574517019.538598, -460.0
1574516993.225861, -460.0
1574516993.577486, -460.0
1574516993.983262, -460.0
1574516993.998904, -460.0
1574516994.012599, -460.0
1574516994.026029, -460.0
1574516994.039784, -460.0
1574516994.053103, -460.0
1574516994.06678, -460.0
1574516994.080272, -460.0
1574516994.093789, -460.0
1574516994.108145, -460.0
1574516994.47601, -460.0
1574516994.830157, -460.0
1574516995.208221, -460.0
1574516995.557788, -460.0
1574516995.908441, -460.0
1574516996.249142, -460.0
1574516996.601414, -460.0
1574516996.962335, -460.0
1574516997.315817, -460.0
1574516997.683728, -460.0
1574516998.0451, -460.0
1574516998.388048, -460.0
1574516998.739493, -460.0
1574516999.089396, -460.0
1574516999.43332, -460.0
1574516999.814389, -460.0
1574517000.164957, -460.0
1574517000.498513, -460.0
1574517000.835342, -460.0
1574517001.178501, -460.0
1574517001.543702, -460.0
1574517001.891183, -460.0
1574517002.238362, -460.0
1574517002.595727, -460.0
1574517002.955045, -460.0
1574517003.284063, -460.0
1574517003.630084, -460.0
1574517004.011563, -460.0
1574517004.366964, -460.0
1574517004.751622, -460.0
1574517005.098435, -460.0
1574517005.447744, -460.0
1574517005.820597, -460.0
1574517006.17146, -460.0
1574517006.512717, -460.0
1574517006.873178, -460.0
1574517007.232363, -460.0
1574517007.599966, -460.0
1574517007.962652, -460.0
1574517008.333455, -460.0
1574517008.685202, -460.0
1574517009.027085, -460.0
1574517009.38762, -460.0
1574517009.763236, -460.0
1574517010.096122, -460.0
1574517010.460767, -460.0
1574517010.809057, -460.0
1574517011.173233, -460.0
1574517011.532802, -460.0
1574517011.89585, -460.0
1574517012.272942, -460.0
1574517012.618825, -460.0
1574517012.96754, -460.0
1574517013.308039, -460.0
1574517013.668805, -460.0
1574517014.032646, -460.0
1574517014.399918, -460.0
1574517014.761012, -460.0
1574517014.775164, -460.0
1574517015.146957, -460.0
1574517015.495333, -460.0
1574517015.797366, -460.0
1574517016.156399, -460.0
1574517016.625481, -460.0
1574517016.877253, -460.0
1574517017.230428, -460.0
1574517017.574962, -460.0
1574517017.916285, -460.0
1574517018.248443, -460.0
1574517018.566516, -460.0
1574517018.92146, -460.0
1574517019.25984, -460.0
1574517019.621444, -460.0
1574517019.959829, -460.0
1574517020.280343, -460.0
1574517020.637734, -460.0
1574517021.009011, -460.0
1574517021.351298, -460.0
1574517021.842744, -460.0
1574517021.856398, -460.0
1574517021.86964, -460.0
1574517021.882998, -460.0
1574517022.348378, -460.0
1574517022.69977, -460.0
1574517023.060615, -460.0
1574517023.407026, -460.0
1574517023.796671, -460.0
1574517024.169673, -460.0
1574517024.550006, -460.0
1574517024.935866, -460.0
1574517024.950396, -460.0
1574517024.963635, -460.0
1574517024.977895, -460.0
1574517024.992517, -460.0
1574517025.00678, -460.0
1574517025.021016, -460.0
1574517025.034878, -460.0
1574517025.562399, -460.0
1574517025.576629, -460.0
1574517025.954525, -460.0
1574517025.968273, -460.0
1574517026.3287, -460.0
1574517026.690309, -460.0
1574517027.013726, -460.0
1574517027.347813, -460.0
1574517027.672514, -460.0
1574517028.004601, -460.0
1574517028.366163, -460.0
1574517028.704207, -460.0
1574517029.066792, -460.0
1574517029.419597, -460.0
1574517029.77203, -460.0
1574517030.129554, -460.0
1574517030.480302, -460.0
1574517030.847886, -460.0
1574517031.180717, -460.0
1574517031.511427, -460.0
1574517031.865982, -460.0
1574517032.22964, -460.0
1574517032.586701, -460.0
1574517032.954853, -460.0
1574517033.294355, -460.0
1574517033.622899, -460.0
1574517033.984908, -460.0
1574517034.32637, -460.0
1574517034.679212, -460.0
1574517035.044095, -460.0
1574517035.386847, -460.0
1574517035.764287, -460.0
1574517036.12357, -460.0
1574517036.490203, -460.0
1574517036.848892, -460.0
1574517037.192766, -460.0
1574517037.537653, -460.0
1574517037.846568, -460.0
1574517038.050354, -460.0
1574517038.355272, -460.0
1574517038.56153, -460.0
1574517038.889693, -460.0
1574517039.238273, -460.0
1574517039.576694, -460.0
1574517039.590435, -460.0
1574517039.928322, -460.0
1574517040.263214, -460.0
1574517040.585474, -460.0
1574517040.903032, -460.0
1574517041.24125, -460.0
1574517041.592511, -460.0
1574517041.922124, -460.0
1574517042.244, -460.0
1574517042.61241, -460.0
1574517042.959227, -460.0
1574517043.284899, -460.0
1574517043.664558, -460.0
1574517044.01809, -460.0
1574517044.369521, -460.0
1574517044.733576, -460.0
1574517045.134755, -460.0
1574517045.52547, -460.0
1574517045.901136, -460.0
1574517046.259731, -460.0
1574517046.610064, -460.0
1574517046.982572, -460.0
1574517047.351517, -460.0
1574517047.719117, -460.0
1574517048.067601, -460.0
1574517048.417984, -460.0
1574517048.765105, -460.0
1574517049.233736, -460.0
1574517049.248658, -460.0
1574517049.262335, -460.0
1574517049.275986, -460.0
1574517049.289786, -460.0
1574517049.303444, -460.0
1574517049.317229, -460.0
1574517049.331784, -460.0
1574517049.345718, -460.0
1574517049.71978, -460.0
1574517050.058016, -460.0
1574517050.07167, -460.0
1574517050.415185, -460.0
1574517050.761328, -460.0
1574517051.111241, -460.0
1574517051.126016, -460.0
1574517051.141065, -460.0
1574517051.476462, -460.0
1574517051.811652, -460.0
1574517052.143406, -460.0
1574517052.493551, -460.0
1574517052.507261, -460.0
1574517052.850962, -460.0
1574517053.204333, -460.0
1574517053.54892, -460.0
1574517053.891375, -460.0
1574517054.214008, -460.0
1574517054.557128, -460.0
1574517054.924749, -460.0
1574517055.284583, -460.0
1574517055.619302, -460.0
1574517055.987309, -460.0
1574517056.299115, -460.0
1574517056.654197, -460.0
1574517057.062417, -460.0
1574517057.076291, -460.0
1574517057.439108, -460.0
1574517057.81106, -460.0
1574517058.165789, -460.0
1574517058.496591, -460.0
1574517058.841396, -460.0
1574517059.202117, -460.0
1574517059.531879, -460.0
1574517059.894048, -460.0
1574517060.255996, -460.0
1574517060.601779, -460.0
1574517060.61565, -460.0
1574517060.970186, -460.0
1574517061.336413, -460.0
1574517061.674529, -460.0
1574517062.030311, -460.0
1574517062.38489, -460.0
1574517062.736192, -460.0
1574517063.094856, -460.0
1574517063.448626, -460.0
1574517063.800928, -460.0
1574517064.153926, -460.0
1574517064.499886, -460.0
1574517064.855761, -460.0
1574517065.197253, -460.0
1574517065.557914, -460.0
1574517065.93757, -460.0
1574517066.283339, -460.0
1574517066.658333, -460.0
1574517067.016854, -460.0
1574517067.37579, -460.0
1574517067.719901, -460.0
1574517068.055457, -460.0
1574517068.413488, -460.0
1574517068.772602, -460.0
1574517002.151609, -460.0
1574517002.165742, -460.0
1574517002.179221, -460.0
1574517002.19303, -460.0
1574517002.206546, -460.0
1574517002.220616, -460.0
1574517002.676754, -460.0
1574517003.037754, -460.0
1574517003.386309, -460.0
1574517003.70711, -460.0
1574517004.038748, -460.0
1574517004.357722, -460.0
1574517004.70835, -460.0
1574517005.029492, -460.0
1574517005.367998, -460.0
1574517005.696632, -460.0
1574517006.029465, -460.0
1574517006.396913, -460.0
1574517006.742934, -460.0
1574517006.757382, -460.0
1574517007.224326, -460.0
1574517007.238272, -460.0
1574517007.612008, -460.0
1574517007.961894, -460.0
1574517008.309729, -460.0
1574517008.673036, -460.0
1574517009.110059, -460.0
1574517009.123889, -460.0
1574517009.137392, -460.0
1574517009.151232, -460.0
1574517009.164599, -460.0
1574517009.178224, -460.0
1574517009.191618, -460.0
1574517009.205096, -460.0
1574517009.218418, -460.0
1574517009.232068, -460.0
1574517009.246061, -460.0
1574517009.596371, -460.0
1574517009.914544, -460.0
1574517010.275451, -460.0
1574517010.655257, -460.0
1574517011.000833, -460.0
1574517011.326998, -460.0
1574517011.677286, -460.0
1574517012.027427, -460.0
1574517012.439731, -460.0
1574517012.454594, -460.0
1574517012.470182, -460.0
1574517012.4845, -460.0
1574517012.832655, -460.0
1574517013.172731, -460.0
1574517013.528975, -460.0
1574517013.882572, -460.0
1574517014.222933, -460.0
1574517014.573944, -460.0
1574517014.918755, -460.0
1574517015.244712, -460.0
1574517015.591523, -460.0
1574517015.924413, -460.0
1574517016.282218, -460.0
1574517016.615215, -460.0
1574517016.96933, -460.0
1574517017.289619, -460.0
1574517017.612689, -460.0
1574517017.965012, -460.0
1574517018.310782, -460.0
1574517018.648415, -460.0
1574517018.982761, -460.0
1574517019.332707, -460.0
1574517019.677185, -460.0
1574517020.000543, -460.0
1574517020.334028, -460.0
1574517020.657557, -460.0
1574517021.001085, -460.0
1574517021.343749, -460.0
1574517021.685713, -460.0
1574517022.09584, -460.0
1574517022.109809, -460.0
1574517022.496307, -460.0
1574517022.509953, -460.0
1574517022.856154, -460.0
1574517023.202231, -460.0
1574517023.560583, -460.0
1574517023.887858, -460.0
1574517024.21823, -460.0
1574517024.55103, -460.0
1574517024.922693, -460.0
1574517025.296342, -460.0
1574517025.66557, -460.0
1574517026.019027, -460.0
1574517026.372583, -460.0
1574517026.70245, -460.0
1574517027.057091, -460.0
1574517027.403754, -460.0
1574517027.731627, -460.0
1574517028.080441, -460.0
1574517028.423633, -460.0
1574517028.773821, -460.0
1574517029.130171, -460.0
1574517029.482626, -460.0
1574517029.836086, -460.0
1574517030.179902, -460.0
1574517030.555741, -460.0
1574517030.911807, -460.0
1574517031.276708, -460.0
1574517031.596172, -460.0
1574517031.920558, -460.0
1574517032.271713, -460.0
1574517032.55738, -460.0
1574517032.861508, -460.0
1574517033.17116, -460.0
1574517033.507166, -460.0
1574517033.846517, -460.0
1574517034.04635, -460.0
1574517034.228487, -460.0
1574517034.401218, -460.0
1574517034.56993, -460.0
1574517034.746919, -460.0
1574517034.919395, -460.0
1574517035.097617, -460.0
1574517035.281431, -460.0
1574517035.474379, -460.0
1574517035.774277, -460.0
1574517036.130278, -460.0
1574517036.473054, -460.0
1574517036.831203, -460.0
1574517037.18549, -460.0
1574517037.561773, -460.0
1574517037.968478, -460.0
1574517037.982396, -460.0
1574517038.334949, -460.0
1574517038.348571, -460.0
1574517038.687534, -460.0
1574517039.060546, -460.0
1574517039.398736, -460.0
1574517039.733383, -460.0
1574517040.08795, -460.0
1574517040.526428, -460.0
1574517040.882897, -460.0
1574517041.228962, -460.0
1574517041.577266, -460.0
1574517041.917942, -460.0
1574517042.281064, -460.0
1574517042.627131, -460.0
1574517042.993008, -460.0
1574517043.349385, -460.0
1574517043.704838, -460.0
1574517044.089511, -460.0
1574517044.421808, -460.0
1574517044.758033, -460.0
1574517045.136323, -460.0
1574517045.500311, -460.0
1574517045.85092, -460.0
1574517046.242116, -460.0
1574517046.626199, -460.0
1574517046.974029, -460.0
1574517047.327419, -460.0
1574517047.700357, -460.0
1574517047.714553, -460.0
1574517048.071326, -460.0
1574517048.418408, -460.0
1574517048.773416, -460.0
1574517049.129466, -460.0
1574517049.488571, -460.0
1574517049.837212, -460.0
1574517050.197909, -460.0
1574517050.558517, -460.0
1574517050.914854, -460.0
1574517051.26608, -460.0
1574517051.610667, -460.0
1574517051.95599, -460.0
1574517052.307096, -460.0
1574517052.649182, -460.0
1574517053.002213, -460.0
1574517053.321972, -460.0
1574517053.659552, -460.0
1574517054.007408, -460.0
1574517054.313733, -460.0
1574517054.649297, -460.0
1574517054.989276, -460.0
1574517055.342871, -460.0
1574517055.675633, -460.0
1574517055.689377, -460.0
1574517056.059151, -460.0
1574517056.414039, -460.0
1574517056.733076, -460.0
1574517057.087878, -460.0
1574517057.453049, -460.0
1574517057.789137, -460.0
1574517058.138135, -460.0
1574517058.488614, -460.0
1574517058.853236, -460.0
1574517059.185062, -460.0
1574517059.54751, -460.0
1574517059.911302, -460.0
1574517060.255996, -460.0
1574517060.611799, -460.0
1574517060.962373, -460.0
1574517061.317988, -460.0
1574517061.67075, -460.0
1574517062.002737, -460.0
1574517062.351465, -460.0
1574517062.700085, -460.0
1574517063.045477, -460.0
1574517063.368716, -460.0
1574517063.719698, -460.0
1574517064.08777, -460.0
1574517064.428126, -460.0
1574517064.761482, -460.0
1574517065.0854, -460.0
1574517065.437216, -460.0
1574517065.803291, -460.0
1574517066.16329, -460.0
1574517066.49513, -460.0
1574517066.837552, -460.0
1574517067.18505, -460.0
1574517067.542455, -460.0
1574517067.895433, -460.0
1574517068.246129, -460.0
1574517068.622148, -460.0
1574517068.975122, -460.0
1574517069.28135, -447.0
1574517069.623337, -447.0
1574517069.989026, -447.0
1574517070.338684, -447.0
1574517070.706183, -447.0
1574517071.061619, -447.0
1574517071.400006, -447.0
1574517071.734468, -447.0
1574517072.079447, -447.0
1574517072.416643, -447.0
1574517072.779163, -447.0
1574517073.128673, -447.0
1574517073.478186, -447.0
1574517073.853723, -447.0
1574517074.190521, -447.0
1574517074.54867, -447.0
1574517074.886069, -447.0
1574517075.245653, -447.0
1574517075.618794, -447.0
1574517075.959035, -447.0
1574517076.290316, -447.0
1574517076.628434, -447.0
1574517076.968621, -447.0
1574517077.334873, -447.0
1574517077.690507, -447.0
1574517078.010271, -447.0
1574517078.350172, -447.0
1574517078.685495, -447.0
1574517079.031138, -447.0
1574517006.129965, -460.0
1574517006.470881, -460.0
1574517006.794673, -460.0
1574517007.111855, -460.0
1574517007.437885, -460.0
1574517007.764332, -460.0
1574517008.10008, -460.0
1574517008.457308, -460.0
1574517008.792252, -460.0
1574517009.148569, -460.0
1574517009.485938, -460.0
1574517009.826564, -460.0
1574517010.171708, -460.0
1574517010.52011, -460.0
1574517010.880376, -460.0
1574517011.22545, -460.0
1574517011.563805, -460.0
1574517011.923034, -460.0
1574517012.299338, -460.0
1574517012.648484, -460.0
1574517012.977666, -460.0
1574517013.333685, -460.0
1574517013.68175, -460.0
1574517014.019157, -460.0
1574517014.344725, -460.0
1574517014.689502, -460.0
1574517015.024413, -460.0
1574517015.394199, -460.0
1574517015.743561, -460.0
1574517016.081633, -460.0
1574517016.433489, -460.0
1574517016.760001, -460.0
1574517017.112944, -460.0
1574517017.475882, -460.0
1574517017.812436, -460.0
1574517018.146172, -460.0
1574517018.48763, -460.0
1574517018.82076, -460.0
1574517019.166746, -460.0
1574517019.517963, -460.0
1574517019.532037, -460.0
1574517019.547348, -460.0
1574517019.560797, -460.0
1574517019.574077, -460.0
1574517019.587485, -460.0
1574517019.601034, -460.0
1574517020.054151, -460.0
1574517020.40119, -460.0
1574517020.764445, -460.0
1574517021.132402, -460.0
1574517021.513884, -460.0
1574517021.884149, -460.0
1574517021.899415, -460.0
1574517021.913222, -460.0
1574517022.320157, -460.0
1574517022.65348, -460.0
1574517022.991934, -460.0
1574517023.332423, -460.0
1574517023.703717, -460.0
1574517024.04412, -460.0
1574517024.409752, -460.0
1574517024.423687, -460.0
1574517024.437129, -460.0
1574517024.984691, -460.0
1574517025.341104, -460.0
1574517025.667999, -460.0
1574517026.013927, -460.0
1574517026.347101, -460.0
1574517026.693296, -460.0
1574517027.030957, -460.0
1574517027.378786, -460.0
1574517027.715833, -460.0
1574517028.049392, -460.0
1574517028.379723, -460.0
1574517028.727912, -460.0
1574517029.088778, -460.0
1574517029.423143, -460.0
1574517029.76836, -460.0
1574517030.110845, -460.0
1574517030.315155, -460.0
1574517030.646161, -460.0
1574517030.970496, -460.0
1574517031.343669, -460.0
1574517031.692819, -460.0
1574517032.034043, -460.0
1574517032.365064, -460.0
1574517032.706376, -460.0
1574517033.046364, -460.0
1574517033.400053, -460.0
1574517033.757697, -460.0
1574517034.121853, -460.0
1574517034.478458, -460.0
1574517034.828231, -460.0
1574517035.163057, -460.0
1574517035.495308, -460.0
1574517035.814961, -460.0
1574517036.154815, -460.0
1574517036.513175, -460.0
1574517036.874128, -460.0
1574517037.2246, -460.0
1574517037.238297, -460.0
1574517037.582317, -460.0
1574517037.943044, -460.0
1574517038.303335, -460.0
1574517038.317097, -460.0
1574517038.330629, -460.0
1574517038.344907, -460.0
1574517038.72613, -460.0
1574517039.096161, -460.0
1574517039.43464, -460.0
1574517039.786416, -460.0
1574517040.119754, -460.0
1574517040.460799, -460.0
1574517040.795062, -460.0
1574517041.134046, -460.0
1574517041.491456, -460.0
1574517041.848426, -460.0
1574517042.179055, -460.0
1574517042.193173, -460.0
1574517042.206618, -460.0
1574517042.221681, -460.0
1574517042.625079, -460.0
1574517042.964231, -460.0
1574517043.301348, -460.0
1574517043.634428, -460.0
1574517043.976609, -460.0
1574517044.32208, -460.0
1574517044.654652, -460.0
1574517044.992761, -460.0
1574517045.354164, -460.0
1574517045.691485, -460.0
1574517046.046142, -460.0
1574517046.375467, -460.0
1574517046.738738, -460.0
1574517047.078498, -460.0
1574517047.429185, -460.0
1574517047.768211, -460.0
1574517048.129445, -460.0
1574517048.466741, -460.0
1574517048.821168, -460.0
1574517049.175641, -460.0
1574517049.512925, -460.0
1574517049.854876, -460.0
1574517050.217814, -460.0
1574517050.571179, -460.0
1574517050.930556, -460.0
1574517051.31106, -460.0
1574517051.681119, -460.0
1574517052.047308, -460.0
1574517052.395604, -460.0
1574517052.741612, -460.0
1574517053.118735, -460.0
1574517053.494694, -460.0
1574517053.842335, -460.0
1574517054.20523, -460.0
1574517054.529411, -460.0
1574517054.861996, -460.0
1574517055.204874, -460.0
1574517055.560048, -460.0
1574517055.892981, -460.0
1574517056.240981, -460.0
1574517056.572316, -460.0
1574517056.897706, -460.0
1574517057.22735, -460.0
1574517057.540326, -460.0
1574517057.884895, -460.0
1574517058.219595, -460.0
1574517058.572059, -460.0
1574517058.909865, -460.0
1574517059.242213, -460.0
1574517059.620231, -460.0
1574517059.966285, -460.0
1574517060.310983, -460.0
1574517060.648352, -460.0
1574517060.98106, -460.0
1574517061.25144, -460.0
1574517061.485468, -460.0
1574517061.675015, -460.0
1574517061.842616, -460.0
1574517062.0269, -460.0
1574517062.216119, -460.0
1574517062.387304, -460.0
1574517062.57214, -460.0
1574517062.751601, -460.0
1574517062.933729, -460.0
1574517063.110555, -460.0
1574517063.397129, -460.0
1574517063.744302, -460.0
1574517064.073004, -460.0
1574517064.263834, -460.0
1574517064.452837, -460.0
1574517064.628284, -460.0
1574517064.817755, -460.0
1574517064.994909, -460.0
1574517065.178821, -460.0
1574517065.362997, -460.0
1574517065.541695, -460.0
1574517065.716507, -460.0
1574517065.912866, -460.0
1574517066.092908, -460.0
1574517066.268754, -460.0
1574517066.444481, -460.0
1574517066.621322, -460.0
1574517066.805756, -460.0
1574517066.986712, -460.0
1574517067.163345, -460.0
1574517067.343663, -460.0
1574517067.694007, -460.0
1574517067.973928, -460.0
1574517068.254931, -460.0
1574517068.460534, -460.0
1574517068.796784, -460.0
1574517069.142822, -460.0
1574517069.493251, -447.0
1574517069.847237, -447.0
1574517070.183796, -447.0
1574517070.198449, -447.0
1574517070.550521, -447.0
1574517070.910153, -447.0
1574517071.268429, -447.0
1574517071.531377, -447.0
1574517071.713413, -447.0
1574517071.907923, -447.0
1574517072.191418, -447.0
1574517072.372704, -447.0
1574517072.579055, -447.0
1574517072.593957, -447.0
1574517073.11863, -447.0
1574517073.831635, -447.0
1574517074.337063, -447.0
1574517074.705373, -447.0
1574517074.913952, -447.0
1574517075.103186, -447.0
1574517075.299517, -447.0
1574517075.498048, -447.0
1574517075.753885, -447.0
1574517076.086697, -447.0
1574517076.266578, -447.0
1574517076.582562, -447.0
1574517076.926677, -447.0
1574517077.337027, -447.0
1574517077.680957, -447.0
1574517078.050799, -447.0
1574517078.387247, -447.0
1574517078.738001, -447.0
1574517079.067654, -447.0
1574517079.388803, -447.0
1574517079.640782, -447.0
1574517079.98039, -447.0
1574517080.354796, -447.0
