1574517083.342151, -559.0
1574517083.382461, -559.0
1574517083.422661, -558.0
1574517083.463437, -558.0
1574517083.503729, -558.0
1574517083.544476, -558.0
1574517083.58471, -558.0
1574517083.624805, -558.0
1574517083.665065, -558.0
1574517083.705164, -558.0
1574517083.745412, -558.0
1574517083.785351, -558.0
1574517083.826083, -558.0
1574517083.867024, -558.0
1574517083.907187, -558.0
1574517084.305059, -558.0
1574517084.345387, -558.0
1574517084.385857, -558.0
1574517084.426512, -558.0
1574517084.466822, -558.0
1574517084.507328, -558.0
1574517084.54768, -551.0
1574517084.588347, -551.0
1574517084.628633, -551.0
1574517085.010367, -542.0
1574517085.050796, -542.0
1574517085.091278, -542.0
1574517085.131595, -542.0
1574517085.171818, -542.0
1574517085.212376, -542.0
1574517085.252662, -542.0
1574517085.293594, -542.0
1574517085.333615, -542.0
1574517085.373951, -542.0
1574517085.413924, -542.0
1574517085.454118, -542.0
1574517085.494394, -542.0
1574517085.53448, -542.0
1574517085.575995, -542.0
1574517085.616416, -542.0
1574517085.980153, -542.0
1574517086.020459, -542.0
1574517086.060729, -542.0
1574517086.100731, -542.0
1574517086.140997, -542.0
1574517086.181345, -542.0
1574517086.221648, -542.0
1574517086.262033, -542.0
1574517086.302664, -542.0
1574517086.34311, -542.0
1574517083.400379, -558.0
1574517083.493945, -558.0
1574517083.5868, -558.0
1574517083.680069, -558.0
1574517084.538112, -551.0
1574517085.023387, -542.0
1574517085.126899, -542.0
1574517085.222156, -542.0
1574517085.31552, -542.0
1574517085.408419, -542.0
1574517085.502226, -542.0
1574517088.152445, -536.0
1574517090.690669, -536.0
1574517093.204924, -528.0
1574517095.681687, -528.0
1574517098.139821, -528.0
1574517100.669528, -528.0
1574517103.156772, -528.0
1574517105.636584, -528.0
1574517108.110257, -528.0
1574517110.61193, -517.0
1574517113.113628, -517.0
1574517115.63061, -517.0
1574517118.200519, -517.0
1574517120.714084, -517.0
1574517123.258251, -517.0
1574517125.80436, -517.0
1574517128.294949, -517.0
1574517130.80523, -517.0
1574517133.359984, -517.0
1574517135.865225, -517.0
1574517138.417307, -517.0
1574517140.914548, -517.0
1574517143.432497, -517.0
1574517145.935193, -517.0
1574517148.415126, -517.0
1574517150.888641, -517.0
1574517153.347623, -517.0
1574517155.861088, -517.0
1574517158.378799, -517.0
1574517160.853458, -517.0
1574517163.33944, -517.0
1574517165.832651, -517.0
1574517168.315521, -517.0
1574517170.81042, -517.0
1574517173.343121, -517.0
1574517175.852788, -517.0
1574517178.348755, -517.0
1574517180.917867, -517.0
1574517183.404653, -517.0
1574517083.768339, -558.0
1574517083.874904, -558.0
1574517084.729854, -542.0
1574517086.04992, -542.0
1574517086.158021, -542.0
1574517088.471814, -536.0
1574517089.728667, -536.0
1574517090.69902, -536.0
1574517091.735909, -536.0
1574517092.687592, -536.0
1574517093.170772, -536.0
1574517094.39203, -528.0
1574517097.774607, -528.0
1574517099.370821, -528.0
1574517100.329537, -528.0
1574517100.896052, -528.0
1574517102.770048, -528.0
1574517106.42385, -528.0
1574517109.613633, -528.0
1574517112.425246, -517.0
1574517115.550108, -517.0
1574517116.185053, -517.0
1574517116.732773, -517.0
1574517119.583739, -517.0
1574517123.46225, -517.0
1574517126.592149, -517.0
1574517130.069479, -517.0
1574517132.50804, -517.0
1574517134.182967, -517.0
1574517134.632871, -517.0
1574517135.08324, -517.0
1574517136.61187, -517.0
1574517139.797954, -517.0
1574517141.553747, -517.0
1574517143.375933, -517.0
1574517147.453301, -517.0
1574517150.608368, -517.0
1574517154.674998, -517.0
1574517159.492351, -517.0
1574517163.524466, -517.0
1574517166.266579, -517.0
1574517167.336464, -517.0
1574517167.778247, -517.0
1574517168.204464, -517.0
1574517170.821541, -517.0
1574517174.830504, -517.0
1574517178.018224, -517.0
1574517179.88279, -517.0
1574517182.061435, -517.0
1574517183.298073, -517.0
1574517083.384301, -558.0
1574517083.437932, -558.0
1574517083.491464, -558.0
1574517083.544426, -558.0
1574517083.597776, -558.0
1574517083.650973, -558.0
1574517083.703725, -558.0
1574517083.756681, -558.0
1574517083.809843, -558.0
1574517083.862999, -558.0
1574517083.916177, -558.0
1574517083.969683, -558.0
1574517084.023268, -558.0
1574517084.076786, -558.0
1574517084.130506, -558.0
1574517084.18462, -558.0
1574517084.240766, -558.0
1574517084.299445, -558.0
1574517084.355884, -558.0
1574517084.408056, -558.0
1574517084.460718, -558.0
1574517084.512814, -558.0
1574517084.564625, -551.0
1574517084.617068, -551.0
1574517084.668968, -551.0
1574517084.721594, -551.0
1574517084.774231, -542.0
1574517084.826727, -542.0
1574517084.878956, -542.0
1574517084.931614, -542.0
1574517084.984537, -542.0
1574517087.397477, -536.0
1574517088.792064, -536.0
1574517090.334376, -536.0
1574517091.902716, -536.0
1574517093.343981, -528.0
1574517094.592637, -528.0
1574517095.903709, -528.0
1574517097.520212, -528.0
1574517097.578836, -528.0
1574517099.708571, -528.0
1574517102.71515, -528.0
1574517104.093334, -528.0
1574517105.937939, -528.0
1574517108.424282, -528.0
1574517110.286055, -528.0
1574517112.120931, -517.0
1574517113.662492, -517.0
1574517115.118282, -517.0
1574517116.681897, -517.0
1574517086.407202, -542.0
1574517086.466088, -542.0
1574517086.519594, -542.0
1574517086.573591, -542.0
1574517086.627012, -542.0
1574517086.686895, -542.0
1574517086.740491, -542.0
1574517086.794144, -542.0
1574517086.84785, -542.0
1574517086.901108, -542.0
1574517086.954543, -542.0
1574517087.007923, -542.0
1574517087.061324, -542.0
1574517087.114762, -542.0
1574517087.16797, -542.0
1574517087.222668, -542.0
1574517087.277167, -542.0
1574517087.329923, -542.0
1574517087.383979, -542.0
1574517087.436393, -536.0
1574517087.489606, -536.0
1574517087.542728, -536.0
1574517087.596823, -536.0
1574517087.649356, -536.0
1574517087.705362, -536.0
1574517087.763687, -536.0
1574517087.816901, -536.0
1574517087.875671, -536.0
1574517087.935678, -536.0
1574517087.988108, -536.0
1574517088.040686, -536.0
1574517088.09373, -536.0
1574517088.146613, -536.0
1574517088.20233, -536.0
1574517088.255141, -536.0
1574517088.308305, -536.0
1574517088.360681, -536.0
1574517088.413154, -536.0
1574517088.466009, -536.0
1574517089.728143, -536.0
1574517090.717804, -536.0
1574517092.281547, -536.0
1574517093.838465, -528.0
1574517094.365187, -528.0
1574517095.76184, -528.0
1574517097.171268, -528.0
1574517099.317961, -528.0
1574517101.189354, -528.0
1574517103.079766, -528.0
1574517105.03239, -528.0
1574517105.502373, -528.0
1574517105.562727, -528.0
1574517105.615558, -528.0
1574517105.668917, -528.0
1574517105.722553, -528.0
1574517105.77625, -528.0
1574517105.832679, -528.0
1574517106.242679, -528.0
1574517106.63738, -528.0
1574517106.691226, -528.0
1574517106.744724, -528.0
1574517106.798409, -528.0
1574517107.657823, -528.0
1574517108.457496, -528.0
1574517108.511236, -528.0
1574517108.914529, -528.0
1574517109.313345, -528.0
1574517109.740821, -528.0
1574517110.177, -528.0
1574517110.562563, -528.0
1574517110.926794, -517.0
1574517111.325927, -517.0
1574517112.737479, -517.0
1574517114.138744, -517.0
1574517115.074735, -517.0
1574517115.822849, -517.0
1574517116.566346, -517.0
1574517116.972094, -517.0
1574517117.37324, -517.0
1574517118.383616, -517.0
1574517119.356591, -517.0
1574517120.331, -517.0
1574517121.442003, -517.0
1574517122.548861, -517.0
1574517123.306088, -517.0
1574517124.04947, -517.0
1574517124.755856, -517.0
1574517125.811394, -517.0
1574517126.915561, -517.0
1574517128.360106, -517.0
1574517129.42077, -517.0
1574517130.892803, -517.0
1574517131.961058, -517.0
1574517132.703977, -517.0
1574517133.775823, -517.0
1574517134.823755, -517.0
1574517136.207454, -517.0
1574517137.298231, -517.0
1574517138.660849, -517.0
1574517140.074306, -517.0
1574517116.812183, -517.0
1574517116.931916, -517.0
1574517117.05143, -517.0
1574517117.171303, -517.0
1574517117.291171, -517.0
1574517117.411072, -517.0
1574517117.530463, -517.0
1574517117.651036, -517.0
1574517117.770503, -517.0
1574517117.890451, -517.0
1574517119.595229, -517.0
1574517119.717964, -517.0
1574517119.838715, -517.0
1574517119.961689, -517.0
1574517123.176467, -517.0
1574517126.840258, -517.0
1574517130.001467, -517.0
1574517133.176831, -517.0
1574517136.348974, -517.0
1574517139.535223, -517.0
1574517142.68143, -517.0
1574517145.886578, -517.0
1574517149.084064, -517.0
1574517152.188019, -517.0
1574517155.343809, -517.0
1574517158.408066, -517.0
1574517161.41537, -517.0
1574517164.594803, -517.0
1574517167.714503, -517.0
1574517170.670473, -517.0
1574517173.765333, -517.0
1574517177.010692, -517.0
1574517180.208799, -517.0
1574517183.354309, -517.0
1574517186.618744, -517.0
1574517189.778923, -517.0
1574517192.975743, -517.0
1574517196.108101, -517.0
1574517199.223007, -517.0
1574517202.344235, -517.0
1574517205.504002, -517.0
1574517208.666268, -517.0
1574517211.604431, -517.0
1574517214.77164, -517.0
1574517217.965688, -517.0
1574517221.157317, -517.0
1574517224.304916, -517.0
1574517227.433081, -517.0
1574517230.57194, -517.0
1574517233.505823, -517.0
1574517140.138175, -517.0
1574517140.19171, -517.0
1574517140.245108, -517.0
1574517140.29879, -517.0
1574517140.351955, -517.0
1574517140.405357, -517.0
1574517140.458721, -517.0
1574517140.511969, -517.0
1574517140.92431, -517.0
1574517140.977489, -517.0
1574517141.031604, -517.0
1574517141.08477, -517.0
1574517141.139767, -517.0
1574517141.195727, -517.0
1574517141.250268, -517.0
1574517141.304146, -517.0
1574517141.357665, -517.0
1574517141.410583, -517.0
1574517141.463628, -517.0
1574517141.851747, -517.0
1574517141.904937, -517.0
1574517142.347624, -517.0
1574517142.40081, -517.0
1574517142.799873, -517.0
1574517144.131511, -517.0
1574517145.44193, -517.0
1574517146.801966, -517.0
1574517148.107771, -517.0
1574517149.421927, -517.0
1574517150.725131, -517.0
1574517152.026793, -517.0
1574517153.339163, -517.0
1574517154.644955, -517.0
1574517155.966603, -517.0
1574517157.265464, -517.0
1574517158.560458, -517.0
1574517159.850299, -517.0
1574517161.108595, -517.0
1574517162.344225, -517.0
1574517163.629898, -517.0
1574517164.964472, -517.0
1574517166.233495, -517.0
1574517167.514797, -517.0
1574517168.782776, -517.0
1574517170.1158, -517.0
1574517171.434918, -517.0
1574517172.745624, -517.0
1574517174.086091, -517.0
1574517175.391613, -517.0
1574517176.705603, -517.0
1574517176.743117, -517.0
1574517176.773419, -517.0
1574517176.800665, -517.0
1574517176.827721, -517.0
1574517176.855465, -517.0
1574517176.882228, -517.0
1574517176.909355, -517.0
1574517176.936604, -517.0
1574517176.964061, -517.0
1574517176.991571, -517.0
1574517177.018701, -517.0
1574517177.045756, -517.0
1574517177.07313, -517.0
1574517177.10073, -517.0
1574517177.130018, -517.0
1574517177.160283, -517.0
1574517177.190511, -517.0
1574517177.219786, -517.0
1574517178.030135, -517.0
1574517179.272024, -517.0
1574517179.302238, -517.0
1574517179.332535, -517.0
1574517179.361019, -517.0
1574517180.194024, -517.0
1574517180.901858, -517.0
1574517181.448806, -517.0
1574517182.096385, -517.0
1574517182.719352, -517.0
1574517183.321331, -517.0
1574517183.922635, -517.0
1574517184.664794, -517.0
1574517185.604525, -517.0
1574517186.597024, -517.0
1574517187.577427, -517.0
1574517188.526689, -517.0
1574517189.625377, -517.0
1574517190.09529, -517.0
1574517190.544473, -517.0
1574517191.364028, -517.0
1574517192.145987, -517.0
1574517192.972197, -517.0
1574517194.156659, -517.0
1574517194.681188, -517.0
1574517195.18875, -517.0
1574517195.914054, -517.0
1574517196.639056, -517.0
1574517196.668819, -517.0
1574517196.697198, -517.0
1574517197.770346, -517.0
1574517197.798786, -517.0
1574517183.319295, -517.0
1574517183.332864, -517.0
1574517183.346373, -517.0
1574517183.739015, -517.0
1574517183.754702, -517.0
1574517183.76945, -517.0
1574517184.11416, -517.0
1574517184.470047, -517.0
1574517184.840149, -517.0
1574517185.181647, -517.0
1574517185.534853, -517.0
1574517185.911793, -517.0
1574517186.269587, -517.0
1574517186.634495, -517.0
1574517186.99959, -517.0
1574517187.350505, -517.0
1574517187.738805, -517.0
1574517188.086679, -517.0
1574517188.438405, -517.0
1574517188.802442, -517.0
1574517189.159282, -517.0
1574517189.529369, -517.0
1574517189.884404, -517.0
1574517190.239617, -517.0
1574517190.620484, -517.0
1574517190.979801, -517.0
1574517191.343693, -517.0
1574517191.694348, -517.0
1574517192.046034, -517.0
1574517192.397153, -517.0
1574517192.785409, -517.0
1574517193.153986, -517.0
1574517193.544743, -517.0
1574517193.915452, -517.0
1574517194.281566, -517.0
1574517194.627401, -517.0
1574517194.981186, -517.0
1574517195.341037, -517.0
1574517195.698645, -517.0
1574517196.058343, -517.0
1574517196.420081, -517.0
1574517196.785037, -517.0
1574517197.15235, -517.0
1574517197.521663, -517.0
1574517197.874019, -517.0
1574517198.226726, -517.0
1574517198.591993, -517.0
1574517198.955673, -517.0
1574517199.320512, -517.0
1574517199.676291, -517.0
1574517183.426037, -517.0
1574517183.439949, -517.0
1574517183.453482, -517.0
1574517183.46733, -517.0
1574517183.48107, -517.0
1574517183.867547, -517.0
1574517183.881872, -517.0
1574517183.896661, -517.0
1574517184.269184, -517.0
1574517184.669997, -517.0
1574517185.053819, -517.0
1574517185.424494, -517.0
1574517185.781386, -517.0
1574517186.144477, -517.0
1574517186.503505, -517.0
1574517186.848108, -517.0
1574517187.199835, -517.0
1574517187.537532, -517.0
1574517187.907162, -517.0
1574517188.259448, -517.0
1574517188.636851, -517.0
1574517189.012685, -517.0
1574517189.361612, -517.0
1574517189.716312, -517.0
1574517190.074722, -517.0
1574517190.437073, -517.0
1574517190.772892, -517.0
1574517191.145566, -517.0
1574517191.514642, -517.0
1574517191.856041, -517.0
1574517192.214015, -517.0
1574517192.558733, -517.0
1574517192.942825, -517.0
1574517193.295892, -517.0
1574517193.654251, -517.0
1574517194.013995, -517.0
1574517194.372132, -517.0
1574517194.736381, -517.0
1574517195.088797, -517.0
1574517195.446164, -517.0
1574517195.808962, -517.0
1574517196.160105, -517.0
1574517196.541462, -517.0
1574517196.908579, -517.0
1574517197.260306, -517.0
1574517197.623771, -517.0
1574517198.00265, -517.0
1574517198.373973, -517.0
1574517198.738151, -517.0
1574517199.115591, -517.0
1574517197.84527, -517.0
1574517197.885554, -517.0
1574517197.925834, -517.0
1574517197.966079, -517.0
1574517198.006114, -517.0
1574517198.046403, -517.0
1574517198.08671, -517.0
1574517198.126971, -517.0
1574517198.649241, -517.0
1574517198.690225, -517.0
1574517198.731488, -517.0
1574517198.77301, -517.0
1574517198.814412, -517.0
1574517199.835213, -517.0
1574517201.400321, -517.0
1574517202.480274, -517.0
1574517203.44069, -517.0
1574517205.133299, -517.0
1574517207.150186, -517.0
1574517208.243837, -517.0
1574517208.664325, -517.0
1574517209.967496, -517.0
1574517210.008404, -517.0
1574517210.04984, -517.0
1574517210.091812, -517.0
1574517210.939513, -517.0
1574517210.981421, -517.0
1574517211.855929, -517.0
1574517211.899548, -517.0
1574517211.94245, -517.0
1574517212.519587, -517.0
1574517214.222241, -517.0
1574517214.704892, -517.0
1574517215.806482, -517.0
1574517218.136212, -517.0
1574517219.665856, -517.0
1574517221.194038, -517.0
1574517222.5278, -517.0
1574517224.047629, -517.0
1574517225.736889, -517.0
1574517227.984817, -517.0
1574517228.497857, -517.0
1574517229.000668, -517.0
1574517230.288176, -517.0
1574517231.67553, -517.0
1574517233.981081, -517.0
1574517234.475632, -517.0
1574517234.897358, -517.0
1574517235.373374, -517.0
1574517235.773653, -517.0
1574517245.549018, -517.0
1574517245.908882, -517.0
1574517245.92288, -517.0
1574517245.936753, -517.0
1574517245.950583, -517.0
1574517246.315907, -517.0
1574517246.68014, -517.0
1574517247.02842, -517.0
1574517247.396317, -517.0
1574517247.410293, -517.0
1574517247.804067, -517.0
1574517248.176246, -517.0
1574517248.555267, -517.0
1574517248.921039, -517.0
1574517249.297499, -517.0
1574517249.689563, -517.0
1574517250.056487, -517.0
1574517250.431376, -517.0
1574517250.804054, -517.0
1574517251.179044, -517.0
1574517251.538713, -517.0
1574517251.901725, -517.0
1574517252.292991, -517.0
1574517252.637547, -517.0
1574517253.001397, -517.0
1574517253.344421, -517.0
1574517253.709066, -517.0
1574517254.075852, -517.0
1574517254.43935, -517.0
1574517254.812305, -517.0
1574517255.189741, -517.0
1574517255.556365, -517.0
1574517255.920522, -517.0
1574517256.28636, -517.0
1574517256.649402, -517.0
1574517257.019832, -517.0
1574517257.39844, -517.0
1574517257.774704, -517.0
1574517258.152492, -517.0
1574517258.533594, -517.0
1574517258.880572, -517.0
1574517259.247581, -517.0
1574517259.615527, -517.0
1574517260.000632, -517.0
1574517260.371621, -517.0
1574517260.72381, -517.0
1574517261.091752, -517.0
1574517261.45423, -517.0
1574517261.812869, -517.0
1574517262.171991, -517.0
1574517262.544475, -517.0
1574517262.904216, -517.0
1574517263.274293, -517.0
1574517263.648279, -517.0
1574517264.023322, -517.0
1574517264.407313, -517.0
1574517264.773988, -517.0
1574517265.162757, -517.0
1574517265.542532, -517.0
1574517265.907217, -517.0
1574517266.281352, -517.0
1574517266.676937, -517.0
1574517267.068798, -517.0
1574517267.464712, -517.0
1574517267.857723, -517.0
1574517268.243158, -517.0
1574517268.625062, -517.0
1574517268.988215, -517.0
1574517269.361706, -517.0
1574517269.723895, -517.0
1574517270.088957, -517.0
1574517270.447951, -517.0
1574517270.810344, -517.0
1574517271.202782, -517.0
1574517271.564183, -517.0
1574517271.93113, -517.0
1574517272.304726, -517.0
1574517272.704167, -517.0
1574517273.082163, -517.0
1574517273.457364, -517.0
1574517273.820142, -517.0
1574517274.186781, -517.0
1574517274.564085, -517.0
1574517274.938121, -517.0
1574517275.308369, -517.0
1574517275.682054, -517.0
1574517276.056123, -517.0
1574517276.430516, -517.0
1574517276.787138, -517.0
1574517277.168118, -517.0
1574517277.529168, -517.0
1574517277.904142, -517.0
1574517278.2659, -517.0
1574517278.633309, -517.0
1574517278.980787, -517.0
1574517279.333456, -517.0
1574517279.698696, -517.0
1574517280.054815, -517.0
1574517280.42177, -517.0
1574517280.777634, -517.0
1574517281.142141, -517.0
1574517281.505481, -517.0
1574517281.866196, -517.0
1574517282.241178, -517.0
1574517282.618947, -517.0
1574517282.988641, -517.0
1574517283.360266, -517.0
1574517283.737276, -517.0
1574517284.12183, -517.0
1574517284.492801, -517.0
1574517284.88899, -517.0
1574517285.265427, -517.0
1574517285.630824, -517.0
1574517285.994554, -517.0
1574517286.367651, -517.0
1574517286.764611, -517.0
1574517287.132733, -517.0
1574517287.501648, -517.0
1574517287.877859, -517.0
1574517288.23168, -517.0
1574517288.603723, -517.0
1574517288.99225, -517.0
1574517289.37391, -517.0
1574517289.716972, -517.0
1574517290.107628, -517.0
1574517290.491761, -517.0
1574517290.86428, -517.0
1574517291.232696, -517.0
1574517291.60461, -517.0
1574517291.967661, -517.0
1574517292.347631, -517.0
1574517292.719258, -517.0
1574517293.104073, -517.0
1574517293.464948, -517.0
1574517293.812488, -517.0
1574517294.178081, -517.0
1574517294.549388, -517.0
1574517294.912635, -517.0
1574517295.282145, -517.0
1574517295.645852, -517.0
1574517296.005293, -517.0
1574517296.391312, -517.0
1574517296.774594, -517.0
1574517297.142022, -517.0
1574517297.493276, -517.0
1574517297.877402, -517.0
1574517298.256059, -517.0
1574517298.637333, -517.0
1574517299.02279, -517.0
1574517299.407779, -517.0
1574517299.779644, -517.0
1574517300.156207, -517.0
1574517300.551955, -517.0
1574517300.9467, -517.0
1574517301.330903, -517.0
1574517301.722373, -517.0
1574517302.102194, -517.0
1574517302.473838, -517.0
1574517302.827552, -517.0
1574517303.21667, -517.0
1574517303.598285, -517.0
1574517303.962539, -517.0
1574517304.331333, -517.0
1574517304.695051, -517.0
1574517305.070858, -517.0
1574517305.432997, -517.0
1574517305.789095, -517.0
1574517306.147581, -517.0
1574517306.523312, -517.0
1574517306.884217, -517.0
1574517307.274977, -517.0
1574517307.629624, -517.0
1574517308.006153, -517.0
1574517308.375501, -517.0
1574517308.749237, -517.0
1574517309.115826, -517.0
1574517309.480115, -517.0
1574517309.860527, -517.0
1574517310.243512, -517.0
1574517310.64232, -517.0
1574517310.999924, -517.0
1574517311.374635, -517.0
1574517311.72489, -517.0
1574517312.094221, -517.0
1574517312.451844, -517.0
1574517312.807912, -517.0
1574517313.192352, -517.0
1574517313.575581, -517.0
1574517313.97592, -517.0
1574517314.359034, -517.0
1574517314.742861, -517.0
1574517315.098095, -517.0
1574517315.461644, -517.0
1574517315.824245, -517.0
1574517316.201935, -517.0
1574517316.574592, -517.0
1574517316.95744, -517.0
1574517317.353512, -517.0
1574517317.727811, -517.0
1574517318.105094, -517.0
1574517318.468047, -517.0
1574517318.817586, -517.0
1574517319.201415, -517.0
1574517319.574811, -517.0
1574517319.969059, -517.0
1574517320.339367, -517.0
1574517320.699742, -517.0
1574517321.058906, -517.0
1574517321.43645, -517.0
1574517321.810753, -517.0
1574517322.164933, -517.0
1574517322.525528, -517.0
1574517322.889063, -517.0
1574517323.24219, -517.0
1574517323.622136, -517.0
1574517323.983614, -517.0
1574517324.354456, -517.0
1574517324.717165, -517.0
1574517325.095816, -517.0
1574517325.473868, -517.0
1574517325.853253, -517.0
1574517326.229304, -517.0
1574517326.598299, -517.0
1574517326.976925, -517.0
1574517327.350274, -517.0
1574517327.747289, -517.0
1574517328.109247, -517.0
1574517328.480384, -517.0
1574517328.83819, -517.0
1574517329.212858, -517.0
1574517329.588439, -517.0
1574517329.962281, -517.0
1574517330.325505, -517.0
1574517330.701017, -517.0
1574517331.111424, -517.0
1574517331.484012, -517.0
1574517331.872912, -517.0
1574517332.266656, -517.0
1574517332.637923, -517.0
1574517333.026797, -517.0
1574517333.391913, -517.0
1574517333.75977, -517.0
1574517334.119127, -517.0
1574517334.49569, -517.0
1574517334.8657, -517.0
1574517335.251209, -517.0
1574517335.62931, -517.0
1574517335.996152, -517.0
1574517336.382421, -517.0
1574517336.734722, -517.0
1574517245.907076, -517.0
1574517246.42874, -517.0
1574517246.442855, -517.0
1574517246.456584, -517.0
1574517246.47016, -517.0
1574517246.483783, -517.0
1574517246.49761, -517.0
1574517246.511279, -517.0
1574517246.525202, -517.0
1574517246.539525, -517.0
1574517246.924313, -517.0
1574517247.292867, -517.0
1574517247.661895, -517.0
1574517248.265239, -517.0
1574517248.617164, -517.0
1574517248.964958, -517.0
1574517249.347555, -517.0
1574517249.73224, -517.0
1574517250.091868, -517.0
1574517250.469817, -517.0
1574517250.833455, -517.0
1574517251.186035, -517.0
1574517251.56907, -517.0
1574517251.905658, -517.0
1574517252.278871, -517.0
1574517252.639464, -517.0
1574517253.013173, -517.0
1574517253.396267, -517.0
1574517253.772745, -517.0
1574517254.127855, -517.0
1574517254.493866, -517.0
1574517254.852617, -517.0
1574517255.227219, -517.0
1574517255.579626, -517.0
1574517255.938121, -517.0
1574517256.310291, -517.0
1574517256.674739, -517.0
1574517257.041429, -517.0
1574517257.403459, -517.0
1574517257.7646, -517.0
1574517258.122229, -517.0
1574517258.472, -517.0
1574517258.834327, -517.0
1574517259.203701, -517.0
1574517259.563303, -517.0
1574517259.950407, -517.0
1574517260.332114, -517.0
1574517260.71002, -517.0
1574517261.080611, -517.0
1574517261.458894, -517.0
1574517261.834337, -517.0
1574517262.194726, -517.0
1574517262.557853, -517.0
1574517262.91936, -517.0
1574517263.281678, -517.0
1574517263.645599, -517.0
1574517263.993979, -517.0
1574517264.344005, -517.0
1574517264.723091, -517.0
1574517265.094981, -517.0
1574517265.45619, -517.0
1574517265.822184, -517.0
1574517266.180907, -517.0
1574517266.55616, -517.0
1574517266.913181, -517.0
1574517267.270711, -517.0
1574517267.639729, -517.0
1574517267.994796, -517.0
1574517268.334438, -517.0
1574517268.698502, -517.0
1574517269.033652, -517.0
1574517269.393064, -517.0
1574517269.777399, -517.0
1574517270.125072, -517.0
1574517270.464552, -517.0
1574517270.851641, -517.0
1574517271.225342, -517.0
1574517271.590773, -517.0
1574517271.941538, -517.0
1574517272.291006, -517.0
1574517272.657099, -517.0
1574517273.036107, -517.0
1574517273.394717, -517.0
1574517273.777995, -517.0
1574517274.142359, -517.0
1574517274.515852, -517.0
1574517274.861508, -517.0
1574517275.223486, -517.0
1574517275.601813, -517.0
1574517275.95516, -517.0
1574517276.336106, -517.0
1574517276.68425, -517.0
1574517277.051082, -517.0
1574517277.416802, -517.0
1574517277.795495, -517.0
1574517278.178271, -517.0
1574517278.54534, -517.0
1574517278.897559, -517.0
1574517279.256559, -517.0
1574517279.615255, -517.0
1574517279.979986, -517.0
1574517280.34456, -517.0
1574517280.718059, -517.0
1574517281.095405, -517.0
1574517281.451111, -517.0
1574517281.817373, -517.0
1574517282.181057, -517.0
1574517282.532546, -517.0
1574517282.887705, -517.0
1574517283.245146, -517.0
1574517283.604656, -517.0
1574517283.952448, -517.0
1574517284.329363, -517.0
1574517284.690306, -517.0
1574517285.053871, -517.0
1574517285.397067, -517.0
1574517285.77258, -517.0
1574517286.142407, -517.0
1574517286.509235, -517.0
1574517286.862851, -517.0
1574517287.275312, -517.0
1574517287.633676, -517.0
1574517287.99005, -517.0
1574517288.356648, -517.0
1574517288.731757, -517.0
1574517289.087127, -517.0
1574517289.439772, -517.0
1574517289.800029, -517.0
1574517290.155824, -517.0
1574517290.52658, -517.0
1574517290.890172, -517.0
1574517291.252256, -517.0
1574517291.601591, -517.0
1574517291.977443, -517.0
1574517292.30153, -517.0
1574517292.66445, -517.0
1574517293.010138, -517.0
1574517293.373646, -517.0
1574517293.733717, -517.0
1574517294.094352, -517.0
1574517294.467306, -517.0
1574517294.812116, -517.0
1574517295.175503, -517.0
1574517295.542088, -517.0
1574517295.927132, -517.0
1574517296.27671, -517.0
1574517296.648012, -517.0
1574517297.018386, -517.0
1574517297.379805, -517.0
1574517297.734652, -517.0
1574517298.090671, -517.0
1574517298.431916, -517.0
1574517298.794725, -517.0
1574517299.149541, -517.0
1574517299.516968, -517.0
1574517299.87928, -517.0
1574517300.247318, -517.0
1574517300.606891, -517.0
1574517300.968139, -517.0
1574517301.310315, -517.0
1574517301.668818, -517.0
1574517302.03272, -517.0
1574517302.397299, -517.0
1574517302.761921, -517.0
1574517303.144593, -517.0
1574517303.53228, -517.0
1574517303.887014, -517.0
1574517304.282733, -517.0
1574517304.654485, -517.0
1574517305.030006, -517.0
1574517305.384458, -517.0
1574517305.749467, -517.0
1574517306.121844, -517.0
1574517306.491114, -517.0
1574517306.850764, -517.0
1574517307.232859, -517.0
1574517307.584973, -517.0
1574517307.956022, -517.0
1574517308.331157, -517.0
1574517308.687573, -517.0
1574517309.031335, -517.0
1574517309.405273, -517.0
1574517309.764047, -517.0
1574517310.129616, -517.0
1574517310.503351, -517.0
1574517310.855089, -517.0
1574517311.231944, -517.0
1574517311.580637, -517.0
1574517311.924045, -517.0
1574517312.309624, -517.0
1574517312.679833, -517.0
1574517313.021192, -517.0
1574517313.378669, -517.0
1574517313.750127, -517.0
1574517314.108606, -517.0
1574517314.469873, -517.0
1574517314.830009, -517.0
1574517315.176202, -517.0
1574517315.541529, -517.0
1574517315.903526, -517.0
1574517316.260158, -517.0
1574517316.613637, -517.0
1574517316.985771, -517.0
1574517317.335882, -517.0
1574517317.689044, -517.0
1574517318.079203, -517.0
1574517318.467446, -517.0
1574517318.839086, -517.0
1574517319.231133, -517.0
1574517319.583716, -517.0
1574517319.941212, -517.0
1574517320.30539, -517.0
1574517320.6594, -517.0
1574517321.026921, -517.0
1574517321.396752, -517.0
1574517321.776341, -517.0
1574517322.165222, -517.0
1574517322.522127, -517.0
1574517322.879804, -517.0
1574517323.229169, -517.0
1574517323.583642, -517.0
1574517323.932651, -517.0
1574517324.288591, -517.0
1574517324.650867, -517.0
1574517324.995571, -517.0
1574517325.379222, -517.0
1574517325.752547, -517.0
1574517326.124533, -517.0
1574517326.481011, -517.0
1574517326.854184, -517.0
1574517327.207901, -517.0
1574517327.55202, -517.0
1574517327.91389, -517.0
1574517328.2799, -517.0
1574517328.614943, -517.0
1574517328.984448, -517.0
1574517329.352378, -517.0
1574517329.71612, -517.0
1574517330.084651, -517.0
1574517330.445412, -517.0
1574517330.799988, -517.0
1574517331.157481, -517.0
1574517331.515111, -517.0
1574517331.891158, -517.0
1574517332.272849, -517.0
1574517332.628565, -517.0
1574517332.990648, -517.0
1574517333.343804, -517.0
1574517333.706092, -517.0
1574517334.049935, -517.0
1574517246.015744, -517.0
1574517246.031232, -517.0
1574517246.045705, -517.0
1574517246.059873, -517.0
1574517246.073632, -517.0
1574517246.088701, -517.0
1574517246.102491, -517.0
1574517246.117997, -517.0
1574517246.133493, -517.0
1574517246.148713, -517.0
1574517246.163594, -517.0
1574517246.178639, -517.0
1574517246.193071, -517.0
1574517246.554269, -517.0
1574517246.929492, -517.0
1574517247.277193, -517.0
1574517247.615347, -517.0
1574517248.003811, -517.0
1574517248.387644, -517.0
1574517248.75135, -517.0
1574517249.105697, -517.0
1574517249.47202, -517.0
1574517249.851005, -517.0
1574517250.211271, -517.0
1574517250.558938, -517.0
1574517250.920206, -517.0
1574517251.279457, -517.0
1574517251.675994, -517.0
1574517252.068824, -517.0
1574517252.421504, -517.0
1574517252.773643, -517.0
1574517253.133911, -517.0
1574517253.509421, -517.0
1574517253.88702, -517.0
1574517254.253695, -517.0
1574517254.598721, -517.0
1574517254.987778, -517.0
1574517255.367284, -517.0
1574517255.739474, -517.0
1574517256.110683, -517.0
1574517256.469688, -517.0
1574517256.832322, -517.0
1574517257.184351, -517.0
1574517257.535292, -517.0
1574517257.897158, -517.0
1574517258.258031, -517.0
1574517258.629628, -517.0
1574517259.000707, -517.0
1574517259.375636, -517.0
1574517259.726709, -517.0
1574517260.091724, -517.0
1574517260.46877, -517.0
1574517260.850019, -517.0
1574517261.209058, -517.0
1574517261.571184, -517.0
1574517261.944429, -517.0
1574517262.329133, -517.0
1574517262.694208, -517.0
1574517263.030704, -517.0
1574517263.38158, -517.0
1574517263.768637, -517.0
1574517264.119349, -517.0
1574517264.495305, -517.0
1574517264.852943, -517.0
1574517265.206402, -517.0
1574517265.568065, -517.0
1574517265.952301, -517.0
1574517266.324823, -517.0
1574517266.689904, -517.0
1574517267.04555, -517.0
1574517267.413983, -517.0
1574517267.79657, -517.0
1574517268.17981, -517.0
1574517268.556536, -517.0
1574517268.921318, -517.0
1574517269.288922, -517.0
1574517269.670416, -517.0
1574517270.035212, -517.0
1574517270.412512, -517.0
1574517270.77482, -517.0
1574517271.147858, -517.0
1574517271.527881, -517.0
1574517271.898727, -517.0
1574517272.276206, -517.0
1574517272.650964, -517.0
1574517273.025414, -517.0
1574517273.372634, -517.0
1574517273.747732, -517.0
1574517274.133086, -517.0
1574517274.496177, -517.0
1574517274.856266, -517.0
1574517275.218386, -517.0
1574517275.589465, -517.0
1574517275.932354, -517.0
1574517276.30766, -517.0
1574517276.670606, -517.0
1574517277.052705, -517.0
1574517277.429105, -517.0
1574517277.813826, -517.0
1574517278.17773, -517.0
1574517278.552979, -517.0
1574517278.919188, -517.0
1574517279.282255, -517.0
1574517279.649061, -517.0
1574517280.001493, -517.0
1574517280.389018, -517.0
1574517280.75025, -517.0
1574517281.113481, -517.0
1574517281.486995, -517.0
1574517281.867055, -517.0
1574517282.239568, -517.0
1574517282.597084, -517.0
1574517282.96691, -517.0
1574517283.337751, -517.0
1574517283.693733, -517.0
1574517284.06669, -517.0
1574517284.441845, -517.0
1574517284.802656, -517.0
1574517285.155273, -517.0
1574517285.525363, -517.0
1574517285.914759, -517.0
1574517286.288473, -517.0
1574517286.651984, -517.0
1574517287.005897, -517.0
1574517287.397254, -517.0
1574517287.771784, -517.0
1574517288.147843, -517.0
1574517288.511231, -517.0
1574517288.875188, -517.0
1574517289.247835, -517.0
1574517289.607349, -517.0
1574517289.961862, -517.0
1574517290.349707, -517.0
1574517290.710084, -517.0
1574517291.076413, -517.0
1574517291.43031, -517.0
1574517291.784781, -517.0
1574517292.13981, -517.0
1574517292.489684, -517.0
1574517292.864069, -517.0
1574517293.227608, -517.0
1574517293.584601, -517.0
1574517293.947267, -517.0
1574517294.327286, -517.0
1574517294.708414, -517.0
1574517295.074916, -517.0
1574517295.463307, -517.0
1574517295.8268, -517.0
1574517296.17918, -517.0
1574517296.548543, -517.0
1574517296.918865, -517.0
1574517297.291985, -517.0
1574517297.650285, -517.0
1574517298.007653, -517.0
1574517298.352068, -517.0
1574517298.732236, -517.0
1574517299.084092, -517.0
1574517299.452441, -517.0
1574517299.831773, -517.0
1574517300.202612, -517.0
1574517300.557022, -517.0
1574517300.909974, -517.0
1574517301.288884, -517.0
1574517301.649656, -517.0
1574517302.021143, -517.0
1574517302.388782, -517.0
1574517302.750598, -517.0
1574517303.114812, -517.0
1574517303.475034, -517.0
1574517303.840683, -517.0
1574517304.205887, -517.0
1574517304.575806, -517.0
1574517304.936868, -517.0
1574517305.300242, -517.0
1574517305.677231, -517.0
1574517306.049311, -517.0
1574517306.4131, -517.0
1574517306.791034, -517.0
1574517307.15339, -517.0
1574517307.531198, -517.0
1574517307.89874, -517.0
1574517308.261085, -517.0
1574517308.635132, -517.0
1574517308.998017, -517.0
1574517309.353809, -517.0
1574517309.710891, -517.0
1574517310.061399, -517.0
1574517310.428109, -517.0
1574517310.797088, -517.0
1574517311.148847, -517.0
1574517311.518773, -517.0
1574517311.871366, -517.0
1574517312.226456, -517.0
1574517312.589103, -517.0
1574517312.960302, -517.0
1574517313.344233, -517.0
1574517313.711589, -517.0
1574517314.074602, -517.0
1574517314.426872, -517.0
1574517314.793476, -517.0
1574517315.148814, -517.0
1574517315.517577, -517.0
1574517315.883041, -517.0
1574517316.257817, -517.0
1574517316.64499, -517.0
1574517317.016219, -517.0
1574517317.389362, -517.0
1574517317.754991, -517.0
1574517318.102989, -517.0
1574517318.487691, -517.0
1574517318.859045, -517.0
1574517319.250631, -517.0
1574517319.616599, -517.0
1574517319.963938, -517.0
1574517320.313154, -517.0
1574517320.694061, -517.0
1574517321.061516, -517.0
1574517321.420657, -517.0
1574517321.779493, -517.0
1574517322.143953, -517.0
1574517322.494422, -517.0
1574517322.86702, -517.0
1574517323.230118, -517.0
1574517323.59588, -517.0
1574517323.953791, -517.0
1574517324.310438, -517.0
1574517324.673033, -517.0
1574517325.033729, -517.0
1574517325.38773, -517.0
1574517325.748542, -517.0
1574517326.118938, -517.0
1574517326.480963, -517.0
1574517326.856017, -517.0
1574517327.220815, -517.0
1574517327.568432, -517.0
1574517327.917494, -517.0
1574517328.287057, -517.0
1574517328.659956, -517.0
1574517329.022534, -517.0
1574517329.381587, -517.0
1574517329.750932, -517.0
1574517330.138221, -517.0
1574517330.510407, -517.0
1574517330.870033, -517.0
1574517331.243516, -517.0
1574517331.603833, -517.0
1574517331.966485, -517.0
1574517332.323206, -517.0
1574517332.665482, -517.0
1574517333.033651, -517.0
1574517245.974132, -517.0
1574517245.989667, -517.0
1574517246.00463, -517.0
1574517246.018396, -517.0
1574517246.032419, -517.0
1574517246.047538, -517.0
1574517246.06168, -517.0
1574517246.077092, -517.0
1574517246.092461, -517.0
1574517246.107754, -517.0
1574517246.12267, -517.0
1574517246.137638, -517.0
1574517246.151851, -517.0
1574517246.510656, -517.0
1574517246.885845, -517.0
1574517247.233458, -517.0
1574517247.571825, -517.0
1574517247.960022, -517.0
1574517248.34643, -517.0
1574517248.710229, -517.0
1574517249.059481, -517.0
1574517249.426788, -517.0
1574517249.802312, -517.0
1574517250.153845, -517.0
1574517250.524626, -517.0
1574517250.88248, -517.0
1574517251.241349, -517.0
1574517251.639226, -517.0
1574517252.033064, -517.0
1574517252.385484, -517.0
1574517252.741069, -517.0
1574517253.100013, -517.0
1574517253.47202, -517.0
1574517253.84298, -517.0
1574517254.209431, -517.0
1574517254.554926, -517.0
1574517254.942489, -517.0
1574517255.324563, -517.0
1574517255.697697, -517.0
1574517256.068273, -517.0
1574517256.424886, -517.0
1574517256.786986, -517.0
1574517257.139802, -517.0
1574517257.489884, -517.0
1574517257.849914, -517.0
1574517258.208982, -517.0
1574517258.580323, -517.0
1574517258.94659, -517.0
1574517259.321232, -517.0
1574517259.672599, -517.0
1574517260.037232, -517.0
1574517260.41546, -517.0
1574517260.795668, -517.0
1574517261.153438, -517.0
1574517261.517669, -517.0
1574517261.890022, -517.0
1574517262.270942, -517.0
1574517262.635844, -517.0
1574517262.974511, -517.0
1574517263.324985, -517.0
1574517263.71206, -517.0
1574517264.065204, -517.0
1574517264.442636, -517.0
1574517264.800329, -517.0
1574517265.149243, -517.0
1574517265.511114, -517.0
1574517265.894661, -517.0
1574517266.265714, -517.0
1574517266.635422, -517.0
1574517266.989642, -517.0
1574517267.357835, -517.0
1574517267.735851, -517.0
1574517268.117851, -517.0
1574517268.494077, -517.0
1574517268.852635, -517.0
1574517269.22199, -517.0
1574517269.603484, -517.0
1574517269.965339, -517.0
1574517270.34047, -517.0
1574517270.70404, -517.0
1574517271.074897, -517.0
1574517271.454851, -517.0
1574517271.82905, -517.0
1574517272.205663, -517.0
1574517272.581811, -517.0
1574517272.952492, -517.0
1574517273.300938, -517.0
1574517273.676884, -517.0
1574517274.061898, -517.0
1574517274.425497, -517.0
1574517274.790162, -517.0
1574517275.154848, -517.0
1574517275.526621, -517.0
1574517275.881174, -517.0
1574517276.261658, -517.0
1574517276.632011, -517.0
1574517277.014381, -517.0
1574517277.390547, -517.0
1574517277.775457, -517.0
1574517278.139817, -517.0
1574517278.517267, -517.0
1574517278.88293, -517.0
1574517279.248633, -517.0
1574517279.61388, -517.0
1574517279.969093, -517.0
1574517280.353806, -517.0
1574517280.725623, -517.0
1574517281.089196, -517.0
1574517281.464108, -517.0
1574517281.844768, -517.0
1574517282.223709, -517.0
1574517282.58043, -517.0
1574517282.949126, -517.0
1574517283.319906, -517.0
1574517283.675222, -517.0
1574517284.053145, -517.0
1574517284.427634, -517.0
1574517284.787737, -517.0
1574517285.151595, -517.0
1574517285.520013, -517.0
1574517285.911395, -517.0
1574517286.287693, -517.0
1574517286.650873, -517.0
1574517287.005897, -517.0
1574517287.413038, -517.0
1574517287.788763, -517.0
1574517288.166651, -517.0
1574517288.54037, -517.0
1574517288.905377, -517.0
1574517289.277373, -517.0
1574517289.636047, -517.0
1574517289.989574, -517.0
1574517290.376854, -517.0
1574517290.739736, -517.0
1574517291.102389, -517.0
1574517291.454514, -517.0
1574517291.808404, -517.0
1574517292.16189, -517.0
1574517292.511852, -517.0
1574517292.886758, -517.0
1574517293.249295, -517.0
1574517293.608856, -517.0
1574517293.973366, -517.0
1574517294.350307, -517.0
1574517294.72944, -517.0
1574517295.091525, -517.0
1574517295.482494, -517.0
1574517295.848082, -517.0
1574517296.198648, -517.0
1574517296.570223, -517.0
1574517296.936889, -517.0
1574517297.304136, -517.0
1574517297.665978, -517.0
1574517298.020381, -517.0
1574517298.364702, -517.0
1574517298.752731, -517.0
1574517299.106014, -517.0
1574517299.478439, -517.0
1574517299.853194, -517.0
1574517300.218592, -517.0
1574517300.567481, -517.0
1574517300.91819, -517.0
1574517301.293684, -517.0
1574517301.651943, -517.0
1574517302.020779, -517.0
1574517302.386283, -517.0
1574517302.747979, -517.0
1574517303.112667, -517.0
1574517303.468556, -517.0
1574517303.831318, -517.0
1574517304.191462, -517.0
1574517304.558421, -517.0
1574517304.912058, -517.0
1574517305.276914, -517.0
1574517305.657173, -517.0
1574517306.024733, -517.0
1574517306.386793, -517.0
1574517306.76603, -517.0
1574517307.124291, -517.0
1574517307.502092, -517.0
1574517307.871003, -517.0
1574517308.236497, -517.0
1574517308.602351, -517.0
1574517308.964727, -517.0
1574517309.320155, -517.0
1574517309.674446, -517.0
1574517310.022833, -517.0
1574517310.400066, -517.0
1574517310.767269, -517.0
1574517311.12163, -517.0
1574517311.488495, -517.0
1574517311.841111, -517.0
1574517312.196361, -517.0
1574517312.565532, -517.0
1574517312.941464, -517.0
1574517313.324208, -517.0
1574517313.71122, -517.0
1574517314.073252, -517.0
1574517314.425539, -517.0
1574517314.78948, -517.0
1574517315.144025, -517.0
1574517315.511743, -517.0
1574517315.876792, -517.0
1574517316.250905, -517.0
1574517316.6402, -517.0
1574517317.011533, -517.0
1574517317.386281, -517.0
1574517317.75096, -517.0
1574517318.096514, -517.0
1574517318.478894, -517.0
1574517318.846892, -517.0
1574517319.238645, -517.0
1574517319.602272, -517.0
1574517319.9497, -517.0
1574517320.298168, -517.0
1574517320.67473, -517.0
1574517321.050083, -517.0
1574517321.404932, -517.0
1574517321.76421, -517.0
1574517322.126071, -517.0
1574517322.475684, -517.0
1574517322.844682, -517.0
1574517323.204926, -517.0
1574517323.569463, -517.0
1574517323.926183, -517.0
1574517324.285859, -517.0
1574517324.647111, -517.0
1574517325.007898, -517.0
1574517325.360422, -517.0
1574517325.721255, -517.0
1574517326.092427, -517.0
1574517326.454055, -517.0
1574517326.833363, -517.0
1574517327.189993, -517.0
1574517327.535917, -517.0
1574517327.885095, -517.0
1574517328.253999, -517.0
1574517328.628617, -517.0
1574517328.99066, -517.0
1574517329.34874, -517.0
1574517329.718089, -517.0
1574517330.10613, -517.0
1574517330.476864, -517.0
1574517330.837438, -517.0
1574517331.208443, -517.0
1574517331.575898, -517.0
1574517331.938197, -517.0
1574517332.295641, -517.0
1574517332.635906, -517.0
1574517333.00455, -517.0
1574517333.395711, -517.0
1574517333.811721, -517.0
1574517334.498051, -517.0
1574517334.51225, -517.0
1574517334.526107, -517.0
1574517334.539772, -517.0
1574517334.553631, -517.0
1574517334.5672, -517.0
1574517334.580812, -517.0
1574517334.594618, -517.0
1574517334.608317, -517.0
1574517334.623797, -517.0
1574517334.639107, -517.0
1574517334.654021, -517.0
1574517334.667642, -517.0
1574517334.681411, -517.0
1574517334.694949, -517.0
1574517334.708676, -517.0
1574517334.722488, -517.0
1574517334.736427, -517.0
1574517334.751405, -517.0
1574517334.765135, -517.0
1574517334.779032, -517.0
1574517334.792705, -517.0
1574517334.80709, -517.0
1574517335.21521, -517.0
1574517335.589464, -517.0
1574517335.949326, -517.0
1574517336.330843, -517.0
1574517336.707642, -517.0
1574517337.072077, -517.0
1574517337.44303, -517.0
1574517337.823475, -517.0
1574517338.194991, -517.0
1574517338.545075, -517.0
1574517338.900237, -517.0
1574517339.275032, -517.0
1574517339.657196, -517.0
1574517340.024809, -517.0
1574517340.395739, -517.0
1574517340.749301, -517.0
1574517341.114049, -517.0
1574517341.497909, -517.0
1574517341.849334, -517.0
1574517342.216445, -517.0
1574517342.589385, -517.0
1574517342.963629, -517.0
1574517343.326536, -517.0
1574517343.684011, -517.0
1574517344.041947, -517.0
1574517344.42836, -517.0
1574517344.804992, -517.0
1574517345.17336, -517.0
1574517345.553836, -517.0
1574517345.936338, -517.0
1574517346.336246, -517.0
1574517346.700568, -517.0
1574517347.066753, -517.0
1574517347.426031, -517.0
1574517347.778434, -517.0
1574517348.163233, -517.0
1574517348.527194, -517.0
1574517348.889507, -517.0
1574517349.268757, -517.0
1574517349.644611, -517.0
1574517350.023422, -517.0
1574517350.393484, -517.0
1574517350.749685, -517.0
1574517351.114302, -517.0
1574517351.483683, -517.0
1574517351.857621, -517.0
1574517352.222893, -517.0
1574517352.581099, -517.0
1574517352.959242, -517.0
1574517353.325427, -517.0
1574517353.706968, -517.0
1574517354.076758, -517.0
1574517354.447505, -517.0
1574517354.842889, -517.0
1574517355.214685, -517.0
1574517355.581913, -517.0
1574517355.942368, -517.0
1574517356.311481, -517.0
1574517356.702623, -517.0
1574517357.088008, -517.0
1574517357.462128, -517.0
1574517357.824646, -517.0
1574517358.183305, -517.0
1574517358.550262, -517.0
1574517358.926808, -517.0
1574517359.287082, -517.0
1574517359.66829, -517.0
1574517360.038111, -517.0
1574517360.425691, -517.0
1574517360.782778, -517.0
1574517361.154499, -517.0
1574517361.537147, -517.0
1574517361.89338, -517.0
1574517362.259019, -517.0
1574517362.625995, -517.0
1574517363.004805, -517.0
1574517363.372214, -517.0
1574517363.728808, -517.0
1574517364.09057, -517.0
1574517364.46394, -517.0
1574517364.813119, -517.0
1574517365.19377, -517.0
1574517365.569178, -517.0
1574517365.932754, -517.0
1574517366.297826, -517.0
1574517366.649394, -517.0
1574517367.01407, -517.0
1574517367.39173, -517.0
1574517367.769998, -517.0
1574517368.13912, -517.0
1574517368.509539, -517.0
1574517368.862808, -517.0
1574517369.225026, -517.0
1574517369.58261, -517.0
1574517369.946676, -517.0
1574517370.285419, -517.0
1574517370.637882, -517.0
1574517371.015194, -517.0
1574517371.387877, -517.0
1574517371.753997, -517.0
1574517372.117381, -517.0
1574517372.477816, -517.0
1574517372.824628, -517.0
1574517373.186503, -517.0
1574517373.576866, -517.0
1574517373.935635, -517.0
1574517374.305762, -517.0
1574517374.671005, -517.0
1574517375.033481, -517.0
1574517375.402597, -517.0
1574517375.778268, -517.0
1574517376.131252, -517.0
1574517376.503879, -517.0
1574517376.892498, -517.0
1574517377.265832, -517.0
1574517377.644218, -517.0
1574517378.007481, -517.0
1574517378.395771, -517.0
1574517378.754012, -517.0
1574517379.108516, -517.0
1574517379.479419, -517.0
1574517379.843357, -517.0
1574517380.226093, -517.0
1574517380.60543, -517.0
1574517380.980446, -517.0
1574517381.362827, -517.0
1574517381.733846, -517.0
1574517382.121468, -517.0
1574517382.488994, -517.0
1574517382.84156, -517.0
1574517383.211129, -517.0
1574517383.57532, -517.0
1574517383.951867, -517.0
1574517384.323136, -517.0
1574517384.68341, -517.0
1574517385.060325, -517.0
1574517385.42049, -517.0
1574517385.784451, -517.0
1574517386.133155, -517.0
1574517386.490042, -517.0
1574517386.870633, -517.0
1574517387.233424, -517.0
1574517387.595887, -517.0
1574517387.955353, -517.0
1574517388.320376, -517.0
1574517388.699852, -517.0
1574517389.071123, -517.0
1574517389.420694, -517.0
1574517389.797103, -517.0
1574517390.162347, -517.0
1574517390.523062, -517.0
1574517390.89382, -517.0
1574517391.254397, -517.0
1574517391.629589, -517.0
1574517391.995237, -517.0
1574517392.383239, -517.0
1574517392.758357, -517.0
1574517393.140792, -517.0
1574517393.497983, -517.0
1574517393.851614, -517.0
1574517394.210835, -517.0
1574517394.578668, -517.0
1574517394.951546, -517.0
1574517395.324815, -517.0
1574517395.687654, -517.0
1574517396.04282, -517.0
1574517396.42345, -517.0
1574517396.776282, -517.0
1574517397.160756, -517.0
1574517397.508313, -517.0
1574517397.887089, -517.0
1574517398.260185, -517.0
1574517398.603073, -517.0
1574517398.973199, -517.0
1574517399.33537, -517.0
1574517399.701309, -517.0
1574517400.089776, -517.0
1574517400.476368, -517.0
1574517400.847553, -517.0
1574517401.206879, -517.0
1574517401.575894, -517.0
1574517401.938413, -517.0
1574517402.287934, -517.0
1574517402.651001, -517.0
1574517403.020158, -517.0
1574517403.38753, -517.0
1574517403.764467, -517.0
1574517404.121418, -517.0
1574517404.49414, -517.0
1574517404.872543, -517.0
1574517405.222367, -517.0
1574517405.594355, -517.0
1574517405.954607, -517.0
1574517406.314089, -517.0
1574517406.701074, -517.0
1574517407.093483, -517.0
1574517407.471176, -517.0
1574517407.818873, -517.0
1574517408.181304, -517.0
1574517408.535953, -517.0
1574517408.894022, -517.0
1574517409.271806, -517.0
1574517409.650024, -517.0
1574517410.024562, -517.0
1574517410.396572, -517.0
1574517410.767722, -517.0
1574517411.139222, -517.0
1574517411.520008, -517.0
1574517411.883519, -517.0
1574517412.242712, -517.0
1574517412.607988, -517.0
1574517412.975669, -517.0
1574517413.364416, -517.0
1574517413.725647, -517.0
1574517414.088617, -517.0
1574517414.453789, -517.0
1574517414.829743, -517.0
1574517415.202785, -517.0
1574517415.592407, -517.0
1574517415.960058, -517.0
1574517416.319198, -517.0
1574517416.69179, -517.0
1574517417.07465, -517.0
1574517417.440018, -517.0
1574517417.805196, -517.0
1574517333.414258, -517.0
1574517333.429542, -517.0
1574517333.795996, -517.0
1574517334.173928, -517.0
1574517334.538783, -517.0
1574517334.922492, -517.0
1574517335.269505, -517.0
1574517335.648981, -517.0
1574517336.019702, -517.0
1574517336.39574, -517.0
1574517336.757289, -517.0
1574517337.103604, -517.0
1574517337.467243, -517.0
1574517337.833665, -517.0
1574517338.216056, -517.0
1574517338.579392, -517.0
1574517338.93953, -517.0
1574517339.324717, -517.0
1574517339.677898, -517.0
1574517340.060429, -517.0
1574517340.43844, -517.0
1574517340.798742, -517.0
1574517341.165287, -517.0
1574517341.541462, -517.0
1574517341.917323, -517.0
1574517342.29733, -517.0
1574517342.66792, -517.0
1574517343.045966, -517.0
1574517343.417393, -517.0
1574517343.785845, -517.0
1574517344.154433, -517.0
1574517344.526207, -517.0
1574517344.903197, -517.0
1574517345.273672, -517.0
1574517345.624233, -517.0
1574517345.989857, -517.0
1574517346.366026, -517.0
1574517346.700217, -517.0
1574517347.070488, -517.0
1574517347.442541, -517.0
1574517347.791482, -517.0
1574517348.134228, -517.0
1574517348.508752, -517.0
1574517348.864796, -517.0
1574517349.241244, -517.0
1574517349.596264, -517.0
1574517349.975808, -517.0
1574517350.352477, -517.0
1574517350.728914, -517.0
1574517351.114061, -517.0
1574517351.494952, -517.0
1574517351.844494, -517.0
1574517352.199215, -517.0
1574517352.589099, -517.0
1574517352.963861, -517.0
1574517353.314425, -517.0
1574517353.702883, -517.0
1574517354.061786, -517.0
1574517354.42519, -517.0
1574517354.793289, -517.0
1574517355.164286, -517.0
1574517355.536149, -517.0
1574517355.910465, -517.0
1574517356.28115, -517.0
1574517356.62826, -517.0
1574517356.992707, -517.0
1574517357.355697, -517.0
1574517357.728701, -517.0
1574517358.088088, -517.0
1574517358.454254, -517.0
1574517358.846833, -517.0
1574517359.22443, -517.0
1574517359.601943, -517.0
1574517359.992029, -517.0
1574517360.382365, -517.0
1574517360.74571, -517.0
1574517361.106616, -517.0
1574517361.45742, -517.0
1574517361.83143, -517.0
1574517362.211101, -517.0
1574517362.561018, -517.0
1574517362.933907, -517.0
1574517363.282959, -517.0
1574517363.636711, -517.0
1574517364.002031, -517.0
1574517364.391309, -517.0
1574517364.774899, -517.0
1574517365.110959, -517.0
1574517365.489133, -517.0
1574517365.855738, -517.0
1574517366.22192, -517.0
1574517366.581348, -517.0
1574517366.945894, -517.0
1574517367.308627, -517.0
1574517367.657469, -517.0
1574517368.033445, -517.0
1574517368.407962, -517.0
1574517368.744345, -517.0
1574517369.107423, -517.0
1574517369.479271, -517.0
1574517369.860957, -517.0
1574517370.242557, -517.0
1574517370.605232, -517.0
1574517370.973291, -517.0
1574517371.340168, -517.0
1574517371.701247, -517.0
1574517372.076177, -517.0
1574517372.44986, -517.0
1574517372.816132, -517.0
1574517373.194677, -517.0
1574517373.557909, -517.0
1574517373.945425, -517.0
1574517374.298952, -517.0
1574517374.65079, -517.0
1574517374.997662, -517.0
1574517375.353781, -517.0
1574517375.715864, -517.0
1574517376.092608, -517.0
1574517376.469801, -517.0
1574517376.826822, -517.0
1574517377.198853, -517.0
1574517377.57903, -517.0
1574517377.960602, -517.0
1574517378.330508, -517.0
1574517378.715444, -517.0
1574517379.081885, -517.0
1574517379.446444, -517.0
1574517379.783343, -517.0
1574517380.138137, -517.0
1574517380.50656, -517.0
1574517380.893387, -517.0
1574517381.270565, -517.0
1574517381.62694, -517.0
1574517381.990444, -517.0
1574517382.351763, -517.0
1574517382.712249, -517.0
1574517383.08035, -517.0
1574517383.421802, -517.0
1574517383.800713, -517.0
1574517384.185811, -517.0
1574517384.543425, -517.0
1574517384.878217, -517.0
1574517385.241251, -517.0
1574517385.593596, -517.0
1574517385.978582, -517.0
1574517386.341127, -517.0
1574517386.708681, -517.0
1574517387.096799, -517.0
1574517387.480234, -517.0
1574517387.868435, -517.0
1574517388.233252, -517.0
1574517388.60094, -517.0
1574517388.978456, -517.0
1574517389.349162, -517.0
1574517389.710496, -517.0
1574517390.078884, -517.0
1574517390.452887, -517.0
1574517390.829308, -517.0
1574517391.193792, -517.0
1574517391.574023, -517.0
1574517391.941981, -517.0
1574517392.324638, -517.0
1574517392.700362, -517.0
1574517393.065777, -517.0
1574517393.416727, -517.0
1574517393.786607, -517.0
1574517394.139096, -517.0
1574517394.50806, -517.0
1574517394.875211, -517.0
1574517395.248267, -517.0
1574517395.618185, -517.0
1574517395.978873, -517.0
1574517396.350587, -517.0
1574517396.71161, -517.0
1574517397.063669, -517.0
1574517397.416129, -517.0
1574517397.794414, -517.0
1574517398.166615, -517.0
1574517398.523584, -517.0
1574517398.877597, -517.0
1574517399.266153, -517.0
1574517399.622651, -517.0
1574517400.006436, -517.0
1574517400.384226, -517.0
1574517400.733634, -517.0
1574517401.107378, -517.0
1574517401.474345, -517.0
1574517401.824688, -517.0
1574517402.186545, -517.0
1574517402.557619, -517.0
1574517402.926466, -517.0
1574517403.303969, -517.0
1574517403.672371, -517.0
1574517404.045925, -517.0
1574517404.424587, -517.0
1574517404.779509, -517.0
1574517405.148901, -517.0
1574517405.510822, -517.0
1574517405.864624, -517.0
1574517406.248441, -517.0
1574517406.627095, -517.0
1574517406.994977, -517.0
1574517407.348658, -517.0
1574517407.713517, -517.0
1574517408.069818, -517.0
1574517408.430068, -517.0
1574517408.80741, -517.0
1574517409.184674, -517.0
1574517409.555586, -517.0
1574517409.92923, -517.0
1574517410.299435, -517.0
1574517410.677711, -517.0
1574517411.059399, -517.0
1574517411.420908, -517.0
1574517411.777944, -517.0
1574517412.139646, -517.0
1574517412.502516, -517.0
1574517412.890635, -517.0
1574517413.253558, -517.0
1574517413.619198, -517.0
1574517413.980748, -517.0
1574517414.354237, -517.0
1574517414.723095, -517.0
1574517415.109868, -517.0
1574517415.470568, -517.0
1574517415.831162, -517.0
1574517416.19425, -517.0
1574517416.59221, -517.0
1574517416.957459, -517.0
1574517417.330193, -517.0
1574517417.695415, -517.0
1574517418.082511, -517.0
1574517418.453746, -517.0
1574517418.813471, -517.0
1574517419.185311, -517.0
1574517419.55959, -517.0
1574517419.938432, -517.0
1574517420.319961, -517.0
1574517420.665748, -517.0
1574517421.045166, -517.0
1574517421.413201, -517.0
1574517421.803553, -517.0
1574517422.191614, -517.0
1574517422.546852, -517.0
1574517422.917899, -517.0
1574517423.28884, -517.0
1574517423.637775, -517.0
1574517424.002718, -517.0
1574517424.372252, -517.0
1574517424.737023, -517.0
1574517334.419102, -517.0
1574517334.938741, -517.0
1574517334.953303, -517.0
1574517335.83763, -517.0
1574517335.851567, -517.0
1574517335.865317, -517.0
1574517335.878908, -517.0
1574517335.892561, -517.0
1574517335.906649, -517.0
1574517335.920719, -517.0
1574517336.288775, -517.0
1574517336.673436, -517.0
1574517337.059116, -517.0
1574517337.418493, -517.0
1574517337.790034, -517.0
1574517338.168444, -517.0
1574517338.531633, -517.0
1574517338.89928, -517.0
1574517339.288326, -517.0
1574517339.658234, -517.0
1574517340.022644, -517.0
1574517340.398394, -517.0
1574517340.758247, -517.0
1574517341.136376, -517.0
1574517341.495247, -517.0
1574517341.872037, -517.0
1574517342.237382, -517.0
1574517342.591523, -517.0
1574517342.972256, -517.0
1574517343.332968, -517.0
1574517343.70748, -517.0
1574517344.081357, -517.0
1574517344.458121, -517.0
1574517344.828553, -517.0
1574517345.202319, -517.0
1574517345.565477, -517.0
1574517345.930664, -517.0
1574517346.295516, -517.0
1574517346.665725, -517.0
1574517347.029987, -517.0
1574517347.39671, -517.0
1574517347.771901, -517.0
1574517348.138522, -517.0
1574517348.508267, -517.0
1574517348.854076, -517.0
1574517349.234117, -517.0
1574517349.613571, -517.0
1574517349.967229, -517.0
1574517350.348783, -517.0
1574517350.722358, -517.0
1574517351.09964, -517.0
1574517351.484234, -517.0
1574517351.840618, -517.0
1574517352.223232, -517.0
1574517352.613798, -517.0
1574517352.983659, -517.0
1574517353.350152, -517.0
1574517353.714341, -517.0
1574517354.085226, -517.0
1574517354.466934, -517.0
1574517354.847511, -517.0
1574517355.223962, -517.0
1574517355.609722, -517.0
1574517355.976696, -517.0
1574517356.349526, -517.0
1574517356.708391, -517.0
1574517357.062746, -517.0
1574517357.426582, -517.0
1574517357.798626, -517.0
1574517358.165068, -517.0
1574517358.530131, -517.0
1574517358.88689, -517.0
1574517359.253944, -517.0
1574517359.628518, -517.0
1574517360.018616, -517.0
1574517360.376061, -517.0
1574517360.735378, -517.0
1574517361.132843, -517.0
1574517361.494558, -517.0
1574517361.868122, -517.0
1574517362.227327, -517.0
1574517362.590898, -517.0
1574517362.971498, -517.0
1574517363.34879, -517.0
1574517363.73369, -517.0
1574517364.113556, -517.0
1574517364.470434, -517.0
1574517364.843528, -517.0
1574517365.219864, -517.0
1574517365.568101, -517.0
1574517365.931391, -517.0
1574517366.315151, -517.0
1574517366.677508, -517.0
1574517367.037905, -517.0
1574517367.38876, -517.0
1574517367.760386, -517.0
1574517368.154674, -517.0
1574517368.540789, -517.0
1574517368.895887, -517.0
1574517369.283211, -517.0
1574517369.630587, -517.0
1574517370.018669, -517.0
1574517370.418286, -517.0
1574517370.794962, -517.0
1574517371.134204, -517.0
1574517371.497611, -517.0
1574517371.874037, -517.0
1574517372.242307, -517.0
1574517372.610825, -517.0
1574517372.96603, -517.0
1574517373.333223, -517.0
1574517373.705477, -517.0
1574517374.058504, -517.0
1574517374.428184, -517.0
1574517374.790152, -517.0
1574517375.151351, -517.0
1574517375.523937, -517.0
1574517375.906325, -517.0
1574517376.288232, -517.0
1574517376.669084, -517.0
1574517377.032284, -517.0
1574517377.426966, -517.0
1574517377.800821, -517.0
1574517378.15752, -517.0
1574517378.538495, -517.0
1574517378.895963, -517.0
1574517379.269729, -517.0
1574517379.651455, -517.0
1574517380.013863, -517.0
1574517380.38175, -517.0
1574517380.729232, -517.0
1574517381.101011, -517.0
1574517381.468896, -517.0
1574517381.832051, -517.0
1574517382.186874, -517.0
1574517382.547259, -517.0
1574517382.926809, -517.0
1574517383.303286, -517.0
1574517383.683257, -517.0
1574517384.046263, -517.0
1574517384.401813, -517.0
1574517384.775089, -517.0
1574517385.140376, -517.0
1574517385.502642, -517.0
1574517385.863895, -517.0
1574517386.224131, -517.0
1574517386.589473, -517.0
1574517386.945392, -517.0
1574517387.306327, -517.0
1574517387.66068, -517.0
1574517388.023656, -517.0
1574517388.385577, -517.0
1574517388.753758, -517.0
1574517389.119104, -517.0
1574517389.477581, -517.0
1574517389.836788, -517.0
1574517390.195064, -517.0
1574517390.560845, -517.0
1574517390.93051, -517.0
1574517391.290033, -517.0
1574517391.653489, -517.0
1574517392.019776, -517.0
1574517392.401839, -517.0
1574517392.768327, -517.0
1574517393.141196, -517.0
1574517393.490238, -517.0
1574517393.875551, -517.0
1574517394.239151, -517.0
1574517394.612118, -517.0
1574517394.958984, -517.0
1574517395.327757, -517.0
1574517395.716822, -517.0
1574517396.078154, -517.0
1574517396.445355, -517.0
1574517396.813279, -517.0
1574517397.178989, -517.0
1574517397.541926, -517.0
1574517397.922747, -517.0
1574517398.286089, -517.0
1574517398.639356, -517.0
1574517399.004127, -517.0
1574517399.363514, -517.0
1574517399.736644, -517.0
1574517400.099994, -517.0
1574517400.458587, -517.0
1574517400.840294, -517.0
1574517401.215155, -517.0
1574517401.577694, -517.0
1574517401.958991, -517.0
1574517402.344624, -517.0
1574517402.686462, -517.0
1574517403.063076, -517.0
1574517403.449568, -517.0
1574517403.809838, -517.0
1574517404.182426, -517.0
1574517404.563745, -517.0
1574517404.920782, -517.0
1574517405.293595, -517.0
1574517405.660864, -517.0
1574517406.020958, -517.0
1574517406.405595, -517.0
1574517406.783676, -517.0
1574517407.153345, -517.0
1574517407.509896, -517.0
1574517407.871985, -517.0
1574517408.227643, -517.0
1574517408.585488, -517.0
1574517408.963165, -517.0
1574517409.337717, -517.0
1574517409.709653, -517.0
1574517410.082262, -517.0
1574517410.453593, -517.0
1574517410.827471, -517.0
1574517411.20562, -517.0
1574517411.569428, -517.0
1574517411.929397, -517.0
1574517412.285689, -517.0
1574517412.647769, -517.0
1574517413.035982, -517.0
1574517413.39819, -517.0
1574517413.759598, -517.0
1574517414.122772, -517.0
1574517414.49423, -517.0
1574517414.861919, -517.0
1574517415.243733, -517.0
1574517415.606326, -517.0
1574517415.961878, -517.0
1574517416.330522, -517.0
1574517416.722487, -517.0
1574517417.086303, -517.0
1574517417.444536, -517.0
1574517417.811965, -517.0
1574517418.184855, -517.0
1574517418.551501, -517.0
1574517418.908698, -517.0
1574517419.278169, -517.0
1574517419.655615, -517.0
1574517420.037569, -517.0
1574517420.412499, -517.0
1574517420.758214, -517.0
1574517421.134546, -517.0
1574517421.49828, -517.0
1574517421.88272, -517.0
1574517422.263545, -517.0
1574517422.61691, -517.0
1574517422.981517, -517.0
1574517423.339776, -517.0
1574517423.696245, -517.0
1574517424.061708, -517.0
1574517424.427141, -517.0
1574517337.060321, -517.0
1574517337.351845, -517.0
1574517337.639393, -517.0
1574517337.908216, -517.0
1574517338.199755, -517.0
1574517338.501294, -517.0
1574517338.805296, -517.0
1574517339.127006, -517.0
1574517339.48653, -517.0
1574517339.874561, -517.0
1574517340.22945, -517.0
1574517340.609962, -517.0
1574517340.99186, -517.0
1574517341.357751, -517.0
1574517341.724554, -517.0
1574517342.101651, -517.0
1574517342.471889, -517.0
1574517342.861999, -517.0
1574517343.23158, -517.0
1574517343.614448, -517.0
1574517343.981551, -517.0
1574517344.349149, -517.0
1574517344.720136, -517.0
1574517345.084367, -517.0
1574517345.460198, -517.0
1574517345.835546, -517.0
1574517346.186009, -517.0
1574517346.544741, -517.0
1574517346.920492, -517.0
1574517347.253027, -517.0
1574517347.618215, -517.0
1574517347.98076, -517.0
1574517348.332685, -517.0
1574517348.67859, -517.0
1574517349.056622, -517.0
1574517349.417547, -517.0
1574517349.792773, -517.0
1574517350.146132, -517.0
1574517350.524498, -517.0
1574517350.896833, -517.0
1574517351.268081, -517.0
1574517351.645105, -517.0
1574517352.022162, -517.0
1574517352.374401, -517.0
1574517352.72431, -517.0
1574517353.112434, -517.0
1574517353.49164, -517.0
1574517353.845907, -517.0
1574517354.235429, -517.0
1574517354.599278, -517.0
1574517354.972195, -517.0
1574517355.342714, -517.0
1574517355.714143, -517.0
1574517356.086404, -517.0
1574517356.461641, -517.0
1574517356.833793, -517.0
1574517357.185992, -517.0
1574517357.561621, -517.0
1574517357.926324, -517.0
1574517358.305148, -517.0
1574517358.666169, -517.0
1574517359.035686, -517.0
1574517359.41799, -517.0
1574517359.787837, -517.0
1574517360.167872, -517.0
1574517360.555587, -517.0
1574517360.942426, -517.0
1574517361.29935, -517.0
1574517361.664634, -517.0
1574517362.01564, -517.0
1574517362.385457, -517.0
1574517362.758287, -517.0
1574517363.112085, -517.0
1574517363.490228, -517.0
1574517363.839782, -517.0
1574517364.191077, -517.0
1574517364.557845, -517.0
1574517364.938358, -517.0
1574517365.320505, -517.0
1574517365.652728, -517.0
1574517366.026681, -517.0
1574517366.391399, -517.0
1574517366.754776, -517.0
1574517367.111298, -517.0
1574517367.476584, -517.0
1574517367.841774, -517.0
1574517368.192338, -517.0
1574517368.567636, -517.0
1574517368.935936, -517.0
1574517369.281894, -517.0
1574517369.644818, -517.0
1574517370.019423, -517.0
1574517370.408054, -517.0
1574517370.792591, -517.0
1574517371.148759, -517.0
1574517371.515561, -517.0
1574517371.88126, -517.0
1574517372.240109, -517.0
1574517372.622277, -517.0
1574517372.994151, -517.0
1574517373.364255, -517.0
1574517373.74133, -517.0
1574517374.105461, -517.0
1574517374.487114, -517.0
1574517374.83531, -517.0
1574517375.188906, -517.0
1574517375.533673, -517.0
1574517375.890952, -517.0
1574517376.2534, -517.0
1574517376.634711, -517.0
1574517377.011748, -517.0
1574517377.370632, -517.0
1574517377.734513, -517.0
1574517378.109689, -517.0
1574517378.48796, -517.0
1574517378.858358, -517.0
1574517379.247083, -517.0
1574517379.6116, -517.0
1574517379.981113, -517.0
1574517380.319475, -517.0
1574517380.668952, -517.0
1574517381.033538, -517.0
1574517381.421637, -517.0
1574517381.794159, -517.0
1574517382.151567, -517.0
1574517382.519118, -517.0
1574517382.878199, -517.0
1574517383.236917, -517.0
1574517383.605731, -517.0
1574517383.954274, -517.0
1574517384.342361, -517.0
1574517384.724405, -517.0
1574517385.086082, -517.0
1574517385.422533, -517.0
1574517385.778746, -517.0
1574517386.128641, -517.0
1574517386.51185, -517.0
1574517386.872296, -517.0
1574517387.239216, -517.0
1574517387.625995, -517.0
1574517388.007794, -517.0
1574517388.388368, -517.0
1574517388.748774, -517.0
1574517389.113949, -517.0
1574517389.488478, -517.0
1574517389.855092, -517.0
1574517390.217874, -517.0
1574517390.584315, -517.0
1574517390.951704, -517.0
1574517391.324121, -517.0
1574517391.68074, -517.0
1574517392.051563, -517.0
1574517392.416267, -517.0
1574517392.797196, -517.0
1574517393.168761, -517.0
1574517393.529442, -517.0
1574517393.880717, -517.0
1574517394.248779, -517.0
1574517394.602945, -517.0
1574517394.970539, -517.0
1574517395.337189, -517.0
1574517395.710243, -517.0
1574517396.083091, -517.0
1574517396.445933, -517.0
1574517396.809628, -517.0
1574517397.173489, -517.0
1574517397.524664, -517.0
1574517397.869293, -517.0
1574517398.243835, -517.0
1574517398.614644, -517.0
1574517398.971114, -517.0
1574517399.320335, -517.0
1574517399.706511, -517.0
1574517400.065075, -517.0
1574517400.448698, -517.0
1574517400.81773, -517.0
1574517401.168972, -517.0
1574517401.542526, -517.0
1574517401.909261, -517.0
1574517402.259901, -517.0
1574517402.62085, -517.0
1574517402.992899, -517.0
1574517403.360651, -517.0
1574517403.740894, -517.0
1574517404.103656, -517.0
1574517404.482203, -517.0
1574517404.865507, -517.0
1574517405.218662, -517.0
1574517405.588058, -517.0
1574517405.955717, -517.0
1574517406.314326, -517.0
1574517406.702289, -517.0
1574517407.088475, -517.0
1574517407.453251, -517.0
1574517407.803627, -517.0
1574517408.160249, -517.0
1574517408.522092, -517.0
1574517408.882733, -517.0
1574517409.268262, -517.0
1574517409.647878, -517.0
1574517410.022851, -517.0
1574517410.396114, -517.0
1574517410.766747, -517.0
1574517411.1379, -517.0
1574517411.516662, -517.0
1574517411.881975, -517.0
1574517412.240079, -517.0
1574517412.600638, -517.0
1574517412.963458, -517.0
1574517413.347768, -517.0
1574517413.708542, -517.0
1574517414.070535, -517.0
1574517414.438828, -517.0
1574517414.813007, -517.0
1574517415.183305, -517.0
1574517415.573208, -517.0
1574517415.935428, -517.0
1574517416.292616, -517.0
1574517416.658897, -517.0
1574517417.050397, -517.0
1574517417.412785, -517.0
1574517417.773711, -517.0
1574517418.139881, -517.0
1574517418.515426, -517.0
1574517418.885297, -517.0
1574517419.250093, -517.0
1574517419.616145, -517.0
1574517419.992413, -517.0
1574517420.376166, -517.0
1574517420.754585, -517.0
1574517421.097111, -517.0
1574517421.475866, -517.0
1574517421.841257, -517.0
1574517422.229453, -517.0
1574517422.607528, -517.0
1574517422.958954, -517.0
1574517423.328694, -517.0
1574517423.685631, -517.0
1574517424.045004, -517.0
1574517424.409935, -517.0
1574517424.779163, -517.0
1574517425.14413, -517.0
1574517425.514856, -517.0
1574517425.884865, -517.0
1574517426.250031, -517.0
1574517426.619773, -517.0
1574517426.976175, -517.0
1574517427.369577, -517.0
1574517427.733424, -517.0
1574517428.103406, -517.0
1574517417.831629, -517.0
1574517417.845805, -517.0
1574517418.197222, -517.0
1574517418.562428, -517.0
1574517418.961479, -517.0
1574517419.334969, -517.0
1574517419.706952, -517.0
1574517420.078021, -517.0
1574517420.433281, -517.0
1574517420.796568, -517.0
1574517421.182249, -517.0
1574517421.538326, -517.0
1574517421.902765, -517.0
1574517422.283951, -517.0
1574517422.657987, -517.0
1574517423.007857, -517.0
1574517423.376164, -517.0
1574517423.745774, -517.0
1574517424.116337, -517.0
1574517424.45288, -517.0
1574517424.812119, -517.0
1574517425.187094, -517.0
1574517425.535997, -517.0
1574517425.912265, -517.0
1574517426.281597, -517.0
1574517426.65564, -517.0
1574517427.015806, -517.0
1574517427.411819, -517.0
1574517427.78102, -517.0
1574517428.153006, -517.0
1574517428.536384, -517.0
1574517428.903891, -517.0
1574517429.281755, -517.0
1574517429.64582, -517.0
1574517430.009565, -517.0
1574517430.358023, -517.0
1574517430.747195, -517.0
1574517431.108822, -517.0
1574517431.473135, -517.0
1574517431.831344, -517.0
1574517432.198877, -517.0
1574517432.558561, -517.0
1574517432.91885, -517.0
1574517433.304455, -517.0
1574517433.690439, -517.0
1574517434.061281, -517.0
1574517434.431536, -517.0
1574517434.821007, -517.0
1574517435.203239, -517.0
1574517435.54564, -517.0
1574517435.920601, -517.0
1574517436.296971, -517.0
1574517436.648605, -517.0
1574517436.999263, -517.0
1574517437.364227, -517.0
1574517437.744375, -517.0
1574517438.099231, -517.0
1574517438.468158, -517.0
1574517438.847524, -517.0
1574517439.21783, -517.0
1574517439.58156, -517.0
1574517439.953657, -517.0
1574517440.327968, -517.0
1574517440.690076, -517.0
1574517441.06859, -517.0
1574517441.445758, -517.0
1574517441.828821, -517.0
1574517442.192861, -517.0
1574517442.571559, -517.0
1574517442.934015, -517.0
1574517443.300076, -517.0
1574517443.683975, -517.0
1574517444.047889, -517.0
1574517444.4123, -517.0
1574517444.799264, -517.0
1574517445.166388, -517.0
1574517445.531061, -517.0
1574517445.899073, -517.0
1574517446.257636, -517.0
1574517446.620318, -517.0
1574517446.971181, -517.0
1574517447.366354, -517.0
1574517447.726961, -517.0
1574517448.089098, -517.0
1574517448.463212, -517.0
1574517448.827904, -517.0
1574517449.193301, -517.0
1574517449.588018, -517.0
1574517449.956292, -517.0
1574517450.342179, -517.0
1574517450.702608, -517.0
1574517451.057985, -517.0
1574517451.443675, -517.0
1574517451.816239, -517.0
1574517452.182005, -517.0
1574517452.542086, -517.0
1574517452.904806, -517.0
1574517453.259291, -517.0
1574517453.649343, -517.0
1574517454.023809, -517.0
1574517454.381489, -517.0
1574517454.767441, -517.0
1574517455.147664, -517.0
1574517455.529734, -517.0
1574517455.914316, -517.0
1574517456.268806, -517.0
1574517456.626048, -517.0
1574517456.995021, -517.0
1574517457.370658, -517.0
1574517457.741267, -517.0
1574517458.131994, -517.0
1574517458.492818, -517.0
1574517458.863698, -517.0
1574517459.22878, -517.0
1574517459.608074, -517.0
1574517459.987184, -517.0
1574517460.36375, -517.0
1574517460.727014, -517.0
1574517461.084764, -517.0
1574517461.449294, -517.0
1574517461.814128, -517.0
1574517462.172049, -517.0
1574517462.544729, -517.0
1574517462.919318, -517.0
1574517463.301949, -517.0
1574517463.688094, -517.0
1574517464.071559, -517.0
1574517464.450067, -517.0
1574517464.795747, -517.0
1574517465.172276, -517.0
1574517465.548365, -517.0
1574517465.897487, -517.0
1574517466.273812, -517.0
1574517466.64437, -517.0
1574517467.01256, -517.0
1574517467.378146, -517.0
1574517467.761951, -517.0
1574517468.116995, -517.0
1574517468.474031, -517.0
1574517468.850983, -517.0
1574517469.23261, -517.0
1574517469.598981, -517.0
1574517469.963532, -517.0
1574517470.335154, -517.0
1574517470.703529, -517.0
1574517471.055106, -517.0
1574517471.427465, -517.0
1574517471.802887, -517.0
1574517472.168658, -517.0
1574517472.524013, -517.0
1574517472.889131, -517.0
1574517473.256082, -517.0
1574517473.632206, -517.0
1574517473.997396, -517.0
1574517474.36749, -517.0
1574517474.736841, -517.0
1574517475.094369, -517.0
1574517475.481419, -517.0
1574517475.840275, -517.0
1574517476.205267, -517.0
1574517476.572069, -517.0
1574517476.950023, -517.0
1574517477.314514, -517.0
1574517477.681454, -517.0
1574517478.047491, -517.0
1574517478.414347, -517.0
1574517478.771144, -517.0
1574517479.136901, -517.0
1574517479.493058, -517.0
1574517479.883662, -517.0
1574517480.25288, -517.0
1574517480.611126, -517.0
1574517480.969719, -517.0
1574517481.348285, -517.0
1574517481.748942, -517.0
1574517482.127317, -517.0
1574517482.473325, -517.0
1574517482.838843, -517.0
1574517483.207043, -517.0
1574517483.573242, -517.0
1574517483.950857, -517.0
1574517484.317437, -517.0
1574517484.695065, -517.0
1574517485.066233, -517.0
1574517485.446176, -517.0
1574517485.799603, -517.0
1574517486.185816, -517.0
1574517486.534103, -517.0
1574517486.916727, -517.0
1574517487.278834, -517.0
1574517487.65114, -517.0
1574517488.022704, -517.0
1574517488.36593, -517.0
1574517488.735659, -517.0
1574517489.10671, -517.0
1574517489.498691, -517.0
1574517489.879948, -517.0
1574517490.247886, -517.0
1574517490.618022, -517.0
1574517490.996505, -517.0
1574517491.357585, -517.0
1574517491.734086, -517.0
1574517492.12438, -517.0
1574517492.490583, -517.0
1574517492.863821, -517.0
1574517493.225727, -517.0
1574517493.604139, -517.0
1574517493.974923, -517.0
1574517494.35927, -517.0
1574517494.710861, -517.0
1574517495.095053, -517.0
1574517495.485326, -517.0
1574517495.848002, -517.0
1574517496.207169, -517.0
1574517496.576161, -517.0
1574517496.976787, -517.0
1574517497.333642, -517.0
1574517497.690456, -517.0
1574517498.069117, -517.0
1574517498.432079, -517.0
1574517498.824974, -517.0
1574517499.195187, -517.0
1574517499.554191, -517.0
1574517499.927674, -517.0
1574517500.298734, -517.0
1574517500.659489, -517.0
1574517501.02549, -517.0
1574517501.397539, -517.0
1574517501.767255, -517.0
1574517502.145014, -517.0
1574517502.531552, -517.0
1574517503.014304, -517.0
1574517503.395206, -517.0
1574517503.77688, -517.0
1574517504.146146, -517.0
1574517504.546126, -517.0
1574517504.914163, -517.0
1574517505.27237, -517.0
1574517505.649262, -517.0
1574517506.005388, -517.0
1574517506.381338, -517.0
1574517506.739855, -517.0
1574517507.126547, -517.0
1574517507.49518, -517.0
1574517507.851263, -517.0
1574517508.218624, -517.0
1574517508.583743, -517.0
1574517508.946265, -517.0
1574517509.325497, -517.0
1574517509.681614, -517.0
1574517424.45361, -517.0
1574517424.468012, -517.0
1574517424.481586, -517.0
1574517424.495488, -517.0
1574517424.509114, -517.0
1574517424.522973, -517.0
1574517424.536607, -517.0
1574517424.550417, -517.0
1574517425.179805, -517.0
1574517425.541942, -517.0
1574517425.907223, -517.0
1574517426.283996, -517.0
1574517426.657256, -517.0
1574517427.041338, -517.0
1574517427.414549, -517.0
1574517427.786236, -517.0
1574517428.149779, -517.0
1574517428.543557, -517.0
1574517428.916942, -517.0
1574517429.277406, -517.0
1574517429.635438, -517.0
1574517430.01787, -517.0
1574517430.389766, -517.0
1574517430.773987, -517.0
1574517431.137281, -517.0
1574517431.492674, -517.0
1574517431.87392, -517.0
1574517432.238554, -517.0
1574517432.622661, -517.0
1574517432.990615, -517.0
1574517433.335992, -517.0
1574517433.706876, -517.0
1574517434.070129, -517.0
1574517434.439303, -517.0
1574517434.815443, -517.0
1574517435.19333, -517.0
1574517435.559643, -517.0
1574517435.925051, -517.0
1574517436.308805, -517.0
1574517436.667696, -517.0
1574517437.035185, -517.0
1574517437.405089, -517.0
1574517437.786744, -517.0
1574517438.158832, -517.0
1574517438.542273, -517.0
1574517438.889479, -517.0
1574517439.245923, -517.0
1574517439.611201, -517.0
1574517439.978212, -517.0
1574517440.331798, -517.0
1574517440.704889, -517.0
1574517441.070577, -517.0
1574517441.431389, -517.0
1574517441.800385, -517.0
1574517442.164132, -517.0
1574517442.534601, -517.0
1574517442.906475, -517.0
1574517443.279481, -517.0
1574517443.647977, -517.0
1574517444.004015, -517.0
1574517444.368244, -517.0
1574517444.748084, -517.0
1574517445.115288, -517.0
1574517445.478749, -517.0
1574517445.841961, -517.0
1574517446.208257, -517.0
1574517446.600333, -517.0
1574517446.962111, -517.0
1574517447.338731, -517.0
1574517447.709369, -517.0
1574517448.070332, -517.0
1574517448.433486, -517.0
1574517448.784855, -517.0
1574517449.158494, -517.0
1574517449.536799, -517.0
1574517449.918252, -517.0
1574517450.303772, -517.0
1574517450.665496, -517.0
1574517451.023284, -517.0
1574517451.397891, -517.0
1574517451.742664, -517.0
1574517452.115565, -517.0
1574517452.496194, -517.0
1574517452.865982, -517.0
1574517453.233095, -517.0
1574517453.600375, -517.0
1574517453.958839, -517.0
1574517454.339787, -517.0
1574517454.678489, -517.0
1574517455.045934, -517.0
1574517455.421633, -517.0
1574517455.802877, -517.0
1574517456.176365, -517.0
1574517456.552867, -517.0
1574517456.926472, -517.0
1574517457.30271, -517.0
1574517457.687987, -517.0
1574517458.046133, -517.0
1574517458.416039, -517.0
1574517458.7774, -517.0
1574517459.157146, -517.0
1574517459.529912, -517.0
1574517459.898097, -517.0
1574517460.2635, -517.0
1574517460.626103, -517.0
1574517461.010965, -517.0
1574517461.36699, -517.0
1574517461.738304, -517.0
1574517462.120292, -517.0
1574517462.486792, -517.0
1574517462.835698, -517.0
1574517463.225229, -517.0
1574517463.597908, -517.0
1574517463.975856, -517.0
1574517464.352032, -517.0
1574517464.714333, -517.0
1574517465.06834, -517.0
1574517465.454491, -517.0
1574517465.81617, -517.0
1574517466.200328, -517.0
1574517466.568012, -517.0
1574517466.948651, -517.0
1574517467.34431, -517.0
1574517467.726166, -517.0
1574517468.099772, -517.0
1574517468.486872, -517.0
1574517468.854883, -517.0
1574517469.215246, -517.0
1574517469.597678, -517.0
1574517469.96738, -517.0
1574517470.351709, -517.0
1574517470.720094, -517.0
1574517471.100743, -517.0
1574517471.49439, -517.0
1574517471.8506, -517.0
1574517472.219996, -517.0
1574517472.604976, -517.0
1574517472.967035, -517.0
1574517473.336131, -517.0
1574517473.719677, -517.0
1574517474.087558, -517.0
1574517474.457529, -517.0
1574517474.828466, -517.0
1574517475.184408, -517.0
1574517475.566103, -517.0
1574517475.929872, -517.0
1574517476.29988, -517.0
1574517476.668709, -517.0
1574517477.048885, -517.0
1574517477.414591, -517.0
1574517477.779351, -517.0
1574517478.142881, -517.0
1574517478.499113, -517.0
1574517478.865525, -517.0
1574517479.231125, -517.0
1574517479.582558, -517.0
1574517479.969313, -517.0
1574517480.338777, -517.0
1574517480.710078, -517.0
1574517481.063544, -517.0
1574517481.436162, -517.0
1574517481.831039, -517.0
1574517482.199706, -517.0
1574517482.547323, -517.0
1574517482.91221, -517.0
1574517483.275311, -517.0
1574517483.636485, -517.0
1574517484.01065, -517.0
1574517484.388824, -517.0
1574517484.760172, -517.0
1574517485.12581, -517.0
1574517485.505309, -517.0
1574517485.853216, -517.0
1574517486.236519, -517.0
1574517486.585585, -517.0
1574517486.962467, -517.0
1574517487.325595, -517.0
1574517487.697351, -517.0
1574517488.072196, -517.0
1574517488.417336, -517.0
1574517488.790298, -517.0
1574517489.169619, -517.0
1574517489.562177, -517.0
1574517489.940949, -517.0
1574517490.321662, -517.0
1574517490.703405, -517.0
1574517491.073132, -517.0
1574517491.445422, -517.0
1574517491.821233, -517.0
1574517492.204182, -517.0
1574517492.600308, -517.0
1574517492.955545, -517.0
1574517493.319023, -517.0
1574517493.682744, -517.0
1574517494.056896, -517.0
1574517494.450026, -517.0
1574517494.838356, -517.0
1574517495.200221, -517.0
1574517495.573062, -517.0
1574517495.958797, -517.0
1574517496.357182, -517.0
1574517496.717987, -517.0
1574517497.096366, -517.0
1574517497.466163, -517.0
1574517497.819241, -517.0
1574517498.194139, -517.0
1574517498.568975, -517.0
1574517498.933193, -517.0
1574517499.314286, -517.0
1574517499.695061, -517.0
1574517500.074769, -517.0
1574517500.46061, -517.0
1574517500.837965, -517.0
1574517501.217875, -517.0
1574517501.616897, -517.0
1574517501.964209, -517.0
1574517502.349497, -517.0
1574517502.756283, -517.0
1574517503.190649, -517.0
1574517503.5758, -517.0
1574517503.928864, -517.0
1574517504.300509, -517.0
1574517504.744349, -517.0
1574517505.117781, -517.0
1574517505.489787, -517.0
1574517505.870561, -517.0
1574517506.218261, -517.0
1574517506.586636, -517.0
1574517506.967671, -517.0
1574517507.342728, -517.0
1574517507.715077, -517.0
1574517508.070428, -517.0
1574517508.432151, -517.0
1574517508.794247, -517.0
1574517509.178583, -517.0
1574517509.559242, -517.0
1574517509.916701, -517.0
1574517510.269415, -517.0
1574517510.649343, -517.0
1574517511.014098, -517.0
1574517511.383397, -517.0
1574517511.762921, -517.0
1574517512.120587, -517.0
1574517512.484644, -517.0
1574517512.863424, -517.0
1574517513.220774, -517.0
1574517513.590042, -517.0
1574517513.961137, -517.0
1574517514.334376, -517.0
1574517514.720156, -517.0
1574517425.11992, -517.0
1574517425.508081, -517.0
1574517425.523404, -517.0
1574517425.537393, -517.0
1574517425.904303, -517.0
1574517426.265159, -517.0
1574517426.621261, -517.0
1574517426.949864, -517.0
1574517427.475591, -517.0
1574517428.170551, -517.0
1574517428.839016, -517.0
1574517429.466423, -517.0
1574517430.150794, -517.0
1574517430.85475, -517.0
1574517431.528946, -517.0
1574517432.04191, -517.0
1574517432.401214, -517.0
1574517432.76468, -517.0
1574517433.190342, -517.0
1574517433.629579, -517.0
1574517434.06518, -517.0
1574517434.510363, -517.0
1574517434.981421, -517.0
1574517435.439174, -517.0
1574517435.90083, -517.0
1574517436.335846, -517.0
1574517436.736224, -517.0
1574517437.188794, -517.0
1574517437.648801, -517.0
1574517438.101358, -517.0
1574517438.523661, -517.0
1574517438.961322, -517.0
1574517439.382896, -517.0
1574517439.84786, -517.0
1574517440.280498, -517.0
1574517440.732798, -517.0
1574517441.18196, -517.0
1574517441.608747, -517.0
1574517442.044986, -517.0
1574517442.400042, -517.0
1574517442.763399, -517.0
1574517443.121335, -517.0
1574517443.479568, -517.0
1574517443.850763, -517.0
1574517444.22187, -517.0
1574517444.593615, -517.0
1574517444.949237, -517.0
1574517445.327595, -517.0
1574517445.673295, -517.0
1574517446.039483, -517.0
1574517446.41542, -517.0
1574517446.804287, -517.0
1574517447.17756, -517.0
1574517447.561817, -517.0
1574517447.944411, -517.0
1574517448.316392, -517.0
1574517448.700944, -517.0
1574517449.059951, -517.0
1574517449.403271, -517.0
1574517449.758355, -517.0
1574517450.120385, -517.0
1574517450.489078, -517.0
1574517450.858798, -517.0
1574517451.238025, -517.0
1574517451.579056, -517.0
1574517451.945037, -517.0
1574517452.313516, -517.0
1574517452.70618, -517.0
1574517453.080643, -517.0
1574517453.446679, -517.0
1574517453.833102, -517.0
1574517454.200367, -517.0
1574517454.555574, -517.0
1574517454.927282, -517.0
1574517455.307236, -517.0
1574517455.677727, -517.0
1574517456.040591, -517.0
1574517456.432244, -517.0
1574517456.777678, -517.0
1574517457.134813, -517.0
1574517457.504902, -517.0
1574517457.864272, -517.0
1574517458.2165, -517.0
1574517458.602193, -517.0
1574517458.959202, -517.0
1574517459.351426, -517.0
1574517459.706095, -517.0
1574517460.095869, -517.0
1574517460.447527, -517.0
1574517460.825045, -517.0
1574517461.201823, -517.0
1574517461.558371, -517.0
1574517461.929122, -517.0
1574517462.314152, -517.0
1574517462.694435, -517.0
1574517463.042812, -517.0
1574517463.41577, -517.0
1574517463.789488, -517.0
1574517464.151396, -517.0
1574517464.516784, -517.0
1574517464.883563, -517.0
1574517465.263323, -517.0
1574517465.640983, -517.0
1574517466.017678, -517.0
1574517466.404903, -517.0
1574517466.787293, -517.0
1574517467.152138, -517.0
1574517467.51828, -517.0
1574517467.879702, -517.0
1574517468.232881, -517.0
1574517468.608734, -517.0
1574517468.96803, -517.0
1574517469.34936, -517.0
1574517469.720877, -517.0
1574517470.098104, -517.0
1574517470.449758, -517.0
1574517470.805001, -517.0
1574517471.171403, -517.0
1574517471.545496, -517.0
1574517471.938623, -517.0
1574517472.319521, -517.0
1574517472.669258, -517.0
1574517473.041061, -517.0
1574517473.402427, -517.0
1574517473.773175, -517.0
1574517474.139526, -517.0
1574517474.485418, -517.0
1574517474.841037, -517.0
1574517475.219306, -517.0
1574517475.570965, -517.0
1574517475.9502, -517.0
1574517476.310438, -517.0
1574517476.676583, -517.0
1574517477.030665, -517.0
1574517477.381393, -517.0
1574517477.741818, -517.0
1574517478.105024, -517.0
1574517478.47028, -517.0
1574517478.837889, -517.0
1574517479.201454, -517.0
1574517479.575563, -517.0
1574517479.944492, -517.0
1574517480.31333, -517.0
1574517480.670097, -517.0
1574517481.037144, -517.0
1574517481.410561, -517.0
1574517481.761641, -517.0
1574517482.132654, -517.0
1574517482.490698, -517.0
1574517482.848994, -517.0
1574517483.2102, -517.0
1574517483.559152, -517.0
1574517483.947718, -517.0
1574517484.340622, -517.0
1574517484.719661, -517.0
1574517485.08764, -517.0
1574517485.450469, -517.0
1574517485.806725, -517.0
1574517486.177528, -517.0
1574517486.541851, -517.0
1574517486.924706, -517.0
1574517487.289963, -517.0
1574517487.688595, -517.0
1574517488.059924, -517.0
1574517488.431528, -517.0
1574517488.800921, -517.0
1574517489.165248, -517.0
1574517489.544222, -517.0
1574517489.946154, -517.0
1574517490.316982, -517.0
1574517490.679317, -517.0
1574517491.050388, -517.0
1574517491.412969, -517.0
1574517491.763063, -517.0
1574517492.115724, -517.0
1574517492.488551, -517.0
1574517492.852643, -517.0
1574517493.227494, -517.0
1574517493.591248, -517.0
1574517493.969914, -517.0
1574517494.331666, -517.0
1574517494.686076, -517.0
1574517495.079039, -517.0
1574517495.446746, -517.0
1574517495.822775, -517.0
1574517496.186087, -517.0
1574517496.550018, -517.0
1574517496.890071, -517.0
1574517497.241991, -517.0
1574517497.62089, -517.0
1574517497.993539, -517.0
1574517498.377598, -517.0
1574517498.725409, -517.0
1574517499.077978, -517.0
1574517499.423376, -517.0
1574517499.785199, -517.0
1574517500.160186, -517.0
1574517500.557873, -517.0
1574517500.941193, -517.0
1574517501.317876, -517.0
1574517501.680651, -517.0
1574517502.061471, -517.0
1574517502.577295, -517.0
1574517502.999045, -517.0
1574517503.377664, -517.0
1574517503.760744, -517.0
1574517504.116466, -517.0
1574517504.506416, -517.0
1574517504.89275, -517.0
1574517505.236098, -517.0
1574517505.59487, -517.0
1574517505.96673, -517.0
1574517506.353399, -517.0
1574517506.710671, -517.0
1574517507.084268, -517.0
1574517507.46844, -517.0
1574517507.830966, -517.0
1574517508.211192, -517.0
1574517508.582737, -517.0
1574517508.962907, -517.0
1574517509.308609, -517.0
1574517509.672221, -517.0
1574517510.047399, -517.0
1574517510.41638, -517.0
1574517510.781412, -517.0
1574517511.135296, -517.0
1574517511.490866, -517.0
1574517511.853442, -517.0
1574517512.236832, -517.0
1574517512.606631, -517.0
1574517512.965105, -517.0
1574517513.313823, -517.0
1574517513.694302, -517.0
1574517514.055213, -517.0
1574517514.423164, -517.0
1574517514.801018, -517.0
1574517515.161468, -517.0
1574517515.528674, -517.0
1574517515.904957, -517.0
1574517516.263791, -517.0
1574517516.627002, -517.0
1574517516.997242, -517.0
1574517517.366363, -517.0
1574517517.743134, -517.0
1574517518.118734, -517.0
1574517518.47961, -517.0
1574517518.848975, -517.0
1574517519.209948, -517.0
1574517519.588635, -517.0
1574517519.963299, -517.0
1574517428.453911, -517.0
1574517428.783771, -517.0
1574517429.156847, -517.0
1574517429.520198, -517.0
1574517429.886365, -517.0
1574517430.239559, -517.0
1574517430.631376, -517.0
1574517430.988203, -517.0
1574517431.350587, -517.0
1574517431.703619, -517.0
1574517432.072011, -517.0
1574517432.435844, -517.0
1574517432.796155, -517.0
1574517433.179095, -517.0
1574517433.566709, -517.0
1574517433.942452, -517.0
1574517434.316412, -517.0
1574517434.702936, -517.0
1574517435.088099, -517.0
1574517435.430801, -517.0
1574517435.797022, -517.0
1574517436.17455, -517.0
1574517436.530892, -517.0
1574517436.877739, -517.0
1574517437.241811, -517.0
1574517437.624337, -517.0
1574517437.978646, -517.0
1574517438.343599, -517.0
1574517438.709288, -517.0
1574517439.0784, -517.0
1574517439.446707, -517.0
1574517439.820284, -517.0
1574517440.189855, -517.0
1574517440.552862, -517.0
1574517440.931827, -517.0
1574517441.306517, -517.0
1574517441.688313, -517.0
1574517442.05253, -517.0
1574517442.430904, -517.0
1574517442.795683, -517.0
1574517443.153159, -517.0
1574517443.527694, -517.0
1574517443.892493, -517.0
1574517444.251699, -517.0
1574517444.636002, -517.0
1574517445.002516, -517.0
1574517445.372696, -517.0
1574517445.741391, -517.0
1574517446.102157, -517.0
1574517446.468977, -517.0
1574517446.822153, -517.0
1574517447.207796, -517.0
1574517447.567509, -517.0
1574517447.931284, -517.0
1574517448.300948, -517.0
1574517448.669864, -517.0
1574517449.037453, -517.0
1574517449.427932, -517.0
1574517449.792289, -517.0
1574517450.178148, -517.0
1574517450.535058, -517.0
1574517450.890801, -517.0
1574517451.271263, -517.0
1574517451.645448, -517.0
1574517452.011725, -517.0
1574517452.37251, -517.0
1574517452.732006, -517.0
1574517453.087579, -517.0
1574517453.47823, -517.0
1574517453.846642, -517.0
1574517454.208522, -517.0
1574517454.596413, -517.0
1574517454.980172, -517.0
1574517455.356674, -517.0
1574517455.734562, -517.0
1574517456.096682, -517.0
1574517456.456381, -517.0
1574517456.82101, -517.0
1574517457.197452, -517.0
1574517457.570846, -517.0
1574517457.951962, -517.0
1574517458.3146, -517.0
1574517458.682817, -517.0
1574517459.051301, -517.0
1574517459.428239, -517.0
1574517459.79994, -517.0
1574517460.177799, -517.0
1574517460.542006, -517.0
1574517460.900767, -517.0
1574517461.264765, -517.0
1574517461.63274, -517.0
1574517461.991448, -517.0
1574517462.360416, -517.0
1574517462.735577, -517.0
1574517463.113326, -517.0
1574517463.50119, -517.0
1574517463.872502, -517.0
1574517464.243467, -517.0
1574517464.587773, -517.0
1574517464.961081, -517.0
1574517465.340789, -517.0
1574517465.690824, -517.0
1574517466.068942, -517.0
1574517466.435631, -517.0
1574517466.805947, -517.0
1574517467.171801, -517.0
1574517467.558846, -517.0
1574517467.920053, -517.0
1574517468.278271, -517.0
1574517468.659848, -517.0
1574517469.035384, -517.0
1574517469.406004, -517.0
1574517469.770923, -517.0
1574517470.134471, -517.0
1574517470.503402, -517.0
1574517470.849616, -517.0
1574517471.220239, -517.0
1574517471.592507, -517.0
1574517471.952854, -517.0
1574517472.305122, -517.0
1574517472.66746, -517.0
1574517473.032693, -517.0
1574517473.414762, -517.0
1574517473.784661, -517.0
1574517474.160003, -517.0
1574517474.536036, -517.0
1574517474.898417, -517.0
1574517475.281602, -517.0
1574517475.639566, -517.0
1574517476.006303, -517.0
1574517476.374921, -517.0
1574517476.752683, -517.0
1574517477.115819, -517.0
1574517477.484962, -517.0
1574517477.84828, -517.0
1574517478.198742, -517.0
1574517478.557183, -517.0
1574517478.920812, -517.0
1574517479.274446, -517.0
1574517479.663299, -517.0
1574517480.037215, -517.0
1574517480.400926, -517.0
1574517480.754623, -517.0
1574517481.12919, -517.0
1574517481.521855, -517.0
1574517481.892133, -517.0
1574517482.239787, -517.0
1574517482.606007, -517.0
1574517482.972461, -517.0
1574517483.332276, -517.0
1574517483.70269, -517.0
1574517484.072321, -517.0
1574517484.440783, -517.0
1574517484.803456, -517.0
1574517485.178702, -517.0
1574517485.527439, -517.0
1574517485.896566, -517.0
1574517486.239077, -517.0
1574517486.616553, -517.0
1574517486.979478, -517.0
1574517487.352001, -517.0
1574517487.721818, -517.0
1574517488.06819, -517.0
1574517488.435509, -517.0
1574517488.808775, -517.0
1574517489.200407, -517.0
1574517489.578545, -517.0
1574517489.943012, -517.0
1574517490.307942, -517.0
1574517490.693502, -517.0
1574517491.055159, -517.0
1574517491.427225, -517.0
1574517491.81346, -517.0
1574517492.184605, -517.0
1574517492.554799, -517.0
1574517492.913672, -517.0
1574517493.282645, -517.0
1574517493.656243, -517.0
1574517494.03242, -517.0
1574517494.383723, -517.0
1574517494.769358, -517.0
1574517495.156015, -517.0
1574517495.51756, -517.0
1574517495.880287, -517.0
1574517496.255543, -517.0
1574517496.652335, -517.0
1574517497.009839, -517.0
1574517497.366757, -517.0
1574517497.741798, -517.0
1574517498.10669, -517.0
1574517498.499791, -517.0
1574517498.869613, -517.0
1574517499.230746, -517.0
1574517499.601345, -517.0
1574517499.967418, -517.0
1574517500.333797, -517.0
1574517500.700146, -517.0
1574517501.074048, -517.0
1574517501.447228, -517.0
1574517501.819602, -517.0
1574517502.203795, -517.0
1574517502.629137, -517.0
1574517503.10342, -517.0
1574517503.482931, -517.0
1574517503.85694, -517.0
1574517504.231372, -517.0
1574517504.634916, -517.0
1574517504.996352, -517.0
1574517505.374674, -517.0
1574517505.735511, -517.0
1574517506.109318, -517.0
1574517506.470268, -517.0
1574517506.857794, -517.0
1574517507.229444, -517.0
1574517507.582308, -517.0
1574517507.945875, -517.0
1574517508.312733, -517.0
1574517508.676286, -517.0
1574517509.055706, -517.0
1574517509.410537, -517.0
1574517509.783283, -517.0
1574517510.150096, -517.0
1574517510.510056, -517.0
1574517510.859797, -517.0
1574517511.214176, -517.0
1574517511.583288, -517.0
1574517511.939561, -517.0
1574517512.315881, -517.0
1574517512.677145, -517.0
1574517513.040444, -517.0
1574517513.408111, -517.0
1574517513.772344, -517.0
1574517514.124928, -517.0
1574517514.492902, -517.0
1574517514.851324, -517.0
1574517515.233851, -517.0
1574517515.582764, -517.0
1574517515.949222, -517.0
1574517516.326785, -517.0
1574517516.693705, -517.0
1574517517.056433, -517.0
1574517517.418979, -517.0
1574517517.768512, -517.0
1574517518.13345, -517.0
1574517518.495152, -517.0
1574517518.85443, -517.0
1574517519.216098, -517.0
1574517519.579579, -517.0
1574517519.93573, -517.0
1574517520.297608, -517.0
