1574517880.057552, -303.0
1574517880.207334, -303.0
1574517880.356292, -303.0
1574517880.906931, -303.0
1574517881.061243, -303.0
1574517881.210296, -303.0
1574517881.35928, -303.0
1574517881.507649, -303.0
1574517881.656932, -303.0
1574517881.8206, -289.0
1574517883.581443, -276.0
1574517885.523158, -276.0
1574517887.654518, -276.0
1574517889.724013, -276.0
1574517891.767199, -276.0
1574517893.785467, -276.0
1574517895.880801, -276.0
1574517897.902343, -276.0
1574517900.048607, -276.0
1574517902.062371, -276.0
1574517904.733288, -276.0
1574517907.235019, -276.0
1574517909.743654, -276.0
1574517912.174228, -276.0
1574517914.647187, -276.0
1574517917.075016, -276.0
1574517919.526002, -276.0
1574517922.070616, -276.0
1574517924.120387, -276.0
1574517926.165369, -276.0
1574517928.257506, -276.0
1574517930.398841, -276.0
1574517932.502996, -275.0
1574517934.618704, -275.0
1574517936.69024, -275.0
1574517938.686226, -275.0
1574517940.70629, -275.0
1574517943.105576, -275.0
1574517946.145389, -275.0
1574517948.168265, -275.0
1574517950.163591, -275.0
1574517952.679372, -275.0
1574517954.678715, -275.0
1574517957.14357, -275.0
1574517959.467673, -275.0
1574517961.877716, -275.0
1574517963.9558, -275.0
1574517966.400108, -275.0
1574517968.967619, -275.0
1574517971.311178, -274.0
1574517880.147245, -303.0
1574517880.371241, -303.0
1574517880.594776, -303.0
1574517880.816898, -303.0
1574517881.052504, -303.0
1574517881.277287, -303.0
1574517881.500478, -303.0
1574517881.722925, -289.0
1574517881.946003, -289.0
1574517882.169093, -276.0
1574517882.391504, -276.0
1574517882.615808, -276.0
1574517882.847015, -276.0
1574517883.519559, -276.0
1574517886.430162, -276.0
1574517889.29745, -276.0
1574517892.06012, -276.0
1574517894.848195, -276.0
1574517897.709303, -276.0
1574517901.343903, -276.0
1574517904.756737, -276.0
1574517907.342162, -276.0
1574517909.505533, -276.0
1574517912.273568, -276.0
1574517916.276665, -276.0
1574517918.48954, -276.0
1574517921.558386, -276.0
1574517925.099224, -276.0
1574517926.583563, -276.0
1574517927.610134, -276.0
1574517928.197604, -276.0
1574517929.418801, -276.0
1574517930.612849, -276.0
1574517931.638594, -276.0
1574517932.626319, -275.0
1574517933.220386, -275.0
1574517933.807064, -275.0
1574517934.408184, -275.0
1574517935.448686, -275.0
1574517936.074553, -275.0
1574517937.085463, -275.0
1574517938.893763, -275.0
1574517940.872669, -275.0
1574517941.546313, -275.0
1574517942.452932, -275.0
1574517943.107236, -275.0
1574517946.272821, -275.0
1574517949.91993, -275.0
1574517953.408735, -275.0
1574517956.372921, -275.0
1574517880.187568, -303.0
1574517880.437115, -303.0
1574517880.685994, -303.0
1574517880.935334, -303.0
1574517881.196201, -303.0
1574517881.449014, -303.0
1574517881.696187, -289.0
1574517881.943702, -289.0
1574517882.190976, -276.0
1574517882.439248, -276.0
1574517882.686327, -276.0
1574517882.935041, -276.0
1574517883.19342, -276.0
1574517883.93412, -276.0
1574517886.940305, -276.0
1574517889.828062, -276.0
1574517892.678398, -276.0
1574517895.585902, -276.0
1574517899.417051, -276.0
1574517901.968211, -276.0
1574517904.528972, -276.0
1574517906.977551, -276.0
1574517909.472258, -276.0
1574517912.240158, -276.0
1574517914.339677, -276.0
1574517916.451431, -276.0
1574517918.515007, -276.0
1574517921.106098, -276.0
1574517925.617187, -276.0
1574517928.581055, -276.0
1574517931.720538, -276.0
1574517934.68762, -275.0
1574517938.136542, -275.0
1574517940.990474, -275.0
1574517943.288139, -275.0
1574517945.646979, -275.0
1574517947.578252, -275.0
1574517949.52171, -275.0
1574517951.526688, -275.0
1574517953.445453, -275.0
1574517954.832179, -275.0
1574517956.867064, -275.0
1574517958.897298, -275.0
1574517960.390747, -275.0
1574517961.73632, -275.0
1574517962.977205, -275.0
1574517964.357744, -275.0
1574517965.784381, -275.0
1574517967.191652, -275.0
1574517968.074688, -275.0
1574517880.034662, -303.0
1574517880.109865, -303.0
1574517880.184833, -303.0
1574517880.259326, -303.0
1574517880.337828, -303.0
1574517880.413558, -303.0
1574517880.48799, -303.0
1574517880.563103, -303.0
1574517880.638115, -303.0
1574517880.713751, -303.0
1574517880.788602, -303.0
1574517880.863521, -303.0
1574517880.938272, -303.0
1574517881.013067, -303.0
1574517881.091934, -303.0
1574517881.662415, -289.0
1574517882.123595, -276.0
1574517882.570882, -276.0
1574517883.038912, -276.0
1574517883.596886, -276.0
1574517883.677201, -276.0
1574517883.758525, -276.0
1574517883.833226, -276.0
1574517883.907881, -276.0
1574517883.992442, -276.0
1574517885.204059, -276.0
1574517886.6021, -276.0
1574517887.059973, -276.0
1574517887.502411, -276.0
1574517888.775698, -276.0
1574517890.318186, -276.0
1574517891.65788, -276.0
1574517893.054276, -276.0
1574517894.520502, -276.0
1574517895.417324, -276.0
1574517896.279392, -276.0
1574517897.141601, -276.0
1574517897.945455, -276.0
1574517898.789155, -276.0
1574517899.631536, -276.0
1574517900.482214, -276.0
1574517901.348318, -276.0
1574517902.188117, -276.0
1574517903.008338, -276.0
1574517903.896822, -276.0
1574517905.56607, -276.0
1574517906.069368, -276.0
1574517906.592943, -276.0
1574517907.081946, -276.0
1574517907.601406, -276.0
1574517907.676065, -276.0
1574517907.733834, -276.0
1574517907.783914, -276.0
1574517907.833867, -276.0
1574517907.883908, -276.0
1574517907.933961, -276.0
1574517907.984012, -276.0
1574517908.033925, -276.0
1574517908.084083, -276.0
1574517908.134109, -276.0
1574517908.183807, -276.0
1574517908.234076, -276.0
1574517909.15002, -276.0
1574517909.996623, -276.0
1574517910.787027, -276.0
1574517911.606991, -276.0
1574517912.415154, -276.0
1574517913.269985, -276.0
1574517914.110921, -276.0
1574517914.942936, -276.0
1574517915.736926, -276.0
1574517916.586298, -276.0
1574517917.430761, -276.0
1574517918.224601, -276.0
1574517919.055253, -276.0
1574517919.862062, -276.0
1574517920.684433, -276.0
1574517921.469421, -276.0
1574517922.280873, -276.0
1574517923.082272, -276.0
1574517923.92048, -276.0
1574517924.740874, -276.0
1574517925.581053, -276.0
1574517926.428071, -276.0
1574517927.271964, -276.0
1574517928.060096, -276.0
1574517928.843657, -276.0
1574517929.699154, -276.0
1574517930.497659, -276.0
1574517931.312309, -276.0
1574517932.103229, -276.0
1574517932.915694, -275.0
1574517933.745462, -275.0
1574517934.560951, -275.0
1574517935.416503, -275.0
1574517936.255724, -275.0
1574517937.106677, -275.0
1574517937.93741, -275.0
1574517938.792687, -275.0
1574517939.5958, -275.0
1574517939.691466, -275.0
1574517939.776178, -275.0
1574517939.851429, -275.0
1574517939.926329, -275.0
1574517940.001067, -275.0
1574517940.075529, -275.0
1574517940.156762, -275.0
1574517940.242536, -275.0
1574517940.322341, -275.0
1574517940.401702, -275.0
1574517940.476965, -275.0
1574517940.552123, -275.0
1574517940.62668, -275.0
1574517940.702041, -275.0
1574517940.776567, -275.0
1574517940.862279, -275.0
1574517940.937263, -275.0
1574517941.015781, -275.0
1574517941.091075, -275.0
1574517941.166009, -275.0
1574517941.240687, -275.0
1574517941.31569, -275.0
1574517941.390783, -275.0
1574517941.46598, -275.0
1574517941.541226, -275.0
1574517941.619052, -275.0
1574517941.699011, -275.0
1574517941.773977, -275.0
1574517941.852168, -275.0
1574517941.935067, -275.0
1574517942.013054, -275.0
1574517942.097609, -275.0
1574517942.182189, -275.0
1574517942.26597, -275.0
1574517943.160201, -275.0
1574517943.727987, -275.0
1574517944.17695, -275.0
1574517944.644354, -275.0
1574517945.114072, -275.0
1574517945.718309, -275.0
1574517946.280775, -275.0
1574517946.776797, -275.0
1574517947.1609, -275.0
1574517947.721247, -275.0
1574517947.797736, -275.0
1574517947.875784, -275.0
1574517948.269754, -275.0
1574517948.564016, -275.0
1574517948.866198, -275.0
1574517949.16209, -275.0
1574517949.257596, -275.0
1574517949.332926, -275.0
1574517949.407832, -275.0
1574517949.483825, -275.0
1574517949.560285, -275.0
1574517949.634877, -275.0
1574517949.709944, -275.0
1574517949.784681, -275.0
1574517949.859823, -275.0
1574517949.934641, -275.0
1574517950.009129, -275.0
1574517950.084066, -275.0
1574517950.159026, -275.0
1574517950.235014, -275.0
1574517950.311864, -275.0
1574517950.764866, -275.0
1574517951.695629, -275.0
1574517952.395444, -275.0
1574517952.988295, -275.0
1574517953.685655, -275.0
1574517954.399618, -275.0
1574517955.114138, -275.0
1574517955.720947, -275.0
1574517956.31754, -275.0
1574517956.947984, -275.0
1574517957.57686, -275.0
1574517958.829697, -275.0
1574517959.519679, -275.0
1574517960.537281, -275.0
1574517961.727447, -275.0
1574517962.654116, -275.0
1574517963.75044, -275.0
1574517964.806468, -275.0
1574517965.885833, -275.0
1574517966.941857, -275.0
1574517967.924423, -275.0
1574517969.048926, -275.0
1574517970.155852, -274.0
1574517971.25878, -274.0
1574517972.427721, -274.0
1574517973.532643, -274.0
1574517974.662915, -274.0
1574517975.812028, -274.0
1574517976.95013, -274.0
1574517978.039201, -274.0
1574517979.076841, -274.0
1574517980.246785, -274.0
1574517981.348657, -274.0
1574517982.505186, -274.0
1574517983.671723, -274.0
1574517956.423813, -275.0
1574517956.449251, -275.0
1574517956.474529, -275.0
1574517956.499878, -275.0
1574517956.525045, -275.0
1574517956.550123, -275.0
1574517956.575394, -275.0
1574517957.019511, -275.0
1574517957.512053, -275.0
1574517957.540952, -275.0
1574517957.566252, -275.0
1574517957.958772, -275.0
1574517958.349144, -275.0
1574517958.764684, -275.0
1574517959.187985, -275.0
1574517959.614751, -275.0
1574517960.036636, -275.0
1574517960.464404, -275.0
1574517960.858331, -275.0
1574517961.298809, -275.0
1574517961.710661, -275.0
1574517962.148976, -275.0
1574517962.55552, -275.0
1574517962.964698, -275.0
1574517963.396232, -275.0
1574517963.785622, -275.0
1574517964.170021, -275.0
1574517964.602657, -275.0
1574517965.02168, -275.0
1574517965.426733, -275.0
1574517965.879195, -275.0
1574517966.289988, -275.0
1574517966.742903, -275.0
1574517967.148242, -275.0
1574517967.592469, -275.0
1574517968.0345, -275.0
1574517968.481122, -275.0
1574517968.908584, -275.0
1574517969.302312, -275.0
1574517969.729628, -275.0
1574517970.163756, -274.0
1574517970.572181, -274.0
1574517970.984363, -274.0
1574517971.417147, -274.0
1574517971.810471, -274.0
1574517972.22223, -274.0
1574517972.660268, -274.0
1574517973.083336, -274.0
1574517973.524367, -274.0
1574517973.953302, -274.0
1574517968.613224, -275.0
1574517968.721794, -275.0
1574517968.82631, -275.0
1574517968.927601, -275.0
1574517969.873443, -275.0
1574517970.714277, -274.0
1574517971.246167, -274.0
1574517971.712235, -274.0
1574517971.815412, -274.0
1574517971.918112, -274.0
1574517972.018518, -274.0
1574517972.118257, -274.0
1574517972.218296, -274.0
1574517972.318228, -274.0
1574517972.418, -274.0
1574517972.517506, -274.0
1574517972.616892, -274.0
1574517972.719994, -274.0
1574517973.729024, -274.0
1574517973.8288, -274.0
1574517973.928761, -274.0
1574517974.028795, -274.0
1574517974.128119, -274.0
1574517974.227627, -274.0
1574517975.838466, -274.0
1574517976.471211, -274.0
1574517976.580655, -274.0
1574517977.121829, -274.0
1574517977.677678, -274.0
1574517978.231719, -274.0
1574517978.331952, -274.0
1574517978.431226, -274.0
1574517978.531324, -274.0
1574517978.631794, -274.0
1574517978.73123, -274.0
1574517978.832415, -274.0
1574517978.932875, -274.0
1574517979.032486, -274.0
1574517979.133277, -274.0
1574517979.593318, -274.0
1574517979.693173, -274.0
1574517979.792633, -274.0
1574517979.89229, -274.0
1574517979.992152, -274.0
1574517980.092287, -274.0
1574517981.37473, -274.0
1574517983.383701, -274.0
1574517984.992807, -274.0
1574517986.611888, -274.0
1574517988.191024, -274.0
1574517971.460969, -274.0
1574517971.592021, -274.0
1574517971.716727, -274.0
1574517971.841891, -274.0
1574517971.97566, -274.0
1574517972.099548, -274.0
1574517972.224489, -274.0
1574517972.348477, -274.0
1574517972.839623, -274.0
1574517973.3396, -274.0
1574517973.476572, -274.0
1574517973.604378, -274.0
1574517973.72898, -274.0
1574517973.857565, -274.0
1574517974.6824, -274.0
1574517976.924414, -274.0
1574517979.022872, -274.0
1574517981.056526, -274.0
1574517982.994124, -274.0
1574517984.909645, -274.0
1574517987.471367, -274.0
1574517989.193329, -274.0
1574517990.52479, -274.0
1574517992.241886, -274.0
1574517992.771949, -274.0
1574517993.303868, -274.0
1574517994.221279, -274.0
1574517995.523471, -274.0
1574517997.25715, -274.0
1574517999.357094, -274.0
1574518001.3917, -274.0
1574518003.429004, -274.0
1574518005.475974, -274.0
1574518007.499104, -274.0
1574518009.552879, -274.0
1574518011.592215, -274.0
1574518013.6265, -274.0
1574518015.696404, -274.0
1574518017.685324, -274.0
1574518019.747912, -274.0
1574518021.79686, -274.0
1574518023.836673, -274.0
1574518025.885222, -274.0
1574518027.875268, -274.0
1574518029.953819, -274.0
1574518032.039512, -274.0
1574518034.129339, -274.0
1574518036.157674, -274.0
1574518038.252004, -274.0
1574518040.35494, -274.0
1574517974.047895, -274.0
1574517974.130468, -274.0
1574517974.205014, -274.0
1574517974.282606, -274.0
1574517974.366893, -274.0
1574517974.446925, -274.0
1574517974.526565, -274.0
1574517974.605844, -274.0
1574517974.684871, -274.0
1574517975.989265, -274.0
1574517976.068923, -274.0
1574517976.148783, -274.0
1574517976.2329, -274.0
1574517976.319007, -274.0
1574517976.404331, -274.0
1574517976.487995, -274.0
1574517976.571312, -274.0
1574517976.654552, -274.0
1574517976.738177, -274.0
1574517976.822048, -274.0
1574517976.905019, -274.0
1574517976.987244, -274.0
1574517977.069929, -274.0
1574517977.152812, -274.0
1574517977.23499, -274.0
1574517977.318553, -274.0
1574517977.40127, -274.0
1574517977.481829, -274.0
1574517977.562217, -274.0
1574517977.642995, -274.0
1574517977.726705, -274.0
1574517977.812195, -274.0
1574517977.895837, -274.0
1574517977.978476, -274.0
1574517978.060915, -274.0
1574517978.143799, -274.0
1574517978.22679, -274.0
1574517978.308914, -274.0
1574517978.391111, -274.0
1574517978.47334, -274.0
1574517978.556022, -274.0
1574517978.639789, -274.0
1574517978.723106, -274.0
1574517978.807746, -274.0
1574517978.891688, -274.0
1574517978.974809, -274.0
1574517979.060239, -274.0
1574517979.144815, -274.0
1574517979.229796, -274.0
1574517979.314692, -274.0
1574517979.351088, -274.0
1574517979.376585, -274.0
1574517979.401647, -274.0
1574517979.42845, -274.0
1574517979.453994, -274.0
1574517979.479443, -274.0
1574517979.504775, -274.0
1574517979.530302, -274.0
1574517979.555584, -274.0
1574517979.580609, -274.0
1574517979.605871, -274.0
1574517979.631233, -274.0
1574517979.656461, -274.0
1574517979.681955, -274.0
1574517979.706993, -274.0
1574517979.732494, -274.0
1574517979.759093, -274.0
1574517980.24852, -274.0
1574517980.664785, -274.0
1574517981.066523, -274.0
1574517981.445365, -274.0
1574517981.864924, -274.0
1574517982.260499, -274.0
1574517982.648119, -274.0
1574517982.964212, -274.0
1574517983.215161, -274.0
1574517983.426467, -274.0
1574517983.670405, -274.0
1574517983.894763, -274.0
1574517984.11268, -274.0
1574517984.340771, -274.0
1574517984.563603, -274.0
1574517984.797843, -274.0
1574517985.031746, -274.0
1574517985.253662, -274.0
1574517985.526129, -274.0
1574517985.7426, -274.0
1574517986.038806, -274.0
1574517986.272689, -274.0
1574517986.557236, -274.0
1574517986.959334, -274.0
1574517987.30885, -274.0
1574517987.571077, -274.0
1574517987.823225, -274.0
1574517988.063765, -274.0
1574517988.32677, -274.0
1574517988.587516, -274.0
1574517988.838411, -274.0
1574517989.150485, -274.0
1574517989.565156, -274.0
1574518053.023092, -274.0
1574518053.404442, -274.0
1574518053.762441, -274.0
1574518054.161552, -274.0
1574518054.658406, -274.0
1574518054.684227, -274.0
1574518055.168049, -274.0
1574518055.572922, -274.0
1574518055.962499, -274.0
1574518056.366801, -274.0
1574518056.777407, -274.0
1574518057.184044, -274.0
1574518057.572653, -274.0
1574518057.970425, -274.0
1574518058.363497, -274.0
1574518058.774531, -274.0
1574518059.221819, -274.0
1574518059.668654, -274.0
1574518060.137222, -274.0
1574518060.571693, -274.0
1574518061.020504, -274.0
1574518061.45392, -274.0
1574518061.90618, -274.0
1574518062.206109, -274.0
1574518062.509513, -274.0
1574518062.855073, -274.0
1574518063.191603, -274.0
1574518063.532578, -274.0
1574518063.850865, -274.0
1574518064.259863, -274.0
1574518064.702372, -274.0
1574518065.131152, -274.0
1574518065.624914, -274.0
1574518066.070975, -274.0
1574518066.493582, -274.0
1574518066.953956, -274.0
1574518067.389946, -274.0
1574518067.805611, -274.0
1574518068.230649, -274.0
1574518068.655736, -274.0
1574518069.098585, -274.0
1574518069.452956, -274.0
1574518069.898054, -274.0
1574518070.26258, -274.0
1574518070.611909, -274.0
1574518070.997093, -274.0
1574518071.359222, -274.0
1574518071.752291, -274.0
1574518072.172252, -274.0
1574518072.568453, -274.0
1574518072.94234, -274.0
1574518073.318894, -274.0
1574518073.722445, -274.0
1574518074.091286, -274.0
1574518074.488041, -274.0
1574518074.805, -274.0
1574518075.148963, -274.0
1574518075.502691, -274.0
1574518075.821892, -274.0
1574518076.147702, -274.0
1574518076.463014, -274.0
1574518076.813389, -274.0
1574518077.226343, -274.0
1574518077.651704, -274.0
1574518078.109117, -274.0
1574518078.570099, -274.0
1574518078.983917, -274.0
1574518079.341964, -274.0
1574518079.690869, -274.0
1574518079.977634, -274.0
1574518080.291311, -274.0
1574518080.564553, -274.0
1574518080.858768, -274.0
1574518081.142912, -274.0
1574518081.458631, -274.0
1574518081.73866, -274.0
1574518082.017522, -274.0
1574518082.287557, -274.0
1574518082.554714, -274.0
1574518082.837175, -274.0
1574518083.112731, -274.0
1574518083.392271, -274.0
1574518083.688837, -274.0
1574518083.981003, -274.0
1574518084.309969, -274.0
1574518084.655318, -274.0
1574518085.03301, -274.0
1574518085.396878, -274.0
1574518085.716331, -274.0
1574518086.008625, -274.0
1574518086.437526, -274.0
1574518086.798902, -274.0
1574518087.160237, -274.0
1574518087.515315, -274.0
1574518087.849373, -274.0
1574518088.179547, -274.0
1574518088.474649, -274.0
1574518088.76975, -274.0
1574518089.065535, -274.0
1574518089.448194, -274.0
1574518089.823486, -274.0
1574518090.196966, -274.0
1574518090.569341, -274.0
1574518090.866243, -274.0
1574518091.182084, -274.0
1574518091.460333, -274.0
1574518091.756583, -274.0
1574518092.060567, -274.0
1574518092.382899, -274.0
1574518092.654951, -274.0
1574518092.999612, -274.0
1574518093.377572, -274.0
1574518093.681908, -274.0
1574518094.045173, -274.0
1574518094.367785, -274.0
1574518094.609822, -274.0
1574518094.829265, -274.0
1574518095.041426, -274.0
1574518095.269589, -274.0
1574518095.4899, -274.0
1574518095.706217, -274.0
1574518095.903434, -274.0
1574518096.280309, -274.0
1574518096.67407, -274.0
1574518097.049988, -274.0
1574518097.441498, -274.0
1574518097.844753, -274.0
1574518098.233283, -274.0
1574518098.622721, -274.0
1574518099.035088, -274.0
1574518099.423273, -274.0
1574518099.842302, -274.0
1574518100.244848, -274.0
1574518100.629975, -274.0
1574518101.037688, -274.0
1574518101.441191, -274.0
1574518101.817459, -274.0
1574518102.200927, -274.0
1574518102.559531, -274.0
1574518102.815927, -274.0
1574518103.045968, -274.0
1574518103.263472, -274.0
1574518103.486722, -274.0
1574518103.706997, -274.0
1574518103.970756, -274.0
1574518104.193971, -274.0
1574518104.412969, -274.0
1574518104.608135, -274.0
1574518104.953754, -274.0
1574518105.364247, -274.0
1574518105.751597, -274.0
1574518106.144077, -274.0
1574518106.528592, -274.0
1574518106.924962, -274.0
1574518107.326191, -274.0
1574518107.686847, -274.0
1574518108.090341, -274.0
1574518108.45288, -274.0
1574518108.666489, -274.0
1574518108.983139, -274.0
1574518109.302052, -274.0
1574518109.554313, -274.0
1574518109.77896, -274.0
1574518110.003405, -274.0
1574518110.252015, -274.0
1574518110.471204, -274.0
1574518110.684521, -274.0
1574518110.897714, -274.0
1574518111.267628, -274.0
1574518111.664282, -274.0
1574518112.018519, -274.0
1574518112.374565, -274.0
1574518112.660897, -274.0
1574518112.979487, -274.0
1574518113.292543, -274.0
1574518113.536293, -274.0
1574518113.769357, -274.0
1574518114.157848, -274.0
1574518114.535045, -274.0
1574518114.907165, -274.0
1574518115.269446, -274.0
1574518115.624135, -274.0
1574518116.023891, -274.0
1574518116.353741, -274.0
1574518116.714727, -274.0
1574518117.117713, -274.0
1574518117.515914, -274.0
1574518117.912477, -274.0
1574518118.290236, -274.0
1574518118.663628, -274.0
1574518119.040943, -274.0
1574518119.354664, -274.0
1574518119.705318, -274.0
1574518120.022199, -274.0
1574518120.360027, -274.0
1574518120.679173, -274.0
1574518120.940199, -274.0
1574518121.312618, -274.0
1574518121.557977, -274.0
1574518121.846935, -274.0
1574518122.236352, -274.0
1574518122.594608, -274.0
1574518122.969882, -274.0
1574518123.373342, -274.0
1574518123.771396, -274.0
1574518124.115485, -274.0
1574518124.484399, -274.0
1574518124.868523, -274.0
1574518125.235394, -274.0
1574518125.635176, -274.0
1574518125.999302, -274.0
1574518126.392465, -274.0
1574518126.756838, -274.0
1574518127.083385, -274.0
1574518127.446445, -274.0
1574518127.835226, -274.0
1574518128.165957, -274.0
1574518128.470222, -274.0
1574518128.811964, -274.0
1574518129.196351, -274.0
1574518129.585466, -274.0
1574518129.88508, -274.0
1574518130.153905, -274.0
1574518130.404489, -274.0
1574518130.64617, -274.0
1574518130.879142, -274.0
1574518131.112731, -274.0
1574518131.364196, -274.0
1574518131.608386, -274.0
1574518131.972753, -274.0
1574518132.347768, -274.0
1574518132.656355, -274.0
1574518132.990154, -274.0
1574518133.336271, -274.0
1574518133.662494, -274.0
1574518133.956442, -274.0
1574518134.232189, -274.0
1574518134.48966, -274.0
1574518134.696335, -274.0
1574518134.910989, -274.0
1574518135.144558, -274.0
1574518135.436824, -274.0
1574518135.689709, -274.0
1574518135.910903, -274.0
1574518136.146449, -274.0
1574518136.368996, -274.0
1574518136.601757, -274.0
1574518136.810489, -274.0
1574518137.046371, -274.0
1574518137.272458, -274.0
1574518052.679738, -274.0
1574518052.706054, -274.0
1574518052.732629, -274.0
1574518052.757354, -274.0
1574518052.782274, -274.0
1574518052.811584, -274.0
1574518053.489483, -274.0
1574518053.762628, -274.0
1574518054.040947, -274.0
1574518054.317229, -274.0
1574518054.610896, -274.0
1574518054.888788, -274.0
1574518055.155925, -274.0
1574518055.457275, -274.0
1574518055.776722, -274.0
1574518056.075962, -274.0
1574518056.376571, -274.0
1574518056.664553, -274.0
1574518056.922104, -274.0
1574518057.210844, -274.0
1574518057.484783, -274.0
1574518057.753438, -274.0
1574518058.029039, -274.0
1574518058.309557, -274.0
1574518058.589814, -274.0
1574518058.878327, -274.0
1574518059.221826, -274.0
1574518059.574046, -274.0
1574518059.94353, -274.0
1574518060.312048, -274.0
1574518060.679629, -274.0
1574518060.966229, -274.0
1574518061.266141, -274.0
1574518061.537114, -274.0
1574518061.808528, -274.0
1574518062.108724, -274.0
1574518062.385123, -274.0
1574518062.660949, -274.0
1574518062.925268, -274.0
1574518063.204689, -274.0
1574518063.477014, -274.0
1574518063.782385, -274.0
1574518064.043731, -274.0
1574518064.340318, -274.0
1574518064.636538, -274.0
1574518064.945838, -274.0
1574518065.330754, -274.0
1574518065.706459, -274.0
1574518066.070461, -274.0
1574518066.436521, -274.0
1574518066.799955, -274.0
1574518067.169064, -274.0
1574518067.554077, -274.0
1574518067.916809, -274.0
1574518068.305081, -274.0
1574518068.655855, -274.0
1574518069.014333, -274.0
1574518069.382653, -274.0
1574518069.731244, -274.0
1574518070.108791, -274.0
1574518070.45513, -274.0
1574518070.794592, -274.0
1574518071.120286, -274.0
1574518071.464734, -274.0
1574518071.836114, -274.0
1574518072.181112, -274.0
1574518072.465314, -274.0
1574518072.729261, -274.0
1574518073.03102, -274.0
1574518073.320246, -274.0
1574518073.673474, -274.0
1574518074.05272, -274.0
1574518074.417701, -274.0
1574518074.758225, -274.0
1574518075.065903, -274.0
1574518075.447347, -274.0
1574518075.815137, -274.0
1574518076.097888, -274.0
1574518076.410337, -274.0
1574518076.658137, -274.0
1574518076.912539, -274.0
1574518077.174067, -274.0
1574518077.465646, -274.0
1574518077.809404, -274.0
1574518078.140948, -274.0
1574518078.454347, -274.0
1574518078.765299, -274.0
1574518079.066063, -274.0
1574518079.397522, -274.0
1574518079.73708, -274.0
1574518080.072344, -274.0
1574518080.38636, -274.0
1574518080.674241, -274.0
1574518080.959573, -274.0
1574518081.232816, -274.0
1574518081.526674, -274.0
1574518081.80427, -274.0
1574518082.10387, -274.0
1574518082.386739, -274.0
1574518082.756813, -274.0
1574518083.123466, -274.0
1574518083.529708, -274.0
1574518083.881797, -274.0
1574518084.273047, -274.0
1574518084.604883, -274.0
1574518084.895185, -274.0
1574518085.22655, -274.0
1574518085.554381, -274.0
1574518085.876143, -274.0
1574518086.228819, -274.0
1574518086.584569, -274.0
1574518086.914294, -274.0
1574518087.232623, -274.0
1574518087.608425, -274.0
1574518087.991216, -274.0
1574518088.306663, -274.0
1574518088.66991, -274.0
1574518089.002062, -274.0
1574518089.343285, -274.0
1574518089.635929, -274.0
1574518089.923963, -274.0
1574518090.252865, -274.0
1574518090.554322, -274.0
1574518090.850317, -274.0
1574518091.193111, -274.0
1574518091.566017, -274.0
1574518091.968639, -274.0
1574518092.358555, -274.0
1574518092.758241, -274.0
1574518093.090613, -274.0
1574518093.408014, -274.0
1574518093.727862, -274.0
1574518094.043401, -274.0
1574518094.304067, -274.0
1574518094.546369, -274.0
1574518094.896376, -274.0
1574518095.238303, -274.0
1574518095.629019, -274.0
1574518096.030591, -274.0
1574518096.404605, -274.0
1574518096.81162, -274.0
1574518097.192766, -274.0
1574518097.565577, -274.0
1574518097.940999, -274.0
1574518098.338673, -274.0
1574518098.755259, -274.0
1574518099.142598, -274.0
1574518099.540009, -274.0
1574518099.911573, -274.0
1574518100.317383, -274.0
1574518100.65273, -274.0
1574518101.045591, -274.0
1574518101.418771, -274.0
1574518101.791154, -274.0
1574518102.170248, -274.0
1574518102.571291, -274.0
1574518102.951693, -274.0
1574518103.304579, -274.0
1574518103.628552, -274.0
1574518103.891815, -274.0
1574518104.147316, -274.0
1574518104.466976, -274.0
1574518104.817063, -274.0
1574518105.144119, -274.0
1574518105.409745, -274.0
1574518105.635021, -274.0
1574518105.855093, -274.0
1574518106.064431, -274.0
1574518106.392601, -274.0
1574518106.623721, -274.0
1574518106.846336, -274.0
1574518107.07601, -274.0
1574518107.303829, -274.0
1574518107.529921, -274.0
1574518107.738538, -274.0
1574518107.949496, -274.0
1574518108.191024, -274.0
1574518108.415407, -274.0
1574518108.629522, -274.0
1574518108.855694, -274.0
1574518109.07341, -274.0
1574518109.29311, -274.0
1574518109.510653, -274.0
1574518109.723979, -274.0
1574518109.958201, -274.0
1574518110.206431, -274.0
1574518110.43059, -274.0
1574518110.650118, -274.0
1574518110.888476, -274.0
1574518111.115238, -274.0
1574518111.339972, -274.0
1574518111.576259, -274.0
1574518111.790392, -274.0
1574518111.995457, -274.0
1574518112.198477, -274.0
1574518112.439481, -274.0
1574518112.648661, -274.0
1574518112.869619, -274.0
1574518113.098205, -274.0
1574518113.330589, -274.0
1574518113.551991, -274.0
1574518113.772327, -274.0
1574518113.990034, -274.0
1574518114.226678, -274.0
1574518114.451433, -274.0
1574518114.6654, -274.0
1574518114.885633, -274.0
1574518115.094958, -274.0
1574518115.335788, -274.0
1574518115.560979, -274.0
1574518115.788364, -274.0
1574518116.114283, -274.0
1574518116.546593, -274.0
1574518116.942226, -274.0
1574518117.325568, -274.0
1574518117.627078, -274.0
1574518117.896307, -274.0
1574518118.233778, -274.0
1574518118.559807, -274.0
1574518118.950958, -274.0
1574518119.353261, -274.0
1574518119.78227, -274.0
1574518120.15106, -274.0
1574518120.541507, -274.0
1574518120.902605, -274.0
1574518121.244383, -274.0
1574518121.583874, -274.0
1574518121.940208, -274.0
1574518122.339574, -274.0
1574518122.724134, -274.0
1574518123.121867, -274.0
1574518123.524075, -274.0
1574518123.898624, -274.0
1574518124.313724, -274.0
1574518124.705065, -274.0
1574518125.093159, -274.0
1574518125.502991, -274.0
1574518125.916721, -274.0
1574518126.314657, -274.0
1574518126.700017, -274.0
1574518127.089073, -274.0
1574518127.454161, -274.0
1574518127.849938, -274.0
1574518128.244434, -274.0
1574518128.617076, -274.0
1574518128.978019, -274.0
1574518129.338282, -274.0
1574518129.696196, -274.0
1574518130.082562, -274.0
1574518130.464237, -274.0
1574518053.24651, -274.0
1574518053.274272, -274.0
1574518053.825916, -274.0
1574518054.182099, -274.0
1574518054.701138, -274.0
1574518054.728843, -274.0
1574518055.144985, -274.0
1574518055.465323, -274.0
1574518055.794542, -274.0
1574518056.131268, -274.0
1574518056.447173, -274.0
1574518056.816542, -274.0
1574518057.197578, -274.0
1574518057.572852, -274.0
1574518057.963455, -274.0
1574518058.325279, -274.0
1574518058.700168, -274.0
1574518059.080622, -274.0
1574518059.482521, -274.0
1574518059.925874, -274.0
1574518060.310748, -274.0
1574518060.715232, -274.0
1574518061.075673, -274.0
1574518061.463065, -274.0
1574518061.769333, -274.0
1574518062.106, -274.0
1574518062.477837, -274.0
1574518062.775694, -274.0
1574518063.090797, -274.0
1574518063.387082, -274.0
1574518063.756006, -274.0
1574518064.14785, -274.0
1574518064.512778, -274.0
1574518064.926573, -274.0
1574518065.301284, -274.0
1574518065.682594, -274.0
1574518066.067696, -274.0
1574518066.453285, -274.0
1574518066.8103, -274.0
1574518067.175871, -274.0
1574518067.543107, -274.0
1574518067.941278, -274.0
1574518068.270971, -274.0
1574518068.706809, -274.0
1574518069.074356, -274.0
1574518069.450308, -274.0
1574518069.834879, -274.0
1574518070.200583, -274.0
1574518070.59637, -274.0
1574518071.025137, -274.0
1574518071.432445, -274.0
1574518071.809637, -274.0
1574518072.18196, -274.0
1574518072.604133, -274.0
1574518072.992372, -274.0
1574518073.368767, -274.0
1574518073.682154, -274.0
1574518074.014362, -274.0
1574518074.349058, -274.0
1574518074.640946, -274.0
1574518074.928713, -274.0
1574518075.209098, -274.0
1574518075.521391, -274.0
1574518075.894246, -274.0
1574518076.256437, -274.0
1574518076.650769, -274.0
1574518077.068889, -274.0
1574518077.426178, -274.0
1574518077.752649, -274.0
1574518078.108921, -274.0
1574518078.414908, -274.0
1574518078.757265, -274.0
1574518079.063506, -274.0
1574518079.40105, -274.0
1574518079.722101, -274.0
1574518080.067627, -274.0
1574518080.367028, -274.0
1574518080.675562, -274.0
1574518080.983277, -274.0
1574518081.291643, -274.0
1574518081.617631, -274.0
1574518081.93096, -274.0
1574518082.211006, -274.0
1574518082.486194, -274.0
1574518082.754116, -274.0
1574518083.061512, -274.0
1574518083.379789, -274.0
1574518083.747479, -274.0
1574518084.143169, -274.0
1574518084.483164, -274.0
1574518084.805183, -274.0
1574518085.224231, -274.0
1574518085.598965, -274.0
1574518085.958217, -274.0
1574518086.282165, -274.0
1574518086.580157, -274.0
1574518086.880335, -274.0
1574518087.205793, -274.0
1574518087.539632, -274.0
1574518087.81235, -274.0
1574518088.195481, -274.0
1574518088.564555, -274.0
1574518088.953956, -274.0
1574518089.321172, -274.0
1574518089.641827, -274.0
1574518089.97334, -274.0
1574518090.291913, -274.0
1574518090.610578, -274.0
1574518090.915437, -274.0
1574518091.223901, -274.0
1574518091.478101, -274.0
1574518091.815222, -274.0
1574518092.203332, -274.0
1574518092.515231, -274.0
1574518092.866885, -274.0
1574518093.215095, -274.0
1574518093.54199, -274.0
1574518093.844774, -274.0
1574518094.143641, -274.0
1574518094.454349, -274.0
1574518094.777757, -274.0
1574518095.131654, -274.0
1574518095.462374, -274.0
1574518095.784423, -274.0
1574518096.105575, -274.0
1574518096.442891, -274.0
1574518096.773898, -274.0
1574518097.108682, -274.0
1574518097.426555, -274.0
1574518097.728031, -274.0
1574518098.022232, -274.0
1574518098.328816, -274.0
1574518098.651467, -274.0
1574518098.967117, -274.0
1574518099.258704, -274.0
1574518099.575233, -274.0
1574518099.899797, -274.0
1574518100.194112, -274.0
1574518100.484791, -274.0
1574518100.773519, -274.0
1574518101.014933, -274.0
1574518101.252652, -274.0
1574518101.480441, -274.0
1574518101.69123, -274.0
1574518101.942023, -274.0
1574518102.319402, -274.0
1574518102.670602, -274.0
1574518102.984017, -274.0
1574518103.252091, -274.0
1574518103.610049, -274.0
1574518104.047223, -274.0
1574518104.454652, -274.0
1574518104.840623, -274.0
1574518105.190285, -274.0
1574518105.583482, -274.0
1574518105.921708, -274.0
1574518106.177105, -274.0
1574518106.428304, -274.0
1574518106.753781, -274.0
1574518107.138114, -274.0
1574518107.514838, -274.0
1574518107.881653, -274.0
1574518108.215665, -274.0
1574518108.547795, -274.0
1574518108.949469, -274.0
1574518109.356176, -274.0
1574518109.726064, -274.0
1574518110.041998, -274.0
1574518110.398222, -274.0
1574518110.718039, -274.0
1574518110.982572, -274.0
1574518111.215258, -274.0
1574518111.447732, -274.0
1574518111.663399, -274.0
1574518111.882591, -274.0
1574518112.097019, -274.0
1574518112.32016, -274.0
1574518112.541243, -274.0
1574518112.774934, -274.0
1574518113.025047, -274.0
1574518113.258945, -274.0
1574518113.472716, -274.0
1574518113.675949, -274.0
1574518113.963246, -274.0
1574518114.260762, -274.0
1574518114.541642, -274.0
1574518114.755022, -274.0
1574518114.981982, -274.0
1574518115.208972, -274.0
1574518115.57098, -274.0
1574518115.912301, -274.0
1574518116.250472, -274.0
1574518116.560562, -274.0
1574518116.854415, -274.0
1574518117.184087, -274.0
1574518117.502972, -274.0
1574518117.890852, -274.0
1574518118.298021, -274.0
1574518118.71893, -274.0
1574518119.117659, -274.0
1574518119.51649, -274.0
1574518119.911861, -274.0
1574518120.295213, -274.0
1574518120.699258, -274.0
1574518121.024272, -274.0
1574518121.263039, -274.0
1574518121.638178, -274.0
1574518122.034803, -274.0
1574518122.389775, -274.0
1574518122.740466, -274.0
1574518123.068618, -274.0
1574518123.401006, -274.0
1574518123.77443, -274.0
1574518124.150003, -274.0
1574518124.517748, -274.0
1574518124.900053, -274.0
1574518125.30965, -274.0
1574518125.70453, -274.0
1574518126.103624, -274.0
1574518126.524146, -274.0
1574518126.952413, -274.0
1574518127.356801, -274.0
1574518127.736782, -274.0
1574518128.14616, -274.0
1574518128.552249, -274.0
1574518128.942111, -274.0
1574518129.354852, -274.0
1574518129.698795, -274.0
1574518130.074771, -274.0
1574518130.428023, -274.0
1574518130.797822, -274.0
1574518131.179134, -274.0
1574518131.581856, -274.0
1574518131.965042, -274.0
1574518132.376383, -274.0
1574518132.725368, -274.0
1574518132.968446, -274.0
1574518133.260329, -274.0
1574518133.630258, -274.0
1574518133.991928, -274.0
1574518134.402458, -274.0
1574518134.806358, -274.0
1574518135.196262, -274.0
1574518135.574439, -274.0
1574518135.991656, -274.0
1574518136.394039, -274.0
1574518136.754027, -274.0
1574518137.100108, -274.0
1574518137.480237, -274.0
1574518137.853151, -274.0
1574518053.363971, -274.0
1574518053.39176, -274.0
1574518053.94409, -274.0
1574518054.253384, -274.0
1574518054.699501, -274.0
1574518054.727531, -274.0
1574518055.126402, -274.0
1574518055.476358, -274.0
1574518055.811703, -274.0
1574518056.165146, -274.0
1574518056.497563, -274.0
1574518056.874104, -274.0
1574518057.284244, -274.0
1574518057.665396, -274.0
1574518058.077706, -274.0
1574518058.463176, -274.0
1574518058.861376, -274.0
1574518059.267371, -274.0
1574518059.69241, -274.0
1574518060.142509, -274.0
1574518060.546518, -274.0
1574518060.976938, -274.0
1574518061.364265, -274.0
1574518061.779655, -274.0
1574518062.082052, -274.0
1574518062.391936, -274.0
1574518062.761868, -274.0
1574518063.08168, -274.0
1574518063.421676, -274.0
1574518063.737521, -274.0
1574518064.138964, -274.0
1574518064.558798, -274.0
1574518064.943905, -274.0
1574518065.388497, -274.0
1574518065.776372, -274.0
1574518066.180961, -274.0
1574518066.591516, -274.0
1574518067.006073, -274.0
1574518067.39036, -274.0
1574518067.780875, -274.0
1574518068.173699, -274.0
1574518068.59863, -274.0
1574518068.948288, -274.0
1574518069.373631, -274.0
1574518069.718349, -274.0
1574518070.067701, -274.0
1574518070.428375, -274.0
1574518070.770323, -274.0
1574518071.14089, -274.0
1574518071.540472, -274.0
1574518071.915893, -274.0
1574518072.268878, -274.0
1574518072.612409, -274.0
1574518072.983891, -274.0
1574518073.346248, -274.0
1574518073.701954, -274.0
1574518074.01787, -274.0
1574518074.376877, -274.0
1574518074.738092, -274.0
1574518075.053292, -274.0
1574518075.364794, -274.0
1574518075.66762, -274.0
1574518076.008867, -274.0
1574518076.423141, -274.0
1574518076.810255, -274.0
1574518077.231778, -274.0
1574518077.673364, -274.0
1574518078.058327, -274.0
1574518078.399674, -274.0
1574518078.734956, -274.0
1574518079.017061, -274.0
1574518079.331698, -274.0
1574518079.615737, -274.0
1574518079.915791, -274.0
1574518080.205436, -274.0
1574518080.532221, -274.0
1574518080.825441, -274.0
1574518081.105892, -274.0
1574518081.372854, -274.0
1574518081.634367, -274.0
1574518081.932607, -274.0
1574518082.211774, -274.0
1574518082.483679, -274.0
1574518082.775077, -274.0
1574518083.062148, -274.0
1574518083.384384, -274.0
1574518083.722862, -274.0
1574518084.093614, -274.0
1574518084.457684, -274.0
1574518084.791231, -274.0
1574518085.102223, -274.0
1574518085.525071, -274.0
1574518085.89715, -274.0
1574518086.250685, -274.0
1574518086.600213, -274.0
1574518086.921221, -274.0
1574518087.246011, -274.0
1574518087.541564, -274.0
1574518087.836773, -274.0
1574518088.125519, -274.0
1574518088.509849, -274.0
1574518088.873155, -274.0
1574518089.254499, -274.0
1574518089.628989, -274.0
1574518089.924114, -274.0
1574518090.244035, -274.0
1574518090.530388, -274.0
1574518090.83351, -274.0
1574518091.137829, -274.0
1574518091.473071, -274.0
1574518091.731508, -274.0
1574518092.061291, -274.0
1574518092.427058, -274.0
1574518092.759926, -274.0
1574518093.13811, -274.0
1574518093.506205, -274.0
1574518093.846485, -274.0
1574518094.172968, -274.0
1574518094.500115, -274.0
1574518094.831629, -274.0
1574518095.182433, -274.0
1574518095.492137, -274.0
1574518095.789512, -274.0
1574518096.081916, -274.0
1574518096.371922, -274.0
1574518096.678241, -274.0
1574518096.982095, -274.0
1574518097.287468, -274.0
1574518097.578527, -274.0
1574518097.844241, -274.0
1574518098.114575, -274.0
1574518098.399386, -274.0
1574518098.698711, -274.0
1574518098.988987, -274.0
1574518099.257545, -274.0
1574518099.554854, -274.0
1574518099.846386, -274.0
1574518100.128792, -274.0
1574518100.406049, -274.0
1574518100.652742, -274.0
1574518100.889632, -274.0
1574518101.127921, -274.0
1574518101.355693, -274.0
1574518101.563128, -274.0
1574518101.790298, -274.0
1574518102.065552, -274.0
1574518102.298528, -274.0
1574518102.534327, -274.0
1574518102.757309, -274.0
1574518102.974161, -274.0
1574518103.196364, -274.0
1574518103.418875, -274.0
1574518103.644948, -274.0
1574518103.875967, -274.0
1574518104.255672, -274.0
1574518104.667707, -274.0
1574518105.051806, -274.0
1574518105.45339, -274.0
1574518105.821187, -274.0
1574518106.208967, -274.0
1574518106.605052, -274.0
1574518106.981595, -274.0
1574518107.323111, -274.0
1574518107.60301, -274.0
1574518107.879873, -274.0
1574518108.229915, -274.0
1574518108.599983, -274.0
1574518108.984057, -274.0
1574518109.340094, -274.0
1574518109.646648, -274.0
1574518109.915271, -274.0
1574518110.147874, -274.0
1574518110.389694, -274.0
1574518110.614723, -274.0
1574518110.833197, -274.0
1574518111.046875, -274.0
1574518111.26807, -274.0
1574518111.488847, -274.0
1574518111.719678, -274.0
1574518111.960962, -274.0
1574518112.190197, -274.0
1574518112.406472, -274.0
1574518112.613444, -274.0
1574518112.917595, -274.0
1574518113.235533, -274.0
1574518113.506133, -274.0
1574518113.71496, -274.0
1574518113.95098, -274.0
1574518114.176119, -274.0
1574518114.546358, -274.0
1574518114.979104, -274.0
1574518115.345484, -274.0
1574518115.730881, -274.0
1574518116.111085, -274.0
1574518116.516046, -274.0
1574518116.935021, -274.0
1574518117.348736, -274.0
1574518117.752144, -274.0
1574518118.097641, -274.0
1574518118.476009, -274.0
1574518118.823513, -274.0
1574518119.151563, -274.0
1574518119.484823, -274.0
1574518119.829412, -274.0
1574518120.203433, -274.0
1574518120.606035, -274.0
1574518120.912239, -274.0
1574518121.130632, -274.0
1574518121.446425, -274.0
1574518121.796069, -274.0
1574518122.096924, -274.0
1574518122.400079, -274.0
1574518122.788212, -274.0
1574518123.171773, -274.0
1574518123.553751, -274.0
1574518123.967788, -274.0
1574518124.382078, -274.0
1574518124.793924, -274.0
1574518125.184366, -274.0
1574518125.606696, -274.0
1574518126.024021, -274.0
1574518126.413825, -274.0
1574518126.787847, -274.0
1574518127.183348, -274.0
1574518127.601368, -274.0
1574518127.996767, -274.0
1574518128.409765, -274.0
1574518128.803568, -274.0
1574518129.197622, -274.0
1574518129.574981, -274.0
1574518129.94631, -274.0
1574518130.321299, -274.0
1574518130.712989, -274.0
1574518131.075927, -274.0
1574518131.49919, -274.0
1574518131.834078, -274.0
1574518132.081438, -274.0
1574518132.37851, -274.0
1574518132.744025, -274.0
1574518133.117899, -274.0
1574518133.498317, -274.0
1574518133.886193, -274.0
1574518134.3081, -274.0
1574518134.746114, -274.0
1574518135.169217, -274.0
1574518135.583278, -274.0
1574518135.985862, -274.0
1574518136.384626, -274.0
1574518136.765847, -274.0
1574518137.192465, -274.0
1574518130.882543, -274.0
1574518131.322317, -274.0
1574518131.769483, -274.0
1574518132.204281, -274.0
1574518132.597529, -274.0
1574518132.857876, -274.0
1574518133.081638, -274.0
1574518133.310078, -274.0
1574518133.550899, -274.0
1574518133.790916, -274.0
1574518133.999216, -274.0
1574518134.21552, -274.0
1574518134.415888, -274.0
1574518134.633823, -274.0
1574518134.851487, -274.0
1574518135.068476, -274.0
1574518135.27789, -274.0
1574518135.62751, -274.0
1574518135.996272, -274.0
1574518136.383476, -274.0
1574518136.77972, -274.0
1574518137.180286, -274.0
1574518137.566677, -274.0
1574518137.975869, -274.0
1574518138.366246, -274.0
1574518138.764643, -274.0
1574518139.15855, -274.0
1574518139.550526, -274.0
1574518139.956488, -274.0
1574518140.367077, -274.0
1574518140.762164, -274.0
1574518141.193094, -274.0
1574518141.614375, -274.0
1574518142.004257, -274.0
1574518142.417675, -274.0
1574518142.809776, -274.0
1574518143.146096, -274.0
1574518143.363511, -274.0
1574518143.592359, -274.0
1574518143.815414, -274.0
1574518144.191258, -274.0
1574518144.591723, -274.0
1574518145.01087, -274.0
1574518145.42188, -274.0
1574518145.814486, -274.0
1574518146.226535, -274.0
1574518146.598684, -274.0
1574518146.985697, -274.0
1574518147.427195, -274.0
1574518147.825629, -274.0
1574518148.236028, -274.0
1574518148.633194, -274.0
1574518149.047908, -274.0
1574518149.432747, -274.0
1574518149.864037, -274.0
1574518150.262558, -274.0
1574518150.680204, -274.0
1574518151.087258, -274.0
1574518151.502546, -274.0
1574518151.929763, -274.0
1574518152.330605, -274.0
1574518152.699573, -274.0
1574518152.963682, -274.0
1574518153.196141, -274.0
1574518153.411386, -274.0
1574518153.616001, -274.0
1574518153.852075, -274.0
1574518154.084541, -274.0
1574518154.299336, -274.0
1574518154.525482, -274.0
1574518154.748984, -274.0
1574518154.970684, -274.0
1574518155.198576, -274.0
1574518155.419002, -274.0
1574518155.637849, -274.0
1574518155.859574, -274.0
1574518156.105252, -274.0
1574518156.3378, -274.0
1574518156.546184, -274.0
1574518156.837417, -274.0
1574518157.214625, -274.0
1574518157.573879, -274.0
1574518158.025999, -274.0
1574518158.46241, -274.0
1574518158.827068, -274.0
1574518159.23825, -274.0
1574518159.608159, -274.0
1574518160.001215, -274.0
1574518160.376403, -274.0
1574518160.764749, -274.0
1574518161.147695, -274.0
1574518161.548802, -274.0
1574518161.934438, -274.0
1574518162.325398, -274.0
1574518162.741512, -274.0
1574518163.140619, -274.0
1574518163.534168, -274.0
1574518163.926341, -274.0
1574518164.232504, -274.0
1574518164.477802, -274.0
1574518164.725986, -274.0
1574518165.007692, -274.0
1574518165.299611, -274.0
1574518165.706204, -274.0
1574518166.131909, -274.0
1574518166.504898, -274.0
1574518166.893633, -274.0
1574518167.242781, -274.0
1574518167.624849, -274.0
1574518167.997126, -274.0
1574518168.365915, -274.0
1574518168.765407, -274.0
1574518169.105468, -274.0
1574518169.473041, -274.0
1574518169.822746, -274.0
1574518170.188369, -274.0
1574518170.572449, -274.0
1574518170.928487, -274.0
1574518171.334303, -274.0
1574518171.724059, -274.0
1574518172.120608, -274.0
1574518172.516624, -274.0
1574518172.91228, -274.0
1574518173.311882, -274.0
1574518173.674855, -274.0
1574518174.106482, -274.0
1574518174.503396, -274.0
1574518174.912051, -274.0
1574518175.32184, -274.0
1574518175.731612, -274.0
1574518176.107908, -274.0
1574518176.509671, -274.0
1574518176.894466, -274.0
1574518177.30448, -274.0
1574518177.69395, -274.0
1574518178.098618, -274.0
1574518178.33389, -274.0
1574518178.559214, -274.0
1574518178.789404, -274.0
1574518179.011649, -274.0
1574518179.241285, -274.0
1574518179.498149, -274.0
1574518179.831755, -274.0
1574518180.159397, -274.0
1574518180.536288, -274.0
1574518180.929282, -274.0
1574518181.308853, -274.0
1574518181.682052, -274.0
1574518182.100533, -274.0
1574518182.458488, -274.0
1574518182.739662, -274.0
1574518182.965773, -274.0
1574518183.362373, -274.0
1574518183.739892, -274.0
1574518184.146888, -274.0
1574518184.530021, -274.0
1574518184.959952, -274.0
1574518185.370936, -274.0
1574518185.762897, -274.0
1574518186.155592, -274.0
1574518186.533053, -274.0
1574518186.925673, -274.0
1574518187.300413, -274.0
1574518187.707753, -274.0
1574518188.116291, -274.0
1574518188.51093, -274.0
1574518188.90007, -274.0
1574518189.278787, -274.0
1574518189.662051, -274.0
1574518190.024726, -274.0
1574518190.403316, -274.0
1574518190.798944, -274.0
1574518191.186044, -274.0
1574518191.576921, -274.0
1574518191.934191, -274.0
1574518192.292931, -274.0
1574518192.593718, -274.0
1574518192.942618, -274.0
1574518193.259968, -274.0
1574518193.51354, -274.0
1574518193.732481, -274.0
1574518193.968757, -274.0
1574518194.187008, -274.0
1574518194.410654, -274.0
1574518194.649235, -274.0
1574518194.866857, -274.0
1574518195.081592, -274.0
1574518195.311537, -274.0
1574518195.555723, -274.0
1574518195.774399, -274.0
1574518196.009014, -274.0
1574518196.22956, -274.0
1574518196.472747, -274.0
1574518196.706049, -274.0
1574518196.939072, -274.0
1574518197.167222, -274.0
1574518197.43417, -274.0
1574518197.740389, -274.0
1574518197.969322, -274.0
1574518198.337173, -274.0
1574518198.693224, -274.0
1574518198.975626, -274.0
1574518199.221878, -274.0
1574518199.456822, -274.0
1574518199.690675, -274.0
1574518199.931504, -274.0
1574518200.158728, -274.0
1574518200.399835, -274.0
1574518200.633349, -274.0
1574518200.868716, -274.0
1574518201.0962, -274.0
1574518201.341643, -274.0
1574518201.5547, -274.0
1574518201.764163, -274.0
1574518201.976836, -274.0
1574518202.201919, -274.0
1574518202.407915, -274.0
1574518202.624881, -274.0
1574518202.875051, -274.0
1574518203.153003, -274.0
1574518203.463586, -274.0
1574518203.845398, -274.0
1574518204.188076, -274.0
1574518204.519356, -274.0
1574518204.847509, -274.0
1574518205.112486, -274.0
1574518205.403319, -274.0
1574518205.625374, -274.0
1574518205.941281, -274.0
1574518206.285672, -274.0
1574518206.635123, -274.0
1574518206.982277, -274.0
1574518207.327088, -274.0
1574518207.678116, -274.0
1574518208.001576, -274.0
1574518208.326124, -274.0
1574518208.639245, -274.0
1574518208.869078, -274.0
1574518209.100138, -274.0
1574518209.319516, -274.0
1574518209.650223, -274.0
1574518209.874135, -274.0
1574518210.084573, -274.0
1574518210.419296, -274.0
1574518210.733758, -274.0
1574518211.011147, -274.0
1574518211.322068, -274.0
1574518211.591244, -274.0
1574518211.838584, -274.0
1574518212.068274, -274.0
1574518137.432348, -274.0
1574518137.659841, -274.0
1574518137.686879, -274.0
1574518137.715258, -274.0
1574518137.744418, -274.0
1574518137.773504, -274.0
1574518137.8024, -274.0
1574518137.83156, -274.0
1574518137.858, -274.0
1574518138.339651, -274.0
1574518138.734299, -274.0
1574518139.271018, -274.0
1574518139.29814, -274.0
1574518139.858072, -274.0
1574518139.887053, -274.0
1574518139.915938, -274.0
1574518139.94467, -274.0
1574518139.973923, -274.0
1574518140.00325, -274.0
1574518140.032364, -274.0
1574518140.060934, -274.0
1574518140.089914, -274.0
1574518140.825369, -274.0
1574518141.743754, -274.0
1574518141.770945, -274.0
1574518141.800245, -274.0
1574518141.829304, -274.0
1574518141.858092, -274.0
1574518141.887481, -274.0
1574518142.521658, -274.0
1574518143.080757, -274.0
1574518143.474333, -274.0
1574518143.871417, -274.0
1574518144.270426, -274.0
1574518144.667894, -274.0
1574518145.059087, -274.0
1574518145.441602, -274.0
1574518145.845997, -274.0
1574518146.265602, -274.0
1574518146.658587, -274.0
1574518147.230859, -274.0
1574518147.617675, -274.0
1574518147.933179, -274.0
1574518148.145333, -274.0
1574518148.355031, -274.0
1574518148.565521, -274.0
1574518148.783674, -274.0
1574518149.00625, -274.0
1574518149.227009, -274.0
1574518149.463666, -274.0
1574518149.673159, -274.0
1574518149.88613, -274.0
1574518150.102766, -274.0
1574518150.341582, -274.0
1574518150.573668, -274.0
1574518150.805511, -274.0
1574518151.037984, -274.0
1574518151.265368, -274.0
1574518151.481047, -274.0
1574518151.693017, -274.0
1574518152.043828, -274.0
1574518152.446443, -274.0
1574518152.848572, -274.0
1574518153.203781, -274.0
1574518153.605817, -274.0
1574518153.986155, -274.0
1574518154.378921, -274.0
1574518154.661486, -274.0
1574518154.877597, -274.0
1574518155.133503, -274.0
1574518155.350864, -274.0
1574518155.564699, -274.0
1574518155.933746, -274.0
1574518156.355205, -274.0
1574518156.738907, -274.0
1574518157.14892, -274.0
1574518157.559727, -274.0
1574518157.967762, -274.0
1574518158.360757, -274.0
1574518158.760284, -274.0
1574518159.161643, -274.0
1574518159.565797, -274.0
1574518159.976462, -274.0
1574518160.366432, -274.0
1574518160.76144, -274.0
1574518161.174355, -274.0
1574518161.556127, -274.0
1574518161.839194, -274.0
1574518162.108814, -274.0
1574518162.489618, -274.0
1574518162.834241, -274.0
1574518163.221772, -274.0
1574518163.633, -274.0
1574518163.997839, -274.0
1574518164.347938, -274.0
1574518164.720653, -274.0
1574518165.091904, -274.0
1574518165.49403, -274.0
1574518165.912857, -274.0
1574518166.314033, -274.0
1574518166.726066, -274.0
1574518166.975411, -274.0
1574518167.198675, -274.0
1574518167.411216, -274.0
1574518167.63465, -274.0
1574518167.849789, -274.0
1574518168.06694, -274.0
1574518168.298831, -274.0
1574518168.530585, -274.0
1574518168.740063, -274.0
1574518168.963341, -274.0
1574518169.17984, -274.0
1574518169.377525, -274.0
1574518169.589389, -274.0
1574518169.814467, -274.0
1574518170.024501, -274.0
1574518170.225799, -274.0
1574518170.596271, -274.0
1574518170.94715, -274.0
1574518171.332997, -274.0
1574518171.707909, -274.0
1574518172.093375, -274.0
1574518172.471826, -274.0
1574518172.858629, -274.0
1574518173.2453, -274.0
1574518173.611678, -274.0
1574518173.990483, -274.0
1574518174.282368, -274.0
1574518174.647192, -274.0
1574518174.926252, -274.0
1574518175.191944, -274.0
1574518175.463668, -274.0
1574518175.758038, -274.0
1574518176.017784, -274.0
1574518176.37767, -274.0
1574518176.758822, -274.0
1574518177.132522, -274.0
1574518177.493196, -274.0
1574518177.844137, -274.0
1574518178.217202, -274.0
1574518178.57442, -274.0
1574518178.913068, -274.0
1574518179.255854, -274.0
1574518179.630257, -274.0
1574518179.988689, -274.0
1574518180.368645, -274.0
1574518180.64734, -274.0
1574518180.926878, -274.0
1574518181.27032, -274.0
1574518181.602932, -274.0
1574518182.009719, -274.0
1574518182.356862, -274.0
1574518182.721277, -274.0
1574518183.092323, -274.0
1574518183.490369, -274.0
1574518183.918521, -274.0
1574518184.320018, -274.0
1574518184.709326, -274.0
1574518185.079605, -274.0
1574518185.465363, -274.0
1574518185.837683, -274.0
1574518186.165771, -274.0
1574518186.501195, -274.0
1574518186.741544, -274.0
1574518186.989761, -274.0
1574518187.353577, -274.0
1574518187.715754, -274.0
1574518188.113842, -274.0
1574518188.503988, -274.0
1574518188.9133, -274.0
1574518189.276736, -274.0
1574518189.652928, -274.0
1574518189.957336, -274.0
1574518190.27528, -274.0
1574518190.559189, -274.0
1574518190.874165, -274.0
1574518191.271085, -274.0
1574518191.625869, -274.0
1574518191.991158, -274.0
1574518192.369567, -274.0
1574518192.728665, -274.0
1574518193.098446, -274.0
1574518193.502525, -274.0
1574518193.858727, -274.0
1574518194.237456, -274.0
1574518194.626586, -274.0
1574518194.994024, -274.0
1574518195.353607, -274.0
1574518195.728965, -274.0
1574518196.102251, -274.0
1574518196.4838, -274.0
1574518196.877154, -274.0
1574518197.263391, -274.0
1574518197.648139, -274.0
1574518198.043286, -274.0
1574518198.43975, -274.0
1574518198.838651, -274.0
1574518199.264546, -274.0
1574518199.676152, -274.0
1574518200.053047, -274.0
1574518200.442094, -274.0
1574518200.821378, -274.0
1574518201.211202, -274.0
1574518201.596922, -274.0
1574518201.987785, -274.0
1574518202.351119, -274.0
1574518202.708353, -274.0
1574518203.051417, -274.0
1574518203.411213, -274.0
1574518203.764431, -274.0
1574518204.131267, -274.0
1574518204.535501, -274.0
1574518204.892225, -274.0
1574518205.272642, -274.0
1574518205.662295, -274.0
1574518206.055354, -274.0
1574518206.447771, -274.0
1574518206.834726, -274.0
1574518207.221269, -274.0
1574518207.632457, -274.0
1574518208.015925, -274.0
1574518208.388115, -274.0
1574518208.774455, -274.0
1574518209.156991, -274.0
1574518209.567331, -274.0
1574518209.956735, -274.0
1574518210.346655, -274.0
1574518210.767201, -274.0
1574518211.143871, -274.0
1574518211.56381, -274.0
1574518211.988092, -274.0
1574518212.366914, -274.0
1574518212.757539, -274.0
1574518213.166033, -274.0
1574518213.589647, -274.0
1574518213.971798, -274.0
1574518214.383387, -274.0
1574518214.76001, -274.0
1574518215.130689, -274.0
1574518215.509914, -274.0
1574518215.913766, -274.0
1574518216.294372, -274.0
1574518216.692248, -274.0
1574518217.089264, -274.0
1574518217.503355, -274.0
1574518217.923981, -274.0
1574518218.314352, -274.0
1574518218.698975, -274.0
1574518219.113858, -274.0
1574518219.510458, -274.0
1574518137.696244, -274.0
1574518138.095752, -274.0
1574518138.502976, -274.0
1574518138.919329, -274.0
1574518139.286121, -274.0
1574518139.618544, -274.0
1574518139.987445, -274.0
1574518140.367079, -274.0
1574518140.727465, -274.0
1574518141.074757, -274.0
1574518141.367719, -274.0
1574518141.710128, -274.0
1574518142.035931, -274.0
1574518142.370444, -274.0
1574518142.687768, -274.0
1574518143.064463, -274.0
1574518143.441143, -274.0
1574518143.788316, -274.0
1574518144.165955, -274.0
1574518144.491554, -274.0
1574518144.829848, -274.0
1574518145.150871, -274.0
1574518145.492269, -274.0
1574518145.865361, -274.0
1574518146.22273, -274.0
1574518146.562334, -274.0
1574518146.912892, -274.0
1574518147.30056, -274.0
1574518147.666944, -274.0
1574518148.068357, -274.0
1574518148.4816, -274.0
1574518148.80827, -274.0
1574518149.093509, -274.0
1574518149.366126, -274.0
1574518149.583469, -274.0
1574518149.837874, -274.0
1574518150.07691, -274.0
1574518150.354019, -274.0
1574518150.752575, -274.0
1574518151.134262, -274.0
1574518151.459764, -274.0
1574518151.770711, -274.0
1574518152.117928, -274.0
1574518152.518413, -274.0
1574518152.934347, -274.0
1574518153.276205, -274.0
1574518153.59016, -274.0
1574518153.879393, -274.0
1574518154.147175, -274.0
1574518154.407587, -274.0
1574518154.713596, -274.0
1574518154.975102, -274.0
1574518155.257696, -274.0
1574518155.526985, -274.0
1574518155.808582, -274.0
1574518156.09594, -274.0
1574518156.390889, -274.0
1574518156.662891, -274.0
1574518156.965904, -274.0
1574518157.230318, -274.0
1574518157.626506, -274.0
1574518157.981637, -274.0
1574518158.311906, -274.0
1574518158.691513, -274.0
1574518158.985325, -274.0
1574518159.254553, -274.0
1574518159.534524, -274.0
1574518159.798852, -274.0
1574518160.055326, -274.0
1574518160.289516, -274.0
1574518160.514077, -274.0
1574518160.743237, -274.0
1574518160.965497, -274.0
1574518161.189715, -274.0
1574518161.418438, -274.0
1574518161.66493, -274.0
1574518161.93139, -274.0
1574518162.328181, -274.0
1574518162.728529, -274.0
1574518163.13322, -274.0
1574518163.534726, -274.0
1574518163.841606, -274.0
1574518164.065194, -274.0
1574518164.288025, -274.0
1574518164.487874, -274.0
1574518164.70276, -274.0
1574518164.930136, -274.0
1574518165.161294, -274.0
1574518165.394716, -274.0
1574518165.600607, -274.0
1574518165.80754, -274.0
1574518166.017686, -274.0
1574518166.256607, -274.0
1574518166.496069, -274.0
1574518166.722499, -274.0
1574518166.959722, -274.0
1574518167.33948, -274.0
1574518167.695551, -274.0
1574518168.096006, -274.0
1574518168.496339, -274.0
1574518168.893281, -274.0
1574518169.298568, -274.0
1574518169.701253, -274.0
1574518170.082425, -274.0
1574518170.493598, -274.0
1574518170.916022, -274.0
1574518171.312334, -274.0
1574518171.719704, -274.0
1574518172.136376, -274.0
1574518172.518698, -274.0
1574518172.879261, -274.0
1574518173.271412, -274.0
1574518173.519274, -274.0
1574518173.745176, -274.0
1574518173.989647, -274.0
1574518174.211595, -274.0
1574518174.440144, -274.0
1574518174.667199, -274.0
1574518174.911944, -274.0
1574518175.155456, -274.0
1574518175.373374, -274.0
1574518175.601566, -274.0
1574518175.948819, -274.0
1574518176.345094, -274.0
1574518176.737929, -274.0
1574518177.134582, -274.0
1574518177.506474, -274.0
1574518177.893681, -274.0
1574518178.301298, -274.0
1574518178.704982, -274.0
1574518179.077038, -274.0
1574518179.377477, -274.0
1574518179.660694, -274.0
1574518179.898215, -274.0
1574518180.100711, -274.0
1574518180.299673, -274.0
1574518180.512689, -274.0
1574518180.739463, -274.0
1574518180.962108, -274.0
1574518181.179122, -274.0
1574518181.393405, -274.0
1574518181.624946, -274.0
1574518181.929809, -274.0
1574518182.320015, -274.0
1574518182.719334, -274.0
1574518183.105304, -274.0
1574518183.465631, -274.0
1574518183.857041, -274.0
1574518184.216162, -274.0
1574518184.586491, -274.0
1574518184.981767, -274.0
1574518185.365223, -274.0
1574518185.766178, -274.0
1574518186.154197, -274.0
1574518186.586048, -274.0
1574518186.953362, -274.0
1574518187.288767, -274.0
1574518187.60612, -274.0
1574518187.880508, -274.0
1574518188.097196, -274.0
1574518188.321397, -274.0
1574518188.534384, -274.0
1574518188.759098, -274.0
1574518188.974529, -274.0
1574518189.187497, -274.0
1574518189.396667, -274.0
1574518189.618998, -274.0
1574518189.865256, -274.0
1574518190.111408, -274.0
1574518190.338942, -274.0
1574518190.543851, -274.0
1574518190.753821, -274.0
1574518190.983674, -274.0
1574518191.25622, -274.0
1574518191.617151, -274.0
1574518191.975871, -274.0
1574518192.383144, -274.0
1574518192.798348, -274.0
1574518193.20185, -274.0
1574518193.576031, -274.0
1574518193.960366, -274.0
1574518194.219846, -274.0
1574518194.43753, -274.0
1574518194.663362, -274.0
1574518194.887265, -274.0
1574518195.106866, -274.0
1574518195.338421, -274.0
1574518195.565102, -274.0
1574518195.78264, -274.0
1574518196.175291, -274.0
1574518196.566334, -274.0
1574518196.95683, -274.0
1574518197.349285, -274.0
1574518197.742905, -274.0
1574518198.117425, -274.0
1574518198.471795, -274.0
1574518198.852751, -274.0
1574518199.230329, -274.0
1574518199.64646, -274.0
1574518200.057969, -274.0
1574518200.471352, -274.0
1574518200.896065, -274.0
1574518201.310365, -274.0
1574518201.708219, -274.0
1574518202.10393, -274.0
1574518202.492249, -274.0
1574518202.881014, -274.0
1574518203.224317, -274.0
1574518203.553699, -274.0
1574518203.874288, -274.0
1574518204.098903, -274.0
1574518204.453753, -274.0
1574518204.799063, -274.0
1574518205.099958, -274.0
1574518205.429938, -274.0
1574518205.712057, -274.0
1574518205.92756, -274.0
1574518206.164795, -274.0
1574518206.38411, -274.0
1574518206.601008, -274.0
1574518206.900391, -274.0
1574518207.186535, -274.0
1574518207.588976, -274.0
1574518207.992873, -274.0
1574518208.39247, -274.0
1574518208.796993, -274.0
1574518209.168464, -274.0
1574518209.560656, -274.0
1574518209.982623, -274.0
1574518210.39281, -274.0
1574518210.773483, -274.0
1574518211.144425, -274.0
1574518211.483511, -274.0
1574518211.69615, -274.0
1574518211.927651, -274.0
1574518212.163451, -274.0
1574518212.384263, -274.0
1574518212.657607, -274.0
1574518212.96226, -274.0
1574518213.250184, -274.0
1574518213.520268, -274.0
1574518213.819924, -274.0
1574518214.047417, -274.0
1574518214.365967, -274.0
1574518214.743258, -274.0
1574518215.075756, -274.0
1574518215.469368, -274.0
1574518215.851051, -274.0
1574518216.236615, -274.0
1574518216.664407, -274.0
1574518138.264811, -274.0
1574518138.829168, -274.0
1574518139.233831, -274.0
1574518139.521752, -274.0
1574518140.007411, -274.0
1574518140.576964, -274.0
1574518140.964927, -274.0
1574518141.336735, -274.0
1574518141.36235, -274.0
1574518141.911566, -274.0
1574518141.937764, -274.0
1574518142.479817, -274.0
1574518142.506219, -274.0
1574518142.770628, -274.0
1574518143.054988, -274.0
1574518143.343852, -274.0
1574518143.619704, -274.0
1574518143.899318, -274.0
1574518144.173636, -274.0
1574518144.47007, -274.0
1574518144.76429, -274.0
1574518145.028497, -274.0
1574518145.246613, -274.0
1574518145.457566, -274.0
1574518145.672579, -274.0
1574518145.882025, -274.0
1574518146.09183, -274.0
1574518146.39727, -274.0
1574518146.669937, -274.0
1574518146.896344, -274.0
1574518147.121357, -274.0
1574518147.3483, -274.0
1574518147.568239, -274.0
1574518147.789215, -274.0
1574518148.018389, -274.0
1574518148.246015, -274.0
1574518148.445657, -274.0
1574518148.662364, -274.0
1574518148.907403, -274.0
1574518149.234251, -274.0
1574518149.469876, -274.0
1574518149.677703, -274.0
1574518149.917784, -274.0
1574518150.143568, -274.0
1574518150.365819, -274.0
1574518150.596016, -274.0
1574518150.827169, -274.0
1574518151.047803, -274.0
1574518151.40828, -274.0
1574518151.843235, -274.0
1574518152.262984, -274.0
1574518152.658459, -274.0
1574518153.080324, -274.0
1574518153.408189, -274.0
1574518153.643893, -274.0
1574518153.866672, -274.0
1574518154.064016, -274.0
1574518154.282339, -274.0
1574518154.490786, -274.0
1574518154.705925, -274.0
1574518154.92548, -274.0
1574518155.284275, -274.0
1574518155.691268, -274.0
1574518156.095636, -274.0
1574518156.455949, -274.0
1574518156.778626, -274.0
1574518157.117398, -274.0
1574518157.390216, -274.0
1574518157.642773, -274.0
1574518157.906201, -274.0
1574518158.263475, -274.0
1574518158.659189, -274.0
1574518159.012424, -274.0
1574518159.313986, -274.0
1574518159.656341, -274.0
1574518159.975475, -274.0
1574518160.304777, -274.0
1574518160.635959, -274.0
1574518161.049329, -274.0
1574518161.40516, -274.0
1574518161.788324, -274.0
1574518162.16641, -274.0
1574518162.534433, -274.0
1574518162.894315, -274.0
1574518163.25265, -274.0
1574518163.601073, -274.0
1574518163.937815, -274.0
1574518164.251611, -274.0
1574518164.500068, -274.0
1574518164.724872, -274.0
1574518165.007604, -274.0
1574518165.250702, -274.0
1574518165.506452, -274.0
1574518165.842714, -274.0
1574518166.222041, -274.0
1574518166.572716, -274.0
1574518166.94717, -274.0
1574518167.35445, -274.0
1574518167.692114, -274.0
1574518167.947746, -274.0
1574518168.183824, -274.0
1574518168.429795, -274.0
1574518168.656033, -274.0
1574518169.033372, -274.0
1574518169.427637, -274.0
1574518169.821703, -274.0
1574518170.202243, -274.0
1574518170.607388, -274.0
1574518170.970495, -274.0
1574518171.358498, -274.0
1574518171.753119, -274.0
1574518172.138846, -274.0
1574518172.488152, -274.0
1574518172.813839, -274.0
1574518173.110553, -274.0
1574518173.478678, -274.0
1574518173.877261, -274.0
1574518174.250694, -274.0
1574518174.649625, -274.0
1574518175.044785, -274.0
1574518175.418093, -274.0
1574518175.822211, -274.0
1574518176.198731, -274.0
1574518176.538597, -274.0
1574518176.900495, -274.0
1574518177.280953, -274.0
1574518177.668594, -274.0
1574518178.056023, -274.0
1574518178.430537, -274.0
1574518178.783007, -274.0
1574518179.184194, -274.0
1574518179.573096, -274.0
1574518179.955241, -274.0
1574518180.235445, -274.0
1574518180.467999, -274.0
1574518180.677767, -274.0
1574518180.905925, -274.0
1574518181.111327, -274.0
1574518181.337027, -274.0
1574518181.551983, -274.0
1574518181.769127, -274.0
1574518182.005715, -274.0
1574518182.237995, -274.0
1574518182.468838, -274.0
1574518182.832208, -274.0
1574518183.226113, -274.0
1574518183.622199, -274.0
1574518183.986674, -274.0
1574518184.366319, -274.0
1574518184.721558, -274.0
1574518185.005828, -274.0
1574518185.237678, -274.0
1574518185.472226, -274.0
1574518185.687291, -274.0
1574518185.937516, -274.0
1574518186.280553, -274.0
1574518186.688215, -274.0
1574518187.089397, -274.0
1574518187.491756, -274.0
1574518187.872762, -274.0
1574518188.260981, -274.0
1574518188.633286, -274.0
1574518189.021913, -274.0
1574518189.420773, -274.0
1574518189.794501, -274.0
1574518190.203466, -274.0
1574518190.591013, -274.0
1574518191.015015, -274.0
1574518191.405491, -274.0
1574518191.789585, -274.0
1574518192.203462, -274.0
1574518192.606657, -274.0
1574518193.003673, -274.0
1574518193.429243, -274.0
1574518193.812809, -274.0
1574518194.191081, -274.0
1574518194.593904, -274.0
1574518194.943611, -274.0
1574518195.198142, -274.0
1574518195.424192, -274.0
1574518195.641978, -274.0
1574518195.86964, -274.0
1574518196.096987, -274.0
1574518196.313275, -274.0
1574518196.545882, -274.0
1574518196.750271, -274.0
1574518196.957086, -274.0
1574518197.181393, -274.0
1574518197.414215, -274.0
1574518197.635611, -274.0
1574518197.86945, -274.0
1574518198.093996, -274.0
1574518198.312422, -274.0
1574518198.531159, -274.0
1574518198.763346, -274.0
1574518199.028159, -274.0
1574518199.231582, -274.0
1574518199.45794, -274.0
1574518199.688749, -274.0
1574518199.93372, -274.0
1574518200.155112, -274.0
1574518200.387695, -274.0
1574518200.61889, -274.0
1574518200.833146, -274.0
1574518201.062447, -274.0
1574518201.283301, -274.0
1574518201.487466, -274.0
1574518201.709093, -274.0
1574518201.932053, -274.0
1574518202.149866, -274.0
1574518202.348742, -274.0
1574518202.547841, -274.0
1574518202.75116, -274.0
1574518202.970914, -274.0
1574518203.194861, -274.0
1574518203.4039, -274.0
1574518203.641678, -274.0
1574518203.861555, -274.0
1574518204.110353, -274.0
1574518204.346088, -274.0
1574518204.557905, -274.0
1574518204.780421, -274.0
1574518205.017888, -274.0
1574518205.250288, -274.0
1574518205.558154, -274.0
1574518205.906629, -274.0
1574518206.177956, -274.0
1574518206.399147, -274.0
1574518206.64578, -274.0
1574518206.904757, -274.0
1574518207.186563, -274.0
1574518207.563644, -274.0
1574518207.916759, -274.0
1574518208.18141, -274.0
1574518208.526162, -274.0
1574518208.809268, -274.0
1574518209.102525, -274.0
1574518209.376847, -274.0
1574518209.661327, -274.0
1574518209.885951, -274.0
1574518210.121758, -274.0
1574518210.330627, -274.0
1574518210.576912, -274.0
1574518210.804425, -274.0
1574518211.015348, -274.0
1574518211.224903, -274.0
1574518211.455159, -274.0
1574518211.676776, -274.0
1574518211.862537, -274.0
1574518212.084069, -274.0
1574518212.115684, -274.0
1574518212.143822, -274.0
1574518212.169975, -274.0
1574518212.873173, -274.0
1574518213.137154, -274.0
1574518213.406678, -274.0
1574518213.702381, -274.0
1574518213.960206, -274.0
1574518214.277092, -274.0
1574518214.303751, -274.0
1574518214.995472, -274.0
1574518215.021881, -274.0
1574518215.048249, -274.0
1574518215.775097, -274.0
1574518216.094992, -274.0
1574518216.417306, -274.0
1574518216.739672, -274.0
1574518217.085742, -274.0
1574518217.426352, -274.0
1574518217.784447, -274.0
1574518218.100885, -274.0
1574518218.42153, -274.0
1574518218.745761, -274.0
1574518219.130729, -274.0
1574518219.417446, -274.0
1574518219.704768, -274.0
1574518219.980348, -274.0
1574518220.250563, -274.0
1574518220.525418, -274.0
1574518220.77628, -274.0
1574518221.038239, -274.0
1574518221.401203, -274.0
1574518221.804426, -274.0
1574518222.191103, -274.0
1574518222.547131, -274.0
1574518222.878493, -274.0
1574518223.225173, -274.0
1574518223.545709, -274.0
1574518223.864324, -274.0
1574518224.143701, -274.0
1574518224.414439, -274.0
1574518224.776685, -274.0
1574518225.055403, -274.0
1574518225.351848, -274.0
1574518225.630328, -274.0
1574518225.974496, -274.0
1574518226.347827, -274.0
1574518226.719639, -274.0
1574518227.123667, -274.0
1574518227.511995, -274.0
1574518227.919589, -274.0
1574518228.313122, -274.0
1574518228.698647, -274.0
1574518229.090829, -274.0
1574518229.477936, -274.0
1574518229.90374, -274.0
1574518230.307722, -274.0
1574518230.747843, -274.0
1574518231.117789, -274.0
1574518231.47837, -274.0
1574518231.860328, -274.0
1574518232.260224, -274.0
1574518232.636305, -274.0
1574518233.05499, -274.0
1574518233.45544, -274.0
1574518233.814248, -274.0
1574518234.176821, -274.0
1574518234.591372, -274.0
1574518234.982435, -274.0
1574518235.335094, -274.0
1574518235.719909, -274.0
1574518236.11341, -274.0
1574518236.515673, -274.0
1574518236.750197, -274.0
1574518236.992988, -274.0
1574518237.207258, -274.0
1574518237.441015, -274.0
1574518237.82406, -274.0
1574518238.230447, -274.0
1574518238.63496, -274.0
1574518239.017541, -274.0
1574518239.397694, -274.0
1574518239.731855, -274.0
1574518240.11576, -274.0
1574518240.449788, -274.0
1574518240.757971, -274.0
1574518241.00867, -274.0
1574518241.273461, -274.0
1574518241.624499, -274.0
1574518241.995474, -274.0
1574518242.365324, -274.0
1574518242.783267, -274.0
1574518243.151411, -274.0
1574518243.559514, -274.0
1574518243.99192, -274.0
1574518244.401287, -274.0
1574518244.8398, -274.0
1574518245.226499, -274.0
1574518245.626434, -274.0
1574518246.035444, -274.0
1574518246.418238, -274.0
1574518246.822928, -274.0
1574518247.216446, -274.0
1574518247.623937, -274.0
1574518248.030413, -274.0
1574518248.41695, -274.0
1574518248.768618, -274.0
1574518249.080359, -274.0
1574518249.330257, -274.0
1574518249.562127, -274.0
1574518249.813679, -274.0
1574518250.004517, -274.0
1574518250.219619, -274.0
1574518250.453317, -274.0
1574518250.674998, -274.0
1574518250.881312, -274.0
1574518251.108777, -274.0
1574518251.322219, -274.0
1574518251.541778, -274.0
1574518251.90392, -274.0
1574518252.303391, -274.0
1574518252.660759, -274.0
1574518253.08046, -274.0
1574518253.434161, -274.0
1574518253.82845, -274.0
1574518254.246816, -274.0
1574518254.629447, -274.0
1574518254.85663, -274.0
1574518255.067684, -274.0
1574518255.287714, -274.0
1574518255.525882, -274.0
1574518255.740097, -274.0
1574518255.943351, -274.0
1574518256.151978, -274.0
1574518256.367895, -274.0
1574518256.567326, -274.0
1574518256.781681, -274.0
1574518257.132017, -274.0
1574518257.529213, -274.0
1574518257.934223, -274.0
1574518258.299373, -274.0
1574518258.69664, -274.0
1574518259.073566, -274.0
1574518259.479181, -274.0
1574518259.884847, -274.0
1574518260.253185, -274.0
1574518260.618727, -274.0
1574518261.004917, -274.0
1574518261.405616, -274.0
1574518261.798395, -274.0
1574518262.186029, -274.0
1574518262.572423, -274.0
1574518262.924354, -274.0
1574518263.274277, -274.0
1574518263.633648, -274.0
1574518264.001181, -274.0
1574518264.39363, -274.0
1574518264.783002, -274.0
1574518265.163318, -274.0
1574518265.552921, -274.0
1574518265.916777, -274.0
1574518266.286648, -274.0
1574518266.698283, -274.0
1574518267.093314, -274.0
1574518267.470261, -274.0
1574518267.884318, -274.0
1574518268.265851, -274.0
1574518268.645315, -274.0
1574518269.013964, -274.0
1574518269.390733, -274.0
1574518269.780159, -274.0
1574518270.154783, -274.0
1574518270.545127, -274.0
1574518270.938684, -274.0
1574518271.330885, -274.0
1574518271.722954, -274.0
1574518272.140415, -274.0
1574518272.539598, -274.0
1574518272.94075, -271.0
1574518273.313173, -271.0
1574518273.726153, -271.0
1574518274.085995, -271.0
1574518274.465366, -271.0
1574518274.866557, -271.0
1574518275.25345, -271.0
1574518275.656045, -271.0
1574518276.067674, -271.0
1574518276.446536, -271.0
1574518276.810941, -271.0
1574518277.19122, -271.0
1574518277.604609, -271.0
1574518278.013412, -271.0
1574518278.387093, -271.0
1574518278.758268, -271.0
1574518279.183402, -271.0
1574518279.602951, -271.0
1574518280.016295, -271.0
1574518280.413942, -271.0
1574518280.777619, -271.0
1574518281.165808, -271.0
1574518281.534507, -271.0
1574518281.904569, -271.0
1574518282.260292, -271.0
1574518282.627023, -271.0
1574518282.842124, -271.0
1574518283.051476, -271.0
1574518283.266749, -271.0
1574518283.479894, -271.0
1574518283.696913, -271.0
1574518283.926025, -271.0
1574518284.150433, -271.0
1574518284.472993, -271.0
1574518284.863433, -271.0
1574518285.278837, -271.0
1574518285.676191, -271.0
1574518286.061872, -271.0
1574518286.443209, -271.0
1574518286.79208, -271.0
1574518287.158484, -271.0
1574518287.526925, -271.0
1574518287.882781, -271.0
1574518288.160833, -271.0
1574518288.459158, -271.0
1574518288.740262, -271.0
1574518289.075801, -271.0
1574518289.463313, -271.0
1574518289.839174, -271.0
1574518290.25622, -271.0
1574518290.605838, -271.0
1574518290.968207, -271.0
1574518291.331585, -271.0
1574518291.687515, -271.0
1574518292.045193, -271.0
1574518292.439864, -271.0
1574518292.845523, -271.0
1574518293.220008, -271.0
1574518293.572292, -271.0
1574518293.964353, -271.0
1574518294.31515, -271.0
1574518294.699556, -271.0
1574518295.107786, -271.0
1574518295.463107, -271.0
1574518295.847613, -271.0
1574518296.222673, -271.0
1574518296.611376, -271.0
1574518296.988854, -271.0
1574518297.358862, -271.0
1574518297.735749, -271.0
1574518298.124191, -271.0
1574518298.479665, -271.0
1574518212.63809, -274.0
1574518212.664571, -274.0
1574518212.692167, -274.0
1574518213.57218, -274.0
1574518213.840851, -274.0
1574518214.220043, -274.0
1574518214.643702, -274.0
1574518215.027541, -274.0
1574518215.380504, -274.0
1574518215.729315, -274.0
1574518216.097285, -274.0
1574518216.450274, -274.0
1574518216.810811, -274.0
1574518217.145222, -274.0
1574518217.469293, -274.0
1574518217.823583, -274.0
1574518218.214234, -274.0
1574518218.574998, -274.0
1574518218.951385, -274.0
1574518219.332296, -274.0
1574518219.696053, -274.0
1574518220.079504, -274.0
1574518220.455902, -274.0
1574518220.830704, -274.0
1574518221.235384, -274.0
1574518221.582814, -274.0
1574518221.959263, -274.0
1574518222.301977, -274.0
1574518222.53896, -274.0
1574518222.791303, -274.0
1574518223.024939, -274.0
1574518223.269756, -274.0
1574518223.524991, -274.0
1574518223.775863, -274.0
1574518224.028217, -274.0
1574518224.391907, -274.0
1574518224.75154, -274.0
1574518225.105319, -274.0
1574518225.472769, -274.0
1574518225.823056, -274.0
1574518226.203863, -274.0
1574518226.593471, -274.0
1574518226.978454, -274.0
1574518227.313749, -274.0
1574518227.586202, -274.0
1574518227.835197, -274.0
1574518228.092563, -274.0
1574518228.355552, -274.0
1574518228.617218, -274.0
1574518228.867851, -274.0
1574518229.101747, -274.0
1574518229.349639, -274.0
1574518229.600647, -274.0
1574518229.88407, -274.0
1574518230.112946, -274.0
1574518230.346374, -274.0
1574518230.58501, -274.0
1574518230.840761, -274.0
1574518231.076011, -274.0
1574518231.328117, -274.0
1574518231.558992, -274.0
1574518231.79792, -274.0
1574518232.017189, -274.0
1574518232.275768, -274.0
1574518232.514876, -274.0
1574518232.730568, -274.0
1574518232.977391, -274.0
1574518233.223827, -274.0
1574518233.491441, -274.0
1574518233.860963, -274.0
1574518234.179275, -274.0
1574518234.580699, -274.0
1574518234.97198, -274.0
1574518235.372956, -274.0
1574518235.762579, -274.0
1574518236.15885, -274.0
1574518236.559603, -274.0
1574518236.983435, -274.0
1574518237.368093, -274.0
1574518237.739015, -274.0
1574518238.127069, -274.0
1574518238.539869, -274.0
1574518238.943966, -274.0
1574518239.321783, -274.0
1574518239.640538, -274.0
1574518239.860856, -274.0
1574518240.076611, -274.0
1574518240.309827, -274.0
1574518240.536536, -274.0
1574518240.755208, -274.0
1574518240.95889, -274.0
1574518241.17077, -274.0
1574518241.387842, -274.0
1574518241.614399, -274.0
1574518241.84541, -274.0
1574518242.055622, -274.0
1574518242.303881, -274.0
1574518242.696487, -274.0
1574518243.095911, -274.0
1574518243.492339, -274.0
1574518243.906967, -274.0
1574518244.29843, -274.0
1574518244.72032, -274.0
1574518245.17207, -274.0
1574518245.564488, -274.0
1574518245.856228, -274.0
1574518246.106573, -274.0
1574518246.303649, -274.0
1574518246.513937, -274.0
1574518246.7339, -274.0
1574518246.944087, -274.0
1574518247.15365, -274.0
1574518247.403351, -274.0
1574518247.694658, -274.0
1574518248.045852, -274.0
1574518248.396048, -274.0
1574518248.776684, -274.0
1574518249.12754, -274.0
1574518249.554873, -274.0
1574518249.940831, -274.0
1574518250.345424, -274.0
1574518250.767131, -274.0
1574518251.176329, -274.0
1574518251.548561, -274.0
1574518251.838965, -274.0
1574518252.067466, -274.0
1574518252.305376, -274.0
1574518252.514441, -274.0
1574518252.725274, -274.0
1574518252.941139, -274.0
1574518253.160861, -274.0
1574518253.441422, -274.0
1574518253.670463, -274.0
1574518253.901879, -274.0
1574518254.142772, -274.0
1574518254.508844, -274.0
1574518254.905771, -274.0
1574518255.295615, -274.0
1574518255.675342, -274.0
1574518256.057528, -274.0
1574518256.310558, -274.0
1574518256.544172, -274.0
1574518256.896855, -274.0
1574518257.308849, -274.0
1574518257.688289, -274.0
1574518257.986722, -274.0
1574518258.257238, -274.0
1574518258.498215, -274.0
1574518258.749271, -274.0
1574518259.068962, -274.0
1574518259.408961, -274.0
1574518259.774446, -274.0
1574518260.146914, -274.0
1574518260.542154, -274.0
1574518260.917295, -274.0
1574518261.286093, -274.0
1574518261.692695, -274.0
1574518262.10501, -274.0
1574518262.521908, -274.0
1574518262.904189, -274.0
1574518263.308508, -274.0
1574518263.678055, -274.0
1574518264.074047, -274.0
1574518264.472399, -274.0
1574518264.730193, -274.0
1574518264.952651, -274.0
1574518265.171457, -274.0
1574518265.38697, -274.0
1574518265.626011, -274.0
1574518265.898355, -274.0
1574518266.123134, -274.0
1574518266.347276, -274.0
1574518266.581858, -274.0
1574518266.79889, -274.0
1574518267.039616, -274.0
1574518267.2638, -274.0
1574518267.520219, -274.0
1574518267.814111, -274.0
1574518268.157516, -274.0
1574518268.541391, -274.0
1574518268.930011, -274.0
1574518269.341509, -274.0
1574518269.741845, -274.0
1574518270.099566, -274.0
1574518270.44802, -274.0
1574518270.783515, -274.0
1574518271.135223, -274.0
1574518271.484248, -274.0
1574518271.863171, -274.0
1574518272.284246, -274.0
1574518272.60785, -274.0
1574518272.896227, -271.0
1574518273.105682, -271.0
1574518273.405797, -271.0
1574518273.818706, -271.0
1574518274.215894, -271.0
1574518274.624295, -271.0
1574518275.018235, -271.0
1574518275.422554, -271.0
1574518275.832429, -271.0
1574518276.207133, -271.0
1574518276.588738, -271.0
1574518276.974337, -271.0
1574518277.325921, -271.0
1574518277.72531, -271.0
1574518278.120502, -271.0
1574518278.533998, -271.0
1574518278.9185, -271.0
1574518279.292655, -271.0
1574518279.66103, -271.0
1574518280.01569, -271.0
1574518280.340588, -271.0
1574518280.712558, -271.0
1574518281.072355, -271.0
1574518281.356195, -271.0
1574518281.665959, -271.0
1574518281.975747, -271.0
1574518282.281436, -271.0
1574518282.707471, -271.0
1574518283.098065, -271.0
1574518283.508399, -271.0
1574518283.911596, -271.0
1574518284.279239, -271.0
1574518284.701717, -271.0
1574518285.116599, -271.0
1574518285.500921, -271.0
1574518285.922786, -271.0
1574518286.285254, -271.0
1574518286.671936, -271.0
1574518287.071145, -271.0
1574518287.49073, -271.0
1574518287.880807, -271.0
1574518288.247321, -271.0
1574518288.675159, -271.0
1574518289.055953, -271.0
1574518289.415927, -271.0
1574518289.786437, -271.0
1574518290.17047, -271.0
1574518290.535081, -271.0
1574518290.870616, -271.0
1574518291.225307, -271.0
1574518291.587912, -271.0
1574518291.954563, -271.0
1574518292.351353, -271.0
1574518292.709488, -271.0
1574518293.09541, -271.0
1574518293.470017, -271.0
1574518293.84301, -271.0
1574518294.218271, -271.0
1574518294.602325, -271.0
1574518216.710455, -274.0
1574518216.735743, -274.0
1574518216.760734, -274.0
1574518216.785806, -274.0
1574518216.812963, -274.0
1574518217.161746, -274.0
1574518217.515848, -274.0
1574518217.836029, -274.0
1574518218.171386, -274.0
1574518218.505123, -274.0
1574518218.806962, -274.0
1574518219.109257, -274.0
1574518219.410546, -274.0
1574518219.697861, -274.0
1574518219.985216, -274.0
1574518220.297069, -274.0
1574518220.582102, -274.0
1574518220.87696, -274.0
1574518221.167733, -274.0
1574518221.438004, -274.0
1574518221.724703, -274.0
1574518222.014584, -274.0
1574518222.300259, -274.0
1574518222.586086, -274.0
1574518222.851727, -274.0
1574518223.155196, -274.0
1574518223.452943, -274.0
1574518223.749518, -274.0
1574518224.040755, -274.0
1574518224.365835, -274.0
1574518224.697295, -274.0
1574518224.984323, -274.0
1574518225.274873, -274.0
1574518225.568658, -274.0
1574518225.864052, -274.0
1574518226.161366, -274.0
1574518226.459662, -274.0
1574518226.758004, -274.0
1574518227.040882, -274.0
1574518227.333998, -274.0
1574518227.622664, -274.0
1574518227.918265, -274.0
1574518228.206862, -274.0
1574518228.521414, -274.0
1574518228.819914, -274.0
1574518229.179521, -274.0
1574518229.532295, -274.0
1574518229.842033, -274.0
1574518230.164085, -274.0
1574518230.4476, -274.0
1574518230.744792, -274.0
1574518231.037887, -274.0
1574518231.369933, -274.0
1574518231.642827, -274.0
1574518231.929401, -274.0
1574518232.232623, -274.0
1574518232.529101, -274.0
1574518232.811659, -274.0
1574518233.125602, -274.0
1574518233.419598, -274.0
1574518233.704729, -274.0
1574518233.977651, -274.0
1574518234.276918, -274.0
1574518234.58452, -274.0
1574518234.879687, -274.0
1574518235.186826, -274.0
1574518235.455674, -274.0
1574518235.762251, -274.0
1574518236.061352, -274.0
1574518236.36403, -274.0
1574518236.679454, -274.0
1574518236.979596, -274.0
1574518237.290784, -274.0
1574518237.625796, -274.0
1574518237.934145, -274.0
1574518238.31718, -274.0
1574518238.701984, -274.0
1574518239.063177, -274.0
1574518239.456691, -274.0
1574518239.850786, -274.0
1574518240.263164, -274.0
1574518240.63019, -274.0
1574518240.975043, -274.0
1574518241.354374, -274.0
1574518241.716103, -274.0
1574518242.002093, -274.0
1574518242.331945, -274.0
1574518242.640192, -274.0
1574518242.967703, -274.0
1574518243.274996, -274.0
1574518243.553594, -274.0
1574518243.860316, -274.0
1574518244.197723, -274.0
1574518244.513287, -274.0
1574518244.828008, -274.0
1574518245.14264, -274.0
1574518245.436013, -274.0
1574518245.7358, -274.0
1574518246.021269, -274.0
1574518246.333871, -274.0
1574518246.656251, -274.0
1574518246.950388, -274.0
1574518247.2458, -274.0
1574518247.515722, -274.0
1574518247.785102, -274.0
1574518248.07149, -274.0
1574518248.388173, -274.0
1574518248.733563, -274.0
1574518249.0456, -274.0
1574518249.379754, -274.0
1574518249.73743, -274.0
1574518250.096079, -274.0
1574518250.473366, -274.0
1574518250.880947, -274.0
1574518251.262201, -274.0
1574518251.627212, -274.0
1574518252.020542, -274.0
1574518252.415583, -274.0
1574518252.808211, -274.0
1574518253.202669, -274.0
1574518253.55559, -274.0
1574518253.973173, -274.0
1574518254.328693, -274.0
1574518254.692006, -274.0
1574518255.079126, -274.0
1574518255.385737, -274.0
1574518255.646258, -274.0
1574518255.906695, -274.0
1574518256.121097, -274.0
1574518256.328348, -274.0
1574518256.575066, -274.0
1574518256.809169, -274.0
1574518257.027576, -274.0
1574518257.29311, -274.0
1574518257.617006, -274.0
1574518257.962921, -274.0
1574518258.354616, -274.0
1574518258.726616, -274.0
1574518259.122872, -274.0
1574518259.53004, -274.0
1574518259.933076, -274.0
1574518260.328816, -274.0
1574518260.696172, -274.0
1574518261.074798, -274.0
1574518261.487393, -274.0
1574518261.832696, -274.0
1574518262.063019, -274.0
1574518262.290399, -274.0
1574518262.495671, -274.0
1574518262.735864, -274.0
1574518263.1246, -274.0
1574518263.502723, -274.0
1574518263.855201, -274.0
1574518264.230053, -274.0
1574518264.636182, -274.0
1574518264.978547, -274.0
1574518265.313085, -274.0
1574518265.626685, -274.0
1574518265.895389, -274.0
1574518266.108806, -274.0
1574518266.322522, -274.0
1574518266.617379, -274.0
1574518266.987458, -274.0
1574518267.388301, -274.0
1574518267.77472, -274.0
1574518268.167562, -274.0
1574518268.551045, -274.0
1574518268.918348, -274.0
1574518269.251785, -274.0
1574518269.603287, -274.0
1574518269.981914, -274.0
1574518270.343335, -274.0
1574518270.690242, -274.0
1574518271.048441, -274.0
1574518271.414179, -274.0
1574518271.758017, -274.0
1574518272.090847, -274.0
1574518272.514323, -274.0
1574518272.876246, -271.0
1574518273.288711, -271.0
1574518273.684259, -271.0
1574518274.064806, -271.0
1574518274.447531, -271.0
1574518274.851192, -271.0
1574518275.238489, -271.0
1574518275.656188, -271.0
1574518276.037465, -271.0
1574518276.414719, -271.0
1574518276.805451, -271.0
1574518277.103209, -271.0
1574518277.318398, -271.0
1574518277.560329, -271.0
1574518277.788605, -271.0
1574518277.997513, -271.0
1574518278.209273, -271.0
1574518278.445774, -271.0
1574518278.769141, -271.0
1574518279.130796, -271.0
1574518279.471062, -271.0
1574518279.839194, -271.0
1574518280.245153, -271.0
1574518280.622744, -271.0
1574518281.024852, -271.0
1574518281.387365, -271.0
1574518281.761361, -271.0
1574518282.135699, -271.0
1574518282.499172, -271.0
1574518282.82964, -271.0
1574518283.15082, -271.0
1574518283.463485, -271.0
1574518283.824687, -271.0
1574518284.221186, -271.0
1574518284.627577, -271.0
1574518285.038564, -271.0
1574518285.410949, -271.0
1574518285.837186, -271.0
1574518286.24894, -271.0
1574518286.655321, -271.0
1574518287.036016, -271.0
1574518287.479465, -271.0
1574518287.866955, -271.0
1574518288.266288, -271.0
1574518288.641652, -271.0
1574518289.03349, -271.0
1574518289.405943, -271.0
1574518289.786167, -271.0
1574518290.199508, -271.0
1574518290.587107, -271.0
1574518290.959451, -271.0
1574518291.347973, -271.0
1574518291.747, -271.0
1574518292.132135, -271.0
1574518292.546018, -271.0
1574518292.928451, -271.0
1574518293.308458, -271.0
1574518293.517672, -271.0
1574518293.733871, -271.0
1574518293.987688, -271.0
1574518294.200871, -271.0
1574518294.433497, -271.0
1574518294.751956, -271.0
1574518295.145258, -271.0
1574518295.480938, -271.0
1574518295.857068, -271.0
1574518296.169173, -271.0
1574518296.528996, -271.0
1574518296.865133, -271.0
1574518297.269235, -271.0
1574518297.647581, -271.0
1574518297.997795, -271.0
1574518219.848481, -274.0
1574518220.310914, -274.0
1574518220.338213, -274.0
1574518220.36309, -274.0
1574518220.388199, -274.0
1574518220.413394, -274.0
1574518220.43855, -274.0
1574518220.463334, -274.0
1574518220.488192, -274.0
1574518220.513537, -274.0
1574518220.541366, -274.0
1574518220.568119, -274.0
1574518220.593464, -274.0
1574518220.618784, -274.0
1574518220.645944, -274.0
1574518220.672962, -274.0
1574518220.701927, -274.0
1574518220.727109, -274.0
1574518220.752249, -274.0
1574518220.778216, -274.0
1574518220.806667, -274.0
1574518220.835719, -274.0
1574518220.860985, -274.0
1574518220.886207, -274.0
1574518220.911238, -274.0
1574518220.936364, -274.0
1574518220.961452, -274.0
1574518220.986517, -274.0
1574518221.011451, -274.0
1574518221.039231, -274.0
1574518221.45945, -274.0
1574518221.762898, -274.0
1574518222.015641, -274.0
1574518222.271783, -274.0
1574518222.544252, -274.0
1574518222.794706, -274.0
1574518223.066007, -274.0
1574518223.334925, -274.0
1574518223.620266, -274.0
1574518223.893411, -274.0
1574518224.151015, -274.0
1574518224.406211, -274.0
1574518224.655478, -274.0
1574518224.910527, -274.0
1574518225.171132, -274.0
1574518225.432347, -274.0
1574518225.68456, -274.0
1574518225.937022, -274.0
1574518226.201404, -274.0
1574518226.474793, -274.0
1574518226.729068, -274.0
1574518226.998656, -274.0
1574518227.286089, -274.0
1574518227.537358, -274.0
1574518227.807896, -274.0
1574518228.07592, -274.0
1574518228.337461, -274.0
1574518228.645466, -274.0
1574518228.996219, -274.0
1574518229.349143, -274.0
1574518229.723142, -274.0
1574518230.051296, -274.0
1574518230.375031, -274.0
1574518230.67838, -274.0
1574518231.054684, -274.0
1574518231.399157, -274.0
1574518231.763003, -274.0
1574518232.048639, -274.0
1574518232.360524, -274.0
1574518232.657858, -274.0
1574518233.023319, -274.0
1574518233.377469, -274.0
1574518233.730052, -274.0
1574518234.116526, -274.0
1574518234.487442, -274.0
1574518234.806612, -274.0
1574518235.03431, -274.0
1574518235.243551, -274.0
1574518235.460436, -274.0
1574518235.678174, -274.0
1574518235.894205, -274.0
1574518236.107473, -274.0
1574518236.321181, -274.0
1574518236.71702, -274.0
1574518237.107587, -274.0
1574518237.492483, -274.0
1574518237.881115, -274.0
1574518238.281155, -274.0
1574518238.6798, -274.0
1574518239.111503, -274.0
1574518239.506038, -274.0
1574518239.923959, -274.0
1574518240.310289, -274.0
1574518240.721271, -274.0
1574518241.132919, -274.0
1574518241.576435, -274.0
1574518241.947429, -274.0
1574518242.334349, -274.0
1574518242.742786, -274.0
1574518243.138323, -274.0
1574518243.519081, -274.0
1574518243.951498, -274.0
1574518244.339438, -274.0
1574518244.725966, -274.0
1574518245.099378, -274.0
1574518245.512382, -274.0
1574518245.927426, -274.0
1574518246.318275, -274.0
1574518246.729599, -274.0
1574518247.108232, -274.0
1574518247.487136, -274.0
1574518247.893397, -274.0
1574518248.275037, -274.0
1574518248.688003, -274.0
1574518249.06558, -274.0
1574518249.464851, -274.0
1574518249.856323, -274.0
1574518250.195086, -274.0
1574518250.553398, -274.0
1574518250.8882, -274.0
1574518251.20023, -274.0
1574518251.533532, -274.0
1574518251.918248, -274.0
1574518252.281205, -274.0
1574518252.607557, -274.0
1574518252.940388, -274.0
1574518253.268369, -274.0
1574518253.578182, -274.0
1574518253.895742, -274.0
1574518254.244957, -274.0
1574518254.641121, -274.0
1574518255.014278, -274.0
1574518255.41232, -274.0
1574518255.793549, -274.0
1574518256.148304, -274.0
1574518256.530379, -274.0
1574518256.884367, -274.0
1574518257.160314, -274.0
1574518257.48072, -274.0
1574518257.763255, -274.0
1574518258.038297, -274.0
1574518258.351683, -274.0
1574518258.624013, -274.0
1574518258.945133, -274.0
1574518259.322976, -274.0
1574518259.705552, -274.0
1574518260.088065, -274.0
1574518260.482914, -274.0
1574518260.835637, -274.0
1574518261.14507, -274.0
1574518261.457493, -274.0
1574518261.777601, -274.0
1574518262.155244, -274.0
1574518262.566469, -274.0
1574518262.973946, -274.0
1574518263.201651, -274.0
1574518263.568412, -274.0
1574518263.936925, -274.0
1574518264.336526, -274.0
1574518264.753935, -274.0
1574518265.133401, -274.0
1574518265.500921, -274.0
1574518265.892858, -274.0
1574518266.251749, -274.0
1574518266.58984, -274.0
1574518266.884948, -274.0
1574518267.115413, -274.0
1574518267.410628, -274.0
1574518267.734039, -274.0
1574518268.051858, -274.0
1574518268.361839, -274.0
1574518268.652205, -274.0
1574518268.915213, -274.0
1574518269.200703, -274.0
1574518269.558506, -274.0
1574518269.868663, -274.0
1574518270.112506, -274.0
1574518270.457257, -274.0
1574518270.7628, -274.0
1574518271.117481, -274.0
1574518271.474079, -274.0
1574518271.763415, -274.0
1574518272.062992, -274.0
1574518272.363985, -274.0
1574518272.693684, -274.0
1574518273.056438, -271.0
1574518273.457557, -271.0
1574518273.800845, -271.0
1574518274.202714, -271.0
1574518274.629007, -271.0
1574518274.998732, -271.0
1574518275.401835, -271.0
1574518275.79623, -271.0
1574518276.2056, -271.0
1574518276.605288, -271.0
1574518276.998315, -271.0
1574518277.411254, -271.0
1574518277.820815, -271.0
1574518278.224108, -271.0
1574518278.593084, -271.0
1574518279.003145, -271.0
1574518279.371497, -271.0
1574518279.762413, -271.0
1574518280.120416, -271.0
1574518280.532725, -271.0
1574518280.925768, -271.0
1574518281.297998, -271.0
1574518281.701792, -271.0
1574518282.096236, -271.0
1574518282.479272, -271.0
1574518282.786248, -271.0
1574518283.100181, -271.0
1574518283.356676, -271.0
1574518283.591801, -271.0
1574518283.818097, -271.0
1574518284.051122, -271.0
1574518284.27023, -271.0
1574518284.505469, -271.0
1574518284.836752, -271.0
1574518285.212307, -271.0
1574518285.577972, -271.0
1574518286.010503, -271.0
1574518286.385411, -271.0
1574518286.768768, -271.0
1574518287.148168, -271.0
1574518287.544525, -271.0
1574518287.936612, -271.0
1574518288.351744, -271.0
1574518288.710724, -271.0
1574518289.075531, -271.0
1574518289.484144, -271.0
1574518289.830111, -271.0
1574518290.189031, -271.0
1574518290.558899, -271.0
1574518290.935566, -271.0
1574518291.297528, -271.0
1574518291.687664, -271.0
1574518292.028792, -271.0
1574518292.437326, -271.0
1574518292.79928, -271.0
1574518293.176609, -271.0
1574518293.542158, -271.0
1574518293.928384, -271.0
1574518294.320403, -271.0
1574518294.700863, -271.0
1574518295.096366, -271.0
1574518295.484808, -271.0
1574518295.883805, -271.0
1574518296.229176, -271.0
1574518296.616558, -271.0
