1574518685.896111, -1796.0
1574518686.000301, -1796.0
1574518686.099978, -1796.0
1574518686.199727, -1796.0
1574518686.314385, -1796.0
1574518688.086198, -351.0
1574518688.899837, -351.0
1574518688.999373, -351.0
1574518689.099728, -351.0
1574518689.904438, -350.0
1574518690.004512, -350.0
1574518690.104277, -350.0
1574518690.204623, -350.0
1574518690.641996, -350.0
1574518691.10073, -342.0
1574518691.541751, -342.0
1574518692.348571, -342.0
1574518692.448397, -342.0
1574518693.244191, -342.0
1574518694.307063, -342.0
1574518695.382078, -342.0
1574518696.767304, -342.0
1574518698.180926, -342.0
1574518699.592753, -341.0
1574518700.953074, -341.0
1574518702.340864, -341.0
1574518703.811301, -341.0
1574518705.131405, -341.0
1574518706.575838, -341.0
1574518708.067703, -341.0
1574518709.49482, -341.0
1574518710.941092, -341.0
1574518712.363014, -341.0
1574518713.795957, -341.0
1574518715.242686, -341.0
1574518716.66974, -341.0
1574518718.090552, -341.0
1574518719.466527, -341.0
1574518720.811181, -341.0
1574518722.217303, -341.0
1574518723.58725, -341.0
1574518725.034809, -341.0
1574518726.355215, -341.0
1574518727.682931, -341.0
1574518729.047033, -341.0
1574518730.307336, -341.0
1574518731.530892, -341.0
1574518732.826231, -341.0
1574518734.158815, -341.0
1574518735.464454, -341.0
1574518686.347627, -365.0
1574518686.426565, -365.0
1574518686.502947, -365.0
1574518686.578381, -365.0
1574518686.654024, -365.0
1574518686.729659, -365.0
1574518686.80455, -365.0
1574518686.879732, -365.0
1574518686.954768, -365.0
1574518687.433511, -365.0
1574518687.508933, -365.0
1574518688.558757, -351.0
1574518688.641047, -351.0
1574518688.71584, -351.0
1574518688.791226, -351.0
1574518689.305631, -351.0
1574518690.676066, -342.0
1574518691.428827, -342.0
1574518692.187082, -342.0
1574518693.254585, -342.0
1574518694.215635, -342.0
1574518694.293637, -342.0
1574518694.371451, -342.0
1574518694.448533, -342.0
1574518694.5244, -342.0
1574518694.599765, -342.0
1574518694.675429, -342.0
1574518694.753283, -342.0
1574518694.829689, -342.0
1574518694.906534, -342.0
1574518696.363272, -342.0
1574518697.379469, -342.0
1574518698.392397, -342.0
1574518699.321752, -341.0
1574518700.299177, -341.0
1574518701.373088, -341.0
1574518702.790303, -341.0
1574518704.26855, -341.0
1574518705.976386, -341.0
1574518707.535375, -341.0
1574518709.15668, -341.0
1574518710.950122, -341.0
1574518712.13029, -341.0
1574518713.447566, -341.0
1574518714.712905, -341.0
1574518715.856146, -341.0
1574518717.419701, -341.0
1574518717.499497, -341.0
1574518719.582686, -341.0
1574518721.429273, -341.0
1574518685.974968, -1796.0
1574518686.13186, -1796.0
1574518686.281174, -1796.0
1574518686.433112, -365.0
1574518686.60345, -365.0
1574518688.513844, -351.0
1574518689.379909, -351.0
1574518689.85743, -351.0
1574518690.686739, -342.0
1574518691.518244, -342.0
1574518693.042354, -342.0
1574518694.899027, -342.0
1574518696.640623, -342.0
1574518698.596648, -342.0
1574518700.225261, -341.0
1574518701.025156, -341.0
1574518701.766632, -341.0
1574518702.586276, -341.0
1574518703.371802, -341.0
1574518704.526835, -341.0
1574518706.025626, -341.0
1574518707.114651, -341.0
1574518708.270117, -341.0
1574518709.75415, -341.0
1574518711.893166, -341.0
1574518713.671674, -341.0
1574518715.740774, -341.0
1574518717.697212, -341.0
1574518718.761081, -341.0
1574518720.197826, -341.0
1574518721.699003, -341.0
1574518722.744031, -341.0
1574518723.860644, -341.0
1574518725.304696, -341.0
1574518726.962174, -341.0
1574518727.70414, -341.0
1574518728.453944, -341.0
1574518729.658444, -341.0
1574518730.443722, -341.0
1574518731.195738, -341.0
1574518731.955345, -341.0
1574518732.687001, -341.0
1574518733.439745, -341.0
1574518734.195499, -341.0
1574518735.012717, -341.0
1574518736.002351, -341.0
1574518736.155176, -341.0
1574518736.80503, -341.0
1574518737.431908, -341.0
1574518737.584733, -341.0
1574518687.510595, -351.0
1574518687.898941, -351.0
1574518688.269881, -351.0
1574518688.642824, -351.0
1574518689.016259, -351.0
1574518689.389258, -351.0
1574518689.761995, -351.0
1574518690.133675, -350.0
1574518690.507374, -350.0
1574518690.87984, -342.0
1574518691.251161, -342.0
1574518691.623751, -342.0
1574518691.996468, -342.0
1574518692.372104, -342.0
1574518692.743224, -342.0
1574518693.144424, -342.0
1574518699.303882, -341.0
1574518704.784317, -341.0
1574518711.840832, -341.0
1574518713.593677, -341.0
1574518716.218951, -341.0
1574518717.006944, -341.0
1574518720.363913, -341.0
1574518725.113689, -341.0
1574518729.716649, -341.0
1574518733.928211, -341.0
1574518738.981682, -341.0
1574518745.573543, -341.0
1574518753.275748, -341.0
1574518756.187388, -341.0
1574518760.088652, -338.0
1574518764.193489, -338.0
1574518767.97786, -338.0
1574518770.558158, -338.0
1574518774.059253, -338.0
1574518777.598383, -338.0
1574518781.116851, -338.0
1574518784.255575, -338.0
1574518787.476641, -338.0
1574518790.60225, -338.0
1574518795.642786, -338.0
1574518799.128276, -338.0
1574518802.93822, -338.0
1574518806.043953, -338.0
1574518809.547145, -338.0
1574518813.319511, -338.0
1574518816.794431, -338.0
1574518820.275457, -338.0
1574518823.736158, -338.0
1574518826.982419, -338.0
1574518721.674823, -341.0
1574518721.899537, -341.0
1574518722.15626, -341.0
1574518722.378928, -341.0
1574518722.602671, -341.0
1574518722.825721, -341.0
1574518723.049431, -341.0
1574518723.302346, -341.0
1574518727.455948, -341.0
1574518730.493487, -341.0
1574518731.072964, -341.0
1574518731.298124, -341.0
1574518731.52263, -341.0
1574518731.746426, -341.0
1574518732.998036, -341.0
1574518734.766179, -341.0
1574518734.994559, -341.0
1574518735.218212, -341.0
1574518735.441879, -341.0
1574518736.009156, -341.0
1574518736.786045, -341.0
1574518737.026104, -341.0
1574518740.34269, -341.0
1574518743.975288, -341.0
1574518745.563283, -341.0
1574518750.716555, -341.0
1574518754.394819, -341.0
1574518757.662777, -341.0
1574518761.126149, -338.0
1574518765.004386, -338.0
1574518769.045262, -338.0
1574518772.834195, -338.0
1574518777.796579, -338.0
1574518781.39347, -338.0
1574518786.61361, -338.0
1574518789.614684, -338.0
1574518791.17173, -338.0
1574518791.830309, -338.0
1574518795.078117, -338.0
1574518797.238448, -338.0
1574518801.239763, -338.0
1574518804.892725, -338.0
1574518807.919587, -338.0
1574518810.6239, -338.0
1574518813.269004, -338.0
1574518815.782943, -338.0
1574518818.373662, -338.0
1574518821.14571, -338.0
1574518825.682894, -338.0
1574518829.932078, -338.0
1574518735.535355, -341.0
1574518735.586046, -341.0
1574518735.639383, -341.0
1574518735.690585, -341.0
1574518735.741094, -341.0
1574518735.791567, -341.0
1574518735.84176, -341.0
1574518735.89198, -341.0
1574518735.942227, -341.0
1574518735.99288, -341.0
1574518736.043318, -341.0
1574518736.093588, -341.0
1574518736.14373, -341.0
1574518736.194143, -341.0
1574518736.244436, -341.0
1574518736.294834, -341.0
1574518736.345003, -341.0
1574518736.395192, -341.0
1574518736.445224, -341.0
1574518736.495468, -341.0
1574518736.545927, -341.0
1574518736.59628, -341.0
1574518736.646712, -341.0
1574518736.696978, -341.0
1574518736.747453, -341.0
1574518736.79784, -341.0
1574518736.847832, -341.0
1574518736.89804, -341.0
1574518736.948236, -341.0
1574518736.99854, -341.0
1574518737.048732, -341.0
1574518737.099085, -341.0
1574518737.149391, -341.0
1574518737.199696, -341.0
1574518737.250047, -341.0
1574518737.300457, -341.0
1574518737.350699, -341.0
1574518737.401072, -341.0
1574518737.45135, -341.0
1574518737.501896, -341.0
1574518737.552411, -341.0
1574518737.602879, -341.0
1574518737.653758, -341.0
1574518737.704282, -341.0
1574518737.754852, -341.0
1574518737.805062, -341.0
1574518737.855401, -341.0
1574518737.905619, -341.0
1574518737.956064, -341.0
1574518738.006318, -341.0
1574518737.681107, -341.0
1574518737.758773, -341.0
1574518737.835275, -341.0
1574518737.911592, -341.0
1574518737.992981, -341.0
1574518738.970801, -341.0
1574518739.796541, -341.0
1574518740.656846, -341.0
1574518741.508533, -341.0
1574518742.282604, -341.0
1574518743.091944, -341.0
1574518743.928296, -341.0
1574518744.722868, -341.0
1574518745.570377, -341.0
1574518746.767147, -341.0
1574518747.945275, -341.0
1574518748.752826, -341.0
1574518749.860572, -341.0
1574518751.034626, -341.0
1574518752.226913, -341.0
1574518753.436894, -341.0
1574518754.254151, -341.0
1574518755.437158, -341.0
1574518756.636905, -341.0
1574518757.866986, -341.0
1574518758.996631, -341.0
1574518760.278311, -338.0
1574518761.6912, -338.0
1574518762.771614, -338.0
1574518763.936852, -338.0
1574518765.116559, -338.0
1574518766.234075, -338.0
1574518767.397691, -338.0
1574518768.527125, -338.0
1574518769.753152, -338.0
1574518770.865517, -338.0
1574518772.013828, -338.0
1574518773.155205, -338.0
1574518774.29354, -338.0
1574518775.437521, -338.0
1574518776.571694, -338.0
1574518777.751572, -338.0
1574518778.9697, -338.0
1574518780.082321, -338.0
1574518781.25064, -338.0
1574518782.480412, -338.0
1574518783.28177, -338.0
1574518784.118373, -338.0
1574518784.898288, -338.0
1574518786.243386, -338.0
1574518738.070011, -341.0
1574518738.120343, -341.0
1574518738.170842, -341.0
1574518738.221238, -341.0
1574518738.271515, -341.0
1574518738.322296, -341.0
1574518738.372529, -341.0
1574518738.423021, -341.0
1574518738.473545, -341.0
1574518738.523986, -341.0
1574518738.574111, -341.0
1574518738.624353, -341.0
1574518738.674793, -341.0
1574518738.725168, -341.0
1574518738.775366, -341.0
1574518738.825739, -341.0
1574518738.876148, -341.0
1574518738.926584, -341.0
1574518738.976678, -341.0
1574518739.031822, -341.0
1574518739.082261, -341.0
1574518739.132503, -341.0
1574518739.183117, -341.0
1574518739.233614, -341.0
1574518739.283949, -341.0
1574518739.33476, -341.0
1574518739.385042, -341.0
1574518739.435463, -341.0
1574518739.486022, -341.0
1574518739.536136, -341.0
1574518739.586612, -341.0
1574518739.636882, -341.0
1574518739.687248, -341.0
1574518739.737477, -341.0
1574518739.787601, -341.0
1574518739.837789, -341.0
1574518739.888198, -341.0
1574518739.938295, -341.0
1574518739.988799, -341.0
1574518740.03921, -341.0
1574518740.088951, -341.0
1574518740.139029, -341.0
1574518740.189336, -341.0
1574518740.239583, -341.0
1574518740.290181, -341.0
1574518740.340714, -341.0
1574518740.390813, -341.0
1574518740.441033, -341.0
1574518740.491366, -341.0
1574518740.541753, -341.0
1574518740.656406, -341.0
1574518740.757036, -341.0
1574518740.869415, -341.0
1574518740.969149, -341.0
1574518741.068659, -341.0
1574518741.173991, -341.0
1574518741.276396, -341.0
1574518741.376184, -341.0
1574518741.47551, -341.0
1574518741.575682, -341.0
1574518741.675969, -341.0
1574518741.776717, -341.0
1574518741.877126, -341.0
1574518741.979081, -341.0
1574518742.080856, -341.0
1574518742.18367, -341.0
1574518742.656408, -341.0
1574518743.08662, -341.0
1574518743.188408, -341.0
1574518743.628132, -341.0
1574518743.730009, -341.0
1574518743.832142, -341.0
1574518743.93386, -341.0
1574518744.035759, -341.0
1574518744.135819, -341.0
1574518744.236193, -341.0
1574518744.338802, -341.0
1574518744.440727, -341.0
1574518744.543389, -341.0
1574518744.647294, -341.0
1574518744.749559, -341.0
1574518744.851493, -341.0
1574518744.951773, -341.0
1574518745.051967, -341.0
1574518745.151608, -341.0
1574518745.251738, -341.0
1574518745.35189, -341.0
1574518745.451975, -341.0
1574518745.55164, -341.0
1574518745.651832, -341.0
1574518745.752221, -341.0
1574518745.851916, -341.0
1574518745.95197, -341.0
1574518746.051995, -341.0
1574518746.151944, -341.0
1574518746.251816, -341.0
1574518746.352098, -341.0
1574518746.452337, -341.0
1574518746.552153, -341.0
1574518746.652224, -341.0
1574518746.717961, -341.0
1574518746.744601, -341.0
1574518746.769734, -341.0
1574518746.795338, -341.0
1574518746.821685, -341.0
1574518747.168309, -341.0
1574518747.501888, -341.0
1574518747.859617, -341.0
1574518748.198743, -341.0
1574518748.541231, -341.0
1574518748.880083, -341.0
1574518749.216772, -341.0
1574518749.561968, -341.0
1574518749.93025, -341.0
1574518750.278753, -341.0
1574518750.640985, -341.0
1574518750.984715, -341.0
1574518751.36659, -341.0
1574518751.784033, -341.0
1574518752.316007, -341.0
1574518752.865855, -341.0
1574518752.892187, -341.0
1574518753.25989, -341.0
1574518753.636363, -341.0
1574518753.99245, -341.0
1574518754.358679, -341.0
1574518754.708271, -341.0
1574518755.08011, -341.0
1574518755.826128, -341.0
1574518755.855176, -341.0
1574518755.880536, -341.0
1574518755.905839, -341.0
1574518755.9311, -341.0
1574518755.956418, -341.0
1574518755.981781, -341.0
1574518756.007172, -341.0
1574518756.032353, -341.0
1574518756.057824, -341.0
1574518756.083399, -341.0
1574518756.108808, -341.0
1574518756.134457, -341.0
1574518756.162431, -341.0
1574518756.715545, -341.0
1574518757.128217, -341.0
1574518757.567309, -341.0
1574518758.005817, -341.0
1574518758.393513, -341.0
1574518758.763331, -341.0
1574518759.168691, -341.0
1574518759.612811, -341.0
1574518759.649203, -341.0
1574518759.674948, -341.0
1574518759.700264, -341.0
1574518759.725947, -341.0
1574518760.080856, -341.0
1574518760.449787, -338.0
1574518760.835811, -338.0
1574518761.495094, -338.0
1574518761.524179, -338.0
1574518761.91613, -338.0
1574518762.262482, -338.0
1574518762.615521, -338.0
1574518762.984881, -338.0
1574518763.338465, -338.0
1574518763.678989, -338.0
1574518764.029759, -338.0
1574518764.366871, -338.0
1574518764.666539, -338.0
1574518764.932587, -338.0
1574518765.197293, -338.0
1574518765.455178, -338.0
1574518765.719002, -338.0
1574518765.982895, -338.0
1574518766.289883, -338.0
1574518766.563715, -338.0
1574518766.850205, -338.0
1574518767.120929, -338.0
1574518767.37303, -338.0
1574518767.632546, -338.0
1574518767.979672, -338.0
1574518768.313425, -338.0
1574518768.639131, -338.0
1574518768.97288, -338.0
1574518769.295017, -338.0
1574518769.635708, -338.0
1574518769.965814, -338.0
1574518770.338343, -338.0
1574518770.695559, -338.0
1574518771.031905, -338.0
1574518771.32699, -338.0
1574518771.664414, -338.0
1574518771.981793, -338.0
1574518772.270224, -338.0
1574518772.623163, -338.0
1574518772.976288, -338.0
1574518773.314706, -338.0
1574518773.651148, -338.0
1574518774.010803, -338.0
1574518774.355565, -338.0
1574518774.708352, -338.0
1574518840.693916, -338.0
1574518841.121568, -338.0
1574518841.147292, -338.0
1574518841.174967, -338.0
1574518841.200788, -338.0
1574518841.539132, -337.0
1574518841.897914, -337.0
1574518842.247333, -337.0
1574518842.599883, -337.0
1574518842.945696, -337.0
1574518843.35254, -337.0
1574518844.36942, -337.0
1574518844.396749, -337.0
1574518844.424314, -337.0
1574518844.452828, -337.0
1574518844.481235, -337.0
1574518844.508882, -337.0
1574518844.536864, -337.0
1574518844.564739, -337.0
1574518844.591411, -337.0
1574518844.997272, -337.0
1574518845.462858, -337.0
1574518845.994457, -337.0
1574518846.480979, -337.0
1574518847.037782, -337.0
1574518847.063562, -337.0
1574518847.089955, -337.0
1574518847.634275, -337.0
1574518848.167406, -337.0
1574518848.697289, -337.0
1574518849.224676, -337.0
1574518849.73228, -337.0
1574518849.758134, -337.0
1574518849.784477, -337.0
1574518850.397133, -337.0
1574518850.423734, -337.0
1574518850.450881, -337.0
1574518850.478345, -337.0
1574518850.505866, -337.0
1574518850.532829, -337.0
1574518850.559393, -337.0
1574518850.58603, -337.0
1574518850.612734, -337.0
1574518850.639484, -337.0
1574518850.666105, -337.0
1574518850.693158, -337.0
1574518850.720534, -337.0
1574518850.74831, -337.0
1574518850.776296, -337.0
1574518850.803899, -337.0
1574518850.830275, -337.0
1574518850.856668, -337.0
1574518850.883019, -337.0
1574518850.909045, -337.0
1574518851.711753, -337.0
1574518852.528559, -337.0
1574518852.554922, -337.0
1574518852.581243, -337.0
1574518852.608424, -337.0
1574518852.635936, -337.0
1574518852.66354, -337.0
1574518852.691163, -337.0
1574518852.718684, -337.0
1574518852.744905, -337.0
1574518852.770846, -337.0
1574518852.79721, -337.0
1574518852.823909, -337.0
1574518852.851554, -337.0
1574518852.87944, -337.0
1574518852.907552, -337.0
1574518852.935723, -337.0
1574518852.96356, -337.0
1574518852.991245, -337.0
1574518853.018799, -337.0
1574518853.045533, -337.0
1574518853.07287, -337.0
1574518853.100208, -337.0
1574518853.127069, -337.0
1574518853.154447, -337.0
1574518853.181272, -337.0
1574518853.208393, -337.0
1574518854.14055, -337.0
1574518854.167493, -337.0
1574518854.194086, -337.0
1574518854.22081, -337.0
1574518854.247239, -337.0
1574518854.273388, -337.0
1574518855.067717, -337.0
1574518855.093995, -337.0
1574518855.119917, -337.0
1574518855.146047, -337.0
1574518856.004334, -337.0
1574518856.804786, -337.0
1574518857.524977, -337.0
1574518858.383442, -337.0
1574518858.410362, -337.0
1574518858.43781, -337.0
1574518858.464992, -337.0
1574518858.491767, -337.0
1574518858.519015, -337.0
1574518858.546621, -337.0
1574518858.574321, -337.0
1574518858.601993, -337.0
1574518858.629882, -337.0
1574518858.657761, -337.0
1574518858.685317, -337.0
1574518858.713189, -337.0
1574518858.739931, -337.0
1574518859.710962, -337.0
1574518859.737473, -337.0
1574518859.763696, -337.0
1574518859.790711, -337.0
1574518859.817726, -337.0
1574518859.844833, -337.0
1574518859.871934, -337.0
1574518859.899054, -337.0
1574518859.926121, -337.0
1574518859.953163, -337.0
1574518859.980542, -337.0
1574518860.013834, -337.0
1574518860.041994, -337.0
1574518860.069806, -337.0
1574518860.097455, -337.0
1574518860.125005, -337.0
1574518860.15243, -337.0
1574518860.179808, -337.0
1574518860.20597, -337.0
1574518860.232624, -337.0
1574518861.268251, -337.0
1574518861.296566, -337.0
1574518861.325182, -337.0
1574518861.353409, -337.0
1574518861.381979, -337.0
1574518861.40898, -337.0
1574518862.246193, -337.0
1574518863.021723, -337.0
1574518863.047862, -337.0
1574518863.074083, -337.0
1574518863.100002, -337.0
1574518863.126135, -337.0
1574518863.937546, -337.0
1574518863.963821, -337.0
1574518863.990094, -337.0
1574518864.016673, -337.0
1574518864.92843, -337.0
1574518864.954863, -337.0
1574518865.798819, -337.0
1574518865.825182, -337.0
1574518865.851007, -337.0
1574518866.703115, -337.0
1574518867.67854, -337.0
1574518867.706171, -337.0
1574518867.733092, -337.0
1574518867.759672, -337.0
1574518867.786252, -337.0
1574518867.813122, -337.0
1574518868.947759, -337.0
1574518868.975061, -337.0
1574518869.002194, -337.0
1574518869.029217, -337.0
1574518869.055313, -337.0
1574518869.773259, -337.0
1574518869.799729, -337.0
1574518870.520496, -337.0
1574518871.198705, -337.0
1574518871.225198, -337.0
1574518871.251095, -337.0
1574518871.277031, -337.0
1574518871.303793, -337.0
1574518871.329979, -337.0
1574518871.355907, -337.0
1574518872.231297, -337.0
1574518873.149255, -337.0
1574518873.888098, -337.0
1574518874.734429, -337.0
1574518874.760667, -337.0
1574518875.529078, -337.0
1574518875.55497, -337.0
1574518875.581302, -337.0
1574518875.60759, -337.0
1574518875.633732, -337.0
1574518875.6603, -337.0
1574518876.612412, -337.0
1574518877.389735, -337.0
1574518878.154311, -337.0
1574518878.875631, -337.0
1574518879.605397, -337.0
1574518880.339975, -337.0
1574518881.056511, -337.0
1574518881.08286, -337.0
1574518881.108646, -337.0
1574518881.134657, -337.0
1574518881.161042, -337.0
1574518881.930301, -337.0
1574518882.817817, -337.0
1574518882.844109, -337.0
1574518883.541225, -337.0
1574518883.567069, -337.0
1574518884.226012, -337.0
1574518884.997358, -337.0
1574518885.742355, -337.0
1574518885.768735, -337.0
1574518885.795161, -337.0
1574518886.564568, -337.0
1574518886.590473, -337.0
1574518887.39006, -337.0
1574518887.416183, -337.0
1574518887.441852, -337.0
1574518888.176565, -337.0
1574518888.910999, -337.0
1574518889.674639, -337.0
1574518889.70081, -337.0
1574518889.726929, -337.0
1574518890.556194, -337.0
1574518891.370372, -337.0
1574518892.179212, -337.0
1574518892.2055, -337.0
1574518893.11986, -337.0
1574518893.146117, -337.0
1574518893.975781, -337.0
1574518894.703521, -337.0
1574518894.729578, -337.0
1574518894.755449, -337.0
1574518895.427987, -337.0
1574518896.175947, -337.0
1574518896.939087, -337.0
1574518897.66922, -337.0
1574518898.419049, -337.0
1574518899.224917, -337.0
1574518899.251052, -337.0
1574518899.277032, -337.0
1574518900.09031, -337.0
1574518900.116528, -337.0
1574518900.142329, -337.0
1574518900.168598, -337.0
1574518900.196002, -337.0
1574518900.22416, -337.0
1574518900.252121, -337.0
1574518900.278592, -337.0
1574518900.305356, -337.0
1574518900.331621, -337.0
1574518900.35773, -337.0
1574518900.383692, -337.0
1574518900.409803, -337.0
1574518900.435921, -337.0
1574518900.462012, -337.0
1574518900.488325, -337.0
1574518901.141137, -337.0
1574518901.973883, -337.0
1574518902.74416, -337.0
1574518840.346821, -338.0
1574518840.372623, -338.0
1574518840.400988, -338.0
1574518840.828032, -338.0
1574518841.207508, -338.0
1574518841.55957, -337.0
1574518841.920162, -337.0
1574518842.24733, -337.0
1574518842.57792, -337.0
1574518842.914294, -337.0
1574518843.290365, -337.0
1574518843.317509, -337.0
1574518843.345519, -337.0
1574518843.373917, -337.0
1574518843.402473, -337.0
1574518843.430961, -337.0
1574518843.459751, -337.0
1574518843.488368, -337.0
1574518843.516878, -337.0
1574518843.545702, -337.0
1574518843.573282, -337.0
1574518843.599774, -337.0
1574518843.626166, -337.0
1574518844.230408, -337.0
1574518845.069149, -337.0
1574518845.095594, -337.0
1574518845.121799, -337.0
1574518845.148334, -337.0
1574518845.174649, -337.0
1574518845.201305, -337.0
1574518845.228203, -337.0
1574518845.25489, -337.0
1574518846.123982, -337.0
1574518846.896552, -337.0
1574518847.576022, -337.0
1574518848.416093, -337.0
1574518849.193193, -337.0
1574518849.935534, -337.0
1574518850.581265, -337.0
1574518850.608113, -337.0
1574518850.634719, -337.0
1574518850.660903, -337.0
1574518851.546326, -337.0
1574518852.532797, -337.0
1574518852.559584, -337.0
1574518852.586583, -337.0
1574518852.613627, -337.0
1574518852.640793, -337.0
1574518852.667716, -337.0
1574518852.694829, -337.0
1574518852.722033, -337.0
1574518852.749422, -337.0
1574518852.776932, -337.0
1574518852.804421, -337.0
1574518852.831653, -337.0
1574518852.858925, -337.0
1574518852.886238, -337.0
1574518852.913352, -337.0
1574518852.939749, -337.0
1574518852.966728, -337.0
1574518852.993997, -337.0
1574518853.02072, -337.0
1574518853.71448, -337.0
1574518853.740555, -337.0
1574518853.766278, -337.0
1574518853.792562, -337.0
1574518853.81895, -337.0
1574518853.845322, -337.0
1574518853.871532, -337.0
1574518853.897866, -337.0
1574518853.925292, -337.0
1574518853.952889, -337.0
1574518853.979284, -337.0
1574518854.741738, -337.0
1574518854.767731, -337.0
1574518855.516793, -337.0
1574518856.307069, -337.0
1574518856.333348, -337.0
1574518857.286896, -337.0
1574518857.313784, -337.0
1574518857.340655, -337.0
1574518857.367841, -337.0
1574518857.395369, -337.0
1574518857.423029, -337.0
1574518857.45029, -337.0
1574518857.47651, -337.0
1574518858.041511, -337.0
1574518858.670508, -337.0
1574518859.282552, -337.0
1574518860.107008, -337.0
1574518860.134284, -337.0
1574518860.162115, -337.0
1574518860.189137, -337.0
1574518860.987466, -337.0
1574518861.900852, -337.0
1574518862.983532, -337.0
1574518864.122974, -337.0
1574518865.329904, -337.0
1574518866.68168, -337.0
1574518867.898977, -337.0
1574518869.180097, -337.0
1574518869.997963, -337.0
1574518870.024825, -337.0
1574518870.051851, -337.0
1574518870.079, -337.0
1574518870.106737, -337.0
1574518870.13365, -337.0
1574518870.160123, -337.0
1574518870.18736, -337.0
1574518870.214669, -337.0
1574518870.24193, -337.0
1574518870.268493, -337.0
1574518870.294976, -337.0
1574518870.321425, -337.0
1574518871.290612, -337.0
1574518872.206966, -337.0
1574518872.932761, -337.0
1574518872.959428, -337.0
1574518872.985369, -337.0
1574518873.011506, -337.0
1574518873.737877, -337.0
1574518874.592631, -337.0
1574518874.619067, -337.0
1574518875.428157, -337.0
1574518875.454184, -337.0
1574518875.480145, -337.0
1574518876.35654, -337.0
1574518876.382644, -337.0
1574518877.147942, -337.0
1574518877.904209, -337.0
1574518878.61949, -337.0
1574518879.359686, -337.0
1574518879.386068, -337.0
1574518879.412813, -337.0
1574518879.440939, -337.0
1574518879.469205, -337.0
1574518879.497698, -337.0
1574518879.52623, -337.0
1574518879.554976, -337.0
1574518879.583756, -337.0
1574518879.612643, -337.0
1574518879.641328, -337.0
1574518879.667784, -337.0
1574518879.694021, -337.0
1574518880.56565, -337.0
1574518881.307606, -337.0
1574518882.038239, -337.0
1574518882.798627, -337.0
1574518883.499575, -337.0
1574518884.222822, -337.0
1574518884.872311, -337.0
1574518885.593764, -337.0
1574518885.62014, -337.0
1574518885.646023, -337.0
1574518885.672213, -337.0
1574518886.504794, -337.0
1574518886.531151, -337.0
1574518886.55717, -337.0
1574518886.583249, -337.0
1574518886.609275, -337.0
1574518887.449252, -337.0
1574518887.475305, -337.0
1574518888.285699, -337.0
1574518889.092893, -337.0
1574518889.908733, -337.0
1574518889.935015, -337.0
1574518889.961066, -337.0
1574518889.987638, -337.0
1574518890.014406, -337.0
1574518890.041739, -337.0
1574518890.069176, -337.0
1574518890.096353, -337.0
1574518890.123131, -337.0
1574518890.149483, -337.0
1574518890.175483, -337.0
1574518890.201541, -337.0
1574518890.227558, -337.0
1574518891.013322, -337.0
1574518891.769694, -337.0
1574518891.796028, -337.0
1574518891.822204, -337.0
1574518891.84863, -337.0
1574518891.875332, -337.0
1574518891.901656, -337.0
1574518892.658134, -337.0
1574518893.363846, -337.0
1574518894.105144, -337.0
1574518894.820077, -337.0
1574518895.536488, -337.0
1574518896.26187, -337.0
1574518896.988668, -337.0
1574518897.014757, -337.0
1574518897.838376, -337.0
1574518897.864839, -337.0
1574518897.891004, -337.0
1574518897.91761, -337.0
1574518897.944023, -337.0
1574518897.970613, -337.0
1574518897.997274, -337.0
1574518898.023967, -337.0
1574518898.05076, -337.0
1574518898.077122, -337.0
1574518898.103578, -337.0
1574518898.990129, -337.0
1574518899.821058, -337.0
1574518900.651446, -337.0
1574518901.379813, -337.0
1574518901.405863, -337.0
1574518901.431877, -337.0
1574518901.457891, -337.0
1574518901.483818, -337.0
1574518902.282009, -337.0
1574518903.123474, -337.0
1574518903.149185, -337.0
1574518903.175881, -337.0
1574518903.202241, -337.0
1574518903.228633, -337.0
1574518903.255153, -337.0
1574518903.282841, -337.0
1574518903.309729, -337.0
1574518903.336669, -337.0
1574518903.36361, -337.0
1574518903.390418, -337.0
1574518903.417776, -337.0
1574518903.445225, -337.0
1574518903.472888, -337.0
1574518903.500199, -337.0
1574518903.527396, -337.0
1574518903.554564, -337.0
1574518903.582175, -337.0
1574518903.609537, -337.0
1574518903.636697, -337.0
1574518903.664206, -337.0
1574518903.691694, -337.0
1574518903.718951, -337.0
1574518903.746787, -337.0
1574518903.774308, -337.0
1574518903.801806, -337.0
1574518903.829434, -337.0
1574518903.857139, -337.0
1574518903.88467, -337.0
1574518903.912146, -337.0
1574518903.939729, -337.0
1574518903.966223, -337.0
1574518903.992134, -337.0
1574518904.018246, -337.0
1574518904.044201, -337.0
1574518904.807124, -337.0
1574518905.539277, -337.0
1574518906.292955, -337.0
1574518840.775683, -338.0
1574518840.802279, -338.0
1574518841.518104, -337.0
1574518841.544212, -337.0
1574518841.570748, -337.0
1574518841.597096, -337.0
1574518841.623251, -337.0
1574518842.456945, -337.0
1574518843.388504, -337.0
1574518844.186497, -337.0
1574518844.212859, -337.0
1574518844.238981, -337.0
1574518844.265257, -337.0
1574518845.099296, -337.0
1574518845.930328, -337.0
1574518846.749488, -337.0
1574518846.776184, -337.0
1574518846.803239, -337.0
1574518846.831035, -337.0
1574518846.858769, -337.0
1574518846.885672, -337.0
1574518846.911914, -337.0
1574518846.938149, -337.0
1574518846.964607, -337.0
1574518846.991349, -337.0
1574518847.017881, -337.0
1574518847.04552, -337.0
1574518847.073011, -337.0
1574518847.10077, -337.0
1574518847.127931, -337.0
1574518847.154165, -337.0
1574518847.180466, -337.0
1574518847.208802, -337.0
1574518847.23531, -337.0
1574518847.261338, -337.0
1574518847.287868, -337.0
1574518847.314457, -337.0
1574518847.341085, -337.0
1574518847.367587, -337.0
1574518847.394024, -337.0
1574518848.227625, -337.0
1574518848.253979, -337.0
1574518848.280243, -337.0
1574518848.30758, -337.0
1574518848.335049, -337.0
1574518848.36261, -337.0
1574518848.390514, -337.0
1574518848.418517, -337.0
1574518848.446539, -337.0
1574518848.474591, -337.0
1574518848.502557, -337.0
1574518848.52922, -337.0
1574518848.555677, -337.0
1574518848.582047, -337.0
1574518848.608531, -337.0
1574518848.635212, -337.0
1574518848.66159, -337.0
1574518848.687919, -337.0
1574518848.714323, -337.0
1574518848.741108, -337.0
1574518848.768249, -337.0
1574518848.79584, -337.0
1574518848.823458, -337.0
1574518848.851288, -337.0
1574518848.879434, -337.0
1574518848.907436, -337.0
1574518848.934657, -337.0
1574518848.961541, -337.0
1574518848.989039, -337.0
1574518849.015792, -337.0
1574518849.042419, -337.0
1574518849.973492, -337.0
1574518850.000616, -337.0
1574518850.027181, -337.0
1574518850.053808, -337.0
1574518850.080355, -337.0
1574518850.107234, -337.0
1574518850.13404, -337.0
1574518850.160641, -337.0
1574518850.187261, -337.0
1574518850.213887, -337.0
1574518850.240687, -337.0
1574518850.267145, -337.0
1574518850.29395, -337.0
1574518850.321136, -337.0
1574518850.347943, -337.0
1574518850.374342, -337.0
1574518850.40063, -337.0
1574518851.17571, -337.0
1574518851.201949, -337.0
1574518851.228138, -337.0
1574518851.945135, -337.0
1574518851.971442, -337.0
1574518851.998126, -337.0
1574518852.024808, -337.0
1574518852.051773, -337.0
1574518852.079139, -337.0
1574518852.106258, -337.0
1574518852.133916, -337.0
1574518852.160765, -337.0
1574518852.187781, -337.0
1574518852.214007, -337.0
1574518852.240141, -337.0
1574518852.266646, -337.0
1574518852.293578, -337.0
1574518852.320501, -337.0
1574518852.347327, -337.0
1574518852.374065, -337.0
1574518852.400679, -337.0
1574518852.427816, -337.0
1574518852.454812, -337.0
1574518852.481435, -337.0
1574518852.508145, -337.0
1574518852.5348, -337.0
1574518852.561677, -337.0
1574518852.588387, -337.0
1574518852.614846, -337.0
1574518852.641395, -337.0
1574518852.668207, -337.0
1574518852.695132, -337.0
1574518852.721297, -337.0
1574518852.747429, -337.0
1574518852.773824, -337.0
1574518852.80034, -337.0
1574518852.826794, -337.0
1574518852.853487, -337.0
1574518852.880005, -337.0
1574518852.906807, -337.0
1574518852.933038, -337.0
1574518852.959364, -337.0
1574518852.986144, -337.0
1574518853.013191, -337.0
1574518853.040623, -337.0
1574518853.06824, -337.0
1574518853.095298, -337.0
1574518853.121744, -337.0
1574518853.148495, -337.0
1574518853.174749, -337.0
1574518853.20069, -337.0
1574518853.226849, -337.0
1574518853.252947, -337.0
1574518853.97146, -337.0
1574518854.718805, -337.0
1574518855.44525, -337.0
1574518856.202158, -337.0
1574518856.968542, -337.0
1574518857.763901, -337.0
1574518858.510728, -337.0
1574518859.29953, -337.0
1574518860.075416, -337.0
1574518860.839757, -337.0
1574518861.610673, -337.0
1574518862.420402, -337.0
1574518862.447044, -337.0
1574518862.473532, -337.0
1574518862.499935, -337.0
1574518862.526123, -337.0
1574518863.417275, -337.0
1574518864.263247, -337.0
1574518865.210277, -337.0
1574518865.236713, -337.0
1574518865.263043, -337.0
1574518866.042708, -337.0
1574518866.878835, -337.0
1574518866.905042, -337.0
1574518866.93112, -337.0
1574518866.957342, -337.0
1574518866.983511, -337.0
1574518867.72833, -337.0
1574518867.754319, -337.0
1574518868.598801, -337.0
1574518868.625123, -337.0
1574518868.6513, -337.0
1574518869.518647, -337.0
1574518869.544927, -337.0
1574518870.388159, -337.0
1574518870.414613, -337.0
1574518871.212648, -337.0
1574518871.945964, -337.0
1574518872.662282, -337.0
1574518873.451658, -337.0
1574518874.186156, -337.0
1574518874.94016, -337.0
1574518875.760019, -337.0
1574518875.786531, -337.0
1574518875.81326, -337.0
1574518875.840378, -337.0
1574518875.867492, -337.0
1574518875.894364, -337.0
1574518875.921331, -337.0
1574518875.948471, -337.0
1574518875.975808, -337.0
1574518876.002901, -337.0
1574518876.029875, -337.0
1574518876.056879, -337.0
1574518876.083815, -337.0
1574518876.11026, -337.0
1574518876.136357, -337.0
1574518876.854727, -337.0
1574518876.880647, -337.0
1574518877.609504, -337.0
1574518878.366253, -337.0
1574518878.392507, -337.0
1574518879.264443, -337.0
1574518880.072188, -337.0
1574518880.887207, -337.0
1574518880.9137, -337.0
1574518881.797272, -337.0
1574518882.695032, -337.0
1574518883.547024, -337.0
1574518883.573209, -337.0
1574518884.390068, -337.0
1574518884.416325, -337.0
1574518884.442679, -337.0
1574518884.469156, -337.0
1574518884.495644, -337.0
1574518884.521978, -337.0
1574518884.548697, -337.0
1574518884.575553, -337.0
1574518884.602157, -337.0
1574518884.628168, -337.0
1574518885.441418, -337.0
1574518886.222382, -337.0
1574518886.248756, -337.0
1574518886.274769, -337.0
1574518887.110009, -337.0
1574518887.136294, -337.0
1574518887.162369, -337.0
1574518887.188792, -337.0
1574518887.214971, -337.0
1574518887.241204, -337.0
1574518887.267413, -337.0
1574518887.29373, -337.0
1574518887.319986, -337.0
1574518887.346645, -337.0
1574518888.367515, -337.0
1574518888.394379, -337.0
1574518888.421135, -337.0
1574518888.447989, -337.0
1574518888.474076, -337.0
1574518889.239775, -337.0
1574518889.907851, -337.0
1574518890.648538, -337.0
1574518890.674777, -337.0
1574518891.386848, -337.0
1574518891.413096, -337.0
1574518891.439288, -337.0
1574518891.46547, -337.0
1574518891.491772, -337.0
1574518892.253283, -337.0
1574518840.707543, -338.0
1574518841.0758, -338.0
1574518841.440561, -338.0
1574518841.468899, -338.0
1574518841.498163, -338.0
1574518841.526306, -337.0
1574518841.91946, -337.0
1574518842.296675, -337.0
1574518842.654688, -337.0
1574518843.199732, -337.0
1574518844.130017, -337.0
1574518845.389257, -337.0
1574518845.416405, -337.0
1574518845.44346, -337.0
1574518845.470626, -337.0
1574518846.43847, -337.0
1574518846.849821, -337.0
1574518847.506117, -337.0
1574518847.532731, -337.0
1574518847.559953, -337.0
1574518847.587607, -337.0
1574518847.615033, -337.0
1574518848.522833, -337.0
1574518849.1584, -337.0
1574518849.672905, -337.0
1574518849.699255, -337.0
1574518849.725768, -337.0
1574518849.753036, -337.0
1574518849.779476, -337.0
1574518850.446168, -337.0
1574518850.472243, -337.0
1574518850.498264, -337.0
1574518851.132214, -337.0
1574518851.159375, -337.0
1574518851.859515, -337.0
1574518852.522876, -337.0
1574518853.299152, -337.0
1574518854.168343, -337.0
1574518855.095773, -337.0
1574518855.121815, -337.0
1574518855.148204, -337.0
1574518855.17461, -337.0
1574518855.20087, -337.0
1574518855.227273, -337.0
1574518856.136559, -337.0
1574518856.163137, -337.0
1574518857.082615, -337.0
1574518857.109666, -337.0
1574518857.136694, -337.0
1574518857.164049, -337.0
1574518857.191326, -337.0
1574518857.939704, -337.0
1574518858.867838, -337.0
1574518859.627805, -337.0
1574518860.485657, -337.0
1574518861.536925, -337.0
1574518861.564646, -337.0
1574518861.59217, -337.0
1574518861.619921, -337.0
1574518861.647729, -337.0
1574518861.675222, -337.0
1574518861.702004, -337.0
1574518861.72868, -337.0
1574518861.75538, -337.0
1574518861.782182, -337.0
1574518861.809183, -337.0
1574518861.836072, -337.0
1574518861.862862, -337.0
1574518861.88958, -337.0
1574518861.916156, -337.0
1574518861.943332, -337.0
1574518861.971178, -337.0
1574518861.999312, -337.0
1574518862.027739, -337.0
1574518862.056376, -337.0
1574518862.084657, -337.0
1574518862.11309, -337.0
1574518862.141805, -337.0
1574518862.170244, -337.0
1574518862.198802, -337.0
1574518862.227399, -337.0
1574518862.255807, -337.0
1574518862.284305, -337.0
1574518862.312993, -337.0
1574518862.341662, -337.0
1574518862.370192, -337.0
1574518862.398781, -337.0
1574518862.427138, -337.0
1574518862.455374, -337.0
1574518862.483747, -337.0
1574518862.512071, -337.0
1574518862.540591, -337.0
1574518862.569115, -337.0
1574518862.59758, -337.0
1574518862.625999, -337.0
1574518862.654341, -337.0
1574518862.682759, -337.0
1574518862.71133, -337.0
1574518862.737876, -337.0
1574518862.76445, -337.0
1574518862.791247, -337.0
1574518862.817446, -337.0
1574518863.611011, -337.0
1574518864.37019, -337.0
1574518864.396589, -337.0
1574518864.423321, -337.0
1574518865.133191, -337.0
1574518865.15958, -337.0
1574518865.185594, -337.0
1574518865.212087, -337.0
1574518865.238753, -337.0
1574518865.266071, -337.0
1574518865.293176, -337.0
1574518865.321372, -337.0
1574518865.349687, -337.0
1574518865.378232, -337.0
1574518865.40684, -337.0
1574518865.435034, -337.0
1574518865.46124, -337.0
1574518865.487676, -337.0
1574518865.514094, -337.0
1574518865.541093, -337.0
1574518865.56926, -337.0
1574518865.598092, -337.0
1574518865.627121, -337.0
1574518865.655519, -337.0
1574518865.684066, -337.0
1574518865.712443, -337.0
1574518865.738853, -337.0
1574518866.511693, -337.0
1574518866.537985, -337.0
1574518866.563882, -337.0
1574518867.37366, -337.0
1574518867.399938, -337.0
1574518867.426036, -337.0
1574518868.233811, -337.0
1574518868.259967, -337.0
1574518869.157517, -337.0
1574518869.949847, -337.0
1574518870.828809, -337.0
1574518871.738169, -337.0
1574518871.764991, -337.0
1574518871.790986, -337.0
1574518872.559171, -337.0
1574518873.313458, -337.0
1574518874.017785, -337.0
1574518874.698231, -337.0
1574518875.379401, -337.0
1574518875.405527, -337.0
1574518875.431766, -337.0
1574518875.45792, -337.0
1574518875.484267, -337.0
1574518875.510282, -337.0
1574518875.536617, -337.0
1574518875.562593, -337.0
1574518876.561417, -337.0
1574518876.588133, -337.0
1574518876.614859, -337.0
1574518876.641524, -337.0
1574518876.667884, -337.0
1574518876.694125, -337.0
1574518876.720528, -337.0
1574518876.747253, -337.0
1574518876.774028, -337.0
1574518876.801088, -337.0
1574518876.827744, -337.0
1574518876.854858, -337.0
1574518876.881699, -337.0
1574518876.908494, -337.0
1574518876.935001, -337.0
1574518877.705744, -337.0
1574518878.422079, -337.0
1574518879.267641, -337.0
1574518879.294224, -337.0
1574518880.042577, -337.0
1574518880.7911, -337.0
1574518881.500858, -337.0
1574518882.233513, -337.0
1574518882.957328, -337.0
1574518883.747592, -337.0
1574518884.468936, -337.0
1574518885.242274, -337.0
1574518885.268766, -337.0
1574518885.296241, -337.0
1574518885.324217, -337.0
1574518885.352255, -337.0
1574518885.380335, -337.0
1574518885.408566, -337.0
1574518885.43688, -337.0
1574518885.464826, -337.0
1574518885.49307, -337.0
1574518885.521232, -337.0
1574518885.54954, -337.0
1574518885.577817, -337.0
1574518885.605877, -337.0
1574518885.633819, -337.0
1574518885.661956, -337.0
1574518885.690219, -337.0
1574518885.718383, -337.0
1574518885.746561, -337.0
1574518885.774858, -337.0
1574518885.803253, -337.0
1574518885.830581, -337.0
1574518885.85889, -337.0
1574518885.887286, -337.0
1574518885.91577, -337.0
1574518885.942612, -337.0
1574518886.705878, -337.0
1574518887.532964, -337.0
1574518887.559031, -337.0
1574518888.286062, -337.0
1574518888.312386, -337.0
1574518889.100985, -337.0
1574518889.127129, -337.0
1574518889.153309, -337.0
1574518889.179223, -337.0
1574518889.205537, -337.0
1574518889.231941, -337.0
1574518890.231244, -337.0
1574518890.257438, -337.0
1574518891.025137, -337.0
1574518891.051152, -337.0
1574518891.805544, -337.0
1574518892.567391, -337.0
1574518893.262671, -337.0
1574518893.28875, -337.0
1574518893.998921, -337.0
1574518894.024713, -337.0
1574518894.719289, -337.0
1574518895.435126, -337.0
1574518896.150815, -337.0
1574518896.937027, -337.0
1574518897.669162, -337.0
1574518898.399663, -337.0
1574518899.125502, -337.0
1574518899.836112, -337.0
1574518900.561223, -337.0
1574518900.587284, -337.0
1574518901.306783, -337.0
1574518901.332945, -337.0
1574518902.093838, -337.0
1574518902.86775, -337.0
1574518903.622343, -337.0
1574518904.416866, -337.0
1574518905.195013, -337.0
1574518906.05792, -337.0
1574518906.985335, -337.0
1574518907.011801, -337.0
1574518907.037847, -337.0
1574518907.064195, -337.0
1574518892.829421, -337.0
1574518892.855657, -337.0
1574518893.241945, -337.0
1574518893.578621, -337.0
1574518893.938757, -337.0
1574518893.965463, -337.0
1574518894.644804, -337.0
1574518895.164353, -337.0
1574518895.685217, -337.0
1574518895.711876, -337.0
1574518895.739571, -337.0
1574518895.767798, -337.0
1574518895.79516, -337.0
1574518896.259442, -337.0
1574518896.663748, -337.0
1574518897.242765, -337.0
1574518897.919913, -337.0
1574518898.62356, -337.0
1574518899.368015, -337.0
1574518900.131453, -337.0
1574518900.880843, -337.0
1574518901.618439, -337.0
1574518902.383771, -337.0
1574518902.788074, -337.0
1574518903.115402, -337.0
1574518903.454164, -337.0
1574518903.817897, -337.0
1574518904.305125, -337.0
1574518904.996765, -337.0
1574518905.024018, -337.0
1574518905.052412, -337.0
1574518905.081671, -337.0
1574518905.111157, -337.0
1574518905.140274, -337.0
1574518905.169558, -337.0
1574518905.198906, -337.0
1574518905.228028, -337.0
1574518905.777082, -337.0
1574518906.172517, -337.0
1574518906.19879, -337.0
1574518906.227333, -337.0
1574518906.256594, -337.0
1574518906.285723, -337.0
1574518906.316019, -337.0
1574518906.345173, -337.0
1574518906.374813, -337.0
1574518906.403829, -337.0
1574518906.432966, -337.0
1574518906.46219, -337.0
1574518906.491221, -337.0
1574518906.51964, -337.0
1574518906.546877, -337.0
1574518907.299557, -337.0
1574518907.826368, -337.0
1574518908.29489, -337.0
1574518908.831096, -337.0
1574518909.401787, -337.0
1574518909.986795, -337.0
1574518910.731323, -337.0
1574518911.46913, -337.0
1574518912.214928, -337.0
1574518912.982549, -337.0
1574518913.751288, -337.0
1574518914.535523, -337.0
1574518915.256384, -337.0
1574518915.974882, -337.0
1574518916.696961, -337.0
1574518917.436478, -337.0
1574518918.081395, -337.0
1574518918.576218, -337.0
1574518918.602447, -337.0
1574518918.62885, -337.0
1574518918.655726, -337.0
1574518918.683691, -337.0
1574518918.712437, -337.0
1574518918.741211, -337.0
1574518918.769472, -337.0
1574518918.798105, -337.0
1574518918.826688, -337.0
1574518918.853524, -337.0
1574518918.881112, -337.0
1574518918.908173, -337.0
1574518918.934348, -337.0
1574518919.606233, -337.0
1574518920.269115, -337.0
1574518920.78459, -337.0
1574518921.439076, -337.0
1574518921.46595, -337.0
1574518922.041015, -337.0
1574518922.54317, -337.0
1574518923.053456, -337.0
1574518923.692221, -337.0
1574518923.719575, -337.0
1574518923.74649, -337.0
1574518923.773193, -337.0
1574518923.800574, -337.0
1574518923.828966, -337.0
1574518923.857323, -337.0
1574518923.885765, -337.0
1574518923.914455, -337.0
1574518923.943085, -337.0
1574518923.971757, -337.0
1574518924.000327, -337.0
1574518924.02894, -337.0
1574518924.057368, -337.0
1574518924.086136, -337.0
1574518924.11468, -337.0
1574518924.143599, -337.0
1574518924.172454, -337.0
1574518924.199803, -337.0
1574518924.227615, -337.0
1574518924.255772, -337.0
1574518924.284114, -337.0
1574518924.310998, -337.0
1574518924.33756, -337.0
1574518924.363956, -337.0
1574518924.390444, -337.0
1574518924.41703, -337.0
1574518924.443193, -337.0
1574518924.470293, -337.0
1574518924.497904, -337.0
1574518924.525864, -337.0
1574518924.553321, -337.0
1574518924.580269, -337.0
1574518924.60716, -337.0
1574518924.634358, -337.0
1574518924.661078, -337.0
1574518925.41645, -337.0
1574518925.442639, -337.0
1574518925.46881, -337.0
1574518926.288729, -337.0
1574518927.346078, -337.0
1574518928.184963, -337.0
1574518928.899148, -337.0
1574518929.684758, -337.0
1574518930.429747, -337.0
1574518931.178082, -337.0
1574518931.941861, -337.0
1574518931.968499, -337.0
1574518931.995226, -337.0
1574518932.02142, -337.0
1574518932.75384, -337.0
1574518932.780111, -337.0
1574518932.806756, -337.0
1574518933.640381, -337.0
1574518933.666678, -337.0
1574518934.520331, -337.0
1574518934.546791, -337.0
1574518934.572757, -337.0
1574518934.599299, -337.0
1574518934.626058, -337.0
1574518934.653836, -337.0
1574518934.681751, -337.0
1574518934.71083, -337.0
1574518934.739049, -337.0
1574518934.767891, -337.0
1574518934.797024, -337.0
1574518934.825782, -337.0
1574518934.851947, -337.0
1574518934.878717, -337.0
1574518934.906423, -337.0
1574518934.932771, -337.0
1574518935.884578, -337.0
1574518935.911401, -337.0
1574518935.937799, -337.0
1574518936.858275, -337.0
1574518936.884383, -337.0
1574518937.659866, -337.0
1574518938.446355, -337.0
1574518938.472958, -337.0
1574518938.49989, -337.0
1574518938.526483, -337.0
1574518938.55246, -337.0
1574518939.390991, -337.0
1574518939.417179, -337.0
1574518940.133416, -337.0
1574518940.84055, -337.0
1574518941.498267, -337.0
1574518942.216937, -337.0
1574518942.924647, -337.0
1574518943.628171, -337.0
1574518943.655169, -337.0
1574518944.405387, -337.0
1574518945.190169, -337.0
1574518945.948885, -337.0
1574518946.773027, -337.0
1574518946.799346, -337.0
1574518947.634976, -337.0
1574518947.661207, -337.0
1574518947.687543, -337.0
1574518947.71361, -337.0
1574518947.739824, -337.0
1574518947.765863, -337.0
1574518947.792435, -337.0
1574518947.819082, -337.0
1574518947.845401, -337.0
1574518947.871653, -337.0
1574518947.898172, -337.0
1574518947.924428, -337.0
1574518947.950519, -337.0
1574518947.976206, -337.0
1574518948.782659, -337.0
1574518949.544681, -337.0
1574518949.570952, -337.0
1574518950.295112, -337.0
1574518951.074249, -337.0
1574518951.876458, -337.0
1574518951.902955, -337.0
1574518952.661716, -337.0
1574518953.404178, -337.0
1574518954.164352, -337.0
1574518954.947629, -337.0
1574518955.715714, -337.0
1574518956.571645, -337.0
1574518956.597642, -337.0
1574518956.623528, -337.0
1574518957.414792, -337.0
1574518958.282406, -337.0
1574518958.309068, -337.0
1574518958.335307, -337.0
1574518958.361431, -337.0
1574518958.387723, -337.0
1574518958.414575, -337.0
1574518958.441714, -337.0
1574518958.469114, -337.0
1574518958.495122, -337.0
1574518958.521837, -337.0
1574518959.326193, -337.0
1574518959.352083, -337.0
1574518959.378154, -337.0
1574518959.403918, -337.0
1574518959.430225, -337.0
1574518959.456696, -337.0
1574518959.483086, -337.0
1574518960.220484, -337.0
1574518960.246874, -337.0
1574518960.963388, -337.0
1574518960.989682, -337.0
1574518961.688735, -337.0
1574518962.437992, -337.0
1574518963.17104, -337.0
1574518963.196941, -337.0
1574518963.989055, -337.0
1574518964.015248, -337.0
1574518964.041219, -337.0
1574518964.067329, -337.0
1574518964.093544, -337.0
1574518964.941293, -337.0
1574518964.967777, -337.0
1574518964.993839, -337.0
1574518902.791094, -337.0
1574518902.819011, -337.0
1574518902.844398, -337.0
1574518902.869821, -337.0
1574518902.895105, -337.0
1574518902.920378, -337.0
1574518902.94585, -337.0
1574518902.971287, -337.0
1574518902.996748, -337.0
1574518903.022098, -337.0
1574518903.047474, -337.0
1574518903.072752, -337.0
1574518903.098192, -337.0
1574518903.123878, -337.0
1574518903.149186, -337.0
1574518903.174424, -337.0
1574518903.199637, -337.0
1574518903.224661, -337.0
1574518903.250026, -337.0
1574518903.275272, -337.0
1574518903.301479, -337.0
1574518903.327783, -337.0
1574518903.354691, -337.0
1574518903.782911, -337.0
1574518904.099815, -337.0
1574518904.431661, -337.0
1574518904.752005, -337.0
1574518905.09127, -337.0
1574518905.447494, -337.0
1574518905.777286, -337.0
1574518906.097307, -337.0
1574518906.446437, -337.0
1574518906.472449, -337.0
1574518906.499463, -337.0
1574518906.526583, -337.0
1574518907.251284, -337.0
1574518907.629178, -337.0
1574518907.983134, -337.0
1574518908.340275, -337.0
1574518908.877603, -337.0
1574518909.6321, -337.0
1574518910.050289, -337.0
1574518910.077398, -337.0
1574518910.104852, -337.0
1574518910.132406, -337.0
1574518910.15938, -337.0
1574518910.186681, -337.0
1574518910.214673, -337.0
1574518910.242616, -337.0
1574518910.269798, -337.0
1574518911.01753, -337.0
1574518911.486585, -337.0
1574518911.882324, -337.0
1574518912.289855, -337.0
1574518912.783687, -337.0
1574518913.456083, -337.0
1574518914.161424, -337.0
1574518914.891547, -337.0
1574518915.573449, -337.0
1574518915.600339, -337.0
1574518915.62702, -337.0
1574518915.65366, -337.0
1574518916.535761, -337.0
1574518917.430148, -337.0
1574518917.456878, -337.0
1574518917.484092, -337.0
1574518917.512453, -337.0
1574518917.541114, -337.0
1574518917.569865, -337.0
1574518917.598713, -337.0
1574518917.627116, -337.0
1574518917.654464, -337.0
1574518917.681007, -337.0
1574518917.707233, -337.0
1574518918.436277, -337.0
1574518918.997332, -337.0
1574518919.571119, -337.0
1574518920.175212, -337.0
1574518920.732945, -337.0
1574518920.759249, -337.0
1574518920.785628, -337.0
1574518920.81309, -337.0
1574518920.84085, -337.0
1574518920.869209, -337.0
1574518920.897681, -337.0
1574518920.926045, -337.0
1574518920.953103, -337.0
1574518921.48417, -337.0
1574518921.987796, -337.0
1574518922.501015, -337.0
1574518922.527246, -337.0
1574518922.553739, -337.0
1574518922.581228, -337.0
1574518922.608782, -337.0
1574518922.635501, -337.0
1574518922.66206, -337.0
1574518922.688693, -337.0
1574518922.715765, -337.0
1574518923.565102, -337.0
1574518923.591362, -337.0
1574518924.368431, -337.0
1574518925.306721, -337.0
1574518926.034907, -337.0
1574518926.060853, -337.0
1574518926.087593, -337.0
1574518926.114514, -337.0
1574518926.141477, -337.0
1574518926.168122, -337.0
1574518926.194862, -337.0
1574518926.221343, -337.0
1574518926.247355, -337.0
1574518926.273633, -337.0
1574518927.089451, -337.0
1574518927.11613, -337.0
1574518927.142462, -337.0
1574518927.168789, -337.0
1574518927.195155, -337.0
1574518927.920705, -337.0
1574518927.947127, -337.0
1574518927.973249, -337.0
1574518927.999481, -337.0
1574518928.917424, -337.0
1574518929.650955, -337.0
1574518930.426398, -337.0
1574518931.230193, -337.0
1574518932.103946, -337.0
1574518932.130313, -337.0
1574518932.156182, -337.0
1574518932.96472, -337.0
1574518933.695527, -337.0
1574518933.722036, -337.0
1574518933.74877, -337.0
1574518933.7751, -337.0
1574518933.801666, -337.0
1574518934.699216, -337.0
1574518934.725369, -337.0
1574518934.752163, -337.0
1574518934.778158, -337.0
1574518934.804562, -337.0
1574518935.574879, -337.0
1574518936.349983, -337.0
1574518937.135639, -337.0
1574518937.161946, -337.0
1574518937.187745, -337.0
1574518937.993518, -337.0
1574518938.019707, -337.0
1574518938.867189, -337.0
1574518938.893306, -337.0
1574518938.919296, -337.0
1574518939.729189, -337.0
1574518940.549959, -337.0
1574518941.441407, -337.0
1574518941.467503, -337.0
1574518941.493507, -337.0
1574518941.519324, -337.0
1574518941.545904, -337.0
1574518941.572322, -337.0
1574518941.599523, -337.0
1574518941.627099, -337.0
1574518941.655024, -337.0
1574518941.68196, -337.0
1574518942.566686, -337.0
1574518943.359724, -337.0
1574518944.112492, -337.0
1574518944.138842, -337.0
1574518944.16494, -337.0
1574518944.191189, -337.0
1574518944.218176, -337.0
1574518944.2461, -337.0
1574518944.274135, -337.0
1574518944.303007, -337.0
1574518944.331304, -337.0
1574518944.359454, -337.0
1574518944.387453, -337.0
1574518944.414505, -337.0
1574518944.442676, -337.0
1574518944.470906, -337.0
1574518944.498629, -337.0
1574518945.37967, -337.0
1574518945.405883, -337.0
1574518946.160269, -337.0
1574518946.186505, -337.0
1574518946.866049, -337.0
1574518947.617665, -337.0
1574518948.311852, -337.0
1574518948.97537, -337.0
1574518949.001598, -337.0
1574518949.027594, -337.0
1574518949.053644, -337.0
1574518949.079741, -337.0
1574518949.106499, -337.0
1574518949.133217, -337.0
1574518949.159376, -337.0
1574518950.130856, -337.0
1574518950.158245, -337.0
1574518950.186119, -337.0
1574518950.213252, -337.0
1574518950.240353, -337.0
1574518950.267792, -337.0
1574518950.296243, -337.0
1574518950.324328, -337.0
1574518950.351953, -337.0
1574518950.378417, -337.0
1574518950.405147, -337.0
1574518950.432002, -337.0
1574518950.458408, -337.0
1574518950.484567, -337.0
1574518951.181151, -337.0
1574518951.997487, -337.0
1574518952.794411, -337.0
1574518953.559671, -337.0
1574518953.586152, -337.0
1574518953.612196, -337.0
1574518953.638462, -337.0
1574518953.66515, -337.0
1574518953.692773, -337.0
1574518953.721851, -337.0
1574518953.749638, -337.0
1574518953.777323, -337.0
1574518953.804881, -337.0
1574518953.832256, -337.0
1574518953.858579, -337.0
1574518954.630182, -337.0
1574518955.406424, -337.0
1574518956.115242, -337.0
1574518956.141401, -337.0
1574518956.167467, -337.0
1574518956.937699, -337.0
1574518957.741124, -337.0
1574518958.486846, -337.0
1574518959.233002, -337.0
1574518959.967, -337.0
1574518959.993411, -337.0
1574518960.019663, -337.0
1574518960.046026, -337.0
1574518960.072371, -337.0
1574518960.80508, -337.0
1574518961.562224, -337.0
1574518962.295186, -337.0
1574518962.321353, -337.0
1574518963.172673, -337.0
1574518963.19926, -337.0
1574518963.225638, -337.0
1574518963.251968, -337.0
1574518964.006218, -337.0
1574518964.758989, -337.0
1574518965.546817, -337.0
1574518965.572962, -337.0
1574518966.320837, -337.0
1574518967.121783, -337.0
1574518906.33979, -337.0
1574518906.366655, -337.0
1574518906.391778, -337.0
1574518906.418714, -337.0
1574518906.445472, -337.0
1574518906.890099, -337.0
1574518907.317991, -337.0
1574518907.710552, -337.0
1574518908.083397, -337.0
1574518908.50367, -337.0
1574518908.908422, -337.0
1574518909.28414, -337.0
1574518909.683752, -337.0
1574518910.103465, -337.0
1574518910.489486, -337.0
1574518910.896238, -337.0
1574518911.27775, -337.0
1574518911.599957, -337.0
1574518912.314373, -337.0
1574518912.342238, -337.0
1574518912.370572, -337.0
1574518912.399227, -337.0
1574518912.428072, -337.0
1574518912.457129, -337.0
1574518912.485934, -337.0
1574518913.155612, -337.0
1574518913.47884, -337.0
1574518913.886258, -337.0
1574518914.387253, -337.0
1574518914.995892, -337.0
1574518915.436073, -337.0
1574518916.080826, -337.0
1574518916.540521, -337.0
1574518917.018304, -337.0
1574518917.560972, -337.0
1574518918.187262, -337.0
1574518918.213439, -337.0
1574518918.23951, -337.0
1574518918.265825, -337.0
1574518918.292342, -337.0
1574518919.067846, -337.0
1574518919.947098, -337.0
1574518919.974196, -337.0
1574518920.001458, -337.0
1574518920.029009, -337.0
1574518921.300845, -337.0
1574518921.327976, -337.0
1574518921.355453, -337.0
1574518921.383156, -337.0
1574518921.409176, -337.0
1574518921.435506, -337.0
1574518921.461568, -337.0
1574518921.487864, -337.0
1574518921.514294, -337.0
1574518921.540439, -337.0
1574518921.566801, -337.0
1574518921.59363, -337.0
1574518921.620601, -337.0
1574518921.647471, -337.0
1574518921.674528, -337.0
1574518921.701413, -337.0
1574518921.728366, -337.0
1574518921.755117, -337.0
1574518921.782162, -337.0
1574518921.808971, -337.0
1574518921.8357, -337.0
1574518921.862159, -337.0
1574518921.888604, -337.0
1574518921.91531, -337.0
1574518921.941566, -337.0
1574518921.967931, -337.0
1574518921.99393, -337.0
1574518922.769119, -337.0
1574518923.470144, -337.0
1574518924.146062, -337.0
1574518924.172441, -337.0
1574518924.966663, -337.0
1574518924.99316, -337.0
1574518925.019971, -337.0
1574518925.047245, -337.0
1574518925.074613, -337.0
1574518925.1023, -337.0
1574518925.129825, -337.0
1574518925.157285, -337.0
1574518925.184934, -337.0
1574518925.212395, -337.0
1574518925.239968, -337.0
1574518925.266074, -337.0
1574518925.293059, -337.0
1574518925.320151, -337.0
1574518925.347267, -337.0
1574518925.374184, -337.0
1574518925.400842, -337.0
1574518926.235179, -337.0
1574518926.979621, -337.0
1574518927.704142, -337.0
1574518928.44473, -337.0
1574518929.119301, -337.0
1574518929.849513, -337.0
1574518930.621865, -337.0
1574518931.339637, -337.0
1574518931.3659, -337.0
1574518931.392118, -337.0
1574518931.419897, -337.0
1574518931.448786, -337.0
1574518931.476559, -337.0
1574518931.503656, -337.0
1574518932.508846, -337.0
1574518932.534981, -337.0
1574518932.560566, -337.0
1574518932.586655, -337.0
1574518932.612875, -337.0
1574518932.63888, -337.0
1574518932.664988, -337.0
1574518932.691377, -337.0
1574518932.717577, -337.0
1574518932.743811, -337.0
1574518933.453081, -337.0
1574518934.185745, -337.0
1574518934.884075, -337.0
1574518935.589191, -337.0
1574518936.315097, -337.0
1574518936.341403, -337.0
1574518937.064283, -337.0
1574518937.756034, -337.0
1574518938.43094, -337.0
1574518939.139574, -337.0
1574518939.165798, -337.0
1574518939.191874, -337.0
1574518939.218384, -337.0
1574518939.244709, -337.0
1574518940.209346, -337.0
1574518940.235464, -337.0
1574518940.261324, -337.0
1574518940.287656, -337.0
1574518940.313898, -337.0
1574518940.340326, -337.0
1574518941.283879, -337.0
1574518941.310655, -337.0
1574518941.337355, -337.0
1574518941.364215, -337.0
1574518941.392156, -337.0
1574518941.420221, -337.0
1574518941.448884, -337.0
1574518941.477375, -337.0
1574518942.347761, -337.0
1574518943.096344, -337.0
1574518943.906825, -337.0
1574518943.933325, -337.0
1574518943.959506, -337.0
1574518943.985922, -337.0
1574518944.012062, -337.0
1574518944.847041, -337.0
1574518944.873243, -337.0
1574518945.648397, -337.0
1574518946.431798, -337.0
1574518946.457947, -337.0
1574518947.198344, -337.0
1574518947.224681, -337.0
1574518947.250482, -337.0
1574518948.10219, -337.0
1574518948.128647, -337.0
1574518948.155446, -337.0
1574518948.181973, -337.0
1574518948.208594, -337.0
1574518948.235455, -337.0
1574518948.263182, -337.0
1574518948.290122, -337.0
1574518948.316226, -337.0
1574518948.343091, -337.0
1574518948.369137, -337.0
1574518948.395496, -337.0
1574518948.421464, -337.0
1574518948.447483, -337.0
1574518948.47365, -337.0
1574518948.499617, -337.0
1574518948.52581, -337.0
1574518948.552719, -337.0
1574518948.579608, -337.0
1574518949.347104, -337.0
1574518949.373523, -337.0
1574518950.152688, -337.0
1574518950.178976, -337.0
1574518950.205478, -337.0
1574518950.232503, -337.0
1574518950.259738, -337.0
1574518950.287694, -337.0
1574518950.315621, -337.0
1574518950.343742, -337.0
1574518950.371521, -337.0
1574518950.399504, -337.0
1574518950.427272, -337.0
1574518950.455041, -337.0
1574518950.483, -337.0
1574518950.511021, -337.0
1574518950.539078, -337.0
1574518950.567137, -337.0
1574518950.595372, -337.0
1574518950.62367, -337.0
1574518950.651674, -337.0
1574518950.678876, -337.0
1574518950.705436, -337.0
1574518950.732795, -337.0
1574518950.761144, -337.0
1574518950.789536, -337.0
1574518950.817566, -337.0
1574518950.845091, -337.0
1574518950.873116, -337.0
1574518950.899848, -337.0
1574518951.634291, -337.0
1574518952.343783, -337.0
1574518953.112514, -337.0
1574518953.899142, -337.0
1574518954.677805, -337.0
1574518954.704093, -337.0
1574518954.730477, -337.0
1574518954.757164, -337.0
1574518954.784934, -337.0
1574518954.812904, -337.0
1574518954.841066, -337.0
1574518954.86879, -337.0
1574518954.896975, -337.0
1574518954.925456, -337.0
1574518954.953852, -337.0
1574518954.982006, -337.0
1574518955.010385, -337.0
1574518955.038977, -337.0
1574518955.067466, -337.0
1574518955.095848, -337.0
1574518955.12289, -337.0
1574518955.151087, -337.0
1574518955.179183, -337.0
1574518955.206289, -337.0
1574518955.982542, -337.0
1574518956.782682, -337.0
1574518957.537743, -337.0
1574518958.380037, -337.0
1574518959.134368, -337.0
1574518959.95627, -337.0
1574518959.982492, -337.0
1574518960.712633, -337.0
1574518961.473376, -337.0
1574518961.500245, -337.0
1574518961.527075, -337.0
1574518961.555175, -337.0
1574518961.58392, -337.0
1574518961.61277, -337.0
1574518961.641561, -337.0
1574518961.669786, -337.0
1574518961.698603, -337.0
1574518907.110465, -337.0
1574518907.13873, -337.0
1574518907.166317, -337.0
1574518907.193806, -337.0
1574518907.221577, -337.0
1574518907.248476, -337.0
1574518907.275447, -337.0
1574518907.30271, -337.0
1574518907.329647, -337.0
1574518907.356669, -337.0
1574518907.383576, -337.0
1574518907.410372, -337.0
1574518907.437339, -337.0
1574518907.464203, -337.0
1574518907.49107, -337.0
1574518907.518103, -337.0
1574518907.544949, -337.0
1574518907.571753, -337.0
1574518908.351058, -337.0
1574518909.097386, -337.0
1574518909.124231, -337.0
1574518909.151046, -337.0
1574518909.177759, -337.0
1574518909.204604, -337.0
1574518909.231449, -337.0
1574518909.25858, -337.0
1574518909.285816, -337.0
1574518909.312762, -337.0
1574518909.339708, -337.0
1574518909.365891, -337.0
1574518910.049438, -337.0
1574518910.627349, -337.0
1574518911.236364, -337.0
1574518911.263148, -337.0
1574518911.290039, -337.0
1574518911.317796, -337.0
1574518911.345113, -337.0
1574518911.37214, -337.0
1574518911.398563, -337.0
1574518911.425, -337.0
1574518911.451401, -337.0
1574518911.47753, -337.0
1574518911.503695, -337.0
1574518911.530415, -337.0
1574518911.556857, -337.0
1574518911.58287, -337.0
1574518912.316206, -337.0
1574518913.111899, -337.0
1574518913.13871, -337.0
1574518913.165059, -337.0
1574518913.191577, -337.0
1574518913.217558, -337.0
1574518913.822482, -337.0
1574518914.586387, -337.0
1574518914.613435, -337.0
1574518914.640634, -337.0
1574518914.667987, -337.0
1574518914.695595, -337.0
1574518914.722999, -337.0
1574518914.749919, -337.0
1574518914.775671, -337.0
1574518915.696547, -337.0
1574518915.723536, -337.0
1574518915.749178, -337.0
1574518915.775596, -337.0
1574518915.801779, -337.0
1574518915.8285, -337.0
1574518915.855479, -337.0
1574518915.882603, -337.0
1574518915.909545, -337.0
1574518915.935893, -337.0
1574518915.96271, -337.0
1574518915.989524, -337.0
1574518916.016722, -337.0
1574518916.045621, -337.0
1574518916.074392, -337.0
1574518916.964117, -337.0
1574518917.602835, -337.0
1574518918.198611, -337.0
1574518918.789446, -337.0
1574518919.44804, -337.0
1574518920.114751, -337.0
1574518920.74584, -337.0
1574518921.342487, -337.0
1574518921.99204, -337.0
1574518922.67881, -337.0
1574518923.366991, -337.0
1574518924.042911, -337.0
1574518924.683916, -337.0
1574518925.384356, -337.0
1574518926.056014, -337.0
1574518926.08207, -337.0
1574518926.108245, -337.0
1574518926.134682, -337.0
1574518926.161387, -337.0
1574518926.188432, -337.0
1574518926.216028, -337.0
1574518926.243739, -337.0
1574518926.272569, -337.0
1574518926.300221, -337.0
1574518926.327586, -337.0
1574518926.354422, -337.0
1574518926.380905, -337.0
1574518926.40705, -337.0
1574518926.433046, -337.0
1574518926.458952, -337.0
1574518926.485174, -337.0
1574518926.511516, -337.0
1574518926.537919, -337.0
1574518926.564389, -337.0
1574518926.591086, -337.0
1574518927.355555, -337.0
1574518928.154328, -337.0
1574518928.813452, -337.0
1574518928.839707, -337.0
1574518928.865749, -337.0
1574518928.89295, -337.0
1574518928.921288, -337.0
1574518928.950238, -337.0
1574518928.978939, -337.0
1574518929.007058, -337.0
1574518929.034719, -337.0
1574518929.062006, -337.0
1574518929.088972, -337.0
1574518929.117179, -337.0
1574518929.145542, -337.0
1574518929.173869, -337.0
1574518929.202352, -337.0
1574518929.230672, -337.0
1574518929.259079, -337.0
1574518929.287089, -337.0
1574518929.314078, -337.0
1574518929.340717, -337.0
1574518929.368228, -337.0
1574518929.395721, -337.0
1574518929.423752, -337.0
1574518929.451633, -337.0
1574518929.480372, -337.0
1574518929.509278, -337.0
1574518929.537686, -337.0
1574518929.565106, -337.0
1574518929.593815, -337.0
1574518929.622776, -337.0
1574518929.651045, -337.0
1574518929.677456, -337.0
1574518929.703823, -337.0
1574518929.73077, -337.0
1574518929.756919, -337.0
1574518929.783115, -337.0
1574518929.80981, -337.0
1574518929.836601, -337.0
1574518929.86375, -337.0
1574518929.890792, -337.0
1574518929.917483, -337.0
1574518929.944627, -337.0
1574518929.972928, -337.0
1574518930.001222, -337.0
1574518930.027809, -337.0
1574518930.054174, -337.0
1574518930.080198, -337.0
1574518930.80642, -337.0
1574518931.620696, -337.0
1574518931.646799, -337.0
1574518931.672852, -337.0
1574518931.69921, -337.0
1574518931.72614, -337.0
1574518931.752952, -337.0
1574518931.780494, -337.0
1574518931.808038, -337.0
1574518931.834216, -337.0
1574518932.664499, -337.0
1574518932.690512, -337.0
1574518932.716637, -337.0
1574518932.742843, -337.0
1574518933.480332, -337.0
1574518933.506514, -337.0
1574518933.53295, -337.0
1574518933.559273, -337.0
1574518934.326705, -337.0
1574518934.352898, -337.0
1574518934.378783, -337.0
1574518934.40497, -337.0
1574518934.430926, -337.0
1574518935.158163, -337.0
1574518935.184361, -337.0
1574518936.00328, -337.0
1574518936.02954, -337.0
1574518936.05566, -337.0
1574518936.985286, -337.0
1574518937.011702, -337.0
1574518937.763565, -337.0
1574518938.525874, -337.0
1574518939.230947, -337.0
1574518939.256951, -337.0
1574518940.018245, -337.0
1574518940.803395, -337.0
1574518941.546863, -337.0
1574518942.28329, -337.0
1574518943.014964, -337.0
1574518943.760543, -337.0
1574518944.530254, -337.0
1574518944.556394, -337.0
1574518945.326329, -337.0
1574518946.197937, -337.0
1574518946.22442, -337.0
1574518946.251003, -337.0
1574518946.277227, -337.0
1574518947.074154, -337.0
1574518947.100818, -337.0
1574518947.91526, -337.0
1574518947.941461, -337.0
1574518947.96781, -337.0
1574518948.800374, -337.0
1574518948.826676, -337.0
1574518949.625232, -337.0
1574518949.651404, -337.0
1574518949.677397, -337.0
1574518950.489395, -337.0
1574518950.515608, -337.0
1574518950.541702, -337.0
1574518950.567908, -337.0
1574518950.593945, -337.0
1574518950.61993, -337.0
1574518950.646417, -337.0
1574518950.672592, -337.0
1574518950.698573, -337.0
1574518950.724578, -337.0
1574518950.750618, -337.0
1574518950.776803, -337.0
1574518951.815006, -337.0
1574518952.939437, -337.0
1574518952.966593, -337.0
1574518952.994124, -337.0
1574518953.023253, -337.0
1574518953.051437, -337.0
1574518953.08061, -337.0
1574518953.109727, -337.0
1574518953.138497, -337.0
1574518953.167705, -337.0
1574518953.196743, -337.0
1574518953.226067, -337.0
1574518953.255236, -337.0
1574518953.284582, -337.0
1574518953.313865, -337.0
1574518953.343245, -337.0
1574518953.372528, -337.0
1574518953.401714, -337.0
1574518953.430739, -337.0
1574518953.459997, -337.0
1574518953.489247, -337.0
1574518953.53525, -337.0
1574518953.564408, -337.0
1574518953.58966, -337.0
1574518953.614859, -337.0
1574518953.639907, -337.0
1574518953.665077, -337.0
1574518953.690286, -337.0
1574518953.715349, -337.0
1574518953.74044, -337.0
1574518953.765642, -337.0
1574518953.792625, -337.0
1574518953.819376, -337.0
1574518953.845669, -337.0
1574518953.871896, -337.0
1574518954.352586, -337.0
1574518955.171534, -337.0
1574518955.197926, -337.0
1574518955.22438, -337.0
1574518955.251063, -337.0
1574518955.277999, -337.0
1574518955.305098, -337.0
1574518955.332943, -337.0
1574518955.360839, -337.0
1574518955.388987, -337.0
1574518955.417153, -337.0
1574518955.445341, -337.0
1574518955.47345, -337.0
1574518955.501651, -337.0
1574518955.528885, -337.0
1574518955.555093, -337.0
1574518956.367338, -337.0
1574518956.393612, -337.0
1574518957.110507, -337.0
1574518957.136719, -337.0
1574518957.848118, -337.0
1574518958.674279, -337.0
1574518958.701897, -337.0
1574518958.729261, -337.0
1574518958.756754, -337.0
1574518958.784241, -337.0
1574518958.810841, -337.0
1574518958.837325, -337.0
1574518958.863511, -337.0
1574518958.890214, -337.0
1574518958.917232, -337.0
1574518958.943617, -337.0
1574518958.970296, -337.0
1574518958.997104, -337.0
1574518959.023916, -337.0
1574518959.051305, -337.0
1574518959.078756, -337.0
1574518959.106512, -337.0
1574518959.134252, -337.0
1574518959.161455, -337.0
1574518959.188735, -337.0
1574518959.216345, -337.0
1574518959.24375, -337.0
1574518959.271403, -337.0
1574518959.299116, -337.0
1574518959.32683, -337.0
1574518959.353978, -337.0
1574518959.380706, -337.0
1574518960.114978, -337.0
1574518960.987808, -337.0
1574518961.923398, -337.0
1574518961.950026, -337.0
1574518961.977065, -337.0
1574518962.004352, -337.0
1574518962.030504, -337.0
1574518962.057044, -337.0
1574518962.083557, -337.0
1574518962.110014, -337.0
1574518962.136613, -337.0
1574518962.162902, -337.0
1574518962.18935, -337.0
1574518962.215592, -337.0
1574518962.241944, -337.0
1574518962.268268, -337.0
1574518962.294389, -337.0
1574518962.320628, -337.0
1574518962.346893, -337.0
1574518962.373573, -337.0
1574518962.400697, -337.0
1574518962.428025, -337.0
1574518962.455501, -337.0
1574518962.48225, -337.0
1574518962.508648, -337.0
1574518962.535226, -337.0
1574518962.561562, -337.0
1574518962.587949, -337.0
1574518962.614309, -337.0
1574518962.640702, -337.0
1574518962.666822, -337.0
1574518962.693525, -337.0
1574518962.720208, -337.0
1574518962.747116, -337.0
1574518962.773782, -337.0
1574518962.801077, -337.0
1574518962.82755, -337.0
1574518962.854353, -337.0
1574518962.880957, -337.0
1574518962.907727, -337.0
1574518962.934375, -337.0
1574518962.96174, -337.0
1574518962.989819, -337.0
1574518963.018633, -337.0
1574518963.047483, -337.0
1574518963.076418, -337.0
1574518963.105211, -337.0
1574518963.13424, -337.0
1574518963.16303, -337.0
1574518963.189769, -337.0
1574518963.21625, -337.0
1574518963.242834, -337.0
1574518963.269345, -337.0
1574518963.29671, -337.0
1574518963.324859, -337.0
1574518963.351475, -337.0
1574518963.377657, -337.0
1574518963.403894, -337.0
1574518963.430135, -337.0
1574518963.456176, -337.0
1574518963.481945, -337.0
1574518964.2656, -337.0
1574518965.106333, -337.0
1574518965.132598, -337.0
1574518965.158753, -337.0
1574518965.185141, -337.0
1574518965.9857, -337.0
1574518966.869771, -337.0
1574518966.895966, -337.0
1574518966.922256, -337.0
1574518967.63548, -337.0
1574518967.661655, -337.0
1574518967.687787, -337.0
1574518967.713959, -337.0
1574518968.640832, -337.0
1574518968.667053, -337.0
1574518968.693179, -337.0
1574518968.719597, -337.0
1574518968.746206, -337.0
1574518968.772734, -337.0
1574518969.781473, -337.0
1574518969.807666, -337.0
1574518969.833664, -337.0
1574518969.859771, -337.0
1574518969.88576, -337.0
1574518969.911964, -337.0
1574518969.938233, -337.0
1574518969.964399, -337.0
1574518969.990331, -337.0
1574518970.016683, -337.0
1574518970.042661, -337.0
1574518970.815392, -337.0
1574518970.841344, -337.0
1574518970.867184, -337.0
1574518971.606986, -337.0
1574518972.3174, -337.0
1574518973.12851, -337.0
1574518973.937188, -337.0
1574518974.754786, -337.0
1574518974.781042, -337.0
1574518974.807587, -337.0
1574518974.833291, -337.0
1574518975.655429, -337.0
1574518976.489387, -337.0
1574518976.515345, -337.0
1574518976.541296, -337.0
1574518977.357686, -337.0
1574518977.383776, -337.0
1574518977.409863, -337.0
1574518977.435766, -337.0
1574518978.219834, -337.0
1574518978.245866, -337.0
1574518978.272687, -337.0
1574518978.300327, -337.0
1574518978.327407, -337.0
1574518978.354298, -337.0
1574518978.381723, -337.0
1574518978.408908, -337.0
1574518978.436663, -337.0
1574518978.464631, -337.0
1574518978.492313, -337.0
1574518978.518947, -337.0
1574518978.545089, -337.0
1574518978.571309, -337.0
1574518978.597333, -337.0
1574518978.622999, -337.0
1574518979.352002, -337.0
1574518979.378032, -337.0
1574518980.140137, -337.0
1574518981.039948, -337.0
1574518981.066129, -337.0
1574518981.091842, -337.0
1574518981.897438, -337.0
1574518981.92351, -337.0
1574518982.704755, -337.0
1574518982.730728, -337.0
1574518982.756742, -337.0
1574518982.782303, -337.0
1574518983.56303, -337.0
1574518983.588867, -337.0
1574518983.614928, -337.0
1574518983.641, -337.0
1574518983.667105, -337.0
1574518983.693185, -337.0
1574518983.719189, -337.0
1574518984.5126, -337.0
1574518985.379068, -337.0
1574518985.405136, -337.0
1574518985.43091, -337.0
1574518985.456895, -337.0
1574518986.244331, -337.0
1574518987.006948, -337.0
1574518987.033111, -337.0
1574518987.058953, -337.0
1574518987.085001, -337.0
1574518987.903869, -337.0
1574518988.671599, -337.0
1574518989.517341, -337.0
1574518990.337746, -337.0
1574518991.089623, -337.0
1574518991.887768, -337.0
1574518992.638662, -337.0
1574518992.664484, -337.0
1574518993.441438, -337.0
1574518993.467354, -337.0
1574518994.290762, -337.0
1574518995.067852, -337.0
1574518995.093579, -337.0
1574518995.911336, -337.0
1574518996.85549, -337.0
1574518996.881714, -337.0
1574518997.691972, -337.0
1574518997.71799, -337.0
1574518998.514557, -337.0
1574518998.540825, -337.0
1574518998.567027, -337.0
1574518999.337164, -337.0
1574519000.08705, -337.0
1574519000.87616, -337.0
1574519000.902214, -337.0
1574519000.928196, -337.0
1574519000.95429, -337.0
1574519001.65609, -337.0
1574519001.68224, -337.0
1574519001.708065, -337.0
1574519001.733833, -337.0
1574519002.430274, -337.0
1574519002.456274, -337.0
1574518962.166044, -337.0
1574518962.192296, -337.0
1574518962.217422, -337.0
1574518962.242564, -337.0
1574518962.268647, -337.0
1574518963.090262, -337.0
1574518963.435376, -337.0
1574518963.799563, -337.0
1574518963.826692, -337.0
1574518963.854794, -337.0
1574518963.883781, -337.0
1574518963.912129, -337.0
1574518963.938422, -337.0
1574518964.368699, -337.0
1574518964.713225, -337.0
1574518965.091666, -337.0
1574518965.646324, -337.0
1574518966.208012, -337.0
1574518966.820075, -337.0
1574518967.417694, -337.0
1574518968.054845, -337.0
1574518968.521603, -337.0
1574518968.547668, -337.0
1574518968.574464, -337.0
1574518968.601553, -337.0
1574518968.628977, -337.0
1574518968.656058, -337.0
1574518968.682903, -337.0
1574518968.709187, -337.0
1574518968.735188, -337.0
1574518969.429738, -337.0
1574518969.455613, -337.0
1574518969.481478, -337.0
1574518969.507658, -337.0
1574518969.533995, -337.0
1574518969.560459, -337.0
1574518969.587223, -337.0
1574518969.614586, -337.0
1574518969.641943, -337.0
1574518969.66901, -337.0
1574518970.528559, -337.0
1574518971.395694, -337.0
1574518971.421877, -337.0
1574518971.448167, -337.0
1574518971.475199, -337.0
1574518971.502266, -337.0
1574518971.529351, -337.0
1574518971.556747, -337.0
1574518971.58415, -337.0
1574518971.611483, -337.0
1574518971.639194, -337.0
1574518971.667049, -337.0
1574518971.695056, -337.0
1574518971.722784, -337.0
1574518971.7506, -337.0
1574518971.778327, -337.0
1574518971.805658, -337.0
1574518972.576155, -337.0
1574518973.327095, -337.0
1574518973.353234, -337.0
1574518974.129515, -337.0
1574518974.155666, -337.0
1574518974.181885, -337.0
1574518974.208432, -337.0
1574518974.235245, -337.0
1574518974.262079, -337.0
1574518974.289162, -337.0
1574518974.316439, -337.0
1574518974.343621, -337.0
1574518974.371073, -337.0
1574518974.398733, -337.0
1574518974.426436, -337.0
1574518974.4543, -337.0
1574518974.482196, -337.0
1574518974.509916, -337.0
1574518974.537673, -337.0
1574518974.565085, -337.0
1574518974.592397, -337.0
1574518974.619679, -337.0
1574518974.646789, -337.0
1574518974.674017, -337.0
1574518974.701411, -337.0
1574518974.728628, -337.0
1574518975.932017, -337.0
1574518975.958029, -337.0
1574518976.747545, -337.0
1574518976.773425, -337.0
1574518977.563525, -337.0
1574518977.589859, -337.0
1574518977.616812, -337.0
1574518977.643309, -337.0
1574518977.669382, -337.0
1574518978.511749, -337.0
1574518979.425823, -337.0
1574518979.451814, -337.0
1574518979.477864, -337.0
1574518979.504046, -337.0
1574518979.530089, -337.0
1574518979.556063, -337.0
1574518979.582519, -337.0
1574518979.608961, -337.0
1574518979.635204, -337.0
1574518979.661443, -337.0
1574518980.473047, -337.0
1574518980.49908, -337.0
1574518980.525597, -337.0
1574518981.249804, -337.0
1574518981.275904, -337.0
1574518981.302543, -337.0
1574518981.329534, -337.0
1574518981.356509, -337.0
1574518981.383538, -337.0
1574518981.410577, -337.0
1574518981.437568, -337.0
1574518981.464613, -337.0
1574518981.491821, -337.0
1574518981.51891, -337.0
1574518981.545959, -337.0
1574518981.573082, -337.0
1574518981.600585, -337.0
1574518981.627845, -337.0
1574518981.654785, -337.0
1574518981.681808, -337.0
1574518981.708534, -337.0
1574518981.7346, -337.0
1574518982.608491, -337.0
1574518982.634665, -337.0
1574518982.660506, -337.0
1574518982.686365, -337.0
1574518982.712432, -337.0
1574518983.654468, -337.0
1574518984.452036, -337.0
1574518984.478221, -337.0
1574518984.504789, -337.0
1574518984.53158, -337.0
1574518984.558558, -337.0
1574518984.585429, -337.0
1574518984.612063, -337.0
1574518984.638312, -337.0
1574518984.664239, -337.0
1574518984.690245, -337.0
1574518984.715786, -337.0
1574518984.741633, -337.0
1574518984.7672, -337.0
1574518985.464702, -337.0
1574518985.490467, -337.0
1574518986.344936, -337.0
1574518986.371087, -337.0
1574518986.397271, -337.0
1574518986.423372, -337.0
1574518986.44989, -337.0
1574518986.477143, -337.0
1574518986.505151, -337.0
1574518986.532594, -337.0
1574518986.560457, -337.0
1574518986.587349, -337.0
1574518986.615107, -337.0
1574518986.641846, -337.0
1574518986.66931, -337.0
1574518986.695818, -337.0
1574518986.721985, -337.0
1574518987.564861, -337.0
1574518987.590997, -337.0
1574518987.617421, -337.0
1574518987.643789, -337.0
1574518988.610255, -337.0
1574518989.343902, -337.0
1574518989.369813, -337.0
1574518990.144819, -337.0
1574518990.918702, -337.0
1574518991.7453, -337.0
1574518992.466909, -337.0
1574518993.214397, -337.0
1574518993.240122, -337.0
1574518993.265973, -337.0
1574518993.291807, -337.0
1574518993.31782, -337.0
1574518993.343549, -337.0
1574518994.169878, -337.0
1574518995.00921, -337.0
1574518995.034891, -337.0
1574518995.745951, -337.0
1574518996.531223, -337.0
1574518996.557557, -337.0
1574518996.583804, -337.0
1574518997.476594, -337.0
1574518998.530898, -337.0
1574518998.557127, -337.0
1574518998.58316, -337.0
1574518998.60944, -337.0
1574518998.635832, -337.0
1574518998.662189, -337.0
1574518998.688436, -337.0
1574518999.735635, -337.0
1574519000.577263, -337.0
1574519001.337154, -337.0
1574519001.362955, -337.0
1574519002.097811, -337.0
1574519002.859671, -337.0
1574519003.627014, -337.0
1574519003.65298, -337.0
1574519004.407619, -337.0
1574519005.261071, -337.0
1574519005.287037, -337.0
1574519005.312761, -337.0
1574519005.338535, -337.0
1574519006.110511, -337.0
1574519006.136455, -337.0
1574519006.833752, -337.0
1574519007.586652, -337.0
1574519007.612389, -337.0
1574519007.637999, -337.0
1574519008.433195, -337.0
1574519009.371096, -337.0
1574519009.397556, -337.0
1574519009.423804, -337.0
1574519009.450086, -337.0
1574519009.47619, -337.0
1574519009.50198, -337.0
1574519009.527842, -337.0
1574519009.554195, -337.0
1574519010.90589, -337.0
1574519010.932454, -337.0
1574519010.958743, -337.0
1574519010.984753, -337.0
1574519011.011004, -337.0
1574519011.037333, -337.0
1574519011.063144, -337.0
1574519011.089131, -337.0
1574519011.114858, -337.0
1574519011.887672, -337.0
1574519012.653334, -337.0
1574519013.475388, -337.0
1574519014.216814, -337.0
1574519014.95471, -337.0
1574519015.760601, -337.0
1574519016.50393, -337.0
1574519017.225105, -337.0
1574519017.25079, -337.0
1574519017.276544, -337.0
1574519017.302372, -337.0
1574519018.004133, -337.0
1574519018.907388, -337.0
1574519018.933478, -337.0
1574519019.788372, -337.0
1574519020.530689, -337.0
1574519021.40818, -337.0
1574519022.215391, -337.0
1574519022.241211, -337.0
1574519022.974833, -337.0
1574518965.311399, -337.0
1574518965.621925, -337.0
1574518965.912098, -337.0
1574518966.19623, -337.0
1574518966.503897, -337.0
1574518966.966332, -337.0
1574518967.792718, -337.0
1574518967.819817, -337.0
1574518967.846373, -337.0
1574518967.873111, -337.0
1574518967.899808, -337.0
1574518967.926329, -337.0
1574518967.953158, -337.0
1574518967.979761, -337.0
1574518968.006456, -337.0
1574518968.033164, -337.0
1574518968.059774, -337.0
1574518968.086794, -337.0
1574518968.113732, -337.0
1574518968.140947, -337.0
1574518968.167955, -337.0
1574518968.193843, -337.0
1574518968.219964, -337.0
1574518968.246633, -337.0
1574518968.273457, -337.0
1574518968.300246, -337.0
1574518968.326976, -337.0
1574518968.353756, -337.0
1574518968.380559, -337.0
1574518968.407608, -337.0
1574518968.434317, -337.0
1574518968.461181, -337.0
1574518968.488044, -337.0
1574518968.514862, -337.0
1574518968.541538, -337.0
1574518968.568393, -337.0
1574518968.595029, -337.0
1574518968.621918, -337.0
1574518968.648634, -337.0
1574518968.675633, -337.0
1574518968.702481, -337.0
1574518968.729582, -337.0
1574518968.756313, -337.0
1574518968.783019, -337.0
1574518968.809784, -337.0
1574518968.837347, -337.0
1574518968.864302, -337.0
1574518968.891284, -337.0
1574518968.918321, -337.0
1574518968.945223, -337.0
1574518968.97188, -337.0
1574518969.513765, -337.0
1574518970.322504, -337.0
1574518970.348955, -337.0
1574518970.37552, -337.0
1574518970.401753, -337.0
1574518971.035056, -337.0
1574518971.061719, -337.0
1574518971.088709, -337.0
1574518971.115998, -337.0
1574518971.143084, -337.0
1574518971.170304, -337.0
1574518971.197533, -337.0
1574518971.224651, -337.0
1574518971.251023, -337.0
1574518971.946736, -337.0
1574518971.972812, -337.0
1574518971.999073, -337.0
1574518972.025206, -337.0
1574518972.051377, -337.0
1574518972.789387, -337.0
1574518972.815939, -337.0
1574518972.843444, -337.0
1574518973.673271, -337.0
1574518974.246907, -337.0
1574518974.938652, -337.0
1574518975.672009, -337.0
1574518976.485586, -337.0
1574518977.26996, -337.0
1574518978.050178, -337.0
1574518978.076575, -337.0
1574518978.10334, -337.0
1574518978.130767, -337.0
1574518978.158557, -337.0
1574518978.186366, -337.0
1574518978.213905, -337.0
1574518978.241836, -337.0
1574518978.269868, -337.0
1574518978.295925, -337.0
1574518978.953821, -337.0
1574518979.740756, -337.0
1574518979.766682, -337.0
1574518979.792547, -337.0
1574518980.525078, -337.0
1574518981.55856, -337.0
1574518981.58517, -337.0
1574518981.612057, -337.0
1574518981.638707, -337.0
1574518982.401006, -337.0
1574518982.427813, -337.0
1574518982.455314, -337.0
1574518982.48241, -337.0
1574518982.508836, -337.0
1574518983.184088, -337.0
1574518983.614298, -337.0
1574518983.970398, -337.0
1574518984.312042, -337.0
1574518984.683117, -337.0
1574518985.083276, -337.0
1574518985.458057, -337.0
1574518985.798493, -337.0
1574518986.13556, -337.0
1574518986.481889, -337.0
1574518986.80961, -337.0
1574518987.184441, -337.0
1574518987.55068, -337.0
1574518987.577132, -337.0
1574518988.124052, -337.0
1574518988.610855, -337.0
1574518989.081122, -337.0
1574518989.523134, -337.0
1574518989.939695, -337.0
1574518990.598144, -337.0
1574518991.052945, -337.0
1574518991.811437, -337.0
1574518991.838447, -337.0
1574518991.865917, -337.0
1574518991.893632, -337.0
1574518991.921506, -337.0
1574518991.949209, -337.0
1574518991.976935, -337.0
1574518992.004635, -337.0
1574518992.032238, -337.0
1574518992.059962, -337.0
1574518992.08756, -337.0
1574518992.115182, -337.0
1574518992.142899, -337.0
1574518992.170603, -337.0
1574518992.198137, -337.0
1574518992.225792, -337.0
1574518992.253454, -337.0
1574518992.280873, -337.0
1574518992.308324, -337.0
1574518992.336699, -337.0
1574518992.364479, -337.0
1574518992.392169, -337.0
1574518992.419943, -337.0
1574518992.447686, -337.0
1574518992.475398, -337.0
1574518992.503031, -337.0
1574518992.530617, -337.0
1574518993.049407, -337.0
1574518993.447613, -337.0
1574518993.830084, -337.0
1574518994.363034, -337.0
1574518994.93358, -337.0
1574518995.851478, -337.0
1574518995.877555, -337.0
1574518996.567429, -337.0
1574518997.307921, -337.0
1574518997.334172, -337.0
1574518998.106496, -337.0
1574518998.80685, -337.0
1574518998.832585, -337.0
1574518998.858586, -337.0
1574518998.884527, -337.0
1574518998.910938, -337.0
1574518998.937292, -337.0
1574518998.963348, -337.0
1574518998.989323, -337.0
1574518999.747877, -337.0
1574519000.488505, -337.0
1574519001.23365, -337.0
1574519002.014046, -337.0
1574519002.771608, -337.0
1574519003.4768, -337.0
1574519003.502808, -337.0
1574519004.279452, -337.0
1574519005.004221, -337.0
1574519005.78045, -337.0
1574519006.521206, -337.0
1574519006.547156, -337.0
1574519006.573961, -337.0
1574519006.600959, -337.0
1574519006.627737, -337.0
1574519006.653935, -337.0
1574519006.680378, -337.0
1574519006.706858, -337.0
1574519006.733302, -337.0
1574519006.760028, -337.0
1574519006.786599, -337.0
1574519006.813181, -337.0
1574519006.839602, -337.0
1574519006.865449, -337.0
1574519006.891419, -337.0
1574519006.917297, -337.0
1574519007.640077, -337.0
1574519008.444437, -337.0
1574519008.470349, -337.0
1574519009.300289, -337.0
1574519009.326172, -337.0
1574519009.352101, -337.0
1574519009.378385, -337.0
1574519009.405599, -337.0
1574519009.432751, -337.0
1574519009.458654, -337.0
1574519009.485075, -337.0
1574519009.511098, -337.0
1574519009.537072, -337.0
1574519009.563011, -337.0
1574519009.589077, -337.0
1574519009.61495, -337.0
1574519010.398449, -337.0
1574519010.42447, -337.0
1574519010.450504, -337.0
1574519010.476719, -337.0
1574519010.503231, -337.0
1574519010.530023, -337.0
1574519010.556282, -337.0
1574519010.582361, -337.0
1574519010.608357, -337.0
1574519010.634373, -337.0
1574519010.660542, -337.0
1574519010.686929, -337.0
1574519010.713846, -337.0
1574519010.741005, -337.0
1574519010.767879, -337.0
1574519010.794153, -337.0
1574519010.821257, -337.0
1574519010.84879, -337.0
1574519010.875489, -337.0
1574519010.902339, -337.0
1574519010.929202, -337.0
1574519010.955794, -337.0
1574519010.982316, -337.0
1574519011.008792, -337.0
1574519011.035748, -337.0
1574519011.062441, -337.0
1574519011.088901, -337.0
1574519011.115637, -337.0
1574519011.142837, -337.0
1574519011.170222, -337.0
1574519011.197627, -337.0
1574519011.225143, -337.0
1574519011.252894, -337.0
1574519011.28042, -337.0
1574519011.30803, -337.0
1574519011.335702, -337.0
1574519011.362367, -337.0
1574519011.388639, -337.0
