1574519027.097005, -285.0
1574519027.202546, -285.0
1574519027.303047, -285.0
1574519027.402378, -285.0
1574519027.501246, -285.0
1574519027.600879, -285.0
1574519027.701184, -285.0
1574519027.80394, -284.0
1574519027.904598, -279.0
1574519028.004127, -279.0
1574519028.103613, -279.0
1574519028.203701, -279.0
1574519028.304045, -279.0
1574519028.403919, -279.0
1574519028.503342, -279.0
1574519028.60359, -279.0
1574519028.703344, -279.0
1574519029.135805, -254.0
1574519029.63031, -254.0
1574519029.729562, -254.0
1574519030.749875, -254.0
1574519032.335086, -254.0
1574519032.440632, -254.0
1574519032.539543, -254.0
1574519032.638925, -254.0
1574519032.73835, -254.0
1574519032.837969, -254.0
1574519032.938039, -254.0
1574519034.304816, -254.0
1574519035.842121, -254.0
1574519037.249106, -250.0
1574519038.425155, -250.0
1574519039.599379, -250.0
1574519040.7405, -247.0
1574519041.795883, -247.0
1574519042.864755, -245.0
1574519043.911432, -245.0
1574519044.941997, -245.0
1574519045.988672, -245.0
1574519047.059126, -245.0
1574519047.804153, -245.0
1574519048.61605, -245.0
1574519049.792871, -245.0
1574519051.215825, -245.0
1574519052.644364, -245.0
1574519053.93387, -245.0
1574519055.260546, -245.0
1574519056.506924, -245.0
1574519057.821488, -245.0
1574519059.110663, -245.0
1574519026.691637, -992.0
1574519026.80583, -992.0
1574519026.905725, -992.0
1574519027.005524, -992.0
1574519027.109282, -285.0
1574519027.208519, -285.0
1574519027.308965, -285.0
1574519027.408602, -285.0
1574519027.516345, -285.0
1574519027.625832, -285.0
1574519029.794632, -254.0
1574519031.617282, -254.0
1574519033.118125, -254.0
1574519034.516712, -254.0
1574519035.878694, -254.0
1574519037.514568, -250.0
1574519038.13417, -250.0
1574519039.661419, -247.0
1574519040.491163, -247.0
1574519041.449874, -247.0
1574519041.88084, -247.0
1574519041.981106, -247.0
1574519042.64837, -245.0
1574519042.749896, -245.0
1574519043.263866, -245.0
1574519043.648395, -245.0
1574519044.411003, -245.0
1574519045.906814, -245.0
1574519046.361298, -245.0
1574519046.843655, -245.0
1574519046.943221, -245.0
1574519047.04246, -245.0
1574519047.141805, -245.0
1574519047.24133, -245.0
1574519047.340572, -245.0
1574519047.439445, -245.0
1574519047.539006, -245.0
1574519047.638511, -245.0
1574519048.100181, -245.0
1574519049.566711, -245.0
1574519050.80235, -245.0
1574519052.204899, -245.0
1574519053.32055, -245.0
1574519054.570781, -245.0
1574519055.870216, -245.0
1574519057.460061, -245.0
1574519058.73858, -245.0
1574519059.692207, -245.0
1574519060.643621, -245.0
1574519061.669982, -245.0
1574519027.706172, -284.0
1574519027.967117, -279.0
1574519028.214097, -279.0
1574519028.460992, -279.0
1574519028.708172, -279.0
1574519028.956418, -279.0
1574519029.202235, -254.0
1574519029.44909, -254.0
1574519029.729019, -254.0
1574519034.4189, -254.0
1574519037.734208, -250.0
1574519042.364887, -245.0
1574519044.50918, -245.0
1574519046.598217, -245.0
1574519048.686878, -245.0
1574519050.758014, -245.0
1574519052.815536, -245.0
1574519054.907295, -245.0
1574519057.017595, -245.0
1574519060.379015, -245.0
1574519063.896259, -245.0
1574519068.113767, -239.0
1574519070.983903, -239.0
1574519074.819818, -239.0
1574519078.106853, -239.0
1574519080.164436, -239.0
1574519082.181393, -239.0
1574519084.206601, -239.0
1574519086.517678, -239.0
1574519087.945824, -239.0
1574519089.06214, -239.0
1574519090.65918, -239.0
1574519094.296546, -239.0
1574519095.691066, -239.0
1574519097.192856, -239.0
1574519099.090791, -239.0
1574519100.235441, -239.0
1574519101.636485, -239.0
1574519103.956671, -239.0
1574519104.218858, -239.0
1574519105.450943, -239.0
1574519109.32378, -239.0
1574519113.951826, -239.0
1574519117.014315, -239.0
1574519120.946408, -239.0
1574519123.851373, -239.0
1574519127.457422, -239.0
1574519131.360394, -239.0
1574519137.136283, -239.0
1574519138.144425, -239.0
1574519026.75462, -992.0
1574519026.901166, -992.0
1574519027.02549, -992.0
1574519027.150232, -285.0
1574519027.274539, -285.0
1574519027.399976, -285.0
1574519027.525073, -285.0
1574519027.650482, -285.0
1574519027.785285, -284.0
1574519027.922853, -279.0
1574519030.016428, -254.0
1574519032.401722, -254.0
1574519034.640598, -254.0
1574519036.366905, -250.0
1574519038.583574, -250.0
1574519038.721625, -250.0
1574519039.556249, -250.0
1574519040.215786, -247.0
1574519040.830277, -247.0
1574519041.373896, -247.0
1574519042.02934, -247.0
1574519042.168563, -247.0
1574519043.354553, -245.0
1574519045.804235, -245.0
1574519047.838072, -245.0
1574519049.693309, -245.0
1574519051.37963, -245.0
1574519053.036846, -245.0
1574519054.730855, -245.0
1574519056.355473, -245.0
1574519058.015786, -245.0
1574519059.662432, -245.0
1574519061.395729, -245.0
1574519063.044522, -245.0
1574519064.724542, -245.0
1574519066.419728, -239.0
1574519068.184135, -239.0
1574519069.915936, -239.0
1574519071.660728, -239.0
1574519073.409246, -239.0
1574519075.13748, -239.0
1574519076.906335, -239.0
1574519078.798742, -239.0
1574519080.88449, -239.0
1574519082.926584, -239.0
1574519085.029676, -239.0
1574519086.983258, -239.0
1574519088.896655, -239.0
1574519090.653736, -239.0
1574519092.558597, -239.0
1574519059.258236, -245.0
1574519059.359333, -245.0
1574519059.798967, -245.0
1574519059.898091, -245.0
1574519059.997808, -245.0
1574519060.097431, -245.0
1574519060.197121, -245.0
1574519060.297307, -245.0
1574519060.396969, -245.0
1574519060.496416, -245.0
1574519060.595988, -245.0
1574519060.695352, -245.0
1574519060.795365, -245.0
1574519060.895073, -245.0
1574519061.351237, -245.0
1574519061.450816, -245.0
1574519061.549701, -245.0
1574519061.649432, -245.0
1574519061.749709, -245.0
1574519061.849049, -245.0
1574519061.948766, -245.0
1574519062.048182, -245.0
1574519062.147448, -245.0
1574519062.246918, -245.0
1574519062.347026, -245.0
1574519062.446585, -245.0
1574519062.54624, -245.0
1574519062.645897, -245.0
1574519062.745509, -245.0
1574519062.84571, -245.0
1574519062.945402, -245.0
1574519063.044669, -245.0
1574519063.144313, -245.0
1574519063.244244, -245.0
1574519063.34442, -245.0
1574519063.444114, -245.0
1574519063.926057, -245.0
1574519064.026064, -245.0
1574519064.125214, -245.0
1574519064.224635, -245.0
1574519064.324659, -245.0
1574519064.423444, -245.0
1574519064.522974, -245.0
1574519064.621873, -245.0
1574519064.720933, -245.0
1574519064.820011, -245.0
1574519064.919775, -245.0
1574519065.018701, -245.0
1574519065.118265, -245.0
1574519065.217618, -245.0
1574519061.866516, -245.0
1574519062.015672, -245.0
1574519062.163964, -245.0
1574519062.312002, -245.0
1574519062.905379, -245.0
1574519063.068012, -245.0
1574519063.227164, -245.0
1574519063.388232, -245.0
1574519063.541388, -245.0
1574519063.693314, -245.0
1574519063.842886, -245.0
1574519063.991002, -245.0
1574519064.139911, -245.0
1574519064.288325, -245.0
1574519064.436616, -245.0
1574519064.585619, -245.0
1574519064.733623, -245.0
1574519064.882421, -245.0
1574519065.03094, -245.0
1574519065.179505, -245.0
1574519065.328811, -245.0
1574519065.477463, -245.0
1574519065.630628, -245.0
1574519065.780436, -245.0
1574519065.929467, -245.0
1574519066.078525, -245.0
1574519066.226913, -245.0
1574519066.376063, -239.0
1574519066.524514, -239.0
1574519066.673098, -239.0
1574519066.821809, -239.0
1574519066.970297, -239.0
1574519067.119379, -239.0
1574519067.26715, -239.0
1574519067.41511, -239.0
1574519067.563249, -239.0
1574519067.711919, -239.0
1574519067.860774, -239.0
1574519068.009479, -239.0
1574519068.163261, -239.0
1574519068.314744, -239.0
1574519071.360596, -239.0
1574519073.818044, -239.0
1574519075.60092, -239.0
1574519077.391567, -239.0
1574519079.263956, -239.0
1574519080.963307, -239.0
1574519082.656197, -239.0
1574519084.366783, -239.0
1574519086.059229, -239.0
1574519065.31372, -245.0
1574519065.388578, -245.0
1574519065.463544, -245.0
1574519065.538693, -245.0
1574519065.616025, -245.0
1574519065.690382, -245.0
1574519065.765157, -245.0
1574519065.840227, -245.0
1574519065.915369, -245.0
1574519066.33292, -239.0
1574519066.884732, -239.0
1574519067.685788, -239.0
1574519067.760417, -239.0
1574519067.835554, -239.0
1574519067.91027, -239.0
1574519067.985327, -239.0
1574519068.06008, -239.0
1574519068.134773, -239.0
1574519068.210192, -239.0
1574519068.285034, -239.0
1574519068.735413, -239.0
1574519069.204953, -239.0
1574519069.634556, -239.0
1574519070.089623, -239.0
1574519070.503501, -239.0
1574519070.925027, -239.0
1574519071.338782, -239.0
1574519071.413665, -239.0
1574519071.488104, -239.0
1574519071.908182, -239.0
1574519072.347358, -239.0
1574519072.768332, -239.0
1574519072.843429, -239.0
1574519072.918601, -239.0
1574519072.993348, -239.0
1574519073.068365, -239.0
1574519073.497905, -239.0
1574519073.932351, -239.0
1574519074.007052, -239.0
1574519074.081741, -239.0
1574519074.156746, -239.0
1574519074.609834, -239.0
1574519075.761153, -239.0
1574519076.562326, -239.0
1574519076.6368, -239.0
1574519076.711834, -239.0
1574519077.124952, -239.0
1574519077.574059, -239.0
1574519077.648669, -239.0
1574519078.076206, -239.0
1574519078.171451, -239.0
1574519078.24601, -239.0
1574519078.32407, -239.0
1574519078.399804, -239.0
1574519078.47484, -239.0
1574519078.549639, -239.0
1574519078.62412, -239.0
1574519078.69864, -239.0
1574519078.773653, -239.0
1574519078.849628, -239.0
1574519078.929737, -239.0
1574519080.204939, -239.0
1574519081.346893, -239.0
1574519082.401767, -239.0
1574519083.498287, -239.0
1574519084.587149, -239.0
1574519085.728243, -239.0
1574519086.851751, -239.0
1574519087.980945, -239.0
1574519089.042045, -239.0
1574519090.168882, -239.0
1574519091.271625, -239.0
1574519092.380773, -239.0
1574519093.485868, -239.0
1574519094.572083, -239.0
1574519095.621196, -239.0
1574519096.691084, -239.0
1574519097.807313, -239.0
1574519098.86871, -239.0
1574519100.000682, -239.0
1574519101.120396, -239.0
1574519102.238471, -239.0
1574519103.34276, -239.0
1574519104.447312, -239.0
1574519105.54495, -239.0
1574519106.635485, -239.0
1574519107.757118, -239.0
1574519108.851763, -239.0
1574519109.944263, -239.0
1574519111.032428, -239.0
1574519112.113673, -239.0
1574519113.223608, -239.0
1574519114.268765, -239.0
1574519115.367107, -239.0
1574519116.411665, -239.0
1574519117.499944, -239.0
1574519118.564942, -239.0
1574519119.662739, -239.0
1574519120.754688, -239.0
1574519121.861689, -239.0
1574519087.041706, -239.0
1574519087.125075, -239.0
1574519087.203657, -239.0
1574519087.278829, -239.0
1574519087.353937, -239.0
1574519087.430468, -239.0
1574519089.231184, -239.0
1574519089.306288, -239.0
1574519089.381419, -239.0
1574519089.456227, -239.0
1574519089.531455, -239.0
1574519089.606552, -239.0
1574519089.681449, -239.0
1574519089.756465, -239.0
1574519089.832884, -239.0
1574519090.487588, -239.0
1574519090.571943, -239.0
1574519091.086622, -239.0
1574519091.16167, -239.0
1574519091.236581, -239.0
1574519091.311236, -239.0
1574519091.386312, -239.0
1574519091.911328, -239.0
1574519091.992505, -239.0
1574519092.07087, -239.0
1574519092.147533, -239.0
1574519092.222819, -239.0
1574519092.298041, -239.0
1574519092.377832, -239.0
1574519092.45272, -239.0
1574519092.527406, -239.0
1574519092.614152, -239.0
1574519092.689035, -239.0
1574519092.763991, -239.0
1574519092.838597, -239.0
1574519092.913682, -239.0
1574519092.988935, -239.0
1574519093.064067, -239.0
1574519093.139226, -239.0
1574519093.214308, -239.0
1574519093.289088, -239.0
1574519093.364234, -239.0
1574519093.439433, -239.0
1574519093.514126, -239.0
1574519093.588833, -239.0
1574519093.664429, -239.0
1574519093.739371, -239.0
1574519093.814809, -239.0
1574519093.897686, -239.0
1574519093.983123, -239.0
1574519094.077212, -239.0
1574519094.234139, -239.0
1574519094.383769, -239.0
1574519094.5331, -239.0
1574519094.69122, -239.0
1574519095.687244, -239.0
1574519096.794319, -239.0
1574519096.944064, -239.0
1574519098.424373, -239.0
1574519098.583541, -239.0
1574519098.732863, -239.0
1574519098.881647, -239.0
1574519099.037175, -239.0
1574519099.1869, -239.0
1574519099.336578, -239.0
1574519099.486573, -239.0
1574519099.646827, -239.0
1574519100.579152, -239.0
1574519100.732675, -239.0
1574519101.700496, -239.0
1574519102.633516, -239.0
1574519103.727641, -239.0
1574519104.437078, -239.0
1574519106.070798, -239.0
1574519106.808407, -239.0
1574519106.961407, -239.0
1574519107.700346, -239.0
1574519108.424532, -239.0
1574519109.122242, -239.0
1574519109.717831, -239.0
1574519109.868131, -239.0
1574519110.017483, -239.0
1574519111.103023, -239.0
1574519112.754636, -239.0
1574519115.409164, -239.0
1574519117.311173, -239.0
1574519120.295019, -239.0
1574519122.565232, -239.0
1574519125.971891, -239.0
1574519128.784041, -239.0
1574519129.854876, -239.0
1574519130.831987, -239.0
1574519131.691865, -239.0
1574519132.56456, -239.0
1574519133.385263, -239.0
1574519135.801711, -239.0
1574519137.458595, -239.0
1574519140.237247, -239.0
1574519143.012563, -239.0
1574519145.447739, -239.0
1574519094.04441, -239.0
1574519094.094468, -239.0
1574519094.145099, -239.0
1574519094.195142, -239.0
1574519094.244921, -239.0
1574519094.295263, -239.0
1574519094.345023, -239.0
1574519094.395404, -239.0
1574519094.445683, -239.0
1574519094.495897, -239.0
1574519094.54591, -239.0
1574519094.595637, -239.0
1574519094.64547, -239.0
1574519094.695298, -239.0
1574519094.745361, -239.0
1574519094.795451, -239.0
1574519094.845808, -239.0
1574519094.895716, -239.0
1574519094.94617, -239.0
1574519094.996287, -239.0
1574519095.04645, -239.0
1574519095.096266, -239.0
1574519095.146358, -239.0
1574519095.196183, -239.0
1574519095.246094, -239.0
1574519095.296318, -239.0
1574519095.346547, -239.0
1574519095.396826, -239.0
1574519095.447255, -239.0
1574519095.497502, -239.0
1574519095.547693, -239.0
1574519095.597894, -239.0
1574519096.347035, -239.0
1574519097.078423, -239.0
1574519097.792293, -239.0
1574519098.521042, -239.0
1574519099.238982, -239.0
1574519099.977828, -239.0
1574519100.706022, -239.0
1574519101.459528, -239.0
1574519102.215016, -239.0
1574519102.963989, -239.0
1574519103.702732, -239.0
1574519104.430826, -239.0
1574519105.172609, -239.0
1574519105.893569, -239.0
1574519106.606302, -239.0
1574519107.356717, -239.0
1574519108.084289, -239.0
1574519108.797308, -239.0
1574519156.235258, -239.0
1574519156.261523, -239.0
1574519156.286797, -239.0
1574519156.31217, -239.0
1574519156.337216, -239.0
1574519156.362215, -239.0
1574519156.390335, -239.0
1574519156.415303, -239.0
1574519156.440812, -239.0
1574519156.466471, -239.0
1574519156.4915, -239.0
1574519156.516559, -239.0
1574519156.541615, -239.0
1574519156.918299, -239.0
1574519157.288828, -239.0
1574519157.314389, -239.0
1574519157.339551, -239.0
1574519157.364867, -239.0
1574519157.390059, -239.0
1574519157.415173, -239.0
1574519157.440613, -239.0
1574519157.465683, -239.0
1574519157.491131, -239.0
1574519157.516508, -239.0
1574519157.541858, -239.0
1574519157.567358, -239.0
1574519157.592702, -239.0
1574519157.617851, -239.0
1574519157.643095, -239.0
1574519158.00463, -239.0
1574519158.409574, -239.0
1574519158.79304, -239.0
1574519159.165533, -239.0
1574519159.552534, -239.0
1574519159.943064, -239.0
1574519159.968491, -239.0
1574519159.993666, -239.0
1574519160.019064, -239.0
1574519160.044488, -239.0
1574519160.069915, -239.0
1574519160.095149, -239.0
1574519160.120161, -239.0
1574519160.145752, -239.0
1574519160.171173, -239.0
1574519160.196344, -239.0
1574519160.221759, -239.0
1574519160.247078, -239.0
1574519160.27253, -239.0
1574519160.297958, -239.0
1574519160.323403, -239.0
1574519160.348838, -239.0
1574519160.374307, -239.0
1574519160.399632, -239.0
1574519160.424568, -239.0
1574519160.449876, -239.0
1574519160.475206, -239.0
1574519160.500479, -239.0
1574519160.52574, -239.0
1574519160.550773, -239.0
1574519160.575749, -239.0
1574519160.601084, -239.0
1574519160.62651, -239.0
1574519160.651793, -239.0
1574519160.676903, -239.0
1574519160.701868, -239.0
1574519160.727521, -239.0
1574519160.753056, -239.0
1574519160.778378, -239.0
1574519160.803718, -239.0
1574519160.828792, -239.0
1574519160.85381, -239.0
1574519160.879075, -239.0
1574519160.904383, -239.0
1574519160.92962, -239.0
1574519160.954627, -239.0
1574519161.327547, -239.0
1574519161.679819, -239.0
1574519162.082345, -239.0
1574519162.46531, -239.0
1574519162.843772, -239.0
1574519163.229673, -239.0
1574519163.255117, -239.0
1574519163.280461, -239.0
1574519163.305991, -239.0
1574519163.331058, -239.0
1574519163.356128, -239.0
1574519163.381362, -239.0
1574519163.406498, -239.0
1574519163.431783, -239.0
1574519163.457082, -239.0
1574519163.482551, -239.0
1574519163.507888, -239.0
1574519163.532823, -239.0
1574519163.557932, -239.0
1574519163.583299, -239.0
1574519163.60866, -239.0
1574519164.00321, -239.0
1574519164.373916, -239.0
1574519164.789326, -239.0
1574519165.200784, -239.0
1574519165.566612, -239.0
1574519165.591897, -239.0
1574519165.617117, -239.0
1574519165.642269, -239.0
1574519165.667443, -239.0
1574519165.692554, -239.0
1574519165.717893, -239.0
1574519165.743119, -239.0
1574519165.768565, -239.0
1574519165.793797, -239.0
1574519166.171696, -239.0
1574519166.554948, -239.0
1574519166.91485, -239.0
1574519167.322763, -239.0
1574519167.348146, -239.0
1574519167.736369, -239.0
1574519167.76179, -239.0
1574519167.787189, -239.0
1574519167.81261, -239.0
1574519167.838026, -239.0
1574519167.863292, -239.0
1574519167.888511, -239.0
1574519167.913859, -239.0
1574519167.939264, -239.0
1574519168.320125, -239.0
1574519168.692148, -239.0
1574519169.09564, -239.0
1574519169.470705, -239.0
1574519169.496101, -239.0
1574519169.521283, -239.0
1574519169.546738, -239.0
1574519169.57216, -239.0
1574519169.597346, -239.0
1574519169.622623, -239.0
1574519169.64781, -239.0
1574519169.673036, -239.0
1574519169.698368, -239.0
1574519169.723666, -239.0
1574519169.748904, -239.0
1574519169.77432, -239.0
1574519169.799393, -239.0
1574519170.182249, -239.0
1574519170.553096, -239.0
1574519170.941021, -239.0
1574519171.319792, -239.0
1574519171.704001, -239.0
1574519172.08164, -239.0
1574519172.500337, -239.0
1574519172.902176, -239.0
1574519172.927557, -239.0
1574519172.952856, -239.0
1574519172.978292, -239.0
1574519173.003452, -239.0
1574519173.413842, -239.0
1574519173.787002, -239.0
1574519173.812376, -239.0
1574519173.837541, -239.0
1574519173.8629, -239.0
1574519173.888156, -239.0
1574519173.913495, -239.0
1574519174.30931, -239.0
1574519174.334445, -239.0
1574519174.718653, -239.0
1574519175.092098, -239.0
1574519175.117607, -239.0
1574519175.506844, -239.0
1574519175.532308, -239.0
1574519175.557457, -239.0
1574519175.582634, -239.0
1574519175.60783, -239.0
1574519175.633069, -239.0
1574519175.658497, -239.0
1574519175.683526, -239.0
1574519175.708823, -239.0
1574519175.734085, -239.0
1574519175.759442, -239.0
1574519175.784667, -239.0
1574519175.810063, -239.0
1574519175.835001, -239.0
1574519175.860394, -239.0
1574519175.885745, -239.0
1574519175.911069, -239.0
1574519175.936279, -239.0
1574519175.96118, -239.0
1574519175.986319, -239.0
1574519176.011727, -239.0
1574519176.037147, -239.0
1574519176.062256, -239.0
1574519176.087456, -239.0
1574519176.112553, -239.0
1574519176.138153, -239.0
1574519176.163852, -239.0
1574519176.189121, -239.0
1574519176.214353, -239.0
1574519176.239668, -239.0
1574519176.264815, -239.0
1574519176.290448, -239.0
1574519176.315971, -239.0
1574519176.341278, -239.0
1574519176.366565, -239.0
1574519176.391909, -239.0
1574519176.799953, -239.0
1574519176.82523, -239.0
1574519176.850539, -239.0
1574519176.875767, -239.0
1574519176.901109, -239.0
1574519176.92608, -239.0
1574519177.306041, -239.0
1574519177.331346, -239.0
1574519177.722465, -239.0
1574519178.120331, -239.0
1574519178.145631, -239.0
1574519178.540151, -239.0
1574519178.919727, -239.0
1574519179.307987, -239.0
1574519179.68646, -239.0
1574519180.048636, -239.0
1574519180.073693, -239.0
1574519180.098826, -239.0
1574519180.124405, -239.0
1574519180.149657, -239.0
1574519180.175094, -239.0
1574519180.20036, -239.0
1574519180.22571, -239.0
1574519180.251021, -239.0
1574519180.276387, -239.0
1574519180.301781, -239.0
1574519180.327186, -239.0
1574519180.352397, -239.0
1574519180.377578, -239.0
1574519180.40275, -239.0
1574519180.428268, -239.0
1574519180.84345, -239.0
1574519181.220776, -239.0
1574519181.246193, -239.0
1574519181.271635, -239.0
1574519181.296905, -239.0
1574519181.322402, -239.0
1574519181.707927, -239.0
1574519182.128314, -239.0
1574519182.522009, -239.0
1574519182.909643, -239.0
1574519183.328498, -239.0
1574519183.713431, -239.0
1574519184.075995, -239.0
1574519184.46209, -239.0
1574519184.868751, -239.0
1574519185.244095, -239.0
1574519185.269338, -239.0
1574519185.649834, -239.0
1574519156.250461, -239.0
1574519156.276267, -239.0
1574519156.301805, -239.0
1574519156.326847, -239.0
1574519156.351979, -239.0
1574519156.376957, -239.0
1574519156.405181, -239.0
1574519156.430503, -239.0
1574519156.455558, -239.0
1574519156.48059, -239.0
1574519156.505912, -239.0
1574519156.531309, -239.0
1574519156.556653, -239.0
1574519156.581751, -239.0
1574519156.962755, -239.0
1574519157.355937, -239.0
1574519157.73219, -239.0
1574519157.757827, -239.0
1574519157.783681, -239.0
1574519157.809633, -239.0
1574519157.83495, -239.0
1574519157.860109, -239.0
1574519157.885166, -239.0
1574519158.25257, -239.0
1574519158.623703, -239.0
1574519159.003657, -239.0
1574519159.381833, -239.0
1574519159.774606, -239.0
1574519160.171886, -239.0
1574519160.540001, -239.0
1574519160.565428, -239.0
1574519160.590895, -239.0
1574519160.616366, -239.0
1574519160.641605, -239.0
1574519160.666891, -239.0
1574519160.692113, -239.0
1574519160.717502, -239.0
1574519160.742741, -239.0
1574519160.768156, -239.0
1574519160.793735, -239.0
1574519160.819141, -239.0
1574519160.844589, -239.0
1574519160.869733, -239.0
1574519160.894827, -239.0
1574519160.920441, -239.0
1574519160.945734, -239.0
1574519160.971485, -239.0
1574519160.997208, -239.0
1574519161.022731, -239.0
1574519161.404146, -239.0
1574519161.794037, -239.0
1574519162.195038, -239.0
1574519162.589957, -239.0
1574519162.982132, -239.0
1574519163.358974, -239.0
1574519163.707227, -239.0
1574519164.12625, -239.0
1574519164.518523, -239.0
1574519164.896377, -239.0
1574519165.28067, -239.0
1574519165.68394, -239.0
1574519166.078621, -239.0
1574519166.467843, -239.0
1574519166.836655, -239.0
1574519167.231702, -239.0
1574519167.62537, -239.0
1574519168.013214, -239.0
1574519168.388197, -239.0
1574519168.79733, -239.0
1574519169.194115, -239.0
1574519169.620176, -239.0
1574519169.645259, -239.0
1574519169.670386, -239.0
1574519169.695642, -239.0
1574519169.720829, -239.0
1574519169.745844, -239.0
1574519169.771088, -239.0
1574519169.796422, -239.0
1574519170.165523, -239.0
1574519170.190941, -239.0
1574519170.216487, -239.0
1574519170.242222, -239.0
1574519170.268994, -239.0
1574519170.294887, -239.0
1574519170.320232, -239.0
1574519170.345556, -239.0
1574519170.371822, -239.0
1574519170.397025, -239.0
1574519170.422174, -239.0
1574519170.447235, -239.0
1574519170.472545, -239.0
1574519170.497948, -239.0
1574519170.52313, -239.0
1574519170.549171, -239.0
1574519170.929566, -239.0
1574519171.324658, -239.0
1574519171.680776, -239.0
1574519172.103784, -239.0
1574519172.129105, -239.0
1574519172.154538, -239.0
1574519172.179635, -239.0
1574519172.204761, -239.0
1574519172.230005, -239.0
1574519172.255025, -239.0
1574519172.280031, -239.0
1574519172.305623, -239.0
1574519172.330686, -239.0
1574519172.355875, -239.0
1574519172.381306, -239.0
1574519172.406381, -239.0
1574519172.431512, -239.0
1574519172.456541, -239.0
1574519172.481807, -239.0
1574519172.507548, -239.0
1574519172.880433, -239.0
1574519173.24398, -239.0
1574519173.629793, -239.0
1574519174.01774, -239.0
1574519174.402657, -239.0
1574519174.776481, -239.0
1574519175.163398, -239.0
1574519175.188929, -239.0
1574519175.552161, -239.0
1574519175.945935, -239.0
1574519175.9714, -239.0
1574519176.394705, -239.0
1574519176.782403, -239.0
1574519177.20597, -239.0
1574519177.581569, -239.0
1574519177.967672, -239.0
1574519177.992746, -239.0
1574519178.01813, -239.0
1574519178.043499, -239.0
1574519178.411447, -239.0
1574519178.436556, -239.0
1574519178.461668, -239.0
1574519178.486859, -239.0
1574519178.511952, -239.0
1574519178.537294, -239.0
1574519178.562407, -239.0
1574519178.587741, -239.0
1574519178.613106, -239.0
1574519178.638531, -239.0
1574519178.663736, -239.0
1574519178.689127, -239.0
1574519178.715164, -239.0
1574519178.740514, -239.0
1574519178.765983, -239.0
1574519178.791625, -239.0
1574519178.816737, -239.0
1574519179.182819, -239.0
1574519179.58468, -239.0
1574519179.996066, -239.0
1574519180.36311, -239.0
1574519180.752555, -239.0
1574519181.137013, -239.0
1574519181.524036, -239.0
1574519181.953987, -239.0
1574519182.347023, -239.0
1574519182.778905, -239.0
1574519183.194331, -239.0
1574519183.58601, -239.0
1574519183.611488, -239.0
1574519183.63675, -239.0
1574519184.005261, -239.0
1574519184.395368, -239.0
1574519184.420648, -239.0
1574519184.445822, -239.0
1574519184.470885, -239.0
1574519184.496827, -239.0
1574519184.522048, -239.0
1574519184.547279, -239.0
1574519184.93859, -239.0
1574519185.338512, -239.0
1574519185.691918, -239.0
1574519186.09593, -239.0
1574519186.474964, -239.0
1574519186.873579, -239.0
1574519186.899002, -239.0
1574519186.924423, -239.0
1574519187.321585, -239.0
1574519187.346797, -239.0
1574519187.759401, -239.0
1574519187.784558, -239.0
1574519187.810279, -239.0
1574519187.835534, -239.0
1574519187.860871, -239.0
1574519187.88656, -239.0
1574519187.911831, -239.0
1574519187.936974, -239.0
1574519187.962305, -239.0
1574519187.987746, -239.0
1574519188.0128, -239.0
1574519188.038006, -239.0
1574519188.063006, -239.0
1574519188.088432, -239.0
1574519188.113793, -239.0
1574519188.13918, -239.0
1574519188.522045, -239.0
1574519188.547216, -239.0
1574519188.572227, -239.0
1574519188.597227, -239.0
1574519188.622445, -239.0
1574519189.018542, -239.0
1574519189.384471, -239.0
1574519189.797986, -239.0
1574519189.823467, -239.0
1574519190.20128, -239.0
1574519190.226733, -239.0
1574519190.251929, -239.0
1574519190.277309, -239.0
1574519190.303059, -239.0
1574519190.32832, -239.0
1574519190.353751, -239.0
1574519190.378822, -239.0
1574519190.404479, -239.0
1574519190.430093, -239.0
1574519190.455501, -239.0
1574519190.480798, -239.0
1574519190.506184, -239.0
1574519190.531316, -239.0
1574519190.556725, -239.0
1574519190.582088, -239.0
1574519190.607286, -239.0
1574519190.632463, -239.0
1574519190.657972, -239.0
1574519190.682825, -239.0
1574519190.708143, -239.0
1574519190.733403, -239.0
1574519190.758815, -239.0
1574519190.784246, -239.0
1574519190.80987, -239.0
1574519190.834952, -239.0
1574519190.860466, -239.0
1574519190.885355, -239.0
1574519190.910699, -239.0
1574519190.935921, -239.0
1574519190.96118, -239.0
1574519190.986345, -239.0
1574519191.011776, -239.0
1574519191.037836, -239.0
1574519191.063157, -239.0
1574519191.088522, -239.0
1574519191.113646, -239.0
1574519191.138656, -239.0
1574519191.164231, -239.0
1574519191.189547, -239.0
1574519191.214887, -239.0
1574519191.24014, -239.0
1574519191.26508, -239.0
1574519156.263707, -239.0
1574519156.292587, -239.0
1574519156.318019, -239.0
1574519156.343364, -239.0
1574519156.3687, -239.0
1574519156.393622, -239.0
1574519156.422213, -239.0
1574519156.44748, -239.0
1574519156.472609, -239.0
1574519156.498072, -239.0
1574519156.523232, -239.0
1574519156.548456, -239.0
1574519156.573604, -239.0
1574519156.598634, -239.0
1574519156.978181, -239.0
1574519157.367105, -239.0
1574519157.746874, -239.0
1574519157.772108, -239.0
1574519157.797231, -239.0
1574519158.219056, -239.0
1574519158.244644, -239.0
1574519158.269948, -239.0
1574519158.295493, -239.0
1574519158.321124, -239.0
1574519158.346631, -239.0
1574519158.372217, -239.0
1574519158.397443, -239.0
1574519158.422839, -239.0
1574519158.448314, -239.0
1574519158.473678, -239.0
1574519158.498914, -239.0
1574519158.524116, -239.0
1574519158.54908, -239.0
1574519158.574518, -239.0
1574519158.599913, -239.0
1574519158.62529, -239.0
1574519158.650601, -239.0
1574519158.675998, -239.0
1574519158.701254, -239.0
1574519158.726711, -239.0
1574519158.752076, -239.0
1574519158.777438, -239.0
1574519158.802711, -239.0
1574519158.82805, -239.0
1574519159.247755, -239.0
1574519159.273114, -239.0
1574519159.298444, -239.0
1574519159.323946, -239.0
1574519159.696258, -239.0
1574519160.080148, -239.0
1574519160.460934, -239.0
1574519160.843646, -239.0
1574519161.221472, -239.0
1574519161.621155, -239.0
1574519162.007994, -239.0
1574519162.365572, -239.0
1574519162.757456, -239.0
1574519163.143746, -239.0
1574519163.572646, -239.0
1574519163.936246, -239.0
1574519164.37169, -239.0
1574519164.729567, -239.0
1574519165.118695, -239.0
1574519165.485079, -239.0
1574519165.510531, -239.0
1574519165.53587, -239.0
1574519165.561276, -239.0
1574519165.586387, -239.0
1574519165.611395, -239.0
1574519165.636396, -239.0
1574519165.661495, -239.0
1574519165.687131, -239.0
1574519165.712292, -239.0
1574519165.737316, -239.0
1574519165.762388, -239.0
1574519165.787364, -239.0
1574519165.81242, -239.0
1574519165.83782, -239.0
1574519165.863071, -239.0
1574519165.888317, -239.0
1574519165.913519, -239.0
1574519165.938638, -239.0
1574519165.964281, -239.0
1574519165.990059, -239.0
1574519166.015369, -239.0
1574519166.040666, -239.0
1574519166.065989, -239.0
1574519166.091152, -239.0
1574519166.117014, -239.0
1574519166.463208, -239.0
1574519166.846553, -239.0
1574519167.2156, -239.0
1574519167.593762, -239.0
1574519167.959159, -239.0
1574519168.346551, -239.0
1574519168.704548, -239.0
1574519169.089372, -239.0
1574519169.114693, -239.0
1574519169.140027, -239.0
1574519169.165274, -239.0
1574519169.190687, -239.0
1574519169.215882, -239.0
1574519169.586844, -239.0
1574519169.968007, -239.0
1574519170.348296, -239.0
1574519170.722388, -239.0
1574519171.084938, -239.0
1574519171.110483, -239.0
1574519171.13558, -239.0
1574519171.160934, -239.0
1574519171.186524, -239.0
1574519171.211962, -239.0
1574519171.237419, -239.0
1574519171.26247, -239.0
1574519171.288131, -239.0
1574519171.313903, -239.0
1574519171.33901, -239.0
1574519171.364228, -239.0
1574519171.749388, -239.0
1574519172.134764, -239.0
1574519172.160075, -239.0
1574519172.185453, -239.0
1574519172.2107, -239.0
1574519172.235694, -239.0
1574519172.261137, -239.0
1574519172.286493, -239.0
1574519172.311998, -239.0
1574519172.3376, -239.0
1574519172.362615, -239.0
1574519172.387689, -239.0
1574519172.413036, -239.0
1574519172.438328, -239.0
1574519172.463735, -239.0
1574519172.488831, -239.0
1574519172.513916, -239.0
1574519172.879157, -239.0
1574519173.260796, -239.0
1574519173.661608, -239.0
1574519174.061226, -239.0
1574519174.450787, -239.0
1574519174.824974, -239.0
1574519175.196321, -239.0
1574519175.221762, -239.0
1574519175.587413, -239.0
1574519175.982455, -239.0
1574519176.007445, -239.0
1574519176.419455, -239.0
1574519176.789121, -239.0
1574519177.193215, -239.0
1574519177.568012, -239.0
1574519177.966891, -239.0
1574519177.99204, -239.0
1574519178.017065, -239.0
1574519178.042107, -239.0
1574519178.40893, -239.0
1574519178.433989, -239.0
1574519178.459089, -239.0
1574519178.817915, -239.0
1574519178.843225, -239.0
1574519178.868646, -239.0
1574519178.894106, -239.0
1574519178.91936, -239.0
1574519178.944246, -239.0
1574519178.969477, -239.0
1574519178.994859, -239.0
1574519179.020143, -239.0
1574519179.401098, -239.0
1574519179.768645, -239.0
1574519179.794009, -239.0
1574519179.819291, -239.0
1574519179.844778, -239.0
1574519179.869982, -239.0
1574519179.895246, -239.0
1574519179.92057, -239.0
1574519179.945583, -239.0
1574519179.971098, -239.0
1574519179.996403, -239.0
1574519180.021686, -239.0
1574519180.047139, -239.0
1574519180.07244, -239.0
1574519180.097593, -239.0
1574519180.122635, -239.0
1574519180.147764, -239.0
1574519180.172853, -239.0
1574519180.197874, -239.0
1574519180.223051, -239.0
1574519180.248026, -239.0
1574519180.272987, -239.0
1574519180.298351, -239.0
1574519180.323491, -239.0
1574519180.348599, -239.0
1574519180.373629, -239.0
1574519180.399088, -239.0
1574519180.424084, -239.0
1574519180.449053, -239.0
1574519180.474204, -239.0
1574519180.499455, -239.0
1574519180.524431, -239.0
1574519180.549673, -239.0
1574519180.575109, -239.0
1574519180.600498, -239.0
1574519180.625799, -239.0
1574519180.651129, -239.0
1574519180.676201, -239.0
1574519180.701505, -239.0
1574519180.72705, -239.0
1574519180.752372, -239.0
1574519181.12202, -239.0
1574519181.493252, -239.0
1574519181.51877, -239.0
1574519181.543785, -239.0
1574519181.569125, -239.0
1574519181.594505, -239.0
1574519181.61955, -239.0
1574519181.644562, -239.0
1574519181.669504, -239.0
1574519181.695019, -239.0
1574519181.720507, -239.0
1574519181.745893, -239.0
1574519181.771207, -239.0
1574519182.149568, -239.0
1574519182.17497, -239.0
1574519182.584136, -239.0
1574519182.947136, -239.0
1574519182.972675, -239.0
1574519182.997929, -239.0
1574519183.380248, -239.0
1574519183.752092, -239.0
1574519183.777367, -239.0
1574519183.802592, -239.0
1574519183.827906, -239.0
1574519183.853287, -239.0
1574519183.878678, -239.0
1574519183.904088, -239.0
1574519183.92926, -239.0
1574519183.954414, -239.0
1574519183.979455, -239.0
1574519184.004867, -239.0
1574519184.371377, -239.0
1574519184.396792, -239.0
1574519184.422176, -239.0
1574519184.447551, -239.0
1574519184.472758, -239.0
1574519184.497844, -239.0
1574519184.523398, -239.0
1574519184.548744, -239.0
1574519184.574012, -239.0
1574519184.599295, -239.0
1574519184.624525, -239.0
1574519184.649579, -239.0
1574519156.283889, -239.0
1574519156.309798, -239.0
1574519156.334983, -239.0
1574519156.360096, -239.0
1574519156.385171, -239.0
1574519156.410221, -239.0
1574519156.439257, -239.0
1574519156.464481, -239.0
1574519156.48953, -239.0
1574519156.514683, -239.0
1574519156.539826, -239.0
1574519156.564867, -239.0
1574519156.590378, -239.0
1574519156.615753, -239.0
1574519156.99836, -239.0
1574519157.390331, -239.0
1574519157.772458, -239.0
1574519157.797787, -239.0
1574519157.822872, -239.0
1574519157.848029, -239.0
1574519157.87333, -239.0
1574519157.898634, -239.0
1574519157.923962, -239.0
1574519157.949407, -239.0
1574519158.280511, -239.0
1574519158.675989, -239.0
1574519159.038819, -239.0
1574519159.435711, -239.0
1574519159.827056, -239.0
1574519160.221347, -239.0
1574519160.593436, -239.0
1574519160.618456, -239.0
1574519160.643536, -239.0
1574519160.668632, -239.0
1574519160.693806, -239.0
1574519160.718916, -239.0
1574519160.744141, -239.0
1574519160.76923, -239.0
1574519161.154324, -239.0
1574519161.526021, -239.0
1574519161.895733, -239.0
1574519162.286743, -239.0
1574519162.664688, -239.0
1574519162.690278, -239.0
1574519162.715394, -239.0
1574519162.740619, -239.0
1574519162.765917, -239.0
1574519162.791237, -239.0
1574519162.816545, -239.0
1574519163.193787, -239.0
1574519163.219215, -239.0
1574519163.244335, -239.0
1574519163.269525, -239.0
1574519163.295888, -239.0
1574519163.320941, -239.0
1574519163.346392, -239.0
1574519163.371732, -239.0
1574519163.777029, -239.0
1574519164.153512, -239.0
1574519164.513266, -239.0
1574519164.538437, -239.0
1574519164.563632, -239.0
1574519164.588903, -239.0
1574519164.614217, -239.0
1574519164.639518, -239.0
1574519164.664932, -239.0
1574519165.042924, -239.0
1574519165.068312, -239.0
1574519165.093555, -239.0
1574519165.118781, -239.0
1574519165.144078, -239.0
1574519165.557658, -239.0
1574519165.984752, -239.0
1574519166.388463, -239.0
1574519166.413835, -239.0
1574519166.788975, -239.0
1574519166.814289, -239.0
1574519166.839376, -239.0
1574519166.864663, -239.0
1574519166.890098, -239.0
1574519167.287812, -239.0
1574519167.682768, -239.0
1574519168.056913, -239.0
1574519168.421992, -239.0
1574519168.815603, -239.0
1574519169.207886, -239.0
1574519169.59186, -239.0
1574519169.985506, -239.0
1574519170.374708, -239.0
1574519170.400434, -239.0
1574519170.425992, -239.0
1574519170.801257, -239.0
1574519171.232854, -239.0
1574519171.258077, -239.0
1574519171.283285, -239.0
1574519171.308428, -239.0
1574519171.333586, -239.0
1574519171.358669, -239.0
1574519171.383861, -239.0
1574519171.409216, -239.0
1574519171.434495, -239.0
1574519171.459752, -239.0
1574519171.485081, -239.0
1574519171.510285, -239.0
1574519171.535315, -239.0
1574519171.56061, -239.0
1574519171.585896, -239.0
1574519171.611244, -239.0
1574519171.636554, -239.0
1574519171.661842, -239.0
1574519172.02739, -239.0
1574519172.404725, -239.0
1574519172.429987, -239.0
1574519172.45507, -239.0
1574519172.480054, -239.0
1574519172.505005, -239.0
1574519172.530144, -239.0
1574519172.555486, -239.0
1574519172.580884, -239.0
1574519172.606213, -239.0
1574519172.989306, -239.0
1574519173.358853, -239.0
1574519173.753033, -239.0
1574519174.124855, -239.0
1574519174.150205, -239.0
1574519174.175186, -239.0
1574519174.200581, -239.0
1574519174.225994, -239.0
1574519174.251385, -239.0
1574519174.276728, -239.0
1574519174.301942, -239.0
1574519174.327225, -239.0
1574519174.352493, -239.0
1574519174.377896, -239.0
1574519174.403313, -239.0
1574519174.42858, -239.0
1574519174.831912, -239.0
1574519174.857737, -239.0
1574519174.883649, -239.0
1574519175.276101, -239.0
1574519175.666576, -239.0
1574519176.049675, -239.0
1574519176.402867, -239.0
1574519176.428345, -239.0
1574519176.813203, -239.0
1574519177.197424, -239.0
1574519177.550446, -239.0
1574519177.93825, -239.0
1574519177.964082, -239.0
1574519177.989257, -239.0
1574519178.014268, -239.0
1574519178.03953, -239.0
1574519178.064581, -239.0
1574519178.08992, -239.0
1574519178.115128, -239.0
1574519178.140628, -239.0
1574519178.165691, -239.0
1574519178.190915, -239.0
1574519178.21625, -239.0
1574519178.241675, -239.0
1574519178.266622, -239.0
1574519178.291918, -239.0
1574519178.317287, -239.0
1574519178.342752, -239.0
1574519178.368258, -239.0
1574519178.393866, -239.0
1574519178.419113, -239.0
1574519178.444476, -239.0
1574519178.469722, -239.0
1574519178.495023, -239.0
1574519178.893228, -239.0
1574519179.282139, -239.0
1574519179.674717, -239.0
1574519180.068583, -239.0
1574519180.456597, -239.0
1574519180.833225, -239.0
1574519181.214329, -239.0
1574519181.605457, -239.0
1574519181.63088, -239.0
1574519182.009326, -239.0
1574519182.398702, -239.0
1574519182.774109, -239.0
1574519183.161553, -239.0
1574519183.541798, -239.0
1574519183.919411, -239.0
1574519184.323743, -239.0
1574519184.688999, -239.0
1574519184.714667, -239.0
1574519184.739848, -239.0
1574519184.765168, -239.0
1574519184.790138, -239.0
1574519184.815142, -239.0
1574519184.840141, -239.0
1574519184.865216, -239.0
1574519185.279428, -239.0
1574519185.304847, -239.0
1574519185.32988, -239.0
1574519185.355442, -239.0
1574519185.3811, -239.0
1574519185.406681, -239.0
1574519185.431842, -239.0
1574519185.457079, -239.0
1574519185.848951, -239.0
1574519185.874378, -239.0
1574519185.899507, -239.0
1574519185.925002, -239.0
1574519185.950344, -239.0
1574519185.975656, -239.0
1574519186.000801, -239.0
1574519186.025743, -239.0
1574519186.051134, -239.0
1574519186.076571, -239.0
1574519186.101535, -239.0
1574519186.126444, -239.0
1574519186.151455, -239.0
1574519186.176508, -239.0
1574519186.201936, -239.0
1574519186.22727, -239.0
1574519186.594493, -239.0
1574519186.993594, -239.0
1574519187.371741, -239.0
1574519187.783505, -239.0
1574519188.171982, -239.0
1574519188.559301, -239.0
1574519188.939521, -239.0
1574519189.315608, -239.0
1574519189.67617, -239.0
1574519190.053269, -239.0
1574519190.078737, -239.0
1574519190.451765, -239.0
1574519190.476823, -239.0
1574519190.861722, -239.0
1574519191.25439, -239.0
1574519191.613649, -239.0
1574519191.972427, -239.0
1574519192.329573, -239.0
1574519192.716438, -239.0
1574519193.108244, -239.0
1574519193.492718, -239.0
1574519193.518156, -239.0
1574519193.543498, -239.0
1574519193.568842, -239.0
1574519193.594002, -239.0
1574519193.619421, -239.0
1574519194.001816, -239.0
1574519194.027229, -239.0
1574519194.052349, -239.0
1574519194.455381, -239.0
1574519194.48082, -239.0
1574519194.869708, -239.0
1574519184.723282, -239.0
1574519184.748446, -239.0
1574519184.773425, -239.0
1574519184.798669, -239.0
1574519184.824109, -239.0
1574519185.213703, -239.0
1574519185.591295, -239.0
1574519185.983782, -239.0
1574519186.008899, -239.0
1574519186.03395, -239.0
1574519186.059162, -239.0
1574519186.084354, -239.0
1574519186.109698, -239.0
1574519186.135094, -239.0
1574519186.160421, -239.0
1574519186.18567, -239.0
1574519186.210995, -239.0
1574519186.236054, -239.0
1574519186.261478, -239.0
1574519186.286923, -239.0
1574519186.312372, -239.0
1574519186.33767, -239.0
1574519186.36278, -239.0
1574519186.388034, -239.0
1574519186.413379, -239.0
1574519186.438692, -239.0
1574519186.46407, -239.0
1574519186.489166, -239.0
1574519186.514174, -239.0
1574519186.539606, -239.0
1574519186.564901, -239.0
1574519186.590211, -239.0
1574519186.615164, -239.0
1574519186.640391, -239.0
1574519186.665541, -239.0
1574519186.690757, -239.0
1574519186.716144, -239.0
1574519186.741586, -239.0
1574519186.766654, -239.0
1574519186.791636, -239.0
1574519186.816679, -239.0
1574519186.841936, -239.0
1574519186.867344, -239.0
1574519186.89242, -239.0
1574519186.917429, -239.0
1574519186.942637, -239.0
1574519186.968525, -239.0
1574519186.994176, -239.0
1574519187.019464, -239.0
1574519187.044711, -239.0
1574519187.069693, -239.0
1574519187.094783, -239.0
1574519187.120173, -239.0
1574519187.14546, -239.0
1574519187.17101, -239.0
1574519187.196078, -239.0
1574519187.221397, -239.0
1574519187.24653, -239.0
1574519187.271788, -239.0
1574519187.297211, -239.0
1574519187.322606, -239.0
1574519187.347951, -239.0
1574519187.37318, -239.0
1574519187.398299, -239.0
1574519187.423697, -239.0
1574519187.449106, -239.0
1574519187.47461, -239.0
1574519187.500005, -239.0
1574519187.525313, -239.0
1574519187.550477, -239.0
1574519187.575806, -239.0
1574519187.990439, -239.0
1574519188.370894, -239.0
1574519188.396233, -239.0
1574519188.42127, -239.0
1574519188.446554, -239.0
1574519188.471988, -239.0
1574519188.497491, -239.0
1574519188.522846, -239.0
1574519188.547834, -239.0
1574519188.573516, -239.0
1574519188.599214, -239.0
1574519188.624309, -239.0
1574519188.649237, -239.0
1574519188.674353, -239.0
1574519188.69948, -239.0
1574519189.081861, -239.0
1574519189.493696, -239.0
1574519189.909646, -239.0
1574519190.303576, -239.0
1574519190.690701, -239.0
1574519191.109283, -239.0
1574519191.466188, -239.0
1574519191.861592, -239.0
1574519192.260612, -239.0
1574519192.639425, -239.0
1574519193.018653, -239.0
1574519193.42956, -239.0
1574519193.801126, -239.0
1574519194.162333, -239.0
1574519194.54535, -239.0
1574519194.570788, -239.0
1574519194.59642, -239.0
1574519194.622068, -239.0
1574519194.647124, -239.0
1574519195.031659, -239.0
1574519195.394833, -239.0
1574519195.420017, -239.0
1574519195.445422, -239.0
1574519195.470908, -239.0
1574519195.496144, -239.0
1574519195.521498, -239.0
1574519195.546792, -239.0
1574519195.924977, -239.0
1574519196.338295, -239.0
1574519196.710728, -239.0
1574519197.088852, -239.0
1574519197.485999, -239.0
1574519197.874916, -239.0
1574519198.281837, -239.0
1574519198.660329, -239.0
1574519199.0201, -239.0
1574519199.429222, -239.0
1574519199.795971, -239.0
1574519199.821245, -239.0
1574519199.846515, -239.0
1574519199.872062, -239.0
1574519199.897332, -239.0
1574519199.922713, -239.0
1574519200.314542, -239.0
1574519200.707252, -239.0
1574519201.102351, -239.0
1574519201.480865, -239.0
1574519201.863153, -239.0
1574519202.263382, -239.0
1574519202.654373, -239.0
1574519203.058231, -239.0
1574519203.452101, -239.0
1574519203.821243, -239.0
1574519204.204697, -239.0
1574519204.610104, -239.0
1574519204.998152, -239.0
1574519205.41653, -239.0
1574519205.827999, -239.0
1574519206.246231, -239.0
1574519206.605198, -239.0
1574519206.630746, -239.0
1574519206.655807, -239.0
1574519206.68122, -239.0
1574519206.70658, -239.0
1574519206.73213, -239.0
1574519206.757585, -239.0
1574519206.782659, -239.0
1574519206.808445, -239.0
1574519206.834169, -239.0
1574519206.859346, -239.0
1574519206.884598, -239.0
1574519206.909815, -239.0
1574519206.934793, -239.0
1574519206.960166, -239.0
1574519206.985509, -239.0
1574519207.010783, -239.0
1574519207.035657, -239.0
1574519207.060953, -239.0
1574519207.086065, -239.0
1574519207.111333, -239.0
1574519207.136603, -239.0
1574519207.521943, -239.0
1574519207.547485, -239.0
1574519207.572587, -239.0
1574519207.597971, -239.0
1574519207.623303, -239.0
1574519207.648227, -239.0
1574519207.673196, -239.0
1574519207.698231, -239.0
1574519207.723614, -239.0
1574519207.74897, -239.0
1574519207.774314, -239.0
1574519207.799629, -239.0
1574519207.824748, -239.0
1574519207.849869, -239.0
1574519207.875151, -239.0
1574519207.900499, -239.0
1574519208.281339, -239.0
1574519208.306909, -239.0
1574519208.331923, -239.0
1574519208.357233, -239.0
1574519208.382547, -239.0
1574519208.407933, -239.0
1574519208.43297, -239.0
1574519208.458015, -239.0
1574519208.483446, -239.0
1574519208.508725, -239.0
1574519208.534038, -239.0
1574519208.559393, -239.0
1574519208.584585, -239.0
1574519208.609533, -239.0
1574519208.634778, -239.0
1574519208.660019, -239.0
1574519208.685347, -239.0
1574519209.078437, -239.0
1574519209.10388, -239.0
1574519209.482623, -239.0
1574519209.889294, -239.0
1574519210.256106, -239.0
1574519210.638804, -239.0
1574519211.032549, -239.0
1574519211.441618, -239.0
1574519211.84353, -239.0
1574519212.244914, -239.0
1574519212.648026, -239.0
1574519213.031313, -239.0
1574519213.412469, -239.0
1574519213.43808, -239.0
1574519213.831798, -239.0
1574519214.235209, -239.0
1574519214.642194, -239.0
1574519215.070386, -239.0
1574519215.474982, -239.0
1574519215.856073, -239.0
1574519216.237222, -239.0
1574519216.262759, -239.0
1574519216.28798, -239.0
1574519216.313602, -239.0
1574519216.341741, -239.0
1574519216.367076, -239.0
1574519216.392378, -239.0
1574519216.417548, -239.0
1574519216.442733, -239.0
1574519216.468267, -239.0
1574519216.493654, -239.0
1574519216.518814, -239.0
1574519216.544033, -239.0
1574519216.5691, -239.0
1574519216.59488, -239.0
1574519216.620574, -239.0
1574519216.645996, -239.0
1574519216.671481, -239.0
1574519216.696792, -239.0
1574519216.721854, -239.0
1574519216.747693, -239.0
1574519216.773238, -239.0
1574519216.79862, -239.0
1574519216.823991, -239.0
1574519216.84926, -239.0
1574519216.874354, -239.0
1574519216.900041, -239.0
1574519216.925976, -239.0
1574519216.951324, -239.0
1574519216.976842, -239.0
1574519185.992806, -239.0
1574519186.304262, -239.0
1574519186.579568, -239.0
1574519186.606666, -239.0
1574519186.631784, -239.0
1574519186.657001, -239.0
1574519186.682094, -239.0
1574519186.707269, -239.0
1574519186.732444, -239.0
1574519186.757672, -239.0
1574519186.782986, -239.0
1574519186.808336, -239.0
1574519186.833415, -239.0
1574519186.858445, -239.0
1574519186.883611, -239.0
1574519186.908995, -239.0
1574519186.934773, -239.0
1574519186.959745, -239.0
1574519186.984954, -239.0
1574519187.010168, -239.0
1574519187.035323, -239.0
1574519187.060397, -239.0
1574519187.085723, -239.0
1574519187.110893, -239.0
1574519187.135905, -239.0
1574519187.160949, -239.0
1574519187.186118, -239.0
1574519187.211448, -239.0
1574519187.23675, -239.0
1574519187.26193, -239.0
1574519187.28714, -239.0
1574519187.312225, -239.0
1574519187.701186, -239.0
1574519187.726638, -239.0
1574519187.752008, -239.0
1574519187.777373, -239.0
1574519187.802619, -239.0
1574519187.827671, -239.0
1574519187.852618, -239.0
1574519187.877727, -239.0
1574519187.903084, -239.0
1574519187.928393, -239.0
1574519187.953525, -239.0
1574519187.97863, -239.0
1574519188.00376, -239.0
1574519188.028812, -239.0
1574519188.054107, -239.0
1574519188.079059, -239.0
1574519188.103935, -239.0
1574519188.129043, -239.0
1574519188.154028, -239.0
1574519188.555235, -239.0
1574519188.580294, -239.0
1574519188.6055, -239.0
1574519188.630758, -239.0
1574519188.655965, -239.0
1574519188.681301, -239.0
1574519188.706446, -239.0
1574519188.731491, -239.0
1574519188.756886, -239.0
1574519188.781988, -239.0
1574519188.80734, -239.0
1574519188.832588, -239.0
1574519188.857876, -239.0
1574519188.882871, -239.0
1574519188.908135, -239.0
1574519188.933454, -239.0
1574519188.958721, -239.0
1574519188.983843, -239.0
1574519189.009081, -239.0
1574519189.034166, -239.0
1574519189.059578, -239.0
1574519189.084785, -239.0
1574519189.110007, -239.0
1574519189.135454, -239.0
1574519189.160421, -239.0
1574519189.186177, -239.0
1574519189.211748, -239.0
1574519189.237049, -239.0
1574519189.262393, -239.0
1574519189.287842, -239.0
1574519189.313111, -239.0
1574519189.338436, -239.0
1574519189.363722, -239.0
1574519189.389112, -239.0
1574519189.820217, -239.0
1574519189.845642, -239.0
1574519190.269233, -239.0
1574519190.698785, -239.0
1574519190.72393, -239.0
1574519191.10935, -239.0
1574519191.510039, -239.0
1574519191.534936, -239.0
1574519191.926561, -239.0
1574519191.951806, -239.0
1574519191.976804, -239.0
1574519192.002192, -239.0
1574519192.386879, -239.0
1574519192.78874, -239.0
1574519193.191667, -239.0
1574519193.576173, -239.0
1574519193.932784, -239.0
1574519193.958052, -239.0
1574519193.983275, -239.0
1574519194.008589, -239.0
1574519194.033979, -239.0
1574519194.059301, -239.0
1574519194.084508, -239.0
1574519194.109652, -239.0
1574519194.135217, -239.0
1574519194.160748, -239.0
1574519194.185814, -239.0
1574519194.21124, -239.0
1574519194.629477, -239.0
1574519194.996128, -239.0
1574519195.396489, -239.0
1574519195.806905, -239.0
1574519195.831991, -239.0
1574519195.857408, -239.0
1574519195.882602, -239.0
1574519196.239379, -239.0
1574519196.620005, -239.0
1574519196.994541, -239.0
1574519197.391149, -239.0
1574519197.777399, -239.0
1574519198.187356, -239.0
1574519198.212431, -239.0
1574519198.237902, -239.0
1574519198.263159, -239.0
1574519198.288481, -239.0
1574519198.313632, -239.0
1574519198.338691, -239.0
1574519198.363689, -239.0
1574519198.388868, -239.0
1574519198.414186, -239.0
1574519198.4392, -239.0
1574519198.464359, -239.0
1574519198.489459, -239.0
1574519198.514515, -239.0
1574519198.888161, -239.0
1574519198.913297, -239.0
1574519198.938595, -239.0
1574519199.338912, -239.0
1574519199.721082, -239.0
1574519199.746376, -239.0
1574519199.772012, -239.0
1574519199.797521, -239.0
1574519200.182598, -239.0
1574519200.590016, -239.0
1574519200.980691, -239.0
1574519201.370652, -239.0
1574519201.748321, -239.0
1574519201.773747, -239.0
1574519202.140081, -239.0
1574519202.512489, -239.0
1574519202.537936, -239.0
1574519202.924094, -239.0
1574519203.310012, -239.0
1574519203.732487, -239.0
1574519204.109578, -239.0
1574519204.518235, -239.0
1574519204.913195, -239.0
1574519205.295021, -239.0
1574519205.678218, -239.0
1574519206.06531, -239.0
1574519206.43194, -239.0
1574519206.840827, -239.0
1574519207.240383, -239.0
1574519207.633412, -239.0
1574519208.017492, -239.0
1574519208.431653, -239.0
1574519208.817048, -239.0
1574519209.213661, -239.0
1574519209.593646, -239.0
1574519209.951034, -239.0
1574519210.337338, -239.0
1574519210.723663, -239.0
1574519211.097527, -239.0
1574519211.480682, -239.0
1574519211.865632, -239.0
1574519212.245565, -239.0
1574519212.651913, -239.0
1574519213.048328, -239.0
1574519213.411524, -239.0
1574519213.43652, -239.0
1574519213.823491, -239.0
1574519214.24967, -239.0
1574519214.274984, -239.0
1574519214.301219, -239.0
1574519214.326511, -239.0
1574519214.351655, -239.0
1574519214.376656, -239.0
1574519214.402085, -239.0
1574519214.427286, -239.0
1574519214.452604, -239.0
1574519214.477729, -239.0
1574519214.5027, -239.0
1574519214.527976, -239.0
1574519214.553351, -239.0
1574519214.578701, -239.0
1574519214.603929, -239.0
1574519214.629087, -239.0
1574519214.654467, -239.0
1574519214.679678, -239.0
1574519214.704854, -239.0
1574519214.730138, -239.0
1574519214.755188, -239.0
1574519214.780319, -239.0
1574519214.805623, -239.0
1574519214.831003, -239.0
1574519214.856096, -239.0
1574519215.208278, -239.0
1574519215.577895, -239.0
1574519215.982543, -239.0
1574519216.377568, -239.0
1574519216.762518, -239.0
1574519217.166017, -239.0
1574519217.590885, -239.0
1574519218.007386, -239.0
1574519218.417584, -239.0
1574519218.788809, -239.0
1574519219.174718, -239.0
1574519219.535012, -239.0
1574519219.931413, -239.0
1574519220.315708, -239.0
1574519220.709971, -239.0
1574519221.07874, -239.0
1574519221.460967, -239.0
1574519221.83505, -239.0
1574519221.860375, -239.0
1574519222.204372, -239.0
1574519222.588288, -239.0
1574519222.963212, -239.0
1574519223.369532, -239.0
1574519223.73004, -239.0
1574519224.128997, -239.0
1574519224.511107, -239.0
1574519224.882089, -239.0
1574519225.285514, -239.0
1574519225.670589, -239.0
1574519226.060092, -239.0
1574519226.464777, -239.0
1574519226.864611, -239.0
1574519227.267978, -239.0
1574519227.645341, -239.0
1574519227.670587, -239.0
1574519227.69583, -239.0
1574519228.087538, -239.0
1574519228.494809, -239.0
1574519228.892613, -239.0
1574519191.339037, -239.0
1574519191.364362, -239.0
1574519191.389471, -239.0
1574519191.41483, -239.0
1574519191.440228, -239.0
1574519191.465648, -239.0
1574519191.490792, -239.0
1574519191.516084, -239.0
1574519191.541453, -239.0
1574519191.566786, -239.0
1574519191.592531, -239.0
1574519191.617836, -239.0
1574519192.01758, -239.0
1574519192.430437, -239.0
1574519192.455849, -239.0
1574519192.481082, -239.0
1574519192.877708, -239.0
1574519193.286945, -239.0
1574519193.668108, -239.0
1574519193.693625, -239.0
1574519193.719071, -239.0
1574519193.744385, -239.0
1574519193.769844, -239.0
1574519194.17079, -239.0
1574519194.566944, -239.0
1574519194.920244, -239.0
1574519195.286355, -239.0
1574519195.653829, -239.0
1574519196.034415, -239.0
1574519196.413823, -239.0
1574519196.79044, -239.0
1574519196.815941, -239.0
1574519196.841103, -239.0
1574519196.866333, -239.0
1574519196.891768, -239.0
1574519196.917441, -239.0
1574519196.942432, -239.0
1574519196.967486, -239.0
1574519196.992855, -239.0
1574519197.018108, -239.0
1574519197.043604, -239.0
1574519197.068892, -239.0
1574519197.093963, -239.0
1574519197.11903, -239.0
1574519197.490685, -239.0
1574519197.516066, -239.0
1574519197.5411, -239.0
1574519197.566416, -239.0
1574519197.591875, -239.0
1574519197.617191, -239.0
1574519197.642523, -239.0
1574519197.668082, -239.0
1574519197.693153, -239.0
1574519197.718582, -239.0
1574519197.744049, -239.0
1574519197.769268, -239.0
1574519197.794624, -239.0
1574519197.820059, -239.0
1574519197.845124, -239.0
1574519197.870474, -239.0
1574519197.895721, -239.0
1574519197.921341, -239.0
1574519197.946638, -239.0
1574519197.971985, -239.0
1574519197.996998, -239.0
1574519198.022443, -239.0
1574519198.04788, -239.0
1574519198.073143, -239.0
1574519198.098453, -239.0
1574519198.123659, -239.0
1574519198.148685, -239.0
1574519198.174131, -239.0
1574519198.19954, -239.0
1574519198.225239, -239.0
1574519198.250494, -239.0
1574519198.275608, -239.0
1574519198.301222, -239.0
1574519198.326613, -239.0
1574519198.352024, -239.0
1574519198.377282, -239.0
1574519198.402296, -239.0
1574519198.427434, -239.0
1574519198.452745, -239.0
1574519198.478135, -239.0
1574519198.503589, -239.0
1574519198.528647, -239.0
1574519198.554093, -239.0
1574519198.579038, -239.0
1574519198.604538, -239.0
1574519198.629967, -239.0
1574519198.655275, -239.0
1574519198.680332, -239.0
1574519198.705861, -239.0
1574519198.731075, -239.0
1574519198.756496, -239.0
1574519198.781899, -239.0
1574519198.807556, -239.0
1574519198.832843, -239.0
1574519198.858364, -239.0
1574519198.883508, -239.0
1574519198.90912, -239.0
1574519198.93428, -239.0
1574519198.959389, -239.0
1574519199.378494, -239.0
1574519199.744455, -239.0
1574519200.136802, -239.0
1574519200.526699, -239.0
1574519200.905402, -239.0
1574519201.283291, -239.0
1574519201.67625, -239.0
1574519202.047609, -239.0
1574519202.419275, -239.0
1574519202.803849, -239.0
1574519203.182902, -239.0
1574519203.575107, -239.0
1574519203.956117, -239.0
1574519204.339241, -239.0
1574519204.726667, -239.0
1574519205.098758, -239.0
1574519205.491326, -239.0
1574519205.88523, -239.0
1574519206.306721, -239.0
1574519206.672884, -239.0
1574519207.082349, -239.0
1574519207.107636, -239.0
1574519207.132891, -239.0
1574519207.158442, -239.0
1574519207.184079, -239.0
1574519207.20953, -239.0
1574519207.237233, -239.0
1574519207.666785, -239.0
1574519208.016519, -239.0
1574519208.409187, -239.0
1574519208.777461, -239.0
1574519209.132748, -239.0
1574519209.558508, -239.0
1574519209.939238, -239.0
1574519210.336626, -239.0
1574519210.727674, -239.0
1574519211.11409, -239.0
1574519211.50527, -239.0
1574519211.90252, -239.0
1574519212.298798, -239.0
1574519212.668717, -239.0
1574519213.048497, -239.0
1574519213.461899, -239.0
1574519213.868941, -239.0
1574519214.277184, -239.0
1574519214.305305, -239.0
1574519214.330961, -239.0
1574519214.356463, -239.0
1574519214.736539, -239.0
1574519215.127921, -239.0
1574519215.499824, -239.0
1574519215.92417, -239.0
1574519216.310261, -239.0
1574519216.70475, -239.0
1574519217.094616, -239.0
1574519217.46579, -239.0
1574519217.881174, -239.0
1574519218.239114, -239.0
1574519218.628847, -239.0
1574519219.027383, -239.0
1574519219.388272, -239.0
1574519219.786516, -239.0
1574519220.193665, -239.0
1574519220.569966, -239.0
1574519220.966031, -239.0
1574519221.355921, -239.0
1574519221.778384, -239.0
1574519222.167486, -239.0
1574519222.531624, -239.0
1574519222.914185, -239.0
1574519223.311112, -239.0
1574519223.712421, -239.0
1574519224.109482, -239.0
1574519224.501028, -239.0
1574519224.889104, -239.0
1574519225.309355, -239.0
1574519225.693272, -239.0
1574519226.071277, -239.0
1574519226.464555, -239.0
1574519226.865576, -239.0
1574519227.237133, -239.0
1574519227.26255, -239.0
1574519227.288434, -239.0
1574519227.314023, -239.0
1574519227.339464, -239.0
1574519227.364835, -239.0
1574519227.390401, -239.0
1574519227.415618, -239.0
1574519227.79702, -239.0
1574519227.822456, -239.0
1574519227.847618, -239.0
1574519228.230469, -239.0
1574519228.633948, -239.0
1574519228.659484, -239.0
1574519229.038726, -239.0
1574519229.064159, -239.0
1574519229.089619, -239.0
1574519229.470877, -239.0
1574519229.496279, -239.0
1574519229.5215, -239.0
1574519229.546938, -239.0
1574519229.572438, -239.0
1574519229.976358, -239.0
1574519230.365835, -239.0
1574519230.391478, -239.0
1574519230.416652, -239.0
1574519230.441848, -239.0
1574519230.467008, -239.0
1574519230.492206, -239.0
1574519230.517457, -239.0
1574519230.542897, -239.0
1574519230.568315, -239.0
1574519230.593747, -239.0
1574519230.991892, -239.0
1574519231.38036, -239.0
1574519231.405719, -239.0
1574519231.431085, -239.0
1574519231.456539, -239.0
1574519231.481887, -239.0
1574519231.507364, -239.0
1574519231.532367, -239.0
1574519231.557709, -239.0
1574519231.582951, -239.0
1574519231.608296, -239.0
1574519231.633651, -239.0
1574519231.658991, -239.0
1574519231.684206, -239.0
1574519231.709578, -239.0
1574519231.734856, -239.0
1574519231.76015, -239.0
1574519231.785805, -239.0
1574519231.811038, -239.0
1574519231.836335, -239.0
1574519231.861691, -239.0
1574519231.887667, -239.0
1574519231.913136, -239.0
1574519231.938136, -239.0
1574519231.963352, -239.0
1574519231.988461, -239.0
1574519232.013929, -239.0
1574519232.040071, -239.0
1574519232.065588, -239.0
1574519232.090975, -239.0
1574519232.116083, -239.0
1574519232.14118, -239.0
1574519232.166468, -239.0
1574519232.19169, -239.0
1574519195.269595, -239.0
1574519195.676685, -239.0
1574519195.70429, -239.0
1574519195.7303, -239.0
1574519195.755837, -239.0
1574519195.78119, -239.0
1574519195.806591, -239.0
1574519195.831791, -239.0
1574519195.856969, -239.0
1574519195.882181, -239.0
1574519195.907236, -239.0
1574519195.93253, -239.0
1574519195.958322, -239.0
1574519195.984147, -239.0
1574519196.009305, -239.0
1574519196.034626, -239.0
1574519196.059945, -239.0
1574519196.085156, -239.0
1574519196.110409, -239.0
1574519196.135445, -239.0
1574519196.160694, -239.0
1574519196.540967, -239.0
1574519196.93081, -239.0
1574519197.295796, -239.0
1574519197.321283, -239.0
1574519197.702746, -239.0
1574519198.09146, -239.0
1574519198.116457, -239.0
1574519198.141863, -239.0
1574519198.166963, -239.0
1574519198.192128, -239.0
1574519198.577975, -239.0
1574519198.985943, -239.0
1574519199.375217, -239.0
1574519199.759523, -239.0
1574519199.784638, -239.0
1574519200.177651, -239.0
1574519200.577946, -239.0
1574519200.963959, -239.0
1574519201.357966, -239.0
1574519201.763962, -239.0
1574519202.135085, -239.0
1574519202.524383, -239.0
1574519202.935252, -239.0
1574519202.960574, -239.0
1574519202.985864, -239.0
1574519203.011343, -239.0
1574519203.036517, -239.0
1574519203.061903, -239.0
1574519203.087184, -239.0
1574519203.477284, -239.0
1574519203.851884, -239.0
1574519204.260509, -239.0
1574519204.629946, -239.0
1574519204.655237, -239.0
1574519204.680494, -239.0
1574519204.705847, -239.0
1574519204.731026, -239.0
1574519204.756159, -239.0
1574519204.781444, -239.0
1574519204.806734, -239.0
1574519204.832121, -239.0
1574519204.857489, -239.0
1574519204.882922, -239.0
1574519204.908071, -239.0
1574519205.277101, -239.0
1574519205.302469, -239.0
1574519205.327927, -239.0
1574519205.716901, -239.0
1574519205.742391, -239.0
1574519206.115754, -239.0
1574519206.141098, -239.0
1574519206.166447, -239.0
1574519206.19178, -239.0
1574519206.216924, -239.0
1574519206.242037, -239.0
1574519206.631839, -239.0
1574519207.02229, -239.0
1574519207.403402, -239.0
1574519207.800219, -239.0
1574519208.211952, -239.0
1574519208.621493, -239.0
1574519209.023982, -239.0
1574519209.447692, -239.0
1574519209.473164, -239.0
1574519209.498384, -239.0
1574519209.523908, -239.0
1574519209.549395, -239.0
1574519209.574392, -239.0
1574519209.599543, -239.0
1574519209.624545, -239.0
1574519209.649756, -239.0
1574519209.67516, -239.0
1574519209.700487, -239.0
1574519209.725734, -239.0
1574519209.751002, -239.0
1574519209.775939, -239.0
1574519209.801234, -239.0
1574519210.201128, -239.0
1574519210.566999, -239.0
1574519210.592486, -239.0
1574519210.61782, -239.0
1574519210.642932, -239.0
1574519210.66816, -239.0
1574519210.693412, -239.0
1574519210.718687, -239.0
1574519210.743657, -239.0
1574519210.769002, -239.0
1574519210.794306, -239.0
1574519210.819545, -239.0
1574519211.231799, -239.0
1574519211.596415, -239.0
1574519211.621744, -239.0
1574519211.64681, -239.0
1574519211.672275, -239.0
1574519211.697673, -239.0
1574519211.722961, -239.0
1574519211.748289, -239.0
1574519211.773533, -239.0
1574519211.798806, -239.0
1574519212.208751, -239.0
1574519212.594634, -239.0
1574519212.980553, -239.0
1574519213.338791, -239.0
1574519213.714309, -239.0
1574519214.092894, -239.0
1574519214.465882, -239.0
1574519214.841453, -239.0
1574519215.227466, -239.0
1574519215.627789, -239.0
1574519216.020361, -239.0
1574519216.407255, -239.0
1574519216.785636, -239.0
1574519217.180391, -239.0
1574519217.553359, -239.0
1574519217.578453, -239.0
1574519217.603553, -239.0
1574519217.628977, -239.0
1574519217.65416, -239.0
1574519218.059351, -239.0
1574519218.414594, -239.0
1574519218.795736, -239.0
1574519219.208699, -239.0
1574519219.646621, -239.0
1574519220.040747, -239.0
1574519220.066197, -239.0
1574519220.091379, -239.0
1574519220.503112, -239.0
1574519220.923274, -239.0
1574519220.948704, -239.0
1574519221.299871, -239.0
1574519221.6979, -239.0
1574519222.100453, -239.0
1574519222.487573, -239.0
1574519222.874944, -239.0
1574519223.279453, -239.0
1574519223.637045, -239.0
1574519224.040082, -239.0
1574519224.427106, -239.0
1574519224.805554, -239.0
1574519225.202406, -239.0
1574519225.585559, -239.0
1574519225.964166, -239.0
1574519226.369987, -239.0
1574519226.773148, -239.0
1574519227.178579, -239.0
1574519227.556944, -239.0
1574519227.582314, -239.0
1574519227.6074, -239.0
1574519227.632687, -239.0
1574519227.658093, -239.0
1574519227.683271, -239.0
1574519228.048164, -239.0
1574519228.451794, -239.0
1574519228.844327, -239.0
1574519229.216046, -239.0
1574519229.592345, -239.0
1574519229.977736, -239.0
1574519230.336181, -239.0
1574519230.716716, -239.0
1574519231.119455, -239.0
1574519231.510931, -239.0
1574519231.915763, -239.0
1574519231.94116, -239.0
1574519231.966443, -239.0
1574519232.34514, -239.0
1574519232.719572, -239.0
1574519233.112962, -239.0
1574519233.498678, -239.0
1574519233.876819, -239.0
1574519234.255348, -239.0
1574519234.652275, -239.0
1574519235.028688, -239.0
1574519235.393935, -239.0
1574519235.729116, -239.0
1574519236.095375, -239.0
1574519236.49828, -239.0
1574519236.874639, -239.0
1574519237.253037, -239.0
1574519237.278451, -239.0
1574519237.30366, -239.0
1574519237.329161, -239.0
1574519237.354567, -239.0
1574519237.718728, -239.0
1574519237.744203, -239.0
1574519237.769461, -239.0
1574519237.794778, -239.0
1574519237.82022, -239.0
1574519237.845522, -239.0
1574519238.24903, -239.0
1574519238.274274, -239.0
1574519238.299691, -239.0
1574519238.325009, -239.0
1574519238.35053, -239.0
1574519238.375937, -239.0
1574519238.401244, -239.0
1574519238.426433, -239.0
1574519238.451591, -239.0
1574519238.823056, -239.0
1574519238.848457, -239.0
1574519238.873832, -239.0
1574519238.898865, -239.0
1574519239.276195, -239.0
1574519239.301358, -239.0
1574519239.688023, -239.0
1574519239.713479, -239.0
1574519239.738415, -239.0
1574519239.763759, -239.0
1574519240.127307, -239.0
1574519240.513225, -239.0
1574519240.538644, -239.0
1574519240.563887, -239.0
1574519240.589297, -239.0
1574519240.614803, -239.0
1574519240.977954, -239.0
1574519241.362322, -239.0
1574519241.77057, -239.0
1574519242.170589, -239.0
1574519242.578564, -239.0
1574519242.99589, -239.0
1574519243.413829, -239.0
1574519243.820429, -239.0
1574519244.179771, -239.0
1574519244.564419, -239.0
1574519244.992801, -239.0
1574519245.409121, -239.0
1574519245.812812, -239.0
1574519246.217642, -239.0
1574519246.602248, -239.0
1574519246.984475, -239.0
1574519217.334939, -239.0
1574519217.360392, -239.0
1574519217.386535, -239.0
1574519217.411988, -239.0
1574519217.437273, -239.0
1574519217.46298, -239.0
1574519217.488008, -239.0
1574519217.513021, -239.0
1574519217.53861, -239.0
1574519217.564485, -239.0
1574519217.589769, -239.0
1574519217.614757, -239.0
1574519217.639757, -239.0
1574519217.6648, -239.0
1574519217.693541, -239.0
1574519217.718885, -239.0
1574519217.744351, -239.0
1574519217.769829, -239.0
1574519217.796144, -239.0
1574519217.821611, -239.0
1574519217.846708, -239.0
1574519217.871976, -239.0
1574519217.897309, -239.0
1574519217.922687, -239.0
1574519217.947928, -239.0
1574519218.339785, -239.0
1574519218.365278, -239.0
1574519218.390576, -239.0
1574519218.415836, -239.0
1574519218.440909, -239.0
1574519218.466286, -239.0
1574519218.491671, -239.0
1574519218.516711, -239.0
1574519218.542139, -239.0
1574519218.567369, -239.0
1574519218.59275, -239.0
1574519218.618114, -239.0
1574519218.643238, -239.0
1574519219.03502, -239.0
1574519219.422883, -239.0
1574519219.825301, -239.0
1574519220.203507, -239.0
1574519220.6066, -239.0
1574519220.992974, -239.0
1574519221.383646, -239.0
1574519221.747969, -239.0
1574519222.111625, -239.0
1574519222.477206, -239.0
1574519222.502828, -239.0
1574519222.52801, -239.0
1574519222.552984, -239.0
1574519222.578323, -239.0
1574519222.603498, -239.0
1574519222.628984, -239.0
1574519222.654089, -239.0
1574519223.018106, -239.0
1574519223.394343, -239.0
1574519223.775833, -239.0
1574519224.160189, -239.0
1574519224.550169, -239.0
1574519224.952459, -239.0
1574519225.336843, -239.0
1574519225.362472, -239.0
1574519225.388027, -239.0
1574519225.769998, -239.0
1574519226.149783, -239.0
1574519226.54627, -239.0
1574519226.903816, -239.0
1574519227.266515, -239.0
1574519227.664568, -239.0
1574519228.03534, -239.0
1574519228.41937, -239.0
1574519228.840595, -239.0
1574519228.866002, -239.0
1574519228.891459, -239.0
1574519228.917097, -239.0
1574519228.942579, -239.0
1574519228.968028, -239.0
1574519228.993545, -239.0
1574519229.357974, -239.0
1574519229.750887, -239.0
1574519230.128846, -239.0
1574519230.515777, -239.0
1574519230.910777, -239.0
1574519231.294467, -239.0
1574519231.679137, -239.0
1574519232.102559, -239.0
1574519232.501127, -239.0
1574519232.868078, -239.0
1574519233.262282, -239.0
1574519233.645533, -239.0
1574519234.040213, -239.0
1574519234.426517, -239.0
1574519234.80418, -239.0
1574519235.203126, -239.0
1574519235.582078, -239.0
1574519235.958619, -239.0
1574519236.367381, -239.0
1574519236.756082, -239.0
1574519237.166541, -239.0
1574519237.581309, -239.0
1574519237.982661, -239.0
1574519238.371423, -239.0
1574519238.743309, -239.0
1574519239.134493, -239.0
1574519239.532538, -239.0
1574519239.902957, -239.0
1574519240.302574, -239.0
1574519240.665039, -239.0
1574519241.057293, -239.0
1574519241.456082, -239.0
1574519241.481448, -239.0
1574519241.85567, -239.0
1574519242.241456, -239.0
1574519242.633411, -239.0
1574519243.027868, -239.0
1574519243.053346, -239.0
1574519243.078569, -239.0
1574519243.104074, -239.0
1574519243.129656, -239.0
1574519243.155081, -239.0
1574519243.180831, -239.0
1574519243.205981, -239.0
1574519243.231462, -239.0
1574519243.257331, -239.0
1574519243.28302, -239.0
1574519243.308635, -239.0
1574519243.333991, -239.0
1574519243.359221, -239.0
1574519243.384449, -239.0
1574519243.410168, -239.0
1574519243.435341, -239.0
1574519243.46076, -239.0
1574519243.486041, -239.0
1574519243.511553, -239.0
1574519243.536586, -239.0
1574519243.90754, -239.0
1574519243.932967, -239.0
1574519244.310007, -239.0
1574519244.335491, -239.0
1574519244.360546, -239.0
1574519244.38593, -239.0
1574519244.411401, -239.0
1574519244.436483, -239.0
1574519244.461776, -239.0
1574519244.486865, -239.0
1574519244.512328, -239.0
1574519244.537735, -239.0
1574519244.562962, -239.0
1574519244.588051, -239.0
1574519244.613315, -239.0
1574519244.638337, -239.0
1574519245.012959, -239.0
1574519245.391047, -239.0
1574519245.8136, -239.0
1574519246.220117, -239.0
1574519246.611087, -239.0
1574519247.015056, -239.0
1574519247.406577, -239.0
1574519247.802336, -239.0
1574519248.234188, -239.0
1574519248.607732, -239.0
1574519248.998813, -239.0
1574519249.38269, -239.0
1574519249.750811, -239.0
1574519250.157971, -239.0
1574519250.562596, -239.0
1574519250.933266, -239.0
1574519251.321243, -239.0
1574519251.346424, -239.0
1574519251.371308, -239.0
1574519251.396251, -239.0
1574519251.777351, -239.0
1574519252.13563, -239.0
1574519252.50182, -239.0
1574519252.526956, -239.0
1574519252.551844, -239.0
1574519252.938995, -239.0
1574519253.316484, -239.0
1574519253.341697, -239.0
1574519253.366738, -239.0
1574519253.391932, -239.0
1574519253.417132, -239.0
1574519253.44201, -239.0
1574519253.466867, -239.0
1574519253.49182, -239.0
1574519253.516995, -239.0
1574519253.894109, -239.0
1574519254.268833, -239.0
1574519254.294068, -239.0
1574519254.319141, -239.0
1574519254.344154, -239.0
1574519254.369025, -239.0
1574519254.393981, -239.0
1574519254.419037, -239.0
1574519254.443857, -239.0
1574519254.468725, -239.0
1574519254.493718, -239.0
1574519254.518703, -239.0
1574519254.543589, -239.0
1574519254.56853, -239.0
1574519254.593487, -239.0
1574519254.618492, -239.0
1574519254.643632, -239.0
1574519254.668598, -239.0
1574519254.693611, -239.0
1574519254.718723, -239.0
1574519254.743789, -239.0
1574519254.768776, -239.0
1574519254.793641, -239.0
1574519254.818544, -239.0
1574519254.843441, -239.0
1574519254.868437, -239.0
1574519254.893361, -239.0
1574519254.918266, -239.0
1574519255.285288, -239.0
1574519255.310484, -239.0
1574519255.3356, -239.0
1574519255.722956, -239.0
1574519255.74813, -239.0
1574519255.773165, -239.0
1574519255.798298, -239.0
1574519255.823302, -239.0
1574519255.848258, -239.0
1574519255.87307, -239.0
1574519255.897955, -239.0
1574519255.922956, -239.0
1574519255.947836, -239.0
1574519255.972665, -239.0
1574519255.997682, -239.0
1574519256.02281, -239.0
1574519256.047816, -239.0
1574519256.072765, -239.0
1574519256.097629, -239.0
1574519256.122641, -239.0
1574519256.503897, -239.0
1574519256.934736, -239.0
1574519257.313167, -239.0
1574519257.705968, -239.0
1574519257.730969, -239.0
1574519257.756143, -239.0
1574519257.781091, -239.0
1574519257.80615, -239.0
1574519257.83106, -239.0
1574519257.855998, -239.0
1574519257.880863, -239.0
1574519257.905809, -239.0
1574519257.930794, -239.0
1574519257.955871, -239.0
1574519257.98088, -239.0
1574519229.278947, -239.0
1574519229.667241, -239.0
1574519229.692579, -239.0
1574519229.717618, -239.0
1574519229.743078, -239.0
1574519229.76817, -239.0
1574519229.793503, -239.0
1574519229.818846, -239.0
1574519229.843934, -239.0
1574519229.869427, -239.0
1574519229.895104, -239.0
1574519229.920456, -239.0
1574519229.945713, -239.0
1574519229.971017, -239.0
1574519229.996142, -239.0
1574519230.021586, -239.0
1574519230.04708, -239.0
1574519230.072408, -239.0
1574519230.097667, -239.0
1574519230.12289, -239.0
1574519230.147895, -239.0
1574519230.173307, -239.0
1574519230.558726, -239.0
1574519230.946989, -239.0
1574519231.32472, -239.0
1574519231.708673, -239.0
1574519232.109242, -239.0
1574519232.459105, -239.0
1574519232.856721, -239.0
1574519233.242661, -239.0
1574519233.630466, -239.0
1574519234.001627, -239.0
1574519234.388983, -239.0
1574519234.78049, -239.0
1574519235.137291, -239.0
1574519235.488546, -239.0
1574519235.82773, -239.0
1574519236.205482, -239.0
1574519236.624634, -239.0
1574519236.993357, -239.0
1574519237.350124, -239.0
1574519237.375354, -239.0
1574519237.400728, -239.0
1574519237.426124, -239.0
1574519237.45145, -239.0
1574519237.876972, -239.0
1574519238.256963, -239.0
1574519238.629283, -239.0
1574519238.654586, -239.0
1574519238.679899, -239.0
1574519238.705135, -239.0
1574519238.730497, -239.0
1574519238.755698, -239.0
1574519239.153125, -239.0
1574519239.546641, -239.0
1574519239.920455, -239.0
1574519240.319868, -239.0
1574519240.693118, -239.0
1574519241.051356, -239.0
1574519241.441378, -239.0
1574519241.466714, -239.0
1574519241.492167, -239.0
1574519241.517413, -239.0
1574519241.929074, -239.0
1574519242.323763, -239.0
1574519242.704417, -239.0
1574519242.729732, -239.0
1574519242.754753, -239.0
1574519242.780161, -239.0
1574519242.805404, -239.0
1574519243.194786, -239.0
1574519243.611899, -239.0
1574519244.025077, -239.0
1574519244.420345, -239.0
1574519244.834584, -239.0
1574519245.215679, -239.0
1574519245.60084, -239.0
1574519245.626188, -239.0
1574519245.651261, -239.0
1574519245.676557, -239.0
1574519245.701949, -239.0
1574519245.727342, -239.0
1574519245.752723, -239.0
1574519245.77814, -239.0
1574519245.803841, -239.0
1574519245.829491, -239.0
1574519245.854817, -239.0
1574519245.880089, -239.0
1574519245.905519, -239.0
1574519245.930699, -239.0
1574519245.955836, -239.0
1574519245.981282, -239.0
1574519246.006513, -239.0
1574519246.375369, -239.0
1574519246.758088, -239.0
1574519247.147066, -239.0
1574519247.555046, -239.0
1574519247.956634, -239.0
1574519248.333758, -239.0
1574519248.706337, -239.0
1574519249.107428, -239.0
1574519249.485767, -239.0
1574519249.510825, -239.0
1574519249.535828, -239.0
1574519249.56105, -239.0
1574519249.586096, -239.0
1574519249.611234, -239.0
1574519249.636227, -239.0
1574519249.661282, -239.0
1574519249.686262, -239.0
1574519249.711248, -239.0
1574519249.73633, -239.0
1574519249.761274, -239.0
1574519249.786422, -239.0
1574519250.175103, -239.0
1574519250.200199, -239.0
1574519250.225135, -239.0
1574519250.250222, -239.0
1574519250.275243, -239.0
1574519250.657299, -239.0
1574519251.047694, -239.0
1574519251.424712, -239.0
1574519251.821076, -239.0
1574519252.211459, -239.0
1574519252.236627, -239.0
1574519252.607581, -239.0
1574519252.954846, -239.0
1574519253.329202, -239.0
1574519253.711956, -239.0
1574519254.072331, -239.0
1574519254.459038, -239.0
1574519254.835774, -239.0
1574519254.860843, -239.0
1574519254.885834, -239.0
1574519254.910919, -239.0
1574519254.935979, -239.0
1574519254.960805, -239.0
1574519254.985812, -239.0
1574519255.01079, -239.0
1574519255.03586, -239.0
1574519255.060861, -239.0
1574519255.469782, -239.0
1574519255.876197, -239.0
1574519255.901164, -239.0
1574519255.926254, -239.0
1574519255.951124, -239.0
1574519255.976204, -239.0
1574519256.001201, -239.0
1574519256.026204, -239.0
1574519256.051256, -239.0
1574519256.076101, -239.0
1574519256.101081, -239.0
1574519256.125994, -239.0
1574519256.150945, -239.0
1574519256.176034, -239.0
1574519256.200987, -239.0
1574519256.226018, -239.0
1574519256.251066, -239.0
1574519256.27615, -239.0
1574519256.301015, -239.0
1574519256.326073, -239.0
1574519256.350933, -239.0
1574519256.376002, -239.0
1574519256.400983, -239.0
1574519256.425921, -239.0
1574519256.450963, -239.0
1574519256.476056, -239.0
1574519256.501054, -239.0
1574519256.526295, -239.0
1574519256.551248, -239.0
1574519256.576242, -239.0
1574519256.601222, -239.0
1574519256.998342, -239.0
1574519257.391796, -239.0
1574519257.764575, -239.0
1574519258.162502, -239.0
1574519258.187695, -239.0
1574519258.212704, -239.0
1574519258.596717, -239.0
1574519258.982351, -239.0
1574519259.345704, -239.0
1574519259.75057, -239.0
1574519260.110612, -239.0
1574519260.53543, -239.0
1574519260.920251, -239.0
1574519261.297713, -239.0
1574519261.697597, -239.0
1574519262.103496, -239.0
1574519262.458214, -239.0
1574519262.867795, -239.0
1574519263.256054, -239.0
1574519263.660559, -239.0
1574519264.088381, -239.0
1574519264.470022, -239.0
1574519264.839671, -239.0
1574519265.221289, -239.0
1574519265.626893, -239.0
1574519266.015925, -239.0
1574519266.380056, -239.0
1574519266.764204, -239.0
1574519266.789369, -239.0
1574519267.170935, -239.0
1574519267.568007, -239.0
1574519267.968744, -239.0
1574519268.376006, -239.0
1574519268.806975, -239.0
1574519268.832106, -239.0
1574519268.856894, -239.0
1574519268.881912, -239.0
1574519268.906982, -239.0
1574519268.931915, -239.0
1574519268.956881, -239.0
1574519268.981818, -239.0
1574519269.006866, -239.0
1574519269.03189, -239.0
1574519269.056868, -239.0
1574519269.081851, -239.0
1574519269.10683, -239.0
1574519269.131781, -239.0
1574519269.156847, -239.0
1574519269.181903, -239.0
1574519269.206822, -239.0
1574519269.231704, -239.0
1574519269.256753, -239.0
1574519269.281805, -239.0
1574519269.306667, -239.0
1574519269.69612, -239.0
1574519270.087563, -239.0
1574519270.490403, -239.0
1574519270.903189, -239.0
1574519271.293013, -239.0
1574519271.676388, -239.0
1574519272.062915, -239.0
1574519272.446069, -239.0
1574519272.846668, -239.0
1574519273.230913, -239.0
1574519273.611401, -239.0
1574519273.977979, -239.0
1574519274.353992, -239.0
1574519274.766154, -239.0
1574519275.148535, -239.0
1574519275.524455, -239.0
1574519275.914283, -239.0
1574519276.320743, -239.0
1574519276.735668, -239.0
1574519277.132816, -239.0
1574519277.527909, -239.0
1574519277.919717, -239.0
1574519278.306388, -239.0
1574519278.696441, -239.0
1574519232.576282, -239.0
1574519232.60335, -239.0
1574519232.629495, -239.0
1574519232.655664, -239.0
1574519232.68067, -239.0
1574519232.70597, -239.0
1574519232.730941, -239.0
1574519232.755936, -239.0
1574519232.781385, -239.0
1574519232.807176, -239.0
1574519232.836201, -239.0
1574519233.204229, -239.0
1574519233.589898, -239.0
1574519233.615218, -239.0
1574519233.640389, -239.0
1574519233.665794, -239.0
1574519234.0303, -239.0
1574519234.415358, -239.0
1574519234.79498, -239.0
1574519235.166937, -239.0
1574519235.192175, -239.0
1574519235.217604, -239.0
1574519235.242862, -239.0
1574519235.628251, -239.0
1574519236.026926, -239.0
1574519236.390606, -239.0
1574519236.787923, -239.0
1574519236.81328, -239.0
1574519236.838385, -239.0
1574519237.231659, -239.0
1574519237.644927, -239.0
1574519238.012484, -239.0
1574519238.415462, -239.0
1574519238.805438, -239.0
1574519239.209504, -239.0
1574519239.234953, -239.0
1574519239.259975, -239.0
1574519239.286037, -239.0
1574519239.311545, -239.0
1574519239.336939, -239.0
1574519239.362372, -239.0
1574519239.387592, -239.0
1574519239.413039, -239.0
1574519239.438409, -239.0
1574519239.830271, -239.0
1574519240.21716, -239.0
1574519240.62012, -239.0
1574519240.997633, -239.0
1574519241.400292, -239.0
1574519241.796264, -239.0
1574519242.213891, -239.0
1574519242.604414, -239.0
1574519242.991661, -239.0
1574519243.397047, -239.0
1574519243.422373, -239.0
1574519243.817677, -239.0
1574519244.240016, -239.0
1574519244.62654, -239.0
1574519245.004046, -239.0
1574519245.378552, -239.0
1574519245.762115, -239.0
1574519246.159597, -239.0
1574519246.563138, -239.0
1574519246.935514, -239.0
1574519247.346581, -239.0
1574519247.751419, -239.0
1574519248.135316, -239.0
1574519248.534571, -239.0
1574519248.94227, -239.0
1574519248.967336, -239.0
1574519248.992572, -239.0
1574519249.017651, -239.0
1574519249.401173, -239.0
1574519249.426482, -239.0
1574519249.451739, -239.0
1574519249.476981, -239.0
1574519249.502152, -239.0
1574519249.527405, -239.0
1574519249.552731, -239.0
1574519249.57801, -239.0
1574519249.603195, -239.0
1574519249.989034, -239.0
1574519250.36302, -239.0
1574519250.388111, -239.0
1574519250.782554, -239.0
1574519251.167244, -239.0
1574519251.535058, -239.0
1574519251.899878, -239.0
1574519252.27341, -239.0
1574519252.659121, -239.0
1574519253.050089, -239.0
1574519253.436888, -239.0
1574519253.814258, -239.0
1574519253.839351, -239.0
1574519254.246586, -239.0
1574519254.628196, -239.0
1574519255.004388, -239.0
1574519255.402398, -239.0
1574519255.807716, -239.0
1574519256.158975, -239.0
1574519256.549994, -239.0
1574519256.575653, -239.0
1574519256.600626, -239.0
1574519256.625657, -239.0
1574519256.650586, -239.0
1574519256.675617, -239.0
1574519256.700678, -239.0
1574519256.725816, -239.0
1574519256.75091, -239.0
1574519256.775986, -239.0
1574519257.137995, -239.0
1574519257.163158, -239.0
1574519257.540499, -239.0
1574519257.566309, -239.0
1574519257.591496, -239.0
1574519257.616607, -239.0
1574519257.641819, -239.0
1574519257.666901, -239.0
1574519257.69203, -239.0
1574519258.116623, -239.0
1574519258.495445, -239.0
1574519258.867403, -239.0
1574519258.892392, -239.0
1574519259.279588, -239.0
1574519259.304788, -239.0
1574519259.688472, -239.0
1574519260.071529, -239.0
1574519260.472743, -239.0
1574519260.850223, -239.0
1574519261.233419, -239.0
1574519261.601994, -239.0
1574519261.962012, -239.0
1574519262.340607, -239.0
1574519262.722051, -239.0
1574519262.747081, -239.0
1574519262.772211, -239.0
1574519262.797307, -239.0
1574519263.164032, -239.0
1574519263.189002, -239.0
1574519263.213947, -239.0
1574519263.595208, -239.0
1574519263.620238, -239.0
1574519263.645294, -239.0
1574519263.67035, -239.0
1574519263.695497, -239.0
1574519263.721167, -239.0
1574519263.746171, -239.0
1574519263.771138, -239.0
1574519264.15961, -239.0
1574519264.184667, -239.0
1574519264.209782, -239.0
1574519264.234741, -239.0
1574519264.259786, -239.0
1574519264.284837, -239.0
1574519264.30998, -239.0
1574519264.334994, -239.0
1574519264.360013, -239.0
1574519264.38501, -239.0
1574519264.410037, -239.0
1574519264.434997, -239.0
1574519264.459998, -239.0
1574519264.485002, -239.0
1574519264.888851, -239.0
1574519265.245815, -239.0
1574519265.645233, -239.0
1574519266.053249, -239.0
1574519266.451102, -239.0
1574519266.857317, -239.0
1574519267.249127, -239.0
1574519267.627075, -239.0
1574519268.030471, -239.0
1574519268.415667, -239.0
1574519268.811429, -239.0
1574519269.175204, -239.0
1574519269.540253, -239.0
1574519269.565239, -239.0
1574519269.937143, -239.0
1574519270.326611, -239.0
1574519270.722665, -239.0
1574519271.093794, -239.0
1574519271.470724, -239.0
1574519271.495796, -239.0
1574519271.882034, -239.0
1574519271.907111, -239.0
1574519271.932179, -239.0
1574519271.957119, -239.0
1574519271.982105, -239.0
1574519272.007257, -239.0
1574519272.032313, -239.0
1574519272.057269, -239.0
1574519272.082303, -239.0
1574519272.107475, -239.0
1574519272.132508, -239.0
1574519272.157566, -239.0
1574519272.182485, -239.0
1574519272.207557, -239.0
1574519272.232531, -239.0
1574519272.257568, -239.0
1574519272.646349, -239.0
1574519273.025205, -239.0
1574519273.050315, -239.0
1574519273.075394, -239.0
1574519273.479242, -239.0
1574519273.877923, -239.0
1574519274.295579, -239.0
1574519274.716885, -239.0
1574519275.097375, -239.0
1574519275.488988, -239.0
1574519275.88214, -239.0
1574519276.296555, -239.0
1574519276.688213, -239.0
1574519277.073235, -239.0
1574519277.453884, -239.0
1574519277.846071, -239.0
1574519278.216836, -239.0
1574519278.604662, -239.0
1574519278.996027, -239.0
1574519279.358824, -239.0
1574519279.763298, -239.0
1574519280.186727, -239.0
1574519280.57479, -239.0
1574519280.958799, -239.0
1574519280.984232, -239.0
1574519281.009387, -239.0
1574519281.035081, -239.0
1574519281.060181, -239.0
1574519281.085327, -239.0
1574519281.110382, -239.0
1574519281.135634, -239.0
1574519281.160726, -239.0
1574519281.185924, -239.0
1574519281.211049, -239.0
1574519281.236295, -239.0
1574519281.261443, -239.0
1574519281.648183, -239.0
1574519282.024029, -239.0
1574519282.433067, -239.0
1574519282.458372, -239.0
1574519282.483532, -239.0
1574519282.508772, -239.0
1574519282.533829, -239.0
1574519282.916015, -239.0
1574519282.941376, -239.0
1574519283.33045, -239.0
1574519283.713369, -239.0
1574519284.096741, -239.0
1574519284.502565, -239.0
1574519284.887027, -239.0
1574519285.265114, -239.0
1574519285.634858, -239.0
