1574521887.184773, -732.0
1574521887.242422, -391.0
1574521887.295182, -391.0
1574521887.347569, -391.0
1574521887.400191, -391.0
1574521887.452853, -391.0
1574521887.505413, -391.0
1574521887.558169, -164.0
1574521887.610623, -164.0
1574521887.664144, -164.0
1574521887.722399, -164.0
1574521888.318222, -151.0
1574521888.891983, -139.0
1574521889.455248, -139.0
1574521890.040476, -139.0
1574521890.615466, -139.0
1574521891.192812, -139.0
1574521891.742835, -139.0
1574521892.315226, -139.0
1574521892.858851, -136.0
1574521893.426215, -136.0
1574521894.016908, -136.0
1574521894.595165, -136.0
1574521895.185298, -136.0
1574521895.757777, -136.0
1574521896.340372, -136.0
1574521896.92733, -136.0
1574521897.51945, -136.0
1574521898.109036, -136.0
1574521898.692493, -136.0
1574521899.272753, -136.0
1574521899.831772, -136.0
1574521900.406044, -136.0
1574521900.98095, -136.0
1574521901.524656, -136.0
1574521902.040672, -136.0
1574521902.561822, -136.0
1574521903.087341, -136.0
1574521903.645635, -136.0
1574521904.216112, -136.0
1574521904.781743, -136.0
1574521905.36474, -136.0
1574521905.93608, -136.0
1574521906.487774, -136.0
1574521907.048229, -136.0
1574521907.608015, -136.0
1574521908.164005, -136.0
1574521908.728018, -136.0
1574521909.294385, -136.0
1574521909.837939, -135.0
1574521887.552052, -164.0
1574521887.778362, -164.0
1574521887.991522, -164.0
1574521888.203479, -151.0
1574521888.414685, -151.0
1574521888.629021, -151.0
1574521890.225384, -139.0
1574521890.835625, -139.0
1574521891.358329, -139.0
1574521891.57593, -139.0
1574521892.074009, -139.0
1574521892.53263, -137.0
1574521892.743047, -137.0
1574521892.953728, -136.0
1574521893.16425, -136.0
1574521893.374952, -136.0
1574521893.585844, -136.0
1574521893.967528, -136.0
1574521894.180971, -136.0
1574521894.392596, -136.0
1574521894.778133, -136.0
1574521897.110137, -136.0
1574521900.104146, -136.0
1574521902.752758, -136.0
1574521904.62103, -136.0
1574521906.291057, -136.0
1574521908.553431, -136.0
1574521911.499763, -135.0
1574521914.031331, -135.0
1574521916.846812, -135.0
1574521919.52511, -135.0
1574521922.229417, -135.0
1574521924.856378, -135.0
1574521927.928549, -134.0
1574521930.811815, -134.0
1574521933.854757, -134.0
1574521936.820202, -134.0
1574521939.857651, -134.0
1574521942.819323, -134.0
1574521945.835217, -134.0
1574521948.859553, -134.0
1574521951.862456, -134.0
1574521954.884618, -134.0
1574521957.913577, -134.0
1574521961.021825, -134.0
1574521964.071183, -134.0
1574521967.044379, -134.0
1574521970.024774, -134.0
1574521972.828247, -134.0
1574521975.822275, -134.0
1574521887.200329, -391.0
1574521887.258074, -391.0
1574521887.310497, -391.0
1574521887.362766, -391.0
1574521887.415244, -391.0
1574521887.467766, -391.0
1574521887.520272, -391.0
1574521887.57333, -164.0
1574521887.631491, -164.0
1574521888.196206, -151.0
1574521888.737581, -143.0
1574521889.323469, -139.0
1574521890.067618, -139.0
1574521890.789688, -139.0
1574521891.475843, -139.0
1574521892.173036, -139.0
1574521892.841311, -137.0
1574521893.465355, -136.0
1574521894.109646, -136.0
1574521894.735722, -136.0
1574521895.364624, -136.0
1574521895.984803, -136.0
1574521896.612859, -136.0
1574521897.226595, -136.0
1574521897.82901, -136.0
1574521898.448614, -136.0
1574521899.065973, -136.0
1574521899.723983, -136.0
1574521900.388277, -136.0
1574521901.094768, -136.0
1574521901.776149, -136.0
1574521902.430832, -136.0
1574521903.076511, -136.0
1574521903.677084, -136.0
1574521904.258198, -136.0
1574521904.84995, -136.0
1574521905.448405, -136.0
1574521906.036754, -136.0
1574521906.639196, -136.0
1574521907.236703, -136.0
1574521907.855926, -136.0
1574521908.444047, -136.0
1574521909.057238, -136.0
1574521909.6381, -135.0
1574521910.266266, -135.0
1574521910.871676, -135.0
1574521911.453963, -135.0
1574521912.078144, -135.0
1574521912.711503, -135.0
1574521913.344972, -135.0
1574521887.22539, -391.0
1574521887.296917, -391.0
1574521887.362854, -391.0
1574521887.428316, -391.0
1574521887.493551, -391.0
1574521887.558964, -164.0
1574521887.624353, -164.0
1574521887.689742, -164.0
1574521887.76212, -164.0
1574521888.700469, -143.0
1574521889.487793, -139.0
1574521890.208671, -139.0
1574521890.914518, -139.0
1574521891.645077, -139.0
1574521892.360071, -137.0
1574521893.125704, -136.0
1574521893.897597, -136.0
1574521894.609086, -136.0
1574521895.367944, -136.0
1574521896.262296, -136.0
1574521897.064011, -136.0
1574521897.862834, -136.0
1574521898.650519, -136.0
1574521899.441579, -136.0
1574521900.237288, -136.0
1574521901.053256, -136.0
1574521901.89633, -136.0
1574521902.789576, -136.0
1574521903.643371, -136.0
1574521904.497501, -136.0
1574521905.315876, -136.0
1574521906.157395, -136.0
1574521907.009525, -136.0
1574521907.886156, -136.0
1574521908.723043, -136.0
1574521909.53978, -135.0
1574521910.386266, -135.0
1574521911.264376, -135.0
1574521912.157329, -135.0
1574521913.088988, -135.0
1574521914.010369, -135.0
1574521914.947564, -135.0
1574521915.849638, -135.0
1574521916.770126, -135.0
1574521917.679601, -135.0
1574521918.580365, -135.0
1574521919.497472, -135.0
1574521920.405199, -135.0
1574521921.267456, -135.0
1574521922.117395, -135.0
1574521909.859276, -135.0
1574521909.873287, -135.0
1574521909.887385, -135.0
1574521909.900999, -135.0
1574521909.914433, -135.0
1574521909.928146, -135.0
1574521909.941589, -135.0
1574521909.955124, -135.0
1574521909.968871, -135.0
1574521909.982396, -135.0
1574521909.996198, -135.0
1574521910.009741, -135.0
1574521910.023525, -135.0
1574521910.037045, -135.0
1574521910.05074, -135.0
1574521910.064257, -135.0
1574521910.077733, -135.0
1574521910.091763, -135.0
1574521910.105351, -135.0
1574521910.119361, -135.0
1574521910.132896, -135.0
1574521910.146646, -135.0
1574521910.160041, -135.0
1574521910.173985, -135.0
1574521910.187502, -135.0
1574521910.201099, -135.0
1574521910.214594, -135.0
1574521910.228016, -135.0
1574521910.241686, -135.0
1574521910.255149, -135.0
1574521910.268853, -135.0
1574521910.282319, -135.0
1574521910.296158, -135.0
1574521910.309617, -135.0
1574521910.32316, -135.0
1574521910.336907, -135.0
1574521910.35041, -135.0
1574521910.364148, -135.0
1574521910.37764, -135.0
1574521910.391369, -135.0
1574521910.404976, -135.0
1574521910.418715, -135.0
1574521910.432322, -135.0
1574521910.445847, -135.0
1574521910.459565, -135.0
1574521910.473034, -135.0
1574521910.486687, -135.0
1574521910.500153, -135.0
1574521910.513941, -135.0
1574521910.527369, -135.0
1574521910.657412, -135.0
1574521910.775866, -135.0
1574521910.89409, -135.0
1574521911.012879, -135.0
1574521911.131857, -135.0
1574521911.250411, -135.0
1574521911.369251, -135.0
1574521911.490541, -135.0
1574521911.60841, -135.0
1574521911.726693, -135.0
1574521911.84538, -135.0
1574521911.965112, -135.0
1574521912.614821, -135.0
1574521913.45072, -135.0
1574521914.641725, -135.0
1574521915.119021, -135.0
1574521915.590617, -135.0
1574521915.869001, -135.0
1574521916.166145, -135.0
1574521916.618989, -135.0
1574521917.628933, -135.0
1574521919.154211, -135.0
1574521920.839131, -135.0
1574521922.031482, -135.0
1574521923.018598, -135.0
1574521924.704792, -135.0
1574521924.996799, -135.0
1574521925.453448, -134.0
1574521926.284011, -134.0
1574521927.662342, -134.0
1574521929.018837, -134.0
1574521930.034429, -134.0
1574521930.718145, -134.0
1574521931.188067, -134.0
1574521932.175922, -134.0
1574521933.807911, -134.0
1574521935.463547, -134.0
1574521937.143905, -134.0
1574521938.809935, -134.0
1574521940.365468, -134.0
1574521941.975484, -134.0
1574521943.656535, -134.0
1574521945.282249, -134.0
1574521946.913506, -134.0
1574521948.560656, -134.0
1574521950.154887, -134.0
1574521951.721369, -134.0
1574521953.264221, -134.0
1574521954.864153, -134.0
1574521956.424628, -134.0
1574521913.397692, -135.0
1574521913.438202, -135.0
1574521913.478353, -135.0
1574521913.680266, -135.0
1574521913.72078, -135.0
1574521913.760615, -135.0
1574521913.800318, -135.0
1574521913.840201, -135.0
1574521913.879901, -135.0
1574521913.919584, -135.0
1574521913.959388, -135.0
1574521913.999174, -135.0
1574521914.038889, -135.0
1574521914.078677, -135.0
1574521914.11843, -135.0
1574521914.158097, -135.0
1574521914.197951, -135.0
1574521914.23783, -135.0
1574521914.277976, -135.0
1574521914.317875, -135.0
1574521914.357732, -135.0
1574521914.397622, -135.0
1574521914.43766, -135.0
1574521914.477698, -135.0
1574521914.517672, -135.0
1574521914.557561, -135.0
1574521914.597716, -135.0
1574521914.637904, -135.0
1574521915.01147, -135.0
1574521915.217547, -135.0
1574521915.423872, -135.0
1574521915.635651, -135.0
1574521915.866802, -135.0
1574521915.907039, -135.0
1574521916.112166, -135.0
1574521916.495875, -135.0
1574521916.536262, -135.0
1574521917.106087, -135.0
1574521917.668489, -135.0
1574521918.206149, -135.0
1574521918.881819, -135.0
1574521919.260823, -135.0
1574521919.633438, -135.0
1574521919.988355, -135.0
1574521920.36328, -135.0
1574521921.021235, -135.0
1574521921.404143, -135.0
1574521921.779259, -135.0
1574521922.269441, -135.0
1574521922.766806, -135.0
1574521922.371028, -135.0
1574521922.412686, -135.0
1574521922.452809, -135.0
1574521922.492793, -135.0
1574521922.532971, -135.0
1574521922.57724, -135.0
1574521922.994288, -135.0
1574521923.034436, -135.0
1574521923.074345, -135.0
1574521923.114433, -135.0
1574521923.154319, -135.0
1574521923.194409, -135.0
1574521923.234333, -135.0
1574521923.274344, -135.0
1574521923.314804, -135.0
1574521923.541776, -135.0
1574521923.583034, -135.0
1574521923.622974, -135.0
1574521923.663027, -135.0
1574521923.703162, -135.0
1574521923.929077, -135.0
1574521923.96946, -135.0
1574521924.331728, -135.0
1574521924.843468, -135.0
1574521925.225719, -135.0
1574521925.758977, -134.0
1574521926.335482, -134.0
1574521926.873184, -134.0
1574521927.455581, -134.0
1574521928.002225, -134.0
1574521928.542246, -134.0
1574521929.092527, -134.0
1574521929.655293, -134.0
1574521930.231058, -134.0
1574521930.80964, -134.0
1574521931.373532, -134.0
1574521931.9409, -134.0
1574521932.293156, -134.0
1574521932.780947, -134.0
1574521933.120854, -134.0
1574521933.628303, -134.0
1574521934.171034, -134.0
1574521934.721097, -134.0
1574521935.290538, -134.0
1574521935.830583, -134.0
1574521936.319459, -134.0
1574521936.820617, -134.0
1574521937.271118, -134.0
1574521937.819357, -134.0
1574521938.371773, -134.0
1574521922.818177, -135.0
1574521922.860307, -135.0
1574521922.900158, -135.0
1574521922.939966, -135.0
1574521922.980162, -135.0
1574521923.025348, -135.0
1574521923.591141, -135.0
1574521924.171102, -135.0
1574521924.211244, -135.0
1574521924.766196, -135.0
1574521924.808728, -135.0
1574521924.848662, -135.0
1574521924.888633, -135.0
1574521924.928486, -135.0
1574521924.968332, -135.0
1574521925.008455, -135.0
1574521925.050458, -135.0
1574521925.093851, -135.0
1574521925.30827, -135.0
1574521925.85974, -134.0
1574521926.441793, -134.0
1574521927.010994, -134.0
1574521927.546434, -134.0
1574521928.104759, -134.0
1574521928.718134, -134.0
1574521929.280878, -134.0
1574521929.569532, -134.0
1574521930.008924, -134.0
1574521930.487632, -134.0
1574521930.892624, -134.0
1574521931.084776, -134.0
1574521931.533002, -134.0
1574521931.998789, -134.0
1574521932.321628, -134.0
1574521932.655304, -134.0
1574521933.005543, -134.0
1574521933.374091, -134.0
1574521933.743046, -134.0
1574521933.939592, -134.0
1574521934.143911, -134.0
1574521934.360657, -134.0
1574521934.573263, -134.0
1574521934.790605, -134.0
1574521934.977698, -134.0
1574521935.149424, -134.0
1574521935.332845, -134.0
1574521935.491455, -134.0
1574521935.65395, -134.0
1574521935.837413, -134.0
1574521936.244608, -134.0
1574521936.269569, -134.0
1574521936.283249, -134.0
1574521936.476145, -134.0
1574521936.671985, -134.0
1574521936.853489, -134.0
1574521936.866964, -134.0
1574521936.880525, -134.0
1574521936.893879, -134.0
1574521937.063126, -134.0
1574521937.076915, -134.0
1574521937.09074, -134.0
1574521937.260748, -134.0
1574521937.455146, -134.0
1574521937.649808, -134.0
1574521937.835003, -134.0
1574521938.035833, -134.0
1574521938.224341, -134.0
1574521938.238097, -134.0
1574521938.25184, -134.0
1574521938.265201, -134.0
1574521938.43725, -134.0
1574521938.620774, -134.0
1574521938.797713, -134.0
1574521938.811103, -134.0
1574521938.824489, -134.0
1574521938.837893, -134.0
1574521939.032253, -134.0
1574521939.203672, -134.0
1574521939.397754, -134.0
1574521939.583783, -134.0
1574521939.780386, -134.0
1574521939.973618, -134.0
1574521940.173602, -134.0
1574521940.369229, -134.0
1574521940.382778, -134.0
1574521940.571438, -134.0
1574521940.755867, -134.0
1574521940.769609, -134.0
1574521940.783308, -134.0
1574521940.796763, -134.0
1574521940.810189, -134.0
1574521940.823874, -134.0
1574521941.009642, -134.0
1574521941.023382, -134.0
1574521941.214592, -134.0
1574521941.403712, -134.0
1574521941.575693, -134.0
1574521941.779905, -134.0
1574521941.972035, -134.0
1574521942.153276, -134.0
1574521938.391908, -134.0
1574521938.406123, -134.0
1574521938.420102, -134.0
1574521938.434505, -134.0
1574521938.448369, -134.0
1574521938.462495, -134.0
1574521938.476458, -134.0
1574521938.490573, -134.0
1574521938.50456, -134.0
1574521938.518112, -134.0
1574521938.53189, -134.0
1574521938.545711, -134.0
1574521938.559595, -134.0
1574521938.573282, -134.0
1574521938.587129, -134.0
1574521938.600752, -134.0
1574521938.614612, -134.0
1574521938.628261, -134.0
1574521938.641794, -134.0
1574521938.655623, -134.0
1574521938.66929, -134.0
1574521938.683136, -134.0
1574521938.696709, -134.0
1574521938.710728, -134.0
1574521938.724418, -134.0
1574521938.738738, -134.0
1574521938.752369, -134.0
1574521938.765906, -134.0
1574521938.780041, -134.0
1574521938.793591, -134.0
1574521938.993411, -134.0
1574521939.173499, -134.0
1574521939.368676, -134.0
1574521939.56238, -134.0
1574521939.576233, -134.0
1574521939.589843, -134.0
1574521939.60334, -134.0
1574521939.778938, -134.0
1574521939.958228, -134.0
1574521939.972066, -134.0
1574521939.985674, -134.0
1574521939.999206, -134.0
1574521940.191403, -134.0
1574521940.374178, -134.0
1574521940.574931, -134.0
1574521940.76813, -134.0
1574521940.952266, -134.0
1574521941.155044, -134.0
1574521941.344152, -134.0
1574521941.538013, -134.0
1574521981.972115, -134.0
1574521982.121541, -134.0
1574521982.252675, -134.0
1574521982.397962, -134.0
1574521982.545897, -134.0
1574521982.684776, -134.0
1574521982.832446, -134.0
1574521982.988237, -134.0
1574521983.129347, -134.0
1574521983.269099, -134.0
1574521983.41559, -134.0
1574521983.553688, -134.0
1574521983.701245, -134.0
1574521983.88003, -134.0
1574521984.056192, -134.0
1574521984.070097, -134.0
1574521984.083845, -134.0
1574521984.0974, -134.0
1574521984.110909, -134.0
1574521984.12478, -134.0
1574521984.138307, -134.0
1574521984.152152, -134.0
1574521984.331215, -134.0
1574521984.50699, -134.0
1574521984.647676, -134.0
1574521984.829847, -134.0
1574521984.843702, -134.0
1574521984.857338, -134.0
1574521985.053213, -134.0
1574521985.243995, -134.0
1574521985.434238, -134.0
1574521985.626356, -134.0
1574521985.813358, -134.0
1574521986.00891, -134.0
1574521986.022412, -134.0
1574521986.036112, -134.0
1574521986.049777, -134.0
1574521986.063163, -134.0
1574521986.076877, -134.0
1574521986.279908, -134.0
1574521986.484508, -134.0
1574521986.675359, -134.0
1574521986.860997, -134.0
1574521987.044793, -134.0
1574521987.232847, -134.0
1574521987.425336, -134.0
1574521987.628881, -134.0
1574521987.808866, -134.0
1574521988.004939, -134.0
1574521988.187774, -134.0
1574521988.383601, -134.0
1574521988.560959, -134.0
1574521988.750086, -134.0
1574521988.935816, -134.0
1574521989.136603, -134.0
1574521989.342319, -134.0
1574521989.544326, -134.0
1574521989.735508, -134.0
1574521989.935294, -134.0
1574521990.11681, -134.0
1574521990.320236, -134.0
1574521990.510501, -134.0
1574521990.70109, -134.0
1574521990.900533, -134.0
1574521991.076566, -134.0
1574521991.267396, -134.0
1574521991.471386, -134.0
1574521991.661541, -134.0
1574521991.854204, -134.0
1574521992.055144, -134.0
1574521992.246785, -134.0
1574521992.441398, -134.0
1574521992.631231, -134.0
1574521992.834858, -134.0
1574521993.022755, -134.0
1574521993.213228, -134.0
1574521993.410512, -134.0
1574521993.610219, -134.0
1574521993.798552, -134.0
1574521993.985496, -134.0
1574521994.172878, -134.0
1574521994.367717, -134.0
1574521994.573001, -134.0
1574521994.779315, -134.0
1574521994.792822, -134.0
1574521994.806615, -134.0
1574521994.820033, -134.0
1574521994.833542, -134.0
1574521995.020432, -134.0
1574521995.209676, -134.0
1574521995.396725, -134.0
1574521995.582283, -134.0
1574521995.595979, -134.0
1574521995.776794, -134.0
1574521995.981308, -134.0
1574521996.166926, -134.0
1574521996.355856, -134.0
1574521996.558283, -134.0
1574521996.75274, -134.0
1574521996.931823, -134.0
1574521997.128118, -134.0
1574521997.141765, -134.0
1574521997.155401, -134.0
1574521997.168857, -134.0
1574521997.182381, -134.0
1574521997.196306, -134.0
1574521997.382484, -134.0
1574521997.39621, -134.0
1574521997.605145, -134.0
1574521997.618932, -134.0
1574521997.632703, -134.0
1574521997.64628, -134.0
1574521997.659805, -134.0
1574521997.673482, -134.0
1574521997.687061, -134.0
1574521997.700484, -134.0
1574521997.896975, -134.0
1574521998.078248, -134.0
1574521998.263146, -134.0
1574521998.453684, -134.0
1574521998.467186, -134.0
1574521998.657964, -134.0
1574521998.840047, -134.0
1574521998.853556, -134.0
1574521999.040647, -134.0
1574521999.243075, -134.0
1574521999.429452, -134.0
1574521999.633309, -134.0
1574521999.833585, -134.0
1574522000.025738, -134.0
1574522000.207944, -134.0
1574522000.413789, -134.0
1574522000.609599, -134.0
1574522000.813077, -134.0
1574522001.013813, -134.0
1574522001.218019, -134.0
1574522001.404373, -134.0
1574522001.612021, -134.0
1574522001.813223, -134.0
1574522002.018834, -134.0
1574522002.232791, -134.0
1574522002.437439, -134.0
1574522002.643454, -134.0
1574522002.844336, -134.0
1574522003.035265, -134.0
1574522003.220271, -134.0
1574522003.436254, -134.0
1574522003.621525, -134.0
1574522003.811827, -134.0
1574522003.995574, -134.0
1574522004.171591, -134.0
1574522004.365855, -134.0
1574522004.547066, -134.0
1574522004.744455, -134.0
1574522004.947885, -134.0
1574522005.137188, -134.0
1574522005.340085, -134.0
1574522005.535019, -134.0
1574522005.721758, -134.0
1574522005.898734, -134.0
1574522006.107614, -134.0
1574522006.28956, -134.0
1574522006.486629, -134.0
1574522006.683435, -134.0
1574522006.883477, -134.0
1574522007.087145, -134.0
1574522007.288603, -134.0
1574522007.483338, -134.0
1574522007.497139, -134.0
1574522007.510563, -134.0
1574522007.524256, -134.0
1574522007.537843, -134.0
1574522007.551431, -134.0
1574522007.565217, -134.0
1574522007.57873, -134.0
1574522007.763383, -134.0
1574522007.777178, -134.0
1574522007.978953, -134.0
1574522007.992737, -134.0
1574522008.006238, -134.0
1574522008.019763, -134.0
1574522008.213642, -134.0
1574522008.227375, -134.0
1574522008.240889, -134.0
1574522008.254347, -134.0
1574522008.444254, -134.0
1574522008.641607, -134.0
1574522008.825392, -134.0
1574522009.006503, -134.0
1574522009.207579, -134.0
1574522009.393208, -134.0
1574522009.589076, -134.0
1574522009.77592, -134.0
1574522009.789721, -134.0
1574522009.803283, -134.0
1574522009.992826, -134.0
1574522010.006633, -134.0
1574522010.020399, -134.0
1574522010.224239, -134.0
1574522010.237722, -134.0
1574522010.2514, -134.0
1574522010.264831, -134.0
1574522010.278494, -134.0
1574522010.292003, -134.0
1574522010.305666, -134.0
1574522010.319093, -134.0
1574522010.521683, -134.0
1574522010.535583, -134.0
1574522010.549262, -134.0
1574522010.745964, -134.0
1574522010.927179, -134.0
1574522011.123197, -134.0
1574522011.312178, -134.0
1574522011.514394, -134.0
1574522011.714638, -134.0
1574522011.914824, -134.0
1574522011.928678, -134.0
1574522011.942509, -134.0
1574522012.129187, -134.0
1574522012.142962, -134.0
1574522012.342865, -134.0
1574522012.546631, -134.0
1574522012.752096, -134.0
1574522012.94555, -134.0
1574522013.152329, -134.0
1574522013.352569, -134.0
1574522013.558887, -134.0
1574522013.751817, -134.0
1574522013.9541, -134.0
1574522014.151815, -134.0
1574522014.359542, -134.0
1574522014.549823, -134.0
1574522014.745426, -134.0
1574522014.940322, -134.0
1574522014.954156, -134.0
1574522015.15602, -134.0
1574522015.169789, -134.0
1574522015.363314, -134.0
1574522015.560509, -134.0
1574522015.764571, -134.0
1574522015.778378, -134.0
1574522015.791969, -134.0
1574522015.972254, -134.0
1574522016.159424, -134.0
1574522016.357566, -134.0
1574522016.552573, -134.0
1574522016.746888, -134.0
1574522016.920926, -134.0
1574522017.105741, -134.0
1574522017.295164, -134.0
1574521982.024334, -134.0
1574521982.221792, -134.0
1574521982.394983, -134.0
1574521982.5882, -134.0
1574521982.782426, -134.0
1574521982.962983, -134.0
1574521983.156446, -134.0
1574521983.360755, -134.0
1574521983.544395, -134.0
1574521983.730161, -134.0
1574521983.91961, -134.0
1574521984.100888, -134.0
1574521984.296566, -134.0
1574521984.493844, -134.0
1574521984.507404, -134.0
1574521984.715828, -134.0
1574521984.91148, -134.0
1574521985.103424, -134.0
1574521985.286089, -134.0
1574521985.299937, -134.0
1574521985.313353, -134.0
1574521985.326815, -134.0
1574521985.340485, -134.0
1574521985.353954, -134.0
1574521985.55282, -134.0
1574521985.756862, -134.0
1574521985.949388, -134.0
1574521986.138633, -134.0
1574521986.327706, -134.0
1574521986.514178, -134.0
1574521986.703844, -134.0
1574521986.71743, -134.0
1574521986.731131, -134.0
1574521986.74462, -134.0
1574521986.758131, -134.0
1574521986.771813, -134.0
1574521986.785289, -134.0
1574521986.798924, -134.0
1574521986.990157, -134.0
1574521987.168421, -134.0
1574521987.359374, -134.0
1574521987.551882, -134.0
1574521987.737747, -134.0
1574521987.932825, -134.0
1574521988.120018, -134.0
1574521988.323081, -134.0
1574521988.502188, -134.0
1574521988.695968, -134.0
1574521988.89885, -134.0
1574521989.078888, -134.0
1574521989.272133, -134.0
1574521989.285849, -134.0
1574521989.299458, -134.0
1574521989.313135, -134.0
1574521989.509185, -134.0
1574521989.709881, -134.0
1574521989.896417, -134.0
1574521990.091562, -134.0
1574521990.294959, -134.0
1574521990.480735, -134.0
1574521990.674967, -134.0
1574521990.861584, -134.0
1574521991.066524, -134.0
1574521991.248385, -134.0
1574521991.455085, -134.0
1574521991.648823, -134.0
1574521991.662406, -134.0
1574521991.676115, -134.0
1574521991.689572, -134.0
1574521991.703029, -134.0
1574521991.716699, -134.0
1574521991.730146, -134.0
1574521991.743808, -134.0
1574521991.757281, -134.0
1574521991.770949, -134.0
1574521991.970083, -134.0
1574521992.170333, -134.0
1574521992.364826, -134.0
1574521992.560775, -134.0
1574521992.574356, -134.0
1574521992.588022, -134.0
1574521992.799438, -134.0
1574521993.005458, -134.0
1574521993.019177, -134.0
1574521993.218326, -134.0
1574521993.408456, -134.0
1574521993.422031, -134.0
1574521993.43572, -134.0
1574521993.449167, -134.0
1574521993.462618, -134.0
1574521993.476289, -134.0
1574521993.48981, -134.0
1574521993.503548, -134.0
1574521993.517028, -134.0
1574521993.530778, -134.0
1574521993.544263, -134.0
1574521993.739919, -134.0
1574521993.917238, -134.0
1574521994.101555, -134.0
1574521994.283997, -134.0
1574521994.48653, -134.0
1574521994.675825, -134.0
1574521994.856514, -134.0
1574521995.053517, -134.0
1574521995.2211, -134.0
1574521995.416858, -134.0
1574521995.607364, -134.0
1574521995.814455, -134.0
1574521996.001647, -134.0
1574521996.015337, -134.0
1574521996.028847, -134.0
1574521996.042498, -134.0
1574521996.055964, -134.0
1574521996.069605, -134.0
1574521996.261244, -134.0
1574521996.456354, -134.0
1574521996.470094, -134.0
1574521996.483583, -134.0
1574521996.497089, -134.0
1574521996.510553, -134.0
1574521996.524234, -134.0
1574521996.710732, -134.0
1574521996.906888, -134.0
1574521997.107615, -134.0
1574521997.29477, -134.0
1574521997.474886, -134.0
1574521997.676145, -134.0
1574521997.689707, -134.0
1574521997.703413, -134.0
1574521997.887354, -134.0
1574521997.9009, -134.0
1574521998.098218, -134.0
1574521998.111757, -134.0
1574521998.125444, -134.0
1574521998.308245, -134.0
1574521998.321732, -134.0
1574521998.524575, -134.0
1574521998.538247, -134.0
1574521998.551927, -134.0
1574521998.750522, -134.0
1574521998.764317, -134.0
1574521998.778097, -134.0
1574521998.791646, -134.0
1574521998.805198, -134.0
1574521998.818949, -134.0
1574521998.832569, -134.0
1574521998.846252, -134.0
1574521998.859618, -134.0
1574521998.873299, -134.0
1574521999.080913, -134.0
1574521999.259319, -134.0
1574521999.272833, -134.0
1574521999.286618, -134.0
1574521999.484207, -134.0
1574521999.677254, -134.0
1574521999.85356, -134.0
1574521999.867188, -134.0
1574522000.057591, -134.0
1574522000.071182, -134.0
1574522000.084819, -134.0
1574522000.281243, -134.0
1574522000.477324, -134.0
1574522000.678942, -134.0
1574522000.886653, -134.0
1574522001.088426, -134.0
1574522001.10223, -134.0
1574522001.115934, -134.0
1574522001.310859, -134.0
1574522001.51184, -134.0
1574522001.723024, -134.0
1574522001.736577, -134.0
1574522001.97248, -134.0
1574522001.994149, -134.0
1574522002.198205, -134.0
1574522002.422701, -134.0
1574522002.674624, -134.0
1574522002.688346, -134.0
1574522002.702204, -134.0
1574522002.71561, -134.0
1574522002.729101, -134.0
1574522002.742898, -134.0
1574522002.936348, -134.0
1574522002.950251, -134.0
1574522003.147702, -134.0
1574522003.161542, -134.0
1574522003.175246, -134.0
1574522003.188738, -134.0
1574522003.383494, -134.0
1574522003.584598, -134.0
1574522003.766365, -134.0
1574522003.779965, -134.0
1574522003.959857, -134.0
1574522004.154647, -134.0
1574522004.35524, -134.0
1574522004.544362, -134.0
1574522004.726016, -134.0
1574522004.91827, -134.0
1574522004.931834, -134.0
1574522005.125433, -134.0
1574522005.139246, -134.0
1574522005.15299, -134.0
1574522005.166518, -134.0
1574522005.179991, -134.0
1574522005.193677, -134.0
1574522005.388117, -134.0
1574522005.577306, -134.0
1574522005.768697, -134.0
1574522005.782431, -134.0
1574522005.795837, -134.0
1574522006.005483, -134.0
1574522006.206087, -134.0
1574522006.401298, -134.0
1574522006.414905, -134.0
1574522006.592075, -134.0
1574522006.775903, -134.0
1574522006.78965, -134.0
1574522006.803343, -134.0
1574522006.995867, -134.0
1574522007.175846, -134.0
1574522007.373006, -134.0
1574522007.576717, -134.0
1574522007.590254, -134.0
1574522007.798138, -134.0
1574522007.989558, -134.0
1574522008.00306, -134.0
1574522008.01671, -134.0
1574522008.030181, -134.0
1574522008.04386, -134.0
1574522008.230527, -134.0
1574522008.411662, -134.0
1574522008.425345, -134.0
1574522008.439023, -134.0
1574522008.452536, -134.0
1574522008.637209, -134.0
1574522008.650828, -134.0
1574522008.664575, -134.0
1574522008.856152, -134.0
1574522008.869767, -134.0
1574522009.06273, -134.0
1574522009.254975, -134.0
1574522009.268768, -134.0
1574522009.463141, -134.0
1574522009.476664, -134.0
1574522009.67256, -134.0
1574522009.68611, -134.0
1574522009.699845, -134.0
1574522009.904437, -134.0
1574522010.093526, -134.0
1574522010.107333, -134.0
1574522010.120889, -134.0
1574521981.992861, -134.0
1574521982.159132, -134.0
1574521982.304651, -134.0
1574521982.461845, -134.0
1574521982.623684, -134.0
1574521982.768317, -134.0
1574521982.917521, -134.0
1574521983.074338, -134.0
1574521983.21544, -134.0
1574521983.362812, -134.0
1574521983.508967, -134.0
1574521983.649063, -134.0
1574521983.801465, -134.0
1574521983.989611, -134.0
1574521984.165349, -134.0
1574521984.17926, -134.0
1574521984.192735, -134.0
1574521984.206465, -134.0
1574521984.219923, -134.0
1574521984.233539, -134.0
1574521984.247223, -134.0
1574521984.260738, -134.0
1574521984.274483, -134.0
1574521984.288442, -134.0
1574521984.301917, -134.0
1574521984.315399, -134.0
1574521984.329156, -134.0
1574521984.34257, -134.0
1574521984.355983, -134.0
1574521984.54649, -134.0
1574521984.560217, -134.0
1574521984.573824, -134.0
1574521984.587528, -134.0
1574521984.60096, -134.0
1574521984.61466, -134.0
1574521984.628087, -134.0
1574521984.81744, -134.0
1574521985.004378, -134.0
1574521985.211385, -134.0
1574521985.410044, -134.0
1574521985.598777, -134.0
1574521985.790521, -134.0
1574521985.979348, -134.0
1574521985.992896, -134.0
1574521986.006544, -134.0
1574521986.019962, -134.0
1574521986.033494, -134.0
1574521986.046966, -134.0
1574521986.06039, -134.0
1574521986.074007, -134.0
1574521986.087565, -134.0
1574521986.101362, -134.0
1574521986.114992, -134.0
1574521986.128539, -134.0
1574521986.314943, -134.0
1574521986.512188, -134.0
1574521986.714384, -134.0
1574521986.902312, -134.0
1574521987.088619, -134.0
1574521987.27924, -134.0
1574521987.470189, -134.0
1574521987.648874, -134.0
1574521987.863751, -134.0
1574521988.063322, -134.0
1574521988.265506, -134.0
1574521988.476617, -134.0
1574521988.673824, -134.0
1574521988.871924, -134.0
1574521989.06778, -134.0
1574521989.261189, -134.0
1574521989.471394, -134.0
1574521989.672421, -134.0
1574521989.68626, -134.0
1574521989.699994, -134.0
1574521989.713485, -134.0
1574521989.727014, -134.0
1574521989.740594, -134.0
1574521989.75431, -134.0
1574521989.767788, -134.0
1574521989.951662, -134.0
1574521990.151875, -134.0
1574521990.165472, -134.0
1574521990.375045, -134.0
1574521990.388905, -134.0
1574521990.40252, -134.0
1574521990.416039, -134.0
1574521990.429486, -134.0
1574521990.443146, -134.0
1574521990.456704, -134.0
1574521990.470096, -134.0
1574521990.483828, -134.0
1574521990.497287, -134.0
1574521990.510999, -134.0
1574521990.714392, -134.0
1574521990.921368, -134.0
1574521990.934827, -134.0
1574521991.121608, -134.0
1574521991.307739, -134.0
1574521991.496335, -134.0
1574521991.509884, -134.0
1574521991.706608, -134.0
1574521991.902386, -134.0
1574521991.916131, -134.0
1574521992.094971, -134.0
1574521992.296767, -134.0
1574521992.494011, -134.0
1574521992.507717, -134.0
1574521992.521401, -134.0
1574521992.53483, -134.0
1574521992.548256, -134.0
1574521992.752825, -134.0
1574521992.950206, -134.0
1574521993.149309, -134.0
1574521993.351084, -134.0
1574521993.53536, -134.0
1574521993.734919, -134.0
1574521993.748524, -134.0
1574521993.762255, -134.0
1574521993.775663, -134.0
1574521993.789438, -134.0
1574521993.803225, -134.0
1574521993.816749, -134.0
1574521993.83045, -134.0
1574521993.843855, -134.0
1574521994.034865, -134.0
1574521994.222581, -134.0
1574521994.412284, -134.0
1574521994.598082, -134.0
1574521994.788574, -134.0
1574521994.975168, -134.0
1574521995.157828, -134.0
1574521995.342976, -134.0
1574521995.537433, -134.0
1574521995.727881, -134.0
1574521995.921278, -134.0
1574521996.110964, -134.0
1574521996.299787, -134.0
1574521996.47334, -134.0
1574521996.486998, -134.0
1574521996.500513, -134.0
1574521996.513978, -134.0
1574521996.527503, -134.0
1574521996.724949, -134.0
1574521996.906844, -134.0
1574521997.102667, -134.0
1574521997.29735, -134.0
1574521997.311129, -134.0
1574521997.498888, -134.0
1574521997.512456, -134.0
1574521997.526212, -134.0
1574521997.709648, -134.0
1574521997.913377, -134.0
1574521998.095995, -134.0
1574521998.109538, -134.0
1574521998.309785, -134.0
1574521998.499091, -134.0
1574521998.700687, -134.0
1574521998.90541, -134.0
1574521999.085378, -134.0
1574521999.098916, -134.0
1574521999.299095, -134.0
1574521999.312917, -134.0
1574521999.506638, -134.0
1574521999.686119, -134.0
1574521999.876659, -134.0
1574522000.074154, -134.0
1574522000.263695, -134.0
1574522000.460499, -134.0
1574522000.654102, -134.0
1574522000.84886, -134.0
1574522000.862426, -134.0
1574522000.87611, -134.0
1574522000.889635, -134.0
1574522000.903369, -134.0
1574522000.916807, -134.0
1574522000.930228, -134.0
1574522000.943954, -134.0
1574522000.957444, -134.0
1574522000.971175, -134.0
1574522000.984774, -134.0
1574522000.998535, -134.0
1574522001.011993, -134.0
1574522001.025391, -134.0
1574522001.038858, -134.0
1574522001.052263, -134.0
1574522001.25842, -134.0
1574522001.271886, -134.0
1574522001.286448, -134.0
1574522001.300079, -134.0
1574522001.314063, -134.0
1574522001.517558, -134.0
1574522001.723518, -134.0
1574522001.916326, -134.0
1574522001.930049, -134.0
1574522001.943933, -134.0
1574522002.144024, -134.0
1574522002.403742, -134.0
1574522002.417523, -134.0
1574522002.661495, -134.0
1574522002.855644, -134.0
1574522002.869429, -134.0
1574522003.038834, -134.0
1574522003.216269, -134.0
1574522003.401595, -134.0
1574522003.584082, -134.0
1574522003.7698, -134.0
1574522003.953669, -134.0
1574522004.139521, -134.0
1574522004.341649, -134.0
1574522004.531844, -134.0
1574522004.545385, -134.0
1574522004.559011, -134.0
1574522004.572504, -134.0
1574522004.586193, -134.0
1574522004.599669, -134.0
1574522004.61333, -134.0
1574522004.809861, -134.0
1574522004.823528, -134.0
1574522005.020926, -134.0
1574522005.221335, -134.0
1574522005.408576, -134.0
1574522005.595805, -134.0
1574522005.782063, -134.0
1574522005.965601, -134.0
1574522005.979363, -134.0
1574522005.99304, -134.0
1574522006.006522, -134.0
1574522006.020011, -134.0
1574522006.207076, -134.0
1574522006.220817, -134.0
1574522006.406023, -134.0
1574522006.419858, -134.0
1574522006.433587, -134.0
1574522006.628084, -134.0
1574522006.828987, -134.0
1574522006.842877, -134.0
1574522007.047731, -134.0
1574522007.248787, -134.0
1574522007.262559, -134.0
1574522007.276081, -134.0
1574522007.469455, -134.0
1574522007.483084, -134.0
1574522007.660496, -134.0
1574522007.855278, -134.0
1574522008.055834, -134.0
1574522008.258006, -134.0
1574522008.271763, -134.0
1574522008.285317, -134.0
1574522008.469316, -134.0
1574522008.663379, -134.0
1574521982.045858, -134.0
1574521982.24083, -134.0
1574521982.410055, -134.0
1574521982.59841, -134.0
1574521982.78867, -134.0
1574521982.972136, -134.0
1574521983.160239, -134.0
1574521983.357166, -134.0
1574521983.537044, -134.0
1574521983.719755, -134.0
1574521983.904295, -134.0
1574521984.086911, -134.0
1574521984.278364, -134.0
1574521984.460855, -134.0
1574521984.646599, -134.0
1574521984.846734, -134.0
1574521985.037558, -134.0
1574521985.238184, -134.0
1574521985.423341, -134.0
1574521985.6023, -134.0
1574521985.798531, -134.0
1574521985.973691, -134.0
1574521986.172077, -134.0
1574521986.185595, -134.0
1574521986.199298, -134.0
1574521986.212816, -134.0
1574521986.226537, -134.0
1574521986.240058, -134.0
1574521986.448825, -134.0
1574521986.642375, -134.0
1574521986.822503, -134.0
1574521987.029169, -134.0
1574521987.228587, -134.0
1574521987.422754, -134.0
1574521987.43631, -134.0
1574521987.449944, -134.0
1574521987.4634, -134.0
1574521987.476807, -134.0
1574521987.490437, -134.0
1574521987.50396, -134.0
1574521987.517642, -134.0
1574521987.531068, -134.0
1574521987.544864, -134.0
1574521987.742721, -134.0
1574521987.937967, -134.0
1574521987.951744, -134.0
1574521988.135809, -134.0
1574521988.149482, -134.0
1574521988.16297, -134.0
1574521988.17641, -134.0
1574521988.377578, -134.0
1574521988.391302, -134.0
1574521988.404748, -134.0
1574521988.418467, -134.0
1574521988.431965, -134.0
1574521988.626458, -134.0
1574521988.640276, -134.0
1574521988.824388, -134.0
1574521989.018695, -134.0
1574521989.213606, -134.0
1574521989.422064, -134.0
1574521989.625659, -134.0
1574521989.815162, -134.0
1574521990.01782, -134.0
1574521990.215106, -134.0
1574521990.404545, -134.0
1574521990.604768, -134.0
1574521990.805644, -134.0
1574521990.988959, -134.0
1574521991.186296, -134.0
1574521991.376401, -134.0
1574521991.390228, -134.0
1574521991.588426, -134.0
1574521991.60218, -134.0
1574521991.61601, -134.0
1574521991.629692, -134.0
1574521991.643122, -134.0
1574521991.82488, -134.0
1574521992.016172, -134.0
1574521992.220999, -134.0
1574521992.412625, -134.0
1574521992.613174, -134.0
1574521992.812163, -134.0
1574521992.998305, -134.0
1574521993.011889, -134.0
1574521993.025357, -134.0
1574521993.039149, -134.0
1574521993.052713, -134.0
1574521993.066262, -134.0
1574521993.080076, -134.0
1574521993.093599, -134.0
1574521993.282116, -134.0
1574521993.483585, -134.0
1574521993.673849, -134.0
1574521993.85822, -134.0
1574521994.053489, -134.0
1574521994.253832, -134.0
1574521994.443495, -134.0
1574521994.629013, -134.0
1574521994.818365, -134.0
1574521995.01285, -134.0
1574521995.210204, -134.0
1574521995.416772, -134.0
1574521995.430324, -134.0
1574521995.443917, -134.0
1574521995.647238, -134.0
1574521995.84117, -134.0
1574521996.025545, -134.0
1574521996.212896, -134.0
1574521996.409058, -134.0
1574521996.599488, -134.0
1574521996.613195, -134.0
1574521996.626734, -134.0
1574521996.640478, -134.0
1574521996.653977, -134.0
1574521996.667459, -134.0
1574521996.681194, -134.0
1574521996.871392, -134.0
1574521997.06454, -134.0
1574521997.247524, -134.0
1574521997.461552, -134.0
1574521997.65313, -134.0
1574521997.844026, -134.0
1574521998.033148, -134.0
1574521998.236643, -134.0
1574521998.423527, -134.0
1574521998.437283, -134.0
1574521998.451032, -134.0
1574521998.464525, -134.0
1574521998.478058, -134.0
1574521998.67862, -134.0
1574521998.882792, -134.0
1574521999.080631, -134.0
1574521999.094142, -134.0
1574521999.107874, -134.0
1574521999.121462, -134.0
1574521999.135209, -134.0
1574521999.148742, -134.0
1574521999.162367, -134.0
1574521999.175831, -134.0
1574521999.189534, -134.0
1574521999.203063, -134.0
1574521999.216495, -134.0
1574521999.230151, -134.0
1574521999.243538, -134.0
1574521999.257232, -134.0
1574521999.270629, -134.0
1574521999.284057, -134.0
1574521999.297617, -134.0
1574521999.311184, -134.0
1574521999.324664, -134.0
1574521999.338208, -134.0
1574521999.351909, -134.0
1574521999.365295, -134.0
1574521999.379084, -134.0
1574521999.392619, -134.0
1574521999.4063, -134.0
1574521999.419733, -134.0
1574521999.433156, -134.0
1574521999.447046, -134.0
1574521999.460591, -134.0
1574521999.474607, -134.0
1574521999.48801, -134.0
1574521999.501839, -134.0
1574521999.515336, -134.0
1574521999.529005, -134.0
1574521999.730022, -134.0
1574521999.924081, -134.0
1574522000.113674, -134.0
1574522000.287878, -134.0
1574522000.470604, -134.0
1574522000.665685, -134.0
1574522000.845446, -134.0
1574522001.028306, -134.0
1574522001.21566, -134.0
1574522001.22932, -134.0
1574522001.430428, -134.0
1574522001.444014, -134.0
1574522001.457433, -134.0
1574522001.471109, -134.0
1574522001.484549, -134.0
1574522001.498265, -134.0
1574522001.511673, -134.0
1574522001.525042, -134.0
1574522001.53843, -134.0
1574522001.551854, -134.0
1574522001.565458, -134.0
1574522001.578901, -134.0
1574522001.592617, -134.0
1574522001.606019, -134.0
1574522001.619567, -134.0
1574522001.633156, -134.0
1574522001.64683, -134.0
1574522001.66029, -134.0
1574522001.673717, -134.0
1574522001.687413, -134.0
1574522001.700849, -134.0
1574522001.716048, -134.0
1574522001.909235, -134.0
1574522002.098311, -134.0
1574522002.341025, -134.0
1574522002.53694, -134.0
1574522002.802776, -134.0
1574522003.000434, -134.0
1574522003.195455, -134.0
1574522003.391795, -134.0
1574522003.585163, -134.0
1574522003.769867, -134.0
1574522003.945196, -134.0
1574522004.126424, -134.0
1574522004.316834, -134.0
1574522004.490445, -134.0
1574522004.684615, -134.0
1574522004.879954, -134.0
1574522005.073842, -134.0
1574522005.281424, -134.0
1574522005.463893, -134.0
1574522005.663319, -134.0
1574522005.852642, -134.0
1574522006.040954, -134.0
1574522006.054689, -134.0
1574522006.260539, -134.0
1574522006.448077, -134.0
1574522006.461776, -134.0
1574522006.653011, -134.0
1574522006.839583, -134.0
1574522007.039132, -134.0
1574522007.233168, -134.0
1574522007.42699, -134.0
1574522007.440801, -134.0
1574522007.645926, -134.0
1574522007.659656, -134.0
1574522007.866244, -134.0
1574522007.880065, -134.0
1574522008.067768, -134.0
1574522008.081304, -134.0
1574522008.277962, -134.0
1574522008.483352, -134.0
1574522008.496853, -134.0
1574522008.708433, -134.0
1574522008.722015, -134.0
1574522008.911712, -134.0
1574522009.090432, -134.0
1574522009.104114, -134.0
1574522009.117672, -134.0
1574522009.131514, -134.0
1574522009.312159, -134.0
1574522009.325989, -134.0
1574522009.339677, -134.0
1574522009.54471, -134.0
1574522008.8616, -134.0
1574522008.876101, -134.0
1574522008.890412, -134.0
1574522009.135106, -134.0
1574522009.148719, -134.0
1574522009.162391, -134.0
1574522009.175941, -134.0
1574522009.189594, -134.0
1574522009.203115, -134.0
1574522009.409044, -134.0
1574522009.422585, -134.0
1574522009.436392, -134.0
1574522009.625764, -134.0
1574522009.639594, -134.0
1574522009.653098, -134.0
1574522009.666834, -134.0
1574522009.680288, -134.0
1574522009.693796, -134.0
1574522009.707318, -134.0
1574522009.720847, -134.0
1574522009.73459, -134.0
1574522009.748044, -134.0
1574522009.761787, -134.0
1574522009.775292, -134.0
1574522009.789083, -134.0
1574522009.802627, -134.0
1574522009.816127, -134.0
1574522009.829856, -134.0
1574522010.040341, -134.0
1574522010.247535, -134.0
1574522010.433409, -134.0
1574522010.622525, -134.0
1574522010.636126, -134.0
1574522010.649775, -134.0
1574522010.663322, -134.0
1574522010.676733, -134.0
1574522010.88359, -134.0
1574522011.084705, -134.0
1574522011.272945, -134.0
1574522011.462579, -134.0
1574522011.656436, -134.0
1574522011.853467, -134.0
1574522012.053328, -134.0
1574522012.067154, -134.0
1574522012.270019, -134.0
1574522012.283768, -134.0
1574522012.475031, -134.0
1574522012.488867, -134.0
1574522012.502645, -134.0
1574522012.516253, -134.0
1574522012.529832, -134.0
1574522012.543416, -134.0
1574522012.556985, -134.0
1574522012.570461, -134.0
1574522012.768882, -134.0
1574522012.782706, -134.0
1574522012.98321, -134.0
1574522012.996669, -134.0
1574522013.010352, -134.0
1574522013.023945, -134.0
1574522013.037742, -134.0
1574522013.235232, -134.0
1574522013.248902, -134.0
1574522013.434757, -134.0
1574522013.636817, -134.0
1574522013.838399, -134.0
1574522013.852173, -134.0
1574522013.865719, -134.0
1574522014.071822, -134.0
1574522014.277758, -134.0
1574522014.292087, -134.0
1574522014.30606, -134.0
1574522014.319649, -134.0
1574522014.518297, -134.0
1574522014.715293, -134.0
1574522014.907537, -134.0
1574522015.095795, -134.0
1574522015.283345, -134.0
1574522015.494282, -134.0
1574522015.705797, -134.0
1574522015.885391, -134.0
1574522016.063821, -134.0
1574522016.2571, -134.0
1574522016.452127, -134.0
1574522016.64603, -134.0
1574522016.846043, -134.0
1574522017.031244, -134.0
1574522017.226273, -134.0
1574522017.426344, -134.0
1574522017.626685, -134.0
1574522017.822319, -134.0
1574522018.017894, -134.0
1574522018.209204, -134.0
1574522018.408471, -134.0
1574522018.605788, -134.0
1574522018.619622, -134.0
1574522018.817496, -134.0
1574522019.023732, -134.0
1574522019.219566, -134.0
1574522019.415248, -134.0
1574522019.617695, -134.0
1574522019.801102, -134.0
1574522019.99541, -134.0
1574522020.206362, -134.0
1574522020.420268, -134.0
1574522020.629207, -134.0
1574522020.813847, -134.0
1574522021.003696, -134.0
1574522021.177013, -134.0
1574522021.378694, -134.0
1574522021.581644, -134.0
1574522021.785139, -134.0
1574522022.003251, -134.0
1574522022.197792, -134.0
1574522022.39056, -134.0
1574522022.404418, -134.0
1574522022.60007, -134.0
1574522022.789063, -134.0
1574522022.985948, -134.0
1574522022.99961, -134.0
1574522023.177618, -134.0
1574522023.371849, -134.0
1574522023.581795, -134.0
1574522023.77182, -134.0
1574522023.971326, -134.0
1574522024.162577, -134.0
1574522024.357115, -134.0
1574522024.370715, -134.0
1574522024.384413, -134.0
1574522024.397924, -134.0
1574522024.411638, -134.0
1574522024.425202, -134.0
1574522024.438948, -134.0
1574522024.452388, -134.0
1574522024.465907, -134.0
1574522024.479518, -134.0
1574522024.492999, -134.0
1574522024.506724, -134.0
1574522024.5202, -134.0
1574522024.533743, -134.0
1574522024.547104, -134.0
1574522024.560761, -134.0
1574522024.574258, -134.0
1574522024.587649, -134.0
1574522024.601369, -134.0
1574522024.614852, -134.0
1574522024.628585, -134.0
1574522024.64203, -134.0
1574522024.840223, -134.0
1574522025.031353, -134.0
1574522025.223781, -134.0
1574522025.421556, -134.0
1574522025.627427, -134.0
1574522025.829763, -134.0
1574522025.843548, -134.0
1574522025.85698, -134.0
1574522025.870445, -134.0
1574522026.060473, -134.0
1574522026.074237, -134.0
1574522026.087736, -134.0
1574522026.288139, -134.0
1574522026.494205, -134.0
1574522026.507791, -134.0
1574522026.689829, -134.0
1574522026.883206, -134.0
1574522027.084414, -134.0
1574522027.274744, -134.0
1574522027.468944, -134.0
1574522027.482675, -134.0
1574522027.496227, -134.0
1574522027.50995, -134.0
1574522027.523407, -134.0
1574522027.537206, -134.0
1574522027.747023, -134.0
1574522027.760539, -134.0
1574522027.774267, -134.0
1574522027.78803, -134.0
1574522027.801771, -134.0
1574522027.815306, -134.0
1574522028.00907, -134.0
1574522028.022776, -134.0
1574522028.226485, -134.0
1574522028.240219, -134.0
1574522028.430269, -134.0
1574522028.443813, -134.0
1574522028.45725, -134.0
1574522028.661022, -134.0
1574522028.853564, -134.0
1574522028.867321, -134.0
1574522028.881088, -134.0
1574522029.075773, -134.0
1574522029.262847, -134.0
1574522029.46551, -134.0
1574522029.67018, -134.0
1574522029.86576, -134.0
1574522030.066699, -134.0
1574522030.274338, -134.0
1574522030.462151, -134.0
1574522030.672027, -134.0
1574522030.86512, -134.0
1574522031.056326, -134.0
1574522031.25093, -134.0
1574522031.446999, -134.0
1574522031.62681, -134.0
1574522031.809497, -134.0
1574522032.015928, -134.0
1574522032.221562, -134.0
1574522032.426095, -134.0
1574522032.603517, -134.0
1574522032.800234, -134.0
1574522032.989317, -134.0
1574522033.181954, -134.0
1574522033.374757, -134.0
1574522033.573498, -134.0
1574522033.775523, -134.0
1574522033.789329, -134.0
1574522033.803022, -134.0
1574522033.816519, -134.0
1574522034.02136, -134.0
1574522034.035355, -134.0
1574522034.232486, -134.0
1574522034.429007, -134.0
1574522034.613194, -134.0
1574522034.793637, -134.0
1574522034.997774, -134.0
1574522035.197852, -134.0
1574522035.39308, -134.0
1574522035.592318, -134.0
1574522035.778251, -134.0
1574522035.792131, -134.0
1574522035.982436, -134.0
1574522036.178344, -134.0
1574522036.356079, -134.0
1574522036.561321, -134.0
1574522036.763269, -134.0
1574522036.955836, -134.0
1574522037.157729, -134.0
1574522037.362164, -134.0
1574522037.551693, -134.0
1574522037.743954, -134.0
1574522037.935851, -134.0
1574522038.14135, -134.0
1574522038.328643, -134.0
1574522038.517678, -134.0
1574522038.713727, -134.0
1574522038.893605, -134.0
1574522039.081482, -134.0
1574522039.2696, -134.0
1574522039.471, -134.0
1574522039.673999, -134.0
1574522009.711639, -134.0
1574522009.87021, -134.0
1574522010.104857, -134.0
1574522010.118796, -134.0
1574522010.134367, -134.0
1574522010.148081, -134.0
1574522010.162031, -134.0
1574522010.175586, -134.0
1574522010.189316, -134.0
1574522010.202753, -134.0
1574522010.216962, -134.0
1574522010.230423, -134.0
1574522010.244256, -134.0
1574522010.258223, -134.0
1574522010.423951, -134.0
1574522010.631178, -134.0
1574522010.833046, -134.0
1574522011.022721, -134.0
1574522011.228454, -134.0
1574522011.419146, -134.0
1574522011.614596, -134.0
1574522011.797488, -134.0
1574522011.995713, -134.0
1574522012.174943, -134.0
1574522012.356336, -134.0
1574522012.542752, -134.0
1574522012.556317, -134.0
1574522012.569931, -134.0
1574522012.583437, -134.0
1574522012.596965, -134.0
1574522012.61049, -134.0
1574522012.624469, -134.0
1574522012.816885, -134.0
1574522012.830465, -134.0
1574522013.020319, -134.0
1574522013.222777, -134.0
1574522013.433616, -134.0
1574522013.636091, -134.0
1574522013.820874, -134.0
1574522014.022952, -134.0
1574522014.215313, -134.0
1574522014.425897, -134.0
1574522014.439711, -134.0
1574522014.453341, -134.0
1574522014.655947, -134.0
1574522014.669397, -134.0
1574522014.877295, -134.0
1574522015.063742, -134.0
1574522015.244973, -134.0
1574522015.448475, -134.0
1574522015.638486, -134.0
1574522015.833422, -134.0
1574522016.038136, -134.0
1574522016.226015, -134.0
1574522016.421945, -134.0
1574522016.618586, -134.0
1574522016.8126, -134.0
1574522017.023229, -134.0
1574522017.218348, -134.0
1574522017.42225, -134.0
1574522017.435904, -134.0
1574522017.629716, -134.0
1574522017.643519, -134.0
1574522017.657214, -134.0
1574522017.670783, -134.0
1574522017.689854, -134.0
1574522017.703478, -134.0
1574522017.899745, -134.0
1574522018.087816, -134.0
1574522018.10164, -134.0
1574522018.115236, -134.0
1574522018.128744, -134.0
1574522018.33361, -134.0
1574522018.525239, -134.0
1574522018.720215, -134.0
1574522018.925965, -134.0
1574522018.939748, -134.0
1574522018.953291, -134.0
1574522019.166108, -134.0
1574522019.17998, -134.0
1574522019.193741, -134.0
1574522019.386466, -134.0
1574522019.400273, -134.0
1574522019.596534, -134.0
1574522019.78784, -134.0
1574522019.976072, -134.0
1574522019.989953, -134.0
1574522020.186486, -134.0
1574522020.20027, -134.0
1574522020.213755, -134.0
1574522020.227243, -134.0
1574522020.240677, -134.0
1574522020.254295, -134.0
1574522020.435408, -134.0
1574522020.636616, -134.0
1574522020.849813, -134.0
1574522021.046316, -134.0
1574522021.23048, -134.0
1574522021.417568, -134.0
1574522021.597521, -134.0
1574522021.80782, -134.0
1574522022.004391, -134.0
1574522022.209374, -134.0
1574522022.408601, -134.0
1574522022.598393, -134.0
1574522022.77896, -134.0
1574522022.957786, -134.0
1574522023.147113, -134.0
1574522023.347357, -134.0
1574522023.517498, -134.0
1574522023.721717, -134.0
1574522023.910406, -134.0
1574522024.102577, -134.0
1574522024.289467, -134.0
1574522024.474659, -134.0
1574522024.488204, -134.0
1574522024.501827, -134.0
1574522024.515351, -134.0
1574522024.705822, -134.0
1574522024.888861, -134.0
1574522025.069758, -134.0
1574522025.262725, -134.0
1574522025.449244, -134.0
1574522025.462807, -134.0
1574522025.476285, -134.0
1574522025.659433, -134.0
1574522025.67297, -134.0
1574522025.686688, -134.0
1574522025.700133, -134.0
1574522025.713885, -134.0
1574522025.72738, -134.0
1574522025.740848, -134.0
1574522025.928982, -134.0
1574522026.120215, -134.0
1574522026.133978, -134.0
1574522026.147546, -134.0
1574522026.161393, -134.0
1574522026.174879, -134.0
1574522026.188622, -134.0
1574522026.202084, -134.0
1574522026.215602, -134.0
1574522026.408687, -134.0
1574522026.614807, -134.0
1574522026.628338, -134.0
1574522026.823024, -134.0
1574522027.013419, -134.0
1574522027.027339, -134.0
1574522027.239487, -134.0
1574522027.448892, -134.0
1574522027.641507, -134.0
1574522027.842186, -134.0
1574522028.024164, -134.0
1574522028.211804, -134.0
1574522028.403975, -134.0
1574522028.588475, -134.0
1574522028.782281, -134.0
1574522028.962837, -134.0
1574522029.141995, -134.0
1574522029.155564, -134.0
1574522029.16967, -134.0
1574522029.183143, -134.0
1574522029.196907, -134.0
1574522029.210477, -134.0
1574522029.224217, -134.0
1574522029.237797, -134.0
1574522029.251232, -134.0
1574522029.264933, -134.0
1574522029.278417, -134.0
1574522029.292131, -134.0
1574522029.305699, -134.0
1574522029.319481, -134.0
1574522029.333034, -134.0
1574522029.346634, -134.0
1574522029.557761, -134.0
1574522029.741819, -134.0
1574522029.755377, -134.0
1574522029.769129, -134.0
1574522029.782591, -134.0
1574522029.796148, -134.0
1574522029.809649, -134.0
1574522029.996986, -134.0
1574522030.010587, -134.0
1574522030.024163, -134.0
1574522030.20589, -134.0
1574522030.404098, -134.0
1574522030.602447, -134.0
1574522030.796098, -134.0
1574522030.981561, -134.0
1574522031.167979, -134.0
1574522031.369623, -134.0
1574522031.552652, -134.0
1574522031.566404, -134.0
1574522031.759938, -134.0
1574522031.77368, -134.0
1574522031.78743, -134.0
1574522031.965513, -134.0
1574522032.157034, -134.0
1574522032.341831, -134.0
1574522032.534636, -134.0
1574522032.7172, -134.0
1574522032.902689, -134.0
1574522033.094258, -134.0
1574522033.287238, -134.0
1574522033.484949, -134.0
1574522033.661661, -134.0
1574522033.84978, -134.0
1574522033.863584, -134.0
1574522034.067487, -134.0
1574522034.254268, -134.0
1574522034.445239, -134.0
1574522034.458937, -134.0
1574522034.472428, -134.0
1574522034.661734, -134.0
1574522034.675596, -134.0
1574522034.689141, -134.0
1574522034.702875, -134.0
1574522034.716497, -134.0
1574522034.729997, -134.0
1574522034.743641, -134.0
1574522034.757136, -134.0
1574522034.770805, -134.0
1574522034.784328, -134.0
1574522034.79811, -134.0
1574522034.811553, -134.0
1574522035.010028, -134.0
1574522035.201569, -134.0
1574522035.215417, -134.0
1574522035.413572, -134.0
1574522035.595561, -134.0
1574522035.801552, -134.0
1574522036.003851, -134.0
1574522036.185181, -134.0
1574522036.374276, -134.0
1574522036.566442, -134.0
1574522036.753755, -134.0
1574522036.767463, -134.0
1574522036.781167, -134.0
1574522036.976366, -134.0
1574522037.174517, -134.0
1574522037.354535, -134.0
1574522037.368212, -134.0
1574522037.381998, -134.0
1574522037.578369, -134.0
1574522037.591924, -134.0
1574522037.795493, -134.0
1574522037.80929, -134.0
1574522038.00002, -134.0
1574522038.192545, -134.0
1574522038.380063, -134.0
1574522038.57646, -134.0
1574522010.284323, -134.0
1574522010.449179, -134.0
1574522010.623713, -134.0
1574522010.801284, -134.0
1574522010.981413, -134.0
1574522011.172449, -134.0
1574522011.376514, -134.0
1574522011.569659, -134.0
1574522011.757712, -134.0
1574522011.949497, -134.0
1574522012.1428, -134.0
1574522012.344436, -134.0
1574522012.533731, -134.0
1574522012.547229, -134.0
1574522012.560731, -134.0
1574522012.574445, -134.0
1574522012.58787, -134.0
1574522012.601475, -134.0
1574522012.61491, -134.0
1574522012.628378, -134.0
1574522012.820903, -134.0
1574522013.023414, -134.0
1574522013.210362, -134.0
1574522013.405899, -134.0
1574522013.41964, -134.0
1574522013.433127, -134.0
1574522013.446646, -134.0
1574522013.460175, -134.0
1574522013.651226, -134.0
1574522013.86101, -134.0
1574522014.057882, -134.0
1574522014.256292, -134.0
1574522014.441972, -134.0
1574522014.627677, -134.0
1574522014.836909, -134.0
1574522015.030812, -134.0
1574522015.209375, -134.0
1574522015.407297, -134.0
1574522015.601495, -134.0
1574522015.78735, -134.0
1574522015.988935, -134.0
1574522016.182824, -134.0
1574522016.37774, -134.0
1574522016.579167, -134.0
1574522016.776421, -134.0
1574522016.981061, -134.0
1574522017.166966, -134.0
1574522017.368631, -134.0
1574522017.569182, -134.0
1574522017.745079, -134.0
1574522017.933057, -134.0
1574522018.118404, -134.0
1574522018.298072, -134.0
1574522018.480635, -134.0
1574522018.669546, -134.0
1574522018.851002, -134.0
1574522019.040042, -134.0
1574522019.222971, -134.0
1574522019.430073, -134.0
1574522019.625728, -134.0
1574522019.828953, -134.0
1574522020.007508, -134.0
1574522020.021034, -134.0
1574522020.221121, -134.0
1574522020.406352, -134.0
1574522020.42017, -134.0
1574522020.433625, -134.0
1574522020.639222, -134.0
1574522020.652915, -134.0
1574522020.852225, -134.0
1574522021.040713, -134.0
1574522021.234488, -134.0
1574522021.436331, -134.0
1574522021.632401, -134.0
1574522021.837784, -134.0
1574522021.851677, -134.0
1574522021.86525, -134.0
1574522022.040459, -134.0
1574522022.237025, -134.0
1574522022.428661, -134.0
1574522022.611632, -134.0
1574522022.811488, -134.0
1574522023.010498, -134.0
1574522023.211336, -134.0
1574522023.390669, -134.0
1574522023.584448, -134.0
1574522023.758691, -134.0
1574522023.945451, -134.0
1574522024.136639, -134.0
1574522024.330878, -134.0
1574522024.527825, -134.0
1574522024.713594, -134.0
1574522024.907504, -134.0
1574522025.114947, -134.0
1574522025.309562, -134.0
1574522025.512337, -134.0
1574522025.719461, -134.0
1574522025.912966, -134.0
1574522026.099857, -134.0
1574522026.295131, -134.0
1574522026.483781, -134.0
1574522026.67885, -134.0
1574522026.880782, -134.0
1574522027.076202, -134.0
1574522027.08978, -134.0
1574522027.103512, -134.0
1574522027.302944, -134.0
1574522027.316704, -134.0
1574522027.513526, -134.0
1574522027.713145, -134.0
1574522027.908476, -134.0
1574522028.101195, -134.0
1574522028.114984, -134.0
1574522028.303185, -134.0
1574522028.491574, -134.0
1574522028.505315, -134.0
1574522028.708274, -134.0
1574522028.890459, -134.0
1574522028.904082, -134.0
1574522028.917845, -134.0
1574522029.108635, -134.0
1574522029.298991, -134.0
1574522029.495282, -134.0
1574522029.508796, -134.0
1574522029.522522, -134.0
1574522029.536067, -134.0
1574522029.549576, -134.0
1574522029.757141, -134.0
1574522029.770709, -134.0
1574522029.784187, -134.0
1574522029.797945, -134.0
1574522029.811434, -134.0
1574522030.003922, -134.0
1574522030.017651, -134.0
1574522030.031368, -134.0
1574522030.228927, -134.0
1574522030.242658, -134.0
1574522030.426207, -134.0
1574522030.439926, -134.0
1574522030.453376, -134.0
1574522030.466981, -134.0
1574522030.480378, -134.0
1574522030.669803, -134.0
1574522030.853707, -134.0
1574522031.034256, -134.0
1574522031.233478, -134.0
1574522031.42816, -134.0
1574522031.612043, -134.0
1574522031.819558, -134.0
1574522032.007137, -134.0
1574522032.196148, -134.0
1574522032.209749, -134.0
1574522032.223492, -134.0
1574522032.41564, -134.0
1574522032.61833, -134.0
1574522032.632067, -134.0
1574522032.645573, -134.0
1574522032.836891, -134.0
1574522033.036508, -134.0
1574522033.226191, -134.0
1574522033.436515, -134.0
1574522033.63488, -134.0
1574522033.837449, -134.0
1574522034.035138, -134.0
1574522034.242419, -134.0
1574522034.438078, -134.0
1574522034.625266, -134.0
1574522034.817793, -134.0
1574522035.010611, -134.0
1574522035.196536, -134.0
1574522035.394541, -134.0
1574522035.591397, -134.0
1574522035.785168, -134.0
1574522035.961902, -134.0
1574522036.148841, -134.0
1574522036.337651, -134.0
1574522036.351398, -134.0
1574522036.364803, -134.0
1574522036.378203, -134.0
1574522036.391548, -134.0
1574522036.405287, -134.0
1574522036.418822, -134.0
1574522036.432538, -134.0
1574522036.445925, -134.0
1574522036.64524, -134.0
1574522036.844433, -134.0
1574522037.033377, -134.0
1574522037.227508, -134.0
1574522037.241315, -134.0
1574522037.255121, -134.0
1574522037.268789, -134.0
1574522037.4755, -134.0
1574522037.672134, -134.0
1574522037.860681, -134.0
1574522038.042478, -134.0
1574522038.056164, -134.0
1574522038.069654, -134.0
1574522038.083098, -134.0
1574522038.268698, -134.0
1574522038.465605, -134.0
1574522038.479426, -134.0
1574522038.493032, -134.0
1574522038.506547, -134.0
1574522038.519986, -134.0
1574522038.533749, -134.0
1574522038.547218, -134.0
1574522038.560824, -134.0
1574522038.737588, -134.0
1574522038.751304, -134.0
1574522038.944898, -134.0
1574522038.958413, -134.0
1574522039.154241, -134.0
1574522039.167801, -134.0
1574522039.18152, -134.0
1574522039.194905, -134.0
1574522039.208627, -134.0
1574522039.403053, -134.0
1574522039.416807, -134.0
1574522039.614243, -134.0
1574522039.817158, -134.0
1574522040.006561, -134.0
1574522040.020217, -134.0
1574522040.033966, -134.0
1574522040.047397, -134.0
1574522040.230608, -134.0
1574522040.244357, -134.0
1574522040.257791, -134.0
1574522040.271435, -134.0
1574522040.284939, -134.0
1574522040.298428, -134.0
1574522040.47574, -134.0
1574522040.672258, -134.0
1574522040.858759, -134.0
1574522041.046734, -134.0
1574522041.2404, -134.0
1574522041.438464, -134.0
1574522041.6347, -134.0
1574522041.831396, -134.0
1574522042.017288, -134.0
1574522042.224547, -134.0
1574522042.428418, -134.0
1574522042.621344, -134.0
1574522042.818497, -134.0
1574522043.012499, -134.0
1574522043.185291, -134.0
1574522043.374627, -134.0
1574522043.567721, -134.0
1574522043.773959, -134.0
1574522043.971563, -134.0
1574522043.985296, -134.0
1574522017.321684, -134.0
1574522017.5162, -134.0
1574522017.709457, -134.0
1574522017.907422, -134.0
1574522018.102142, -134.0
1574522018.297172, -134.0
1574522018.493877, -134.0
1574522018.701715, -134.0
1574522018.883892, -134.0
1574522019.074075, -134.0
1574522019.271351, -134.0
1574522019.471513, -134.0
1574522019.648745, -134.0
1574522019.833371, -134.0
1574522020.028161, -134.0
1574522020.244912, -134.0
1574522020.439396, -134.0
1574522020.641215, -134.0
1574522020.830273, -134.0
1574522020.843966, -134.0
1574522020.857448, -134.0
1574522020.871185, -134.0
1574522020.884622, -134.0
1574522020.898012, -134.0
1574522021.090473, -134.0
1574522021.278543, -134.0
1574522021.465043, -134.0
1574522021.666285, -134.0
1574522021.864452, -134.0
1574522022.053253, -134.0
1574522022.067014, -134.0
1574522022.080523, -134.0
1574522022.09424, -134.0
1574522022.29085, -134.0
1574522022.475641, -134.0
1574522022.666937, -134.0
1574522022.857912, -134.0
1574522023.059411, -134.0
1574522023.257566, -134.0
1574522023.445462, -134.0
1574522023.641401, -134.0
1574522023.835969, -134.0
1574522024.0172, -134.0
1574522024.217618, -134.0
1574522024.416687, -134.0
1574522024.629281, -134.0
1574522024.837919, -134.0
1574522025.028954, -134.0
1574522025.225658, -134.0
1574522025.435193, -134.0
1574522025.624173, -134.0
1574522025.81391, -134.0
1574522026.008914, -134.0
1574522026.198139, -134.0
1574522026.384899, -134.0
1574522026.587497, -134.0
1574522026.766108, -134.0
1574522026.953827, -134.0
1574522027.147959, -134.0
1574522027.353427, -134.0
1574522027.556389, -134.0
1574522027.753069, -134.0
1574522027.95413, -134.0
1574522028.138787, -134.0
1574522028.338909, -134.0
1574522028.542283, -134.0
1574522028.743739, -134.0
1574522028.930335, -134.0
1574522029.131373, -134.0
1574522029.329883, -134.0
1574522029.528979, -134.0
1574522029.716068, -134.0
1574522029.900539, -134.0
1574522030.108053, -134.0
1574522030.29706, -134.0
1574522030.50538, -134.0
1574522030.71242, -134.0
1574522030.90878, -134.0
1574522031.099373, -134.0
1574522031.113168, -134.0
1574522031.126963, -134.0
1574522031.140403, -134.0
1574522031.153884, -134.0
1574522031.167556, -134.0
1574522031.372853, -134.0
1574522031.561035, -134.0
1574522031.759798, -134.0
1574522031.971123, -134.0
1574522032.174937, -134.0
1574522032.366908, -134.0
1574522032.560314, -134.0
1574522032.759137, -134.0
1574522032.947137, -134.0
1574522033.138921, -134.0
1574522033.344813, -134.0
1574522033.550796, -134.0
1574522033.564481, -134.0
1574522033.764981, -134.0
1574522033.967827, -134.0
1574522034.156597, -134.0
1574522034.350547, -134.0
1574522034.554312, -134.0
1574522034.746489, -134.0
1574522034.956036, -134.0
1574522035.137508, -134.0
1574522035.328054, -134.0
1574522035.520602, -134.0
1574522035.698629, -134.0
1574522035.879594, -134.0
1574522036.073776, -134.0
1574522036.257197, -134.0
1574522036.452857, -134.0
1574522036.642937, -134.0
1574522036.832804, -134.0
1574522036.846607, -134.0
1574522037.036452, -134.0
1574522037.050174, -134.0
1574522037.258818, -134.0
1574522037.445702, -134.0
1574522037.459504, -134.0
1574522037.47327, -134.0
1574522037.486801, -134.0
1574522037.500352, -134.0
1574522037.514114, -134.0
1574522037.52753, -134.0
1574522037.722658, -134.0
1574522037.919545, -134.0
1574522038.115027, -134.0
1574522038.314596, -134.0
1574522038.328458, -134.0
1574522038.542164, -134.0
1574522038.743254, -134.0
1574522038.756787, -134.0
1574522038.958312, -134.0
1574522039.15541, -134.0
1574522039.348908, -134.0
1574522039.362729, -134.0
1574522039.376311, -134.0
1574522039.561308, -134.0
1574522039.771787, -134.0
1574522039.97349, -134.0
1574522039.98724, -134.0
1574522040.008912, -134.0
1574522040.182202, -134.0
1574522040.372334, -134.0
1574522040.563897, -134.0
1574522040.57769, -134.0
1574522040.591668, -134.0
1574522040.605367, -134.0
1574522040.80883, -134.0
1574522040.989058, -134.0
1574522041.171136, -134.0
1574522041.355953, -134.0
1574522041.540267, -134.0
1574522041.718194, -134.0
1574522041.896653, -134.0
1574522042.097347, -134.0
1574522042.301486, -134.0
1574522042.495596, -134.0
1574522042.693569, -134.0
1574522042.887049, -134.0
1574522043.06111, -134.0
1574522043.247127, -134.0
1574522043.26073, -134.0
1574522043.27459, -134.0
1574522043.466525, -134.0
1574522043.664564, -134.0
1574522043.678406, -134.0
1574522043.867349, -134.0
1574522044.045088, -134.0
1574522044.244378, -134.0
1574522044.453166, -134.0
1574522044.641188, -134.0
1574522044.845388, -134.0
1574522045.021442, -134.0
1574522045.215242, -134.0
1574522045.228881, -134.0
1574522045.242584, -134.0
1574522045.256158, -134.0
1574522045.269751, -134.0
1574522045.283209, -134.0
1574522045.29694, -134.0
1574522045.310471, -134.0
1574522045.324152, -134.0
1574522045.514818, -134.0
1574522045.528379, -134.0
1574522045.710068, -134.0
1574522045.723589, -134.0
1574522045.919732, -134.0
1574522045.93411, -134.0
1574522045.947668, -134.0
1574522045.961319, -134.0
1574522046.151935, -134.0
1574522046.341789, -134.0
1574522046.355689, -134.0
1574522046.369305, -134.0
1574522046.383163, -134.0
1574522046.396783, -134.0
1574522046.606683, -134.0
1574522046.620428, -134.0
1574522046.634316, -134.0
1574522046.647926, -134.0
1574522046.850818, -134.0
1574522047.04111, -134.0
1574522047.222967, -134.0
1574522047.419743, -134.0
1574522047.433463, -134.0
1574522047.615005, -134.0
1574522047.628813, -134.0
1574522047.819088, -134.0
1574522048.0129, -134.0
1574522048.209025, -134.0
1574522048.429223, -134.0
1574522048.62835, -134.0
1574522048.642103, -134.0
1574522048.828636, -134.0
1574522049.033332, -134.0
1574522049.220485, -134.0
1574522049.410168, -134.0
1574522049.610159, -134.0
1574522049.623969, -134.0
1574522049.637638, -134.0
1574522049.826676, -134.0
1574522049.840433, -134.0
1574522049.854128, -134.0
1574522050.049193, -134.0
1574522050.062732, -134.0
1574522050.076507, -134.0
1574522050.265452, -134.0
1574522050.279007, -134.0
1574522050.480822, -134.0
1574522050.494348, -134.0
1574522050.688642, -134.0
1574522050.868091, -134.0
1574522051.055304, -134.0
1574522051.249203, -134.0
1574522051.262951, -134.0
1574522051.448455, -134.0
1574522051.642081, -134.0
1574522051.838332, -134.0
1574522052.040725, -134.0
1574522052.223719, -134.0
1574522052.430464, -134.0
1574522052.63518, -134.0
1574522052.829087, -134.0
1574522053.018658, -134.0
1574522053.22363, -134.0
1574522053.237363, -134.0
1574522053.43687, -134.0
1574522053.649034, -134.0
1574522038.781353, -134.0
1574522038.795607, -134.0
1574522038.809581, -134.0
1574522038.823175, -134.0
1574522038.836922, -134.0
1574522038.850474, -134.0
1574522038.864118, -134.0
1574522038.87768, -134.0
1574522038.89106, -134.0
1574522038.904861, -134.0
1574522038.918349, -134.0
1574522038.932122, -134.0
1574522038.945674, -134.0
1574522038.959408, -134.0
1574522038.972966, -134.0
1574522038.986692, -134.0
1574522039.000305, -134.0
1574522039.014165, -134.0
1574522039.027947, -134.0
1574522039.041464, -134.0
1574522039.055194, -134.0
1574522039.068732, -134.0
1574522039.082354, -134.0
1574522039.095856, -134.0
1574522039.109531, -134.0
1574522039.122991, -134.0
1574522039.136552, -134.0
1574522039.150362, -134.0
1574522039.163923, -134.0
1574522039.177343, -134.0
1574522039.190923, -134.0
1574522039.37115, -134.0
1574522039.57514, -134.0
1574522039.7854, -134.0
1574522039.975862, -134.0
1574522040.17669, -134.0
1574522040.37334, -134.0
1574522040.569809, -134.0
1574522040.766133, -134.0
1574522040.949041, -134.0
1574522041.14742, -134.0
1574522041.331639, -134.0
1574522041.527086, -134.0
1574522041.711647, -134.0
1574522041.906102, -134.0
1574522042.102687, -134.0
1574522042.282788, -134.0
1574522042.48816, -134.0
1574522042.688572, -134.0
1574522042.892834, -134.0
1574522043.093875, -134.0
1574522043.284705, -134.0
1574522043.469919, -134.0
1574522043.658981, -134.0
1574522043.850878, -134.0
1574522043.864542, -134.0
1574522043.878055, -134.0
1574522043.891462, -134.0
1574522043.905301, -134.0
1574522043.918766, -134.0
1574522044.102463, -134.0
1574522044.296357, -134.0
1574522044.482327, -134.0
1574522044.676752, -134.0
1574522044.882085, -134.0
1574522044.895745, -134.0
1574522044.909402, -134.0
1574522044.923124, -134.0
1574522045.132735, -134.0
1574522045.323499, -134.0
1574522045.519133, -134.0
1574522045.705386, -134.0
1574522045.899124, -134.0
1574522046.093341, -134.0
1574522046.286568, -134.0
1574522046.479855, -134.0
1574522046.680727, -134.0
1574522046.859149, -134.0
1574522047.049597, -134.0
1574522047.063317, -134.0
1574522047.076981, -134.0
1574522047.090543, -134.0
1574522047.304213, -134.0
1574522047.318053, -134.0
1574522047.51335, -134.0
1574522047.716153, -134.0
1574522047.912767, -134.0
1574522048.109298, -134.0
1574522048.287529, -134.0
1574522048.486061, -134.0
1574522048.680953, -134.0
1574522048.863375, -134.0
1574522049.057898, -134.0
1574522049.071349, -134.0
1574522049.08499, -134.0
1574522049.098434, -134.0
1574522049.111993, -134.0
1574522049.125553, -134.0
1574522049.325712, -134.0
1574522049.518529, -134.0
1574522049.704788, -134.0
1574522049.901731, -134.0
1574522050.094487, -134.0
1574522050.290921, -134.0
1574522050.482235, -134.0
1574522050.680657, -134.0
1574522050.884607, -134.0
1574522051.07686, -134.0
1574522051.279489, -134.0
1574522051.491496, -134.0
1574522051.693644, -134.0
1574522051.882359, -134.0
1574522051.896279, -134.0
1574522051.910019, -134.0
1574522051.923701, -134.0
1574522051.937551, -134.0
1574522052.136401, -134.0
1574522052.329326, -134.0
1574522052.521473, -134.0
1574522052.535147, -134.0
1574522052.548645, -134.0
1574522052.562177, -134.0
1574522052.575723, -134.0
1574522052.589414, -134.0
1574522052.602815, -134.0
1574522052.616542, -134.0
1574522052.795929, -134.0
1574522052.998676, -134.0
1574522053.194296, -134.0
1574522053.396208, -134.0
1574522053.600877, -134.0
1574522053.792911, -134.0
1574522053.985645, -134.0
1574522054.174495, -134.0
1574522054.340754, -134.0
1574522054.525373, -134.0
1574522054.732042, -134.0
1574522054.915318, -134.0
1574522055.111713, -134.0
1574522055.125186, -134.0
1574522055.138634, -134.0
1574522055.152143, -134.0
1574522055.165565, -134.0
1574522055.179028, -134.0
1574522055.192502, -134.0
1574522055.205983, -134.0
1574522055.219442, -134.0
1574522055.232953, -134.0
1574522055.246394, -134.0
1574522055.44021, -134.0
1574522055.624973, -134.0
1574522055.834817, -134.0
1574522056.032129, -134.0
1574522056.231509, -134.0
1574522056.245043, -134.0
1574522056.258465, -134.0
1574522056.271901, -134.0
1574522056.476223, -134.0
1574522056.489701, -134.0
1574522056.503132, -134.0
1574522056.516544, -134.0
1574522056.529943, -134.0
1574522056.543281, -134.0
1574522056.736349, -134.0
1574522056.926662, -134.0
1574522056.940224, -134.0
1574522057.116017, -134.0
1574522057.311791, -134.0
1574522057.521414, -134.0
1574522057.7217, -134.0
1574522057.919924, -134.0
1574522058.108749, -134.0
1574522058.302895, -134.0
1574522058.499597, -134.0
1574522058.698204, -134.0
1574522058.892495, -134.0
1574522059.076193, -134.0
1574522059.272669, -134.0
1574522059.449943, -134.0
1574522059.647438, -134.0
1574522059.844185, -134.0
1574522060.027496, -134.0
1574522060.208599, -134.0
1574522060.393208, -134.0
1574522060.572431, -134.0
1574522060.763263, -134.0
1574522060.967906, -134.0
1574522061.15846, -134.0
1574522061.352643, -134.0
1574522061.550307, -134.0
1574522061.737608, -134.0
1574522061.9238, -134.0
1574522062.124114, -134.0
1574522062.329335, -134.0
1574522062.52292, -134.0
1574522062.717018, -134.0
1574522062.912514, -134.0
1574522063.111517, -134.0
1574522063.304105, -134.0
1574522063.476765, -134.0
1574522063.676027, -134.0
1574522063.868913, -134.0
1574522063.882357, -134.0
1574522063.895779, -134.0
1574522063.909177, -134.0
1574522063.922588, -134.0
1574522063.935964, -134.0
1574522063.949395, -134.0
1574522063.962896, -134.0
1574522063.976285, -134.0
1574522063.989794, -134.0
1574522064.003229, -134.0
1574522064.016637, -134.0
1574522064.030017, -134.0
1574522064.221521, -134.0
1574522064.425864, -134.0
1574522064.611463, -134.0
1574522064.624963, -134.0
1574522064.638393, -134.0
1574522064.839866, -134.0
1574522064.853423, -134.0
1574522064.866908, -134.0
1574522064.880374, -134.0
1574522065.084425, -134.0
1574522065.097859, -134.0
1574522065.303982, -134.0
1574522065.503239, -134.0
1574522065.685643, -134.0
1574522065.875208, -134.0
1574522065.888899, -134.0
1574522066.078684, -134.0
1574522066.278292, -134.0
1574522066.291837, -134.0
1574522066.491849, -134.0
1574522066.68226, -134.0
1574522066.865992, -134.0
1574522067.050903, -134.0
1574522067.237475, -134.0
1574522067.456363, -134.0
1574522067.6441, -134.0
1574522067.815747, -134.0
1574522067.998902, -134.0
1574522068.185776, -134.0
1574522068.382618, -134.0
1574522068.591078, -134.0
1574522068.7893, -134.0
1574522068.982874, -134.0
1574522069.183463, -134.0
1574522069.380007, -134.0
1574522069.5671, -134.0
1574522039.699178, -134.0
1574522039.894999, -134.0
1574522040.089151, -134.0
1574522040.285076, -134.0
1574522040.480076, -134.0
1574522040.673249, -134.0
1574522040.85955, -134.0
1574522041.068902, -134.0
1574522041.262943, -134.0
1574522041.461126, -134.0
1574522041.652228, -134.0
1574522041.84868, -134.0
1574522042.04931, -134.0
1574522042.229375, -134.0
1574522042.438347, -134.0
1574522042.653774, -134.0
1574522042.845626, -134.0
1574522043.047193, -134.0
1574522043.237836, -134.0
1574522043.417338, -134.0
1574522043.605597, -134.0
1574522043.798526, -134.0
1574522043.812216, -134.0
1574522043.82566, -134.0
1574522043.83942, -134.0
1574522043.852839, -134.0
1574522043.866524, -134.0
1574522043.879962, -134.0
1574522044.082158, -134.0
1574522044.274023, -134.0
1574522044.288098, -134.0
1574522044.301735, -134.0
1574522044.315205, -134.0
1574522044.510087, -134.0
1574522044.700523, -134.0
1574522044.893154, -134.0
1574522045.080949, -134.0
1574522045.094736, -134.0
1574522045.108265, -134.0
1574522045.12173, -134.0
1574522045.135189, -134.0
1574522045.148863, -134.0
1574522045.162395, -134.0
1574522045.17617, -134.0
1574522045.189608, -134.0
1574522045.203336, -134.0
1574522045.399311, -134.0
1574522045.413073, -134.0
1574522045.612932, -134.0
1574522045.626683, -134.0
1574522045.640428, -134.0
1574522045.653918, -134.0
1574522045.667461, -134.0
1574522045.681124, -134.0
1574522045.694643, -134.0
1574522045.708167, -134.0
1574522045.721602, -134.0
1574522045.735018, -134.0
1574522045.92655, -134.0
1574522046.119694, -134.0
1574522046.310863, -134.0
1574522046.521682, -134.0
1574522046.535172, -134.0
1574522046.548866, -134.0
1574522046.562396, -134.0
1574522046.576076, -134.0
1574522046.589541, -134.0
1574522046.602915, -134.0
1574522046.616518, -134.0
1574522046.62993, -134.0
1574522046.643448, -134.0
1574522046.656998, -134.0
1574522046.848413, -134.0
1574522046.862278, -134.0
1574522046.875988, -134.0
1574522046.889834, -134.0
1574522046.903247, -134.0
1574522047.103082, -134.0
1574522047.30398, -134.0
1574522047.501487, -134.0
1574522047.678876, -134.0
1574522047.878415, -134.0
1574522048.071376, -134.0
1574522048.272679, -134.0
1574522048.287113, -134.0
1574522048.300584, -134.0
1574522048.314085, -134.0
1574522048.327547, -134.0
1574522048.341196, -134.0
1574522048.531887, -134.0
1574522048.719961, -134.0
1574522048.90771, -134.0
1574522049.087783, -134.0
1574522049.101373, -134.0
1574522049.288546, -134.0
1574522049.302379, -134.0
1574522049.316057, -134.0
1574522049.3295, -134.0
1574522049.530921, -134.0
1574522049.736527, -134.0
1574522049.930908, -134.0
1574522050.115172, -134.0
1574522050.315394, -134.0
1574522050.503315, -134.0
1574522050.693659, -134.0
1574522050.707113, -134.0
1574522050.720608, -134.0
1574522050.903008, -134.0
1574522050.916499, -134.0
1574522051.122146, -134.0
1574522051.321546, -134.0
1574522051.527325, -134.0
1574522051.54128, -134.0
1574522051.55495, -134.0
1574522051.568702, -134.0
1574522051.766568, -134.0
1574522051.96331, -134.0
1574522052.162053, -134.0
1574522052.359709, -134.0
1574522052.560073, -134.0
1574522052.760165, -134.0
1574522052.951826, -134.0
1574522053.148955, -134.0
1574522053.349016, -134.0
1574522053.552708, -134.0
1574522053.742757, -134.0
1574522053.929586, -134.0
1574522054.098118, -134.0
1574522054.294652, -134.0
1574522054.488749, -134.0
1574522054.674922, -134.0
1574522054.867121, -134.0
1574522055.054952, -134.0
1574522055.245268, -134.0
1574522055.425288, -134.0
1574522055.612673, -134.0
1574522055.62616, -134.0
1574522055.639597, -134.0
1574522055.830956, -134.0
1574522056.019933, -134.0
1574522056.217494, -134.0
1574522056.41064, -134.0
1574522056.601951, -134.0
1574522056.801203, -134.0
1574522056.989459, -134.0
1574522057.182527, -134.0
1574522057.196101, -134.0
1574522057.385846, -134.0
1574522057.39957, -134.0
1574522057.4132, -134.0
1574522057.603448, -134.0
1574522057.617012, -134.0
1574522057.630451, -134.0
1574522057.643905, -134.0
1574522057.657377, -134.0
1574522057.847015, -134.0
1574522057.86044, -134.0
1574522058.058279, -134.0
1574522058.258201, -134.0
1574522058.2717, -134.0
1574522058.473059, -134.0
1574522058.667582, -134.0
1574522058.867078, -134.0
1574522059.060062, -134.0
1574522059.255062, -134.0
1574522059.44607, -134.0
1574522059.459577, -134.0
1574522059.472987, -134.0
1574522059.486435, -134.0
1574522059.499767, -134.0
1574522059.513139, -134.0
1574522059.526531, -134.0
1574522059.539971, -134.0
1574522059.553397, -134.0
1574522059.755058, -134.0
1574522059.955845, -134.0
1574522060.141599, -134.0
1574522060.351972, -134.0
1574522060.365413, -134.0
1574522060.569104, -134.0
1574522060.582579, -134.0
1574522060.758807, -134.0
1574522060.958237, -134.0
1574522061.155182, -134.0
1574522061.168718, -134.0
1574522061.368154, -134.0
1574522061.381668, -134.0
1574522061.583373, -134.0
1574522061.596791, -134.0
1574522061.610202, -134.0
1574522061.623687, -134.0
1574522061.637156, -134.0
1574522061.838432, -134.0
1574522061.851851, -134.0
1574522061.865319, -134.0
1574522062.070911, -134.0
1574522062.084489, -134.0
1574522062.299993, -134.0
1574522062.313684, -134.0
1574522062.32722, -134.0
1574522062.534647, -134.0
1574522062.735274, -134.0
1574522062.748774, -134.0
1574522062.762173, -134.0
1574522062.775547, -134.0
1574522062.789457, -134.0
1574522062.994093, -134.0
1574522063.184188, -134.0
1574522063.37895, -134.0
1574522063.392444, -134.0
1574522063.587834, -134.0
1574522063.777082, -134.0
1574522063.983731, -134.0
1574522064.161856, -134.0
1574522064.356691, -134.0
1574522064.535643, -134.0
1574522064.738229, -134.0
1574522064.938668, -134.0
1574522065.120821, -134.0
1574522065.329113, -134.0
1574522065.517443, -134.0
1574522065.530947, -134.0
1574522065.713622, -134.0
1574522065.910457, -134.0
1574522066.098141, -134.0
1574522066.304812, -134.0
1574522066.491113, -134.0
1574522066.682161, -134.0
1574522066.869303, -134.0
1574522067.059898, -134.0
1574522067.073418, -134.0
1574522067.269111, -134.0
1574522067.462329, -134.0
1574522067.652728, -134.0
1574522067.844814, -134.0
1574522067.8583, -134.0
1574522068.049497, -134.0
1574522068.062879, -134.0
1574522068.076251, -134.0
1574522068.089617, -134.0
1574522068.281568, -134.0
1574522068.491779, -134.0
1574522068.505309, -134.0
1574522068.690289, -134.0
1574522068.703787, -134.0
1574522068.717198, -134.0
1574522068.904467, -134.0
1574522069.103913, -134.0
1574522069.280874, -134.0
1574522069.295149, -134.0
1574522044.153008, -134.0
1574522044.167513, -134.0
1574522044.359511, -134.0
1574522044.373326, -134.0
1574522044.386775, -134.0
1574522044.400448, -134.0
1574522044.413925, -134.0
1574522044.427651, -134.0
1574522044.441114, -134.0
1574522044.454537, -134.0
1574522044.467863, -134.0
1574522044.481272, -134.0
1574522044.494712, -134.0
1574522044.686409, -134.0
1574522044.887457, -134.0
1574522045.095952, -134.0
1574522045.2939, -134.0
1574522045.498009, -134.0
1574522045.700128, -134.0
1574522045.714231, -134.0
1574522045.727757, -134.0
1574522045.741808, -134.0
1574522045.755344, -134.0
1574522045.769035, -134.0
1574522045.782602, -134.0
1574522045.796275, -134.0
1574522045.809782, -134.0
1574522045.823437, -134.0
1574522045.836844, -134.0
1574522046.035795, -134.0
1574522046.220394, -134.0
1574522046.39979, -134.0
1574522046.594271, -134.0
1574522046.794834, -134.0
1574522046.982507, -134.0
1574522047.173018, -134.0
1574522047.360561, -134.0
1574522047.539972, -134.0
1574522047.744694, -134.0
1574522047.934221, -134.0
1574522047.947703, -134.0
1574522047.961172, -134.0
1574522047.97495, -134.0
1574522047.988367, -134.0
1574522048.002025, -134.0
1574522048.01559, -134.0
1574522048.02926, -134.0
1574522048.230049, -134.0
1574522048.40959, -134.0
1574522048.58202, -134.0
1574522048.780251, -134.0
1574522048.985498, -134.0
1574522049.172381, -134.0
1574522049.36597, -134.0
1574522049.558959, -134.0
1574522049.756001, -134.0
1574522049.933332, -134.0
1574522049.94702, -134.0
1574522049.960515, -134.0
1574522049.973984, -134.0
1574522049.987581, -134.0
1574522050.000989, -134.0
1574522050.014816, -134.0
1574522050.028266, -134.0
1574522050.218011, -134.0
1574522050.231875, -134.0
1574522050.245719, -134.0
1574522050.259261, -134.0
1574522050.272769, -134.0
1574522050.462771, -134.0
1574522050.654616, -134.0
1574522050.668435, -134.0
1574522050.6821, -134.0
1574522050.695551, -134.0
1574522050.709078, -134.0
1574522050.7228, -134.0
1574522050.736212, -134.0
1574522050.749861, -134.0
1574522050.951823, -134.0
1574522051.137878, -134.0
1574522051.151612, -134.0
1574522051.165077, -134.0
1574522051.369723, -134.0
1574522051.542423, -134.0
1574522051.755848, -134.0
1574522051.949919, -134.0
1574522052.149335, -134.0
1574522052.330619, -134.0
1574522052.528245, -134.0
1574522052.541995, -134.0
1574522052.555682, -134.0
1574522052.743184, -134.0
1574522052.756935, -134.0
1574522052.960315, -134.0
1574522052.973986, -134.0
1574522053.189608, -134.0
1574522053.392843, -134.0
1574522053.406482, -134.0
1574522053.419969, -134.0
1574522053.43354, -134.0
1574522053.447087, -134.0
1574522053.460504, -134.0
1574522053.474157, -134.0
1574522053.674475, -134.0
1574522053.688004, -134.0
1574522053.886124, -134.0
1574522053.899602, -134.0
1574522054.093467, -134.0
1574522054.106924, -134.0
1574522054.310141, -134.0
1574522054.323567, -134.0
1574522054.336904, -134.0
1574522054.35034, -134.0
1574522054.363788, -134.0
1574522054.37718, -134.0
1574522054.390443, -134.0
1574522054.403871, -134.0
1574522054.417242, -134.0
1574522054.430645, -134.0
1574522054.44406, -134.0
1574522054.457431, -134.0
1574522054.470783, -134.0
1574522054.484141, -134.0
1574522054.497504, -134.0
1574522054.510891, -134.0
1574522054.524209, -134.0
1574522054.537539, -134.0
1574522054.550879, -134.0
1574522054.73788, -134.0
1574522054.929024, -134.0
1574522055.139543, -134.0
1574522055.338415, -134.0
1574522055.517608, -134.0
1574522055.708256, -134.0
1574522055.896535, -134.0
1574522056.094022, -134.0
1574522056.294202, -134.0
1574522056.47956, -134.0
1574522056.672286, -134.0
1574522056.864716, -134.0
1574522057.077825, -134.0
1574522057.266918, -134.0
1574522057.440825, -134.0
1574522057.62232, -134.0
1574522057.824987, -134.0
1574522058.024028, -134.0
1574522058.216421, -134.0
1574522058.402206, -134.0
1574522058.592421, -134.0
1574522058.776125, -134.0
1574522058.974462, -134.0
1574522059.158877, -134.0
1574522059.350779, -134.0
1574522059.541672, -134.0
1574522059.738005, -134.0
1574522059.751431, -134.0
1574522059.939944, -134.0
1574522060.139547, -134.0
1574522060.329027, -134.0
1574522060.510322, -134.0
1574522060.696258, -134.0
1574522060.709764, -134.0
1574522060.723115, -134.0
1574522060.736424, -134.0
1574522060.74979, -134.0
1574522060.947685, -134.0
1574522060.961088, -134.0
1574522061.15746, -134.0
1574522061.356684, -134.0
1574522061.546714, -134.0
1574522061.560224, -134.0
1574522061.762585, -134.0
1574522061.776024, -134.0
1574522061.979735, -134.0
1574522061.993186, -134.0
1574522062.006501, -134.0
1574522062.019783, -134.0
1574522062.03313, -134.0
1574522062.230537, -134.0
1574522062.244025, -134.0
1574522062.257402, -134.0
1574522062.455203, -134.0
1574522062.640017, -134.0
1574522062.825626, -134.0
1574522062.839142, -134.0
1574522062.852544, -134.0
1574522063.060151, -134.0
1574522063.242585, -134.0
1574522063.256018, -134.0
1574522063.450564, -134.0
1574522063.641463, -134.0
1574522063.654897, -134.0
1574522063.856133, -134.0
1574522063.869637, -134.0
1574522063.883037, -134.0
1574522063.896378, -134.0
1574522063.909719, -134.0
1574522063.922978, -134.0
1574522064.132031, -134.0
1574522064.145521, -134.0
1574522064.339424, -134.0
1574522064.530379, -134.0
1574522064.543943, -134.0
1574522064.557419, -134.0
1574522064.57079, -134.0
1574522064.58413, -134.0
1574522064.5975, -134.0
1574522064.610913, -134.0
1574522064.803052, -134.0
1574522064.816548, -134.0
1574522064.829911, -134.0
1574522064.843241, -134.0
1574522065.016266, -134.0
1574522065.219118, -134.0
1574522065.232634, -134.0
1574522065.411747, -134.0
1574522065.592391, -134.0
1574522065.790635, -134.0
1574522065.983416, -134.0
1574522066.180419, -134.0
1574522066.384462, -134.0
1574522066.555295, -134.0
1574522066.753403, -134.0
1574522066.766881, -134.0
1574522066.958646, -134.0
1574522067.163331, -134.0
1574522067.176818, -134.0
1574522067.362889, -134.0
1574522067.559434, -134.0
1574522067.755137, -134.0
1574522067.95283, -134.0
1574522068.139098, -134.0
1574522068.3313, -134.0
1574522068.530104, -134.0
1574522068.72737, -134.0
1574522068.9195, -134.0
1574522069.101427, -134.0
1574522069.292485, -134.0
1574522069.487245, -134.0
1574522069.67108, -134.0
1574522069.847299, -134.0
1574522070.030187, -134.0
1574522070.223305, -134.0
1574522070.406723, -134.0
1574522070.600254, -134.0
1574522070.780629, -134.0
1574522070.960401, -134.0
1574522071.143489, -134.0
1574522071.342767, -134.0
1574522071.53647, -134.0
