1574523089.622641, -1942.0
1574523089.854941, -1575.0
1574523090.066919, -1575.0
1574523090.278923, -1575.0
1574523090.490759, -1575.0
1574523090.703414, -1575.0
1574523090.916008, -1575.0
1574523091.128003, -1575.0
1574523091.341562, -1575.0
1574523091.56337, -1575.0
1574523091.777566, -1575.0
1574523091.990302, -1575.0
1574523092.950238, -292.0
1574523093.936786, -292.0
1574523094.930207, -292.0
1574523095.915796, -292.0
1574523099.285843, -292.0
1574523102.659212, -286.0
1574523105.939513, -286.0
1574523109.244051, -286.0
1574523112.53295, -281.0
1574523115.8455, -281.0
1574523119.119938, -281.0
1574523122.438395, -276.0
1574523125.661373, -276.0
1574523129.002401, -276.0
1574523132.28889, -276.0
1574523135.546135, -276.0
1574523138.870936, -276.0
1574523142.279951, -276.0
1574523145.708041, -276.0
1574523149.175348, -276.0
1574523152.64806, -276.0
1574523156.341974, -276.0
1574523159.985765, -276.0
1574523163.57423, -276.0
1574523167.238237, -276.0
1574523170.891495, -276.0
1574523174.760722, -276.0
1574523177.643557, -276.0
1574523181.470421, -276.0
1574523185.2013, -276.0
1574523188.989341, -276.0
1574523192.686076, -276.0
1574523196.350836, -276.0
1574523200.108604, -276.0
1574523203.806927, -276.0
1574523207.522462, -276.0
1574523211.304157, -276.0
1574523215.036103, -276.0
1574523089.701486, -1575.0
1574523089.991446, -1575.0
1574523090.257835, -1575.0
1574523090.523743, -1575.0
1574523090.790305, -1575.0
1574523091.05676, -1575.0
1574523091.325443, -1575.0
1574523091.592316, -1575.0
1574523091.859296, -1575.0
1574523092.134372, -1575.0
1574523092.403027, -292.0
1574523092.670282, -292.0
1574523092.937202, -292.0
1574523093.204199, -292.0
1574523093.47001, -292.0
1574523093.735615, -292.0
1574523094.014385, -292.0
1574523094.286857, -292.0
1574523094.553411, -292.0
1574523096.703516, -292.0
1574523096.988075, -292.0
1574523097.264485, -292.0
1574523097.531297, -292.0
1574523097.797895, -292.0
1574523098.065649, -292.0
1574523098.331948, -292.0
1574523098.598516, -292.0
1574523098.867034, -292.0
1574523100.004228, -292.0
1574523104.689359, -286.0
1574523108.72101, -286.0
1574523111.937911, -281.0
1574523115.962175, -281.0
1574523119.654485, -281.0
1574523121.808126, -281.0
1574523125.828155, -276.0
1574523130.321634, -276.0
1574523133.901334, -276.0
1574523137.766007, -276.0
1574523139.858893, -276.0
1574523143.930695, -276.0
1574523147.824955, -276.0
1574523151.539631, -276.0
1574523156.230048, -276.0
1574523159.725906, -276.0
1574523160.963552, -276.0
1574523164.162103, -276.0
1574523167.156083, -276.0
1574523170.028765, -276.0
1574523172.740142, -276.0
1574523089.61874, -1942.0
1574523089.793204, -1575.0
1574523089.952781, -1575.0
1574523090.112895, -1575.0
1574523090.272595, -1575.0
1574523090.432081, -1575.0
1574523090.59163, -1575.0
1574523090.751472, -1575.0
1574523090.911726, -1575.0
1574523091.07903, -1575.0
1574523091.240519, -1575.0
1574523092.222922, -292.0
1574523093.226311, -292.0
1574523094.198449, -292.0
1574523096.781555, -292.0
1574523099.27416, -292.0
1574523101.812998, -286.0
1574523103.519637, -286.0
1574523105.239112, -286.0
1574523106.864187, -286.0
1574523108.630702, -286.0
1574523110.349049, -286.0
1574523112.104694, -281.0
1574523113.82484, -281.0
1574523115.562196, -281.0
1574523117.307996, -281.0
1574523118.981254, -281.0
1574523120.690562, -281.0
1574523122.387618, -276.0
1574523124.033716, -276.0
1574523125.693595, -276.0
1574523127.402831, -276.0
1574523129.060072, -276.0
1574523130.796345, -276.0
1574523132.474441, -276.0
1574523134.184857, -276.0
1574523135.924966, -276.0
1574523137.653327, -276.0
1574523139.328781, -276.0
1574523141.094681, -276.0
1574523142.756142, -276.0
1574523144.438842, -276.0
1574523146.171063, -276.0
1574523147.871916, -276.0
1574523149.538359, -276.0
1574523151.24196, -276.0
1574523152.964454, -276.0
1574523154.672506, -276.0
1574523156.350067, -276.0
1574523158.085218, -276.0
1574523089.656627, -1897.0
1574523089.831179, -1575.0
1574523089.990779, -1575.0
1574523090.150241, -1575.0
1574523090.309922, -1575.0
1574523090.470237, -1575.0
1574523090.63014, -1575.0
1574523090.790162, -1575.0
1574523090.951435, -1575.0
1574523091.128247, -1575.0
1574523091.292437, -1575.0
1574523092.302978, -292.0
1574523094.093497, -292.0
1574523095.814076, -292.0
1574523098.377621, -292.0
1574523100.786738, -286.0
1574523103.271041, -286.0
1574523105.735382, -286.0
1574523108.218074, -286.0
1574523110.718333, -286.0
1574523113.222795, -281.0
1574523115.723166, -281.0
1574523118.178938, -281.0
1574523120.712379, -281.0
1574523123.193144, -276.0
1574523125.694898, -276.0
1574523128.188259, -276.0
1574523130.593821, -276.0
1574523133.064111, -276.0
1574523135.471611, -276.0
1574523137.923508, -276.0
1574523140.487901, -276.0
1574523142.944738, -276.0
1574523145.468654, -276.0
1574523148.064944, -276.0
1574523150.579591, -276.0
1574523152.934779, -276.0
1574523155.356056, -276.0
1574523157.868108, -276.0
1574523160.299495, -276.0
1574523162.648955, -276.0
1574523164.957955, -276.0
1574523167.327883, -276.0
1574523169.704014, -276.0
1574523172.049931, -276.0
1574523174.497342, -276.0
1574523176.936406, -276.0
1574523179.257869, -276.0
1574523181.823912, -276.0
1574523183.475949, -276.0
1574523158.406035, -276.0
1574523158.69683, -276.0
1574523159.00632, -276.0
1574523159.315951, -276.0
1574523159.624292, -276.0
1574523159.930631, -276.0
1574523160.235882, -276.0
1574523160.53623, -276.0
1574523160.841515, -276.0
1574523161.14936, -276.0
1574523161.453165, -276.0
1574523161.755257, -276.0
1574523162.058317, -276.0
1574523162.358661, -276.0
1574523162.658028, -276.0
1574523162.960083, -276.0
1574523163.261109, -276.0
1574523163.563029, -276.0
1574523163.863624, -276.0
1574523164.163309, -276.0
1574523164.464566, -276.0
1574523164.765932, -276.0
1574523165.072725, -276.0
1574523165.38297, -276.0
1574523165.69232, -276.0
1574523166.001981, -276.0
1574523166.312696, -276.0
1574523166.620662, -276.0
1574523166.931843, -276.0
1574523167.241365, -276.0
1574523167.549967, -276.0
1574523167.850776, -276.0
1574523168.151732, -276.0
1574523168.453763, -276.0
1574523168.757139, -276.0
1574523169.064619, -276.0
1574523169.372682, -276.0
1574523169.681114, -276.0
1574523169.989, -276.0
1574523170.297415, -276.0
1574523170.603616, -276.0
1574523170.910058, -276.0
1574523171.219355, -276.0
1574523171.528901, -276.0
1574523171.838946, -276.0
1574523172.147811, -276.0
1574523172.456174, -276.0
1574523172.764296, -276.0
1574523173.073373, -276.0
1574523173.382028, -276.0
1574523176.053091, -276.0
1574523180.195935, -276.0
1574523184.019648, -276.0
1574523187.720768, -276.0
1574523192.999761, -276.0
1574523197.600093, -276.0
1574523202.700746, -276.0
1574523205.422334, -276.0
1574523205.79597, -276.0
1574523207.548192, -276.0
1574523209.887893, -276.0
1574523212.06454, -276.0
1574523214.904801, -276.0
1574523218.284378, -276.0
1574523222.94171, -276.0
1574523226.421579, -276.0
1574523230.00536, -276.0
1574523233.496318, -276.0
1574523235.973348, -276.0
1574523238.388177, -276.0
1574523240.686056, -276.0
1574523243.639317, -276.0
1574523246.106207, -276.0
1574523249.136676, -276.0
1574523251.542668, -276.0
1574523253.546594, -276.0
1574523257.888308, -276.0
1574523262.648682, -276.0
1574523267.16822, -276.0
1574523271.40165, -276.0
1574523275.384448, -276.0
1574523279.312272, -276.0
1574523283.505441, -276.0
1574523287.053908, -276.0
1574523291.27717, -276.0
1574523295.240546, -276.0
1574523299.422294, -276.0
1574523303.667721, -276.0
1574523308.144451, -276.0
1574523312.215361, -276.0
1574523316.299618, -276.0
1574523320.399977, -276.0
1574523324.717204, -276.0
1574523327.552468, -276.0
1574523329.6249, -276.0
1574523334.002868, -276.0
1574523337.728809, -276.0
1574523340.609914, -276.0
1574523343.410548, -276.0
1574523346.412754, -276.0
1574523173.58231, -276.0
1574523173.747979, -276.0
1574523173.932661, -276.0
1574523174.100351, -276.0
1574523174.263619, -276.0
1574523174.428116, -276.0
1574523174.605056, -276.0
1574523174.770306, -276.0
1574523174.932042, -276.0
1574523175.098374, -276.0
1574523175.274756, -276.0
1574523175.437338, -276.0
1574523175.600694, -276.0
1574523175.762223, -276.0
1574523175.922713, -276.0
1574523176.082582, -276.0
1574523176.242567, -276.0
1574523176.402765, -276.0
1574523176.571292, -276.0
1574523177.973766, -276.0
1574523180.611411, -276.0
1574523183.171489, -276.0
1574523185.656802, -276.0
1574523188.949375, -276.0
1574523190.11776, -276.0
1574523192.771424, -276.0
1574523195.583096, -276.0
1574523198.291971, -276.0
1574523201.003624, -276.0
1574523203.985528, -276.0
1574523206.966315, -276.0
1574523209.990632, -276.0
1574523213.151925, -276.0
1574523216.209562, -276.0
1574523219.496954, -276.0
1574523222.675156, -276.0
1574523225.795392, -276.0
1574523229.005544, -276.0
1574523232.309411, -276.0
1574523235.757011, -276.0
1574523239.224715, -276.0
1574523242.743227, -276.0
1574523246.315881, -276.0
1574523249.427394, -276.0
1574523252.539736, -276.0
1574523254.648955, -276.0
1574523257.890294, -276.0
1574523261.047701, -276.0
1574523264.196581, -276.0
1574523267.458019, -276.0
1574523183.852378, -276.0
1574523184.174673, -276.0
1574523184.497193, -276.0
1574523184.820843, -276.0
1574523185.143294, -276.0
1574523186.443098, -276.0
1574523188.874464, -276.0
1574523189.196429, -276.0
1574523189.514988, -276.0
1574523189.836861, -276.0
1574523190.157474, -276.0
1574523190.485357, -276.0
1574523190.806178, -276.0
1574523191.126484, -276.0
1574523191.448151, -276.0
1574523191.770101, -276.0
1574523192.092215, -276.0
1574523192.412929, -276.0
1574523192.734562, -276.0
1574523193.056131, -276.0
1574523193.375746, -276.0
1574523193.696456, -276.0
1574523194.018569, -276.0
1574523194.338827, -276.0
1574523194.660426, -276.0
1574523194.981717, -276.0
1574523196.058347, -276.0
1574523196.380336, -276.0
1574523196.699831, -276.0
1574523197.021721, -276.0
1574523197.341982, -276.0
1574523197.66207, -276.0
1574523197.983707, -276.0
1574523198.303124, -276.0
1574523198.62413, -276.0
1574523198.944491, -276.0
1574523199.265044, -276.0
1574523199.585496, -276.0
1574523199.905809, -276.0
1574523200.227785, -276.0
1574523200.546405, -276.0
1574523200.867275, -276.0
1574523201.189073, -276.0
1574523201.510959, -276.0
1574523201.832041, -276.0
1574523202.22182, -276.0
1574523202.618876, -276.0
1574523202.950674, -276.0
1574523203.272177, -276.0
1574523203.592671, -276.0
1574523203.954449, -276.0
1574523204.276626, -276.0
1574523204.598035, -276.0
1574523204.915581, -276.0
1574523205.236217, -276.0
1574523205.554541, -276.0
1574523208.766736, -276.0
1574523209.114162, -276.0
1574523209.43324, -276.0
1574523209.76056, -276.0
1574523210.106174, -276.0
1574523215.378069, -276.0
1574523220.31339, -276.0
1574523222.175405, -276.0
1574523222.496598, -276.0
1574523222.817291, -276.0
1574523223.138433, -276.0
1574523223.457349, -276.0
1574523224.518605, -276.0
1574523224.836872, -276.0
1574523225.156125, -276.0
1574523225.473415, -276.0
1574523225.791775, -276.0
1574523226.111597, -276.0
1574523226.431813, -276.0
1574523228.678914, -276.0
1574523231.298639, -276.0
1574523231.627354, -276.0
1574523233.108626, -276.0
1574523236.511803, -276.0
1574523241.342853, -276.0
1574523245.389763, -276.0
1574523249.169076, -276.0
1574523251.007777, -276.0
1574523254.888277, -276.0
1574523258.554737, -276.0
1574523263.374845, -276.0
1574523268.721878, -276.0
1574523271.415002, -276.0
1574523274.061005, -276.0
1574523278.590405, -276.0
1574523283.916882, -276.0
1574523285.036147, -276.0
1574523286.292813, -276.0
1574523287.799122, -276.0
1574523288.883676, -276.0
1574523289.2273, -276.0
1574523289.567517, -276.0
1574523289.883319, -276.0
1574523290.222484, -276.0
1574523215.19524, -276.0
1574523215.304339, -276.0
1574523215.426565, -276.0
1574523215.533696, -276.0
1574523215.643595, -276.0
1574523215.766326, -276.0
1574523215.887726, -276.0
1574523216.006702, -276.0
1574523216.125495, -276.0
1574523216.244885, -276.0
1574523216.367965, -276.0
1574523216.490017, -276.0
1574523216.612357, -276.0
1574523216.734785, -276.0
1574523216.85835, -276.0
1574523216.979414, -276.0
1574523217.100757, -276.0
1574523217.22224, -276.0
1574523217.343623, -276.0
1574523217.464842, -276.0
1574523217.585842, -276.0
1574523217.715982, -276.0
1574523217.834004, -276.0
1574523217.95062, -276.0
1574523218.06722, -276.0
1574523218.18387, -276.0
1574523218.300492, -276.0
1574523218.41725, -276.0
1574523218.533819, -276.0
1574523218.650415, -276.0
1574523218.768165, -276.0
1574523218.884839, -276.0
1574523219.001751, -276.0
1574523219.118666, -276.0
1574523219.235422, -276.0
1574523219.352142, -276.0
1574523219.469296, -276.0
1574523219.585811, -276.0
1574523219.703842, -276.0
1574523219.824704, -276.0
1574523219.945731, -276.0
1574523220.066896, -276.0
1574523220.18816, -276.0
1574523220.309991, -276.0
1574523220.432914, -276.0
1574523220.555241, -276.0
1574523220.678172, -276.0
1574523220.801887, -276.0
1574523220.924794, -276.0
1574523221.048413, -276.0
1574523221.195766, -276.0
1574523221.308109, -276.0
1574523221.414886, -276.0
1574523221.521035, -276.0
1574523221.628602, -276.0
1574523221.73551, -276.0
1574523221.842274, -276.0
1574523221.948786, -276.0
1574523222.060049, -276.0
1574523222.169977, -276.0
1574523223.000859, -276.0
1574523223.107831, -276.0
1574523223.214853, -276.0
1574523223.322036, -276.0
1574523223.428762, -276.0
1574523223.535883, -276.0
1574523223.64242, -276.0
1574523223.749676, -276.0
1574523223.856694, -276.0
1574523223.963782, -276.0
1574523224.070257, -276.0
1574523225.692395, -276.0
1574523226.957176, -276.0
1574523228.101525, -276.0
1574523229.378821, -276.0
1574523230.706786, -276.0
1574523232.085148, -276.0
1574523233.437014, -276.0
1574523234.808482, -276.0
1574523236.117868, -276.0
1574523237.534289, -276.0
1574523238.967143, -276.0
1574523240.355834, -276.0
1574523241.715033, -276.0
1574523243.083492, -276.0
1574523244.469263, -276.0
1574523245.841943, -276.0
1574523247.207767, -276.0
1574523248.520841, -276.0
1574523249.843962, -276.0
1574523251.234437, -276.0
1574523252.546348, -276.0
1574523253.873711, -276.0
1574523255.230972, -276.0
1574523256.716983, -276.0
1574523258.128759, -276.0
1574523259.491401, -276.0
1574523260.849297, -276.0
1574523262.147812, -276.0
1574523263.558106, -276.0
1574523263.798138, -276.0
1574523264.012698, -276.0
1574523264.226785, -276.0
1574523265.465941, -276.0
1574523268.848501, -276.0
1574523271.590469, -276.0
1574523273.92359, -276.0
1574523276.217492, -276.0
1574523278.531063, -276.0
1574523280.800881, -276.0
1574523283.085993, -276.0
1574523285.367085, -276.0
1574523287.629631, -276.0
1574523289.842974, -276.0
1574523292.127006, -276.0
1574523294.452528, -276.0
1574523296.725602, -276.0
1574523298.971878, -276.0
1574523301.181203, -276.0
1574523303.398199, -276.0
1574523305.676816, -276.0
1574523307.9852, -276.0
1574523310.260003, -276.0
1574523312.430824, -276.0
1574523314.687608, -276.0
1574523316.867949, -276.0
1574523319.075039, -276.0
1574523321.294925, -276.0
1574523323.449285, -276.0
1574523325.625743, -276.0
1574523327.750984, -276.0
1574523329.982703, -276.0
1574523332.14077, -276.0
1574523334.347107, -276.0
1574523336.489047, -276.0
1574523338.801824, -276.0
1574523341.046006, -276.0
1574523343.146122, -276.0
1574523345.288847, -276.0
1574523347.456544, -276.0
1574523349.547465, -276.0
1574523351.604579, -276.0
1574523353.670593, -276.0
1574523355.708464, -276.0
1574523357.792054, -276.0
1574523359.735306, -276.0
1574523361.729998, -276.0
1574523363.719319, -276.0
1574523365.824804, -276.0
1574523367.835332, -276.0
1574523392.905215, -276.0
1574523392.961858, -276.0
1574523393.015185, -276.0
1574523393.068537, -276.0
1574523393.122473, -276.0
1574523393.176873, -276.0
1574523393.230005, -276.0
1574523393.283619, -276.0
1574523393.338666, -276.0
1574523393.399215, -276.0
1574523393.459688, -276.0
1574523393.515182, -276.0
1574523394.434647, -276.0
1574523395.731691, -276.0
1574523395.787863, -276.0
1574523395.846003, -276.0
1574523395.904445, -276.0
1574523395.966567, -276.0
1574523396.028724, -276.0
1574523396.091059, -276.0
1574523396.153551, -276.0
1574523396.21593, -276.0
1574523396.275381, -276.0
1574523396.338469, -276.0
1574523396.400342, -276.0
1574523396.454284, -276.0
1574523397.314486, -276.0
1574523398.197262, -276.0
1574523399.020133, -276.0
1574523399.88192, -276.0
1574523400.711334, -276.0
1574523401.523936, -276.0
1574523402.341659, -276.0
1574523403.156099, -276.0
1574523404.043977, -276.0
1574523404.866202, -276.0
1574523405.756962, -276.0
1574523406.617343, -276.0
1574523407.419208, -276.0
1574523408.248398, -276.0
1574523409.122718, -276.0
1574523409.981582, -276.0
1574523410.806498, -276.0
1574523411.672727, -276.0
1574523412.536808, -276.0
1574523413.386931, -276.0
1574523414.265128, -276.0
1574523415.087151, -276.0
1574523415.951861, -276.0
1574523416.794055, -276.0
1574523417.710767, -276.0
1574523418.533191, -276.0
1574523419.375717, -276.0
1574523420.243607, -276.0
1574523421.097757, -276.0
1574523421.926313, -276.0
1574523422.785104, -276.0
1574523423.638388, -276.0
1574523424.436731, -276.0
1574523425.309299, -276.0
1574523426.097576, -276.0
1574523426.968602, -276.0
1574523427.846111, -276.0
1574523428.727009, -276.0
1574523429.533569, -276.0
1574523430.365747, -276.0
1574523431.223672, -276.0
1574523432.053108, -276.0
1574523432.957677, -276.0
1574523433.775984, -276.0
1574523434.594735, -276.0
1574523435.466264, -276.0
1574523436.304321, -276.0
1574523437.142226, -276.0
1574523438.004316, -276.0
1574523438.058235, -276.0
1574523438.885371, -276.0
1574523439.72905, -276.0
1574523440.596171, -276.0
1574523441.463465, -276.0
1574523442.310243, -276.0
1574523443.12045, -276.0
1574523443.942071, -276.0
1574523444.793888, -276.0
1574523445.667902, -276.0
1574523446.507294, -276.0
1574523447.301479, -276.0
1574523448.187527, -276.0
1574523449.024753, -276.0
1574523449.880875, -276.0
1574523450.728398, -276.0
1574523451.568318, -276.0
1574523452.457147, -276.0
1574523453.30704, -276.0
1574523454.115638, -276.0
1574523454.911294, -276.0
1574523455.693539, -276.0
1574523456.559906, -276.0
1574523457.375393, -276.0
1574523458.201336, -276.0
1574523459.009432, -276.0
1574523459.856534, -276.0
1574523460.721562, -276.0
1574523461.543055, -276.0
1574523462.312526, -276.0
1574523463.120015, -276.0
1574523463.960349, -276.0
1574523464.834257, -276.0
1574523465.656341, -276.0
1574523466.496973, -276.0
1574523467.328697, -276.0
1574523468.234728, -276.0
1574523469.049741, -276.0
1574523469.884266, -276.0
1574523470.708414, -276.0
1574523471.562137, -276.0
1574523472.453664, -276.0
1574523473.292353, -276.0
1574523474.13565, -276.0
1574523474.942766, -276.0
1574523475.71921, -276.0
1574523476.543564, -276.0
1574523477.347649, -276.0
1574523478.165755, -276.0
1574523479.027038, -276.0
1574523479.893478, -276.0
1574523480.764091, -276.0
1574523481.533058, -276.0
1574523482.397724, -276.0
1574523483.261274, -276.0
1574523484.0896, -276.0
1574523484.986367, -276.0
1574523485.813968, -276.0
1574523486.630984, -276.0
1574523487.475529, -276.0
1574523488.316673, -276.0
1574523489.186663, -276.0
1574523490.059808, -276.0
1574523490.903331, -276.0
1574523491.765774, -276.0
1574523492.620412, -276.0
1574523493.455253, -276.0
1574523494.284276, -276.0
1574523495.153558, -276.0
1574523496.026512, -276.0
1574523496.838027, -276.0
1574523497.682189, -276.0
1574523498.544651, -276.0
1574523499.429739, -276.0
1574523500.287257, -276.0
1574523501.142326, -276.0
1574523501.92769, -276.0
1574523502.858968, -276.0
1574523503.686248, -276.0
1574523504.52908, -276.0
1574523505.356368, -276.0
1574523506.20692, -276.0
1574523507.064165, -276.0
1574523507.920492, -276.0
1574523508.761068, -276.0
1574523509.616665, -276.0
1574523510.463564, -276.0
1574523511.267162, -276.0
1574523512.163051, -276.0
1574523513.004757, -276.0
1574523513.834404, -276.0
1574523514.666996, -276.0
1574523515.540991, -276.0
1574523516.322843, -276.0
1574523517.160351, -276.0
1574523518.001079, -276.0
1574523518.799353, -276.0
1574523519.639093, -276.0
1574523520.450566, -276.0
1574523521.266683, -276.0
1574523522.100277, -276.0
1574523522.945313, -276.0
1574523523.80873, -276.0
1574523524.672676, -276.0
1574523525.490115, -276.0
1574523526.338729, -276.0
1574523527.121324, -276.0
1574523527.976195, -276.0
1574523528.781956, -276.0
1574523529.607411, -276.0
1574523530.478954, -276.0
1574523531.344265, -276.0
1574523532.184813, -276.0
1574523533.074159, -276.0
1574523533.916012, -276.0
1574523534.723274, -276.0
1574523535.564828, -276.0
1574523536.426902, -276.0
1574523537.245254, -276.0
1574523538.066216, -276.0
1574523538.906332, -276.0
1574523539.727815, -276.0
1574523540.59641, -276.0
1574523541.426622, -276.0
1574523542.318328, -276.0
1574523543.219691, -276.0
1574523544.004013, -276.0
1574523544.854237, -276.0
1574523545.745364, -276.0
1574523546.596237, -276.0
1574523547.449155, -276.0
1574523548.29256, -276.0
1574523549.154936, -276.0
1574523549.996873, -276.0
1574523550.837476, -276.0
1574523551.678212, -276.0
1574523552.509361, -276.0
1574523553.362932, -276.0
1574523554.221456, -276.0
1574523555.008579, -276.0
1574523555.908515, -276.0
1574523556.741538, -276.0
1574523557.58372, -276.0
1574523558.442258, -276.0
1574523559.294722, -276.0
1574523560.138165, -276.0
1574523560.976047, -276.0
1574523561.809934, -276.0
1574523562.702521, -276.0
1574523563.517073, -276.0
1574523564.341596, -276.0
1574523565.163702, -276.0
1574523565.978394, -276.0
1574523566.849829, -276.0
1574523567.707229, -276.0
1574523568.527816, -276.0
1574523569.373325, -276.0
1574523570.253673, -276.0
1574523571.082987, -276.0
1574523571.883444, -276.0
1574523572.701275, -276.0
1574523573.510997, -276.0
1574523574.419725, -276.0
1574523575.248068, -276.0
1574523576.11646, -276.0
1574523576.944404, -276.0
1574523577.780349, -276.0
1574523578.646979, -276.0
1574523579.523563, -276.0
1574523580.330188, -276.0
1574523581.132945, -276.0
1574523581.989062, -276.0
1574523582.865378, -276.0
1574523583.692998, -276.0
1574523584.600929, -276.0
1574523392.077902, -276.0
1574523392.132649, -276.0
1574523393.037717, -276.0
1574523393.884523, -276.0
1574523394.735103, -276.0
1574523395.599058, -276.0
1574523396.419637, -276.0
1574523397.198578, -276.0
1574523398.033264, -276.0
1574523398.89606, -276.0
1574523399.780821, -276.0
1574523400.569798, -276.0
1574523401.381178, -276.0
1574523402.190791, -276.0
1574523403.042929, -276.0
1574523403.9165, -276.0
1574523404.725533, -276.0
1574523405.567809, -276.0
1574523406.424473, -276.0
1574523407.259492, -276.0
1574523408.078965, -276.0
1574523408.923173, -276.0
1574523409.783182, -276.0
1574523410.650445, -276.0
1574523411.487951, -276.0
1574523412.282446, -276.0
1574523413.064757, -276.0
1574523413.862068, -276.0
1574523414.723595, -276.0
1574523415.582928, -276.0
1574523416.367351, -276.0
1574523417.211145, -276.0
1574523418.068114, -276.0
1574523418.881708, -276.0
1574523419.74091, -276.0
1574523420.568323, -276.0
1574523421.414952, -276.0
1574523422.280377, -276.0
1574523423.16193, -276.0
1574523424.023138, -276.0
1574523424.874906, -276.0
1574523425.70957, -276.0
1574523426.51785, -276.0
1574523427.34571, -276.0
1574523428.223237, -276.0
1574523429.048415, -276.0
1574523429.865194, -276.0
1574523430.722864, -276.0
1574523431.517143, -276.0
1574523432.339412, -276.0
1574523433.165839, -276.0
1574523433.995523, -276.0
1574523434.901188, -276.0
1574523435.739168, -276.0
1574523436.587838, -276.0
1574523437.411962, -276.0
1574523438.249221, -276.0
1574523439.098469, -276.0
1574523439.965078, -276.0
1574523440.790554, -276.0
1574523441.59814, -276.0
1574523442.425999, -276.0
1574523443.245768, -276.0
1574523444.039609, -276.0
1574523444.906845, -276.0
1574523445.754526, -276.0
1574523446.631818, -276.0
1574523447.477995, -276.0
1574523448.316145, -276.0
1574523449.14124, -276.0
1574523450.004642, -276.0
1574523450.838793, -276.0
1574523451.6837, -276.0
1574523452.534952, -276.0
1574523453.360296, -276.0
1574523454.246714, -276.0
1574523455.107933, -276.0
1574523455.891745, -276.0
1574523456.735111, -276.0
1574523457.590124, -276.0
1574523458.400283, -276.0
1574523459.205153, -276.0
1574523460.032439, -276.0
1574523460.870777, -276.0
1574523461.686224, -276.0
1574523462.554133, -276.0
1574523463.366207, -276.0
1574523464.21671, -276.0
1574523465.045309, -276.0
1574523465.89334, -276.0
1574523466.723253, -276.0
1574523467.56845, -276.0
1574523468.44417, -276.0
1574523469.265369, -276.0
1574523470.120087, -276.0
1574523470.974804, -276.0
1574523471.816057, -276.0
1574523472.729227, -276.0
1574523473.611348, -276.0
1574523474.450155, -276.0
1574523475.274277, -276.0
1574523476.108385, -276.0
1574523476.971567, -276.0
1574523477.847578, -276.0
1574523478.701156, -276.0
1574523479.528133, -276.0
1574523480.382968, -276.0
1574523481.220833, -276.0
1574523482.041745, -276.0
1574523482.893993, -276.0
1574523483.682914, -276.0
1574523484.561683, -276.0
1574523485.371739, -276.0
1574523486.187054, -276.0
1574523487.01495, -276.0
1574523487.827712, -276.0
1574523488.654997, -276.0
1574523489.5222, -276.0
1574523490.378205, -276.0
1574523491.148433, -276.0
1574523491.958421, -276.0
1574523492.799623, -276.0
1574523493.628359, -276.0
1574523494.478617, -276.0
1574523495.296987, -276.0
1574523496.182649, -276.0
1574523497.031102, -276.0
1574523497.902047, -276.0
1574523498.730021, -276.0
1574523499.528785, -276.0
1574523500.367017, -276.0
1574523501.2029, -276.0
1574523502.020658, -276.0
1574523502.881816, -276.0
1574523503.72132, -276.0
1574523504.571919, -276.0
1574523505.372752, -276.0
1574523506.168884, -276.0
1574523507.000173, -276.0
1574523507.838489, -276.0
1574523508.674148, -276.0
1574523509.581297, -276.0
1574523510.416599, -276.0
1574523511.216543, -276.0
1574523512.066348, -276.0
1574523512.890993, -276.0
1574523513.713594, -276.0
1574523514.583197, -276.0
1574523515.443573, -276.0
1574523516.297926, -276.0
1574523517.187462, -276.0
1574523518.015386, -276.0
1574523518.846289, -276.0
1574523519.719129, -276.0
1574523520.59671, -276.0
1574523521.404212, -276.0
1574523522.233312, -276.0
1574523523.012604, -276.0
1574523523.862906, -276.0
1574523524.684853, -276.0
1574523525.488, -276.0
1574523526.337096, -276.0
1574523527.168906, -276.0
1574523528.018047, -276.0
1574523528.83759, -276.0
1574523529.672116, -276.0
1574523530.483508, -276.0
1574523531.308717, -276.0
1574523532.143915, -276.0
1574523532.995126, -276.0
1574523533.817874, -276.0
1574523534.624074, -276.0
1574523535.504906, -276.0
1574523536.336193, -276.0
1574523537.218496, -276.0
1574523538.079465, -276.0
1574523538.923566, -276.0
1574523539.732257, -276.0
1574523540.531888, -276.0
1574523541.380034, -276.0
1574523542.244519, -276.0
1574523543.05201, -276.0
1574523543.822566, -276.0
1574523544.65266, -276.0
1574523545.506107, -276.0
1574523546.340565, -276.0
1574523547.233627, -276.0
1574523548.042688, -276.0
1574523548.884863, -276.0
1574523549.732656, -276.0
1574523550.532821, -276.0
1574523551.354757, -276.0
1574523552.208612, -276.0
1574523553.085831, -276.0
1574523553.946002, -276.0
1574523554.834835, -276.0
1574523555.646284, -276.0
1574523556.517385, -276.0
1574523557.388302, -276.0
1574523558.276979, -276.0
1574523559.106137, -276.0
1574523559.906218, -276.0
1574523560.75892, -276.0
1574523561.636008, -276.0
1574523562.412011, -276.0
1574523563.21743, -276.0
1574523564.065045, -276.0
1574523564.882999, -276.0
1574523565.711998, -276.0
1574523566.610903, -276.0
1574523567.438707, -276.0
1574523568.276157, -276.0
1574523569.120496, -276.0
1574523569.943428, -276.0
1574523570.783753, -276.0
1574523571.7147, -276.0
1574523572.566586, -276.0
1574523573.412363, -276.0
1574523574.222932, -276.0
1574523575.104353, -276.0
1574523575.970283, -276.0
1574523576.836704, -276.0
1574523577.682374, -276.0
1574523578.555651, -276.0
1574523579.402132, -276.0
1574523580.244782, -276.0
1574523581.048561, -276.0
1574523581.929654, -276.0
1574523582.794451, -276.0
1574523583.604852, -276.0
1574523584.465154, -276.0
1574523585.274247, -276.0
1574523586.176714, -276.0
1574523587.043118, -276.0
1574523587.886094, -276.0
1574523588.729906, -276.0
1574523589.568188, -276.0
1574523590.373015, -276.0
1574523591.205248, -276.0
1574523592.091203, -276.0
1574523592.924141, -276.0
1574523593.718928, -276.0
1574523594.576943, -276.0
1574523595.427149, -276.0
1574523596.268447, -276.0
1574523597.093403, -276.0
1574523597.95222, -276.0
1574523598.787106, -276.0
1574523599.629877, -276.0
1574523600.419425, -276.0
1574523392.771315, -276.0
1574523392.828039, -276.0
1574523392.882098, -276.0
1574523392.935604, -276.0
1574523392.989166, -276.0
1574523393.043767, -276.0
1574523393.097199, -276.0
1574523393.150881, -276.0
1574523393.205282, -276.0
1574523393.265848, -276.0
1574523393.328282, -276.0
1574523393.383242, -276.0
1574523394.269015, -276.0
1574523395.638176, -276.0
1574523395.694126, -276.0
1574523395.752358, -276.0
1574523395.811048, -276.0
1574523395.873156, -276.0
1574523395.935516, -276.0
1574523395.997904, -276.0
1574523396.060136, -276.0
1574523396.122635, -276.0
1574523396.181615, -276.0
1574523396.244053, -276.0
1574523396.306877, -276.0
1574523396.361063, -276.0
1574523397.217828, -276.0
1574523398.111451, -276.0
1574523398.927699, -276.0
1574523399.768527, -276.0
1574523400.64147, -276.0
1574523401.462826, -276.0
1574523402.262168, -276.0
1574523403.06686, -276.0
1574523403.932842, -276.0
1574523404.746592, -276.0
1574523405.580998, -276.0
1574523406.436098, -276.0
1574523407.230471, -276.0
1574523408.024345, -276.0
1574523408.873528, -276.0
1574523409.736304, -276.0
1574523410.529812, -276.0
1574523411.387967, -276.0
1574523412.238783, -276.0
1574523413.100796, -276.0
1574523413.94841, -276.0
1574523414.787553, -276.0
1574523415.607734, -276.0
1574523416.452808, -276.0
1574523417.319182, -276.0
1574523418.128995, -276.0
1574523418.935426, -276.0
1574523419.78508, -276.0
1574523420.624811, -276.0
1574523421.456586, -276.0
1574523422.317789, -276.0
1574523423.152448, -276.0
1574523423.967328, -276.0
1574523424.84563, -276.0
1574523425.662816, -276.0
1574523426.496261, -276.0
1574523427.397583, -276.0
1574523428.267826, -276.0
1574523429.086862, -276.0
1574523429.939105, -276.0
1574523430.748427, -276.0
1574523431.606594, -276.0
1574523432.481545, -276.0
1574523433.311045, -276.0
1574523434.101998, -276.0
1574523434.938926, -276.0
1574523435.775819, -276.0
1574523436.566726, -276.0
1574523437.381409, -276.0
1574523438.253381, -276.0
1574523439.074084, -276.0
1574523439.958514, -276.0
1574523440.826171, -276.0
1574523441.658069, -276.0
1574523442.478598, -276.0
1574523443.296802, -276.0
1574523444.167843, -276.0
1574523445.007085, -276.0
1574523445.835291, -276.0
1574523446.646274, -276.0
1574523447.47825, -276.0
1574523448.309831, -276.0
1574523449.162361, -276.0
1574523450.004452, -276.0
1574523450.81795, -276.0
1574523451.683786, -276.0
1574523452.557182, -276.0
1574523453.336794, -276.0
1574523454.15115, -276.0
1574523454.967917, -276.0
1574523455.836827, -276.0
1574523456.652764, -276.0
1574523457.481193, -276.0
1574523458.289154, -276.0
1574523459.131775, -276.0
1574523459.934122, -276.0
1574523460.783521, -276.0
1574523461.664965, -276.0
1574523462.476808, -276.0
1574523463.336944, -276.0
1574523464.206574, -276.0
1574523465.056752, -276.0
1574523465.916077, -276.0
1574523466.778849, -276.0
1574523467.678579, -276.0
1574523468.544141, -276.0
1574523469.366893, -276.0
1574523470.202336, -276.0
1574523471.062522, -276.0
1574523471.878909, -276.0
1574523472.803862, -276.0
1574523473.67803, -276.0
1574523474.485921, -276.0
1574523475.347942, -276.0
1574523476.162921, -276.0
1574523477.024482, -276.0
1574523477.867104, -276.0
1574523478.749481, -276.0
1574523479.583687, -276.0
1574523480.446965, -276.0
1574523481.281533, -276.0
1574523482.168154, -276.0
1574523483.037521, -276.0
1574523483.845568, -276.0
1574523484.696232, -276.0
1574523485.511427, -276.0
1574523486.292048, -276.0
1574523487.106851, -276.0
1574523487.965408, -276.0
1574523488.790038, -276.0
1574523489.608964, -276.0
1574523490.42267, -276.0
1574523491.331982, -276.0
1574523492.156001, -276.0
1574523492.965573, -276.0
1574523493.814951, -276.0
1574523494.672427, -276.0
1574523495.490817, -276.0
1574523496.363062, -276.0
1574523497.204826, -276.0
1574523498.036475, -276.0
1574523498.884064, -276.0
1574523499.674859, -276.0
1574523500.544075, -276.0
1574523501.365549, -276.0
1574523502.258556, -276.0
1574523503.143936, -276.0
1574523503.939479, -276.0
1574523504.718693, -276.0
1574523505.522206, -276.0
1574523506.3292, -276.0
1574523507.170269, -276.0
1574523508.02053, -276.0
1574523508.883693, -276.0
1574523509.778707, -276.0
1574523510.576781, -276.0
1574523511.370108, -276.0
1574523512.232706, -276.0
1574523513.075136, -276.0
1574523513.869475, -276.0
1574523514.726502, -276.0
1574523515.554367, -276.0
1574523516.3872, -276.0
1574523517.267185, -276.0
1574523518.095339, -276.0
1574523518.927783, -276.0
1574523519.853208, -276.0
1574523520.700114, -276.0
1574523521.503162, -276.0
1574523522.327208, -276.0
1574523523.176981, -276.0
1574523524.005354, -276.0
1574523524.811663, -276.0
1574523525.63995, -276.0
1574523526.525455, -276.0
1574523527.348511, -276.0
1574523528.197232, -276.0
1574523529.017313, -276.0
1574523529.854328, -276.0
1574523530.665236, -276.0
1574523531.506958, -276.0
1574523532.346071, -276.0
1574523533.197687, -276.0
1574523534.019746, -276.0
1574523534.843834, -276.0
1574523535.700438, -276.0
1574523536.530745, -276.0
1574523537.414169, -276.0
1574523538.282808, -276.0
1574523539.132754, -276.0
1574523539.918213, -276.0
1574523540.750903, -276.0
1574523541.583583, -276.0
1574523542.403426, -276.0
1574523543.227996, -276.0
1574523544.060939, -276.0
1574523544.899891, -276.0
1574523545.765163, -276.0
1574523546.598288, -276.0
1574523547.452904, -276.0
1574523548.257771, -276.0
1574523549.100666, -276.0
1574523549.926744, -276.0
1574523550.771958, -276.0
1574523551.573618, -276.0
1574523552.441708, -276.0
1574523553.320904, -276.0
1574523554.144602, -276.0
1574523554.924799, -276.0
1574523555.740494, -276.0
1574523556.582368, -276.0
1574523557.445177, -276.0
1574523558.228877, -276.0
1574523559.052464, -276.0
1574523559.917055, -276.0
1574523560.764834, -276.0
1574523561.604377, -276.0
1574523562.423965, -276.0
1574523563.244174, -276.0
1574523564.087919, -276.0
1574523564.93918, -276.0
1574523565.770181, -276.0
1574523566.648558, -276.0
1574523567.496683, -276.0
1574523568.306108, -276.0
1574523569.157213, -276.0
1574523570.020666, -276.0
1574523570.800994, -276.0
1574523571.620631, -276.0
1574523572.470741, -276.0
1574523573.367337, -276.0
1574523574.167071, -276.0
1574523575.014292, -276.0
1574523575.890162, -276.0
1574523576.726328, -276.0
1574523577.58757, -276.0
1574523578.48369, -276.0
1574523579.322923, -276.0
1574523580.137952, -276.0
1574523580.946581, -276.0
1574523581.8502, -276.0
1574523582.680663, -276.0
1574523583.549122, -276.0
1574523584.379256, -276.0
1574523392.809798, -276.0
1574523392.866099, -276.0
1574523392.919943, -276.0
1574523392.972919, -276.0
1574523393.026488, -276.0
1574523393.080577, -276.0
1574523393.133792, -276.0
1574523393.186852, -276.0
1574523393.240755, -276.0
1574523393.301671, -276.0
1574523393.362416, -276.0
1574523393.417403, -276.0
1574523394.386318, -276.0
1574523395.850135, -276.0
1574523395.906741, -276.0
1574523395.964865, -276.0
1574523396.023428, -276.0
1574523396.086014, -276.0
1574523396.14872, -276.0
1574523396.211558, -276.0
1574523396.273858, -276.0
1574523396.336293, -276.0
1574523396.395973, -276.0
1574523396.458383, -276.0
1574523396.52088, -276.0
1574523397.651601, -276.0
1574523398.456633, -276.0
1574523399.314121, -276.0
1574523400.169649, -276.0
1574523401.007747, -276.0
1574523401.852175, -276.0
1574523402.670019, -276.0
1574523403.471922, -276.0
1574523404.26509, -276.0
1574523405.088969, -276.0
1574523405.952028, -276.0
1574523406.748499, -276.0
1574523407.60426, -276.0
1574523408.428008, -276.0
1574523409.259042, -276.0
1574523410.063765, -276.0
1574523410.909382, -276.0
1574523411.769195, -276.0
1574523412.562699, -276.0
1574523413.366247, -276.0
1574523414.160217, -276.0
1574523414.944712, -276.0
1574523415.804455, -276.0
1574523416.606787, -276.0
1574523417.386483, -276.0
1574523418.185782, -276.0
1574523419.035262, -276.0
1574523419.869822, -276.0
1574523420.675454, -276.0
1574523421.505292, -276.0
1574523422.289167, -276.0
1574523423.130154, -276.0
1574523424.012945, -276.0
1574523424.887322, -276.0
1574523425.772058, -276.0
1574523426.626998, -276.0
1574523427.445201, -276.0
1574523428.313704, -276.0
1574523429.210778, -276.0
1574523430.072279, -276.0
1574523430.898039, -276.0
1574523431.742159, -276.0
1574523432.55506, -276.0
1574523433.349542, -276.0
1574523434.19702, -276.0
1574523435.042813, -276.0
1574523435.913803, -276.0
1574523436.73814, -276.0
1574523437.589977, -276.0
1574523438.373683, -276.0
1574523439.206544, -276.0
1574523440.073068, -276.0
1574523440.92174, -276.0
1574523441.786351, -276.0
1574523442.62013, -276.0
1574523443.448102, -276.0
1574523444.298216, -276.0
1574523445.120814, -276.0
1574523445.949347, -276.0
1574523446.809288, -276.0
1574523447.693745, -276.0
1574523448.501956, -276.0
1574523449.335874, -276.0
1574523450.175249, -276.0
1574523451.047295, -276.0
1574523451.863175, -276.0
1574523452.716683, -276.0
1574523453.523468, -276.0
1574523454.311421, -276.0
1574523455.177559, -276.0
1574523456.050246, -276.0
1574523456.842862, -276.0
1574523457.681779, -276.0
1574523458.48894, -276.0
1574523459.320223, -276.0
1574523460.148967, -276.0
1574523461.014078, -276.0
1574523461.833958, -276.0
1574523462.699894, -276.0
1574523463.563388, -276.0
1574523464.406327, -276.0
1574523465.234876, -276.0
1574523466.046144, -276.0
1574523466.871593, -276.0
1574523467.654823, -276.0
1574523468.494057, -276.0
1574523469.321529, -276.0
1574523470.123853, -276.0
1574523470.983432, -276.0
1574523471.836247, -276.0
1574523472.688578, -276.0
1574523473.610343, -276.0
1574523474.465927, -276.0
1574523475.300342, -276.0
1574523476.118945, -276.0
1574523476.93037, -276.0
1574523477.754609, -276.0
1574523478.592778, -276.0
1574523479.470473, -276.0
1574523480.297087, -276.0
1574523481.147659, -276.0
1574523481.978036, -276.0
1574523482.829587, -276.0
1574523483.701958, -276.0
1574523484.480423, -276.0
1574523485.277729, -276.0
1574523486.123656, -276.0
1574523486.950953, -276.0
1574523487.808892, -276.0
1574523488.638059, -276.0
1574523489.506754, -276.0
1574523490.342942, -276.0
1574523491.187163, -276.0
1574523491.996504, -276.0
1574523492.837307, -276.0
1574523493.636323, -276.0
1574523494.501289, -276.0
1574523495.335879, -276.0
1574523496.149279, -276.0
1574523496.986173, -276.0
1574523497.812367, -276.0
1574523498.638738, -276.0
1574523499.454258, -276.0
1574523500.286449, -276.0
1574523501.120906, -276.0
1574523501.938997, -276.0
1574523502.923189, -276.0
1574523503.740304, -276.0
1574523504.613787, -276.0
1574523505.359076, -276.0
1574523506.175826, -276.0
1574523506.986516, -276.0
1574523507.837776, -276.0
1574523508.650128, -276.0
1574523509.506785, -276.0
1574523510.387695, -276.0
1574523511.185448, -276.0
1574523511.9852, -276.0
1574523512.828279, -276.0
1574523513.651232, -276.0
1574523514.485738, -276.0
1574523515.330281, -276.0
1574523516.192996, -276.0
1574523517.018425, -276.0
1574523517.896688, -276.0
1574523518.724962, -276.0
1574523519.536483, -276.0
1574523520.436242, -276.0
1574523521.307836, -276.0
1574523522.141738, -276.0
1574523522.970122, -276.0
1574523523.760933, -276.0
1574523524.600951, -276.0
1574523525.419352, -276.0
1574523526.241376, -276.0
1574523527.105915, -276.0
1574523527.974983, -276.0
1574523528.802312, -276.0
1574523529.613837, -276.0
1574523530.45199, -276.0
1574523531.275978, -276.0
1574523532.131171, -276.0
1574523532.953943, -276.0
1574523533.810093, -276.0
1574523534.657558, -276.0
1574523535.484517, -276.0
1574523536.362993, -276.0
1574523537.213998, -276.0
1574523538.099734, -276.0
1574523538.960703, -276.0
1574523539.814915, -276.0
1574523540.625698, -276.0
1574523541.472098, -276.0
1574523542.322779, -276.0
1574523543.165023, -276.0
1574523543.975791, -276.0
1574523544.783919, -276.0
1574523545.594762, -276.0
1574523546.456233, -276.0
1574523547.334752, -276.0
1574523548.210497, -276.0
1574523549.018653, -276.0
1574523549.875009, -276.0
1574523550.717249, -276.0
1574523551.547425, -276.0
1574523552.337374, -276.0
1574523553.187105, -276.0
1574523554.06334, -276.0
1574523554.897089, -276.0
1574523555.842573, -276.0
1574523556.663772, -276.0
1574523557.528843, -276.0
1574523558.393026, -276.0
1574523559.214636, -276.0
1574523560.046422, -276.0
1574523560.91148, -276.0
1574523561.744614, -276.0
1574523562.589872, -276.0
1574523563.474007, -276.0
1574523564.311899, -276.0
1574523565.165968, -276.0
1574523566.009341, -276.0
1574523566.81506, -276.0
1574523567.678226, -276.0
1574523568.492838, -276.0
1574523569.277502, -276.0
1574523570.111735, -276.0
1574523570.952873, -276.0
1574523571.749865, -276.0
1574523572.609807, -276.0
1574523573.410559, -276.0
1574523574.29787, -276.0
1574523575.110063, -276.0
1574523575.953281, -276.0
1574523576.799717, -276.0
1574523577.661129, -276.0
1574523578.536647, -276.0
1574523579.408878, -276.0
1574523580.207851, -276.0
1574523581.035318, -276.0
1574523581.882567, -276.0
1574523582.747886, -276.0
1574523583.591355, -276.0
1574523584.46642, -276.0
1574523585.330557, -276.0
1574523585.198258, -276.0
1574523585.91459, -276.0
1574523586.710971, -276.0
1574523587.529606, -276.0
1574523588.243925, -276.0
1574523588.962153, -276.0
1574523589.734694, -276.0
1574523590.533312, -276.0
1574523591.280792, -276.0
1574523592.134338, -276.0
1574523592.963042, -276.0
1574523593.838039, -276.0
1574523594.724358, -276.0
1574523595.607436, -276.0
1574523596.448034, -276.0
1574523597.306934, -276.0
1574523598.136811, -276.0
1574523598.939612, -276.0
1574523599.802591, -276.0
1574523600.595721, -276.0
1574523601.414199, -276.0
1574523602.227736, -276.0
1574523603.112272, -276.0
1574523603.965587, -276.0
1574523604.833075, -276.0
1574523605.673293, -276.0
1574523606.531655, -276.0
1574523607.362906, -276.0
1574523608.237508, -276.0
1574523609.084534, -276.0
1574523609.99431, -276.0
1574523610.836408, -276.0
1574523611.68356, -276.0
1574523612.509108, -276.0
1574523613.344654, -276.0
1574523614.160792, -276.0
1574523614.998008, -276.0
1574523615.839368, -276.0
1574523616.776366, -276.0
1574523617.624891, -276.0
1574523618.498439, -276.0
1574523619.357679, -276.0
1574523620.195603, -276.0
1574523621.06661, -276.0
1574523621.957887, -276.0
1574523622.826453, -276.0
1574523623.725153, -276.0
1574523624.583941, -276.0
1574523625.461254, -276.0
1574523626.266557, -276.0
1574523627.107274, -276.0
1574523627.951326, -276.0
1574523628.769426, -276.0
1574523629.6106, -276.0
1574523630.464126, -276.0
1574523631.294354, -276.0
1574523632.11021, -276.0
1574523632.946549, -276.0
1574523633.831925, -276.0
1574523634.644127, -276.0
1574523635.480957, -276.0
1574523636.310814, -276.0
1574523637.172988, -276.0
1574523638.037326, -276.0
1574523638.861865, -276.0
1574523639.728028, -276.0
1574523640.570842, -276.0
1574523641.390004, -276.0
1574523642.247708, -276.0
1574523643.093534, -276.0
1574523644.000051, -276.0
1574523644.82247, -276.0
1574523645.688332, -276.0
1574523646.513395, -276.0
1574523647.340132, -276.0
1574523648.205996, -276.0
1574523649.064617, -276.0
1574523649.888318, -276.0
1574523650.691529, -276.0
1574523651.548612, -276.0
1574523652.39467, -276.0
1574523653.208762, -276.0
1574523654.05526, -276.0
1574523654.93801, -276.0
1574523655.825879, -276.0
1574523656.667009, -276.0
1574523657.515858, -276.0
1574523658.331582, -276.0
1574523659.170231, -276.0
1574523660.015236, -276.0
1574523660.852786, -276.0
1574523661.647113, -276.0
1574523662.464899, -276.0
1574523663.295008, -276.0
1574523664.141075, -276.0
1574523664.926353, -276.0
1574523665.684335, -276.0
1574523666.498415, -276.0
1574523667.329595, -276.0
1574523668.170852, -276.0
1574523669.02768, -276.0
1574523669.851676, -276.0
1574523670.704235, -276.0
1574523671.575402, -276.0
1574523672.396947, -276.0
1574523673.234198, -276.0
1574523674.071037, -276.0
1574523674.890543, -276.0
1574523675.759008, -276.0
1574523676.624658, -276.0
1574523677.551875, -276.0
1574523678.430333, -276.0
1574523679.240816, -276.0
1574523680.092958, -276.0
1574523680.934171, -276.0
1574523681.846354, -276.0
1574523682.637502, -276.0
1574523683.464285, -276.0
1574523684.271328, -276.0
1574523685.095236, -276.0
1574523685.908291, -276.0
1574523686.725585, -276.0
1574523687.576555, -276.0
1574523688.403076, -276.0
1574523689.244781, -276.0
1574523690.075429, -276.0
1574523690.932808, -276.0
1574523691.782148, -276.0
1574523692.641842, -276.0
1574523693.475905, -276.0
1574523694.283499, -276.0
1574523695.18513, -276.0
1574523696.054312, -276.0
1574523696.900551, -276.0
1574523697.741552, -276.0
1574523698.611753, -276.0
1574523699.46363, -276.0
1574523700.281021, -276.0
1574523701.128611, -276.0
1574523701.968048, -276.0
1574523702.802684, -276.0
1574523703.659391, -276.0
1574523704.525979, -276.0
1574523705.327179, -276.0
1574523706.180848, -276.0
1574523707.045583, -276.0
1574523707.952504, -276.0
1574523708.783566, -276.0
1574523709.6346, -276.0
1574523710.430515, -276.0
1574523711.268964, -276.0
1574523712.162429, -276.0
1574523712.995249, -276.0
1574523713.810961, -276.0
1574523714.642825, -276.0
1574523715.456145, -276.0
1574523716.267076, -276.0
1574523717.147471, -276.0
1574523717.95115, -276.0
1574523718.787685, -276.0
1574523719.591727, -276.0
1574523720.409438, -276.0
1574523721.256602, -276.0
1574523722.125286, -276.0
1574523722.909931, -276.0
1574523723.761843, -276.0
1574523724.582809, -276.0
1574523725.494211, -276.0
1574523726.331577, -276.0
1574523727.125567, -276.0
1574523727.94729, -276.0
1574523728.827072, -276.0
1574523729.661263, -276.0
1574523730.494698, -276.0
1574523731.354141, -276.0
1574523732.217934, -276.0
1574523733.041575, -276.0
1574523733.91367, -276.0
1574523734.802917, -276.0
1574523735.646116, -276.0
1574523736.472183, -276.0
1574523737.317505, -276.0
1574523738.179812, -276.0
1574523739.049495, -276.0
1574523739.865994, -276.0
1574523740.751071, -276.0
1574523741.607872, -276.0
1574523742.434856, -276.0
1574523743.275488, -276.0
1574523744.177376, -276.0
1574523745.015923, -276.0
1574523745.888375, -276.0
1574523746.805898, -276.0
1574523747.632715, -276.0
1574523748.422444, -276.0
1574523749.277098, -276.0
1574523750.051006, -276.0
1574523750.83749, -276.0
1574523751.684644, -276.0
1574523752.508605, -276.0
1574523753.336776, -276.0
1574523754.152058, -276.0
1574523755.002661, -276.0
1574523755.792681, -276.0
1574523756.619808, -276.0
1574523757.504887, -276.0
1574523758.366616, -276.0
1574523759.182991, -276.0
1574523760.031767, -276.0
1574523760.814072, -276.0
1574523761.630789, -276.0
1574523762.432998, -276.0
1574523763.276756, -276.0
1574523764.133427, -276.0
1574523764.992673, -276.0
1574523765.763615, -276.0
1574523766.58072, -276.0
1574523767.451927, -276.0
1574523768.336521, -276.0
1574523769.224914, -276.0
1574523770.090699, -276.0
1574523770.895109, -276.0
1574523771.695872, -276.0
1574523772.547462, -276.0
1574523773.45146, -276.0
1574523774.309006, -276.0
1574523775.104304, -276.0
1574523775.963531, -276.0
1574523776.833286, -276.0
1574523777.654108, -276.0
1574523778.49751, -276.0
1574523779.317279, -276.0
1574523779.370899, -276.0
1574523780.189469, -276.0
1574523781.030303, -276.0
1574523781.904495, -276.0
1574523782.789346, -276.0
1574523783.617712, -276.0
1574523784.471005, -276.0
1574523785.286898, -276.0
1574523786.121245, -276.0
1574523786.983236, -276.0
1574523787.832556, -276.0
1574523788.687994, -276.0
1574523789.504881, -276.0
1574523790.341827, -276.0
1574523791.171238, -276.0
1574523792.007636, -276.0
1574523792.854296, -276.0
1574523793.68494, -276.0
1574523585.464965, -276.0
1574523586.463314, -276.0
1574523586.523791, -276.0
1574523586.57732, -276.0
1574523586.630453, -276.0
1574523586.68384, -276.0
1574523586.737728, -276.0
1574523586.791462, -276.0
1574523586.853213, -276.0
1574523586.907226, -276.0
1574523587.721642, -276.0
1574523588.594489, -276.0
1574523589.455449, -276.0
1574523590.30218, -276.0
1574523591.112408, -276.0
1574523591.959223, -276.0
1574523592.880565, -276.0
1574523593.693092, -276.0
1574523594.5307, -276.0
1574523595.391629, -276.0
1574523596.228632, -276.0
1574523597.078687, -276.0
1574523597.897867, -276.0
1574523598.739766, -276.0
1574523599.561866, -276.0
1574523600.384515, -276.0
1574523601.216796, -276.0
1574523602.09601, -276.0
1574523602.917865, -276.0
1574523603.762619, -276.0
1574523604.640165, -276.0
1574523605.475869, -276.0
1574523606.328662, -276.0
1574523607.23561, -276.0
1574523608.056583, -276.0
1574523608.875133, -276.0
1574523609.731006, -276.0
1574523610.612211, -276.0
1574523611.458938, -276.0
1574523612.315132, -276.0
1574523613.158249, -276.0
1574523614.025918, -276.0
1574523614.957045, -276.0
1574523615.887966, -276.0
1574523616.766086, -276.0
1574523617.64512, -276.0
1574523618.443971, -276.0
1574523619.280198, -276.0
1574523620.058835, -276.0
1574523620.887013, -276.0
1574523621.704443, -276.0
1574523622.491812, -276.0
1574523623.328913, -276.0
1574523624.194005, -276.0
1574523625.075414, -276.0
1574523625.897705, -276.0
1574523626.738181, -276.0
1574523627.587962, -276.0
1574523628.515588, -276.0
1574523629.383351, -276.0
1574523630.211049, -276.0
1574523631.026002, -276.0
1574523631.893894, -276.0
1574523632.758534, -276.0
1574523633.548393, -276.0
1574523634.407719, -276.0
1574523635.188377, -276.0
1574523636.05467, -276.0
1574523636.901504, -276.0
1574523637.746029, -276.0
1574523638.645844, -276.0
1574523639.500334, -276.0
1574523640.335325, -276.0
1574523641.182563, -276.0
1574523642.06276, -276.0
1574523642.958979, -276.0
1574523643.80613, -276.0
1574523644.641751, -276.0
1574523645.487525, -276.0
1574523646.271964, -276.0
1574523647.147856, -276.0
1574523648.025605, -276.0
1574523648.897266, -276.0
1574523649.757491, -276.0
1574523650.638908, -276.0
1574523651.449707, -276.0
1574523652.211908, -276.0
1574523653.073535, -276.0
1574523653.868991, -276.0
1574523654.686847, -276.0
1574523655.555591, -276.0
1574523656.349545, -276.0
1574523657.181303, -276.0
1574523658.04135, -276.0
1574523658.851679, -276.0
1574523659.728063, -276.0
1574523660.643015, -276.0
1574523661.508296, -276.0
1574523662.374395, -276.0
1574523663.190838, -276.0
1574523664.111342, -276.0
1574523665.063931, -276.0
1574523665.870474, -276.0
1574523666.686756, -276.0
1574523667.484503, -276.0
1574523668.307218, -276.0
1574523669.15934, -276.0
1574523670.035846, -276.0
1574523670.90485, -276.0
1574523671.791073, -276.0
1574523672.610365, -276.0
1574523673.425193, -276.0
1574523674.256893, -276.0
1574523675.086502, -276.0
1574523675.930408, -276.0
1574523676.777056, -276.0
1574523677.625944, -276.0
1574523678.409847, -276.0
1574523679.286313, -276.0
1574523680.121887, -276.0
1574523680.974278, -276.0
1574523681.809488, -276.0
1574523682.607676, -276.0
1574523683.414998, -276.0
1574523684.244738, -276.0
1574523685.097009, -276.0
1574523685.883247, -276.0
1574523686.74987, -276.0
1574523687.582902, -276.0
1574523688.387607, -276.0
1574523689.21553, -276.0
1574523690.074609, -276.0
1574523690.91626, -276.0
1574523691.796097, -276.0
1574523692.683964, -276.0
1574523693.511916, -276.0
1574523694.338481, -276.0
1574523695.190818, -276.0
1574523696.014588, -276.0
1574523696.880544, -276.0
1574523697.773813, -276.0
1574523698.580869, -276.0
1574523699.430956, -276.0
1574523700.306572, -276.0
1574523701.119692, -276.0
1574523701.969953, -276.0
1574523702.789347, -276.0
1574523703.589758, -276.0
1574523704.428135, -276.0
1574523705.224147, -276.0
1574523706.05195, -276.0
1574523706.914501, -276.0
1574523707.730386, -276.0
1574523708.616051, -276.0
1574523709.45095, -276.0
1574523710.360608, -276.0
1574523711.208559, -276.0
1574523712.056425, -276.0
1574523712.860152, -276.0
1574523713.725387, -276.0
1574523714.598558, -276.0
1574523715.451035, -276.0
1574523716.337901, -276.0
1574523717.267589, -276.0
1574523718.074006, -276.0
1574523718.913827, -276.0
1574523719.744775, -276.0
1574523720.643903, -276.0
1574523721.439109, -276.0
1574523722.280976, -276.0
1574523723.115269, -276.0
1574523723.95601, -276.0
1574523724.767029, -276.0
1574523725.637031, -276.0
1574523726.451998, -276.0
1574523727.296108, -276.0
1574523728.111433, -276.0
1574523728.931498, -276.0
1574523729.724605, -276.0
1574523730.602685, -276.0
1574523731.424126, -276.0
1574523732.220635, -276.0
1574523733.107281, -276.0
1574523733.943693, -276.0
1574523734.74699, -276.0
1574523735.563036, -276.0
1574523736.390588, -276.0
1574523737.238473, -276.0
1574523738.096941, -276.0
1574523738.967803, -276.0
1574523739.834724, -276.0
1574523740.768729, -276.0
1574523741.624001, -276.0
1574523742.503046, -276.0
1574523743.323325, -276.0
1574523744.150176, -276.0
1574523745.020295, -276.0
1574523745.854393, -276.0
1574523746.677071, -276.0
1574523747.525047, -276.0
1574523748.380981, -276.0
1574523749.221673, -276.0
1574523750.106865, -276.0
1574523750.964482, -276.0
1574523751.789484, -276.0
1574523752.623339, -276.0
1574523753.471953, -276.0
1574523754.285176, -276.0
1574523755.118261, -276.0
1574523755.939151, -276.0
1574523756.769094, -276.0
1574523757.599486, -276.0
1574523758.489425, -276.0
1574523759.365774, -276.0
1574523760.21423, -276.0
1574523761.066241, -276.0
1574523761.884355, -276.0
1574523762.704408, -276.0
1574523763.615946, -276.0
1574523764.456817, -276.0
1574523765.265408, -276.0
1574523766.113137, -276.0
1574523766.965675, -276.0
1574523767.773659, -276.0
1574523768.591757, -276.0
1574523769.438825, -276.0
1574523770.287305, -276.0
1574523771.136333, -276.0
1574523771.997263, -276.0
1574523772.814313, -276.0
1574523773.640466, -276.0
1574523774.465877, -276.0
1574523775.360885, -276.0
1574523776.20904, -276.0
1574523777.018255, -276.0
1574523777.877081, -276.0
1574523778.735546, -276.0
1574523779.563113, -276.0
1574523780.38018, -276.0
1574523781.231954, -276.0
1574523782.062177, -276.0
1574523782.899074, -276.0
1574523783.779254, -276.0
1574523784.612375, -276.0
1574523785.446681, -276.0
1574523786.270826, -276.0
1574523787.088042, -276.0
1574523787.905603, -276.0
1574523788.763339, -276.0
1574523789.58633, -276.0
1574523586.454224, -276.0
1574523586.511862, -276.0
1574523586.567136, -276.0
1574523586.622673, -276.0
1574523586.677548, -276.0
1574523586.731243, -276.0
1574523586.78516, -276.0
1574523586.841913, -276.0
1574523587.914444, -276.0
1574523588.789113, -276.0
1574523589.659844, -276.0
1574523590.462241, -276.0
1574523591.304314, -276.0
1574523592.134601, -276.0
1574523592.981239, -276.0
1574523593.803049, -276.0
1574523594.640569, -276.0
1574523595.547044, -276.0
1574523596.375511, -276.0
1574523597.276553, -276.0
1574523598.075168, -276.0
1574523598.919838, -276.0
1574523599.762576, -276.0
1574523600.584833, -276.0
1574523601.455151, -276.0
1574523602.302025, -276.0
1574523603.131866, -276.0
1574523603.926079, -276.0
1574523604.774522, -276.0
1574523605.600692, -276.0
1574523606.406919, -276.0
1574523607.265622, -276.0
1574523608.130893, -276.0
1574523608.94462, -276.0
1574523609.747767, -276.0
1574523610.628754, -276.0
1574523611.48729, -276.0
1574523612.288627, -276.0
1574523613.192824, -276.0
1574523614.05783, -276.0
1574523614.879559, -276.0
1574523615.667171, -276.0
1574523616.505088, -276.0
1574523617.361304, -276.0
1574523618.222178, -276.0
1574523619.016955, -276.0
1574523619.880475, -276.0
1574523620.647686, -276.0
1574523621.518723, -276.0
1574523622.439176, -276.0
1574523623.252601, -276.0
1574523624.146488, -276.0
1574523624.982358, -276.0
1574523625.820144, -276.0
1574523626.650141, -276.0
1574523627.456671, -276.0
1574523628.290275, -276.0
1574523629.207051, -276.0
1574523630.09273, -276.0
1574523630.907223, -276.0
1574523631.784087, -276.0
1574523632.669637, -276.0
1574523633.487941, -276.0
1574523634.34094, -276.0
1574523635.16904, -276.0
1574523636.001827, -276.0
1574523636.799826, -276.0
1574523637.618156, -276.0
1574523638.474894, -276.0
1574523639.325777, -276.0
1574523640.223171, -276.0
1574523641.016861, -276.0
1574523641.885311, -276.0
1574523642.766993, -276.0
1574523643.55576, -276.0
1574523644.405924, -276.0
1574523645.29154, -276.0
1574523646.09993, -276.0
1574523646.971094, -276.0
1574523647.871122, -276.0
1574523648.69554, -276.0
1574523649.55921, -276.0
1574523650.385739, -276.0
1574523651.203715, -276.0
1574523652.031531, -276.0
1574523652.84081, -276.0
1574523653.715223, -276.0
1574523654.544745, -276.0
1574523655.369164, -276.0
1574523656.195368, -276.0
1574523657.036711, -276.0
1574523657.848184, -276.0
1574523658.673344, -276.0
1574523659.481906, -276.0
1574523660.371034, -276.0
1574523661.184573, -276.0
1574523662.030937, -276.0
1574523662.885987, -276.0
1574523662.940038, -276.0
1574523663.815396, -276.0
1574523664.676013, -276.0
1574523665.55675, -276.0
1574523666.393935, -276.0
1574523667.238596, -276.0
1574523668.091689, -276.0
1574523668.970935, -276.0
1574523669.826856, -276.0
1574523670.658481, -276.0
1574523671.45826, -276.0
1574523672.281097, -276.0
1574523673.100092, -276.0
1574523673.91183, -276.0
1574523674.754706, -276.0
1574523675.558881, -276.0
1574523676.377067, -276.0
1574523677.235863, -276.0
1574523678.0313, -276.0
1574523678.902254, -276.0
1574523679.790254, -276.0
1574523680.696698, -276.0
1574523681.510748, -276.0
1574523682.374444, -276.0
1574523683.192999, -276.0
1574523684.06428, -276.0
1574523684.919485, -276.0
1574523685.684183, -276.0
1574523686.535253, -276.0
1574523687.389057, -276.0
1574523688.27294, -276.0
1574523689.038954, -276.0
1574523689.880722, -276.0
1574523690.705416, -276.0
1574523691.588722, -276.0
1574523692.456309, -276.0
1574523693.25129, -276.0
1574523694.084899, -276.0
1574523694.998026, -276.0
1574523695.847007, -276.0
1574523696.677991, -276.0
1574523697.501393, -276.0
1574523698.300673, -276.0
1574523699.169249, -276.0
1574523700.006994, -276.0
1574523700.857083, -276.0
1574523701.715233, -276.0
1574523702.626721, -276.0
1574523703.467716, -276.0
1574523704.330913, -276.0
1574523705.194029, -276.0
1574523706.035811, -276.0
1574523706.881078, -276.0
1574523707.719203, -276.0
1574523708.50203, -276.0
1574523709.380078, -276.0
1574523710.181151, -276.0
1574523711.011197, -276.0
1574523711.84619, -276.0
1574523712.655557, -276.0
1574523713.514993, -276.0
1574523714.356819, -276.0
1574523715.2038, -276.0
1574523716.074191, -276.0
1574523716.934156, -276.0
1574523717.801495, -276.0
1574523718.645773, -276.0
1574523719.457205, -276.0
1574523720.302846, -276.0
1574523721.113089, -276.0
1574523721.971411, -276.0
1574523722.791705, -276.0
1574523723.567388, -276.0
1574523724.449816, -276.0
1574523725.288696, -276.0
1574523726.095959, -276.0
1574523726.961727, -276.0
1574523727.805971, -276.0
1574523728.630446, -276.0
1574523729.444557, -276.0
1574523730.308502, -276.0
1574523731.181325, -276.0
1574523732.001275, -276.0
1574523732.881924, -276.0
1574523733.740333, -276.0
1574523734.53609, -276.0
1574523735.34261, -276.0
1574523736.184507, -276.0
1574523736.983987, -276.0
1574523737.831899, -276.0
1574523738.643919, -276.0
1574523739.471412, -276.0
1574523740.34882, -276.0
1574523741.224203, -276.0
1574523742.055745, -276.0
1574523742.901133, -276.0
1574523743.738555, -276.0
1574523744.547053, -276.0
1574523745.416282, -276.0
1574523746.207665, -276.0
1574523747.082132, -276.0
1574523747.952435, -276.0
1574523748.774205, -276.0
1574523749.626129, -276.0
1574523750.416764, -276.0
1574523751.234039, -276.0
1574523752.052195, -276.0
1574523752.882714, -276.0
1574523753.693393, -276.0
1574523754.567944, -276.0
1574523755.410287, -276.0
1574523756.238775, -276.0
1574523757.068942, -276.0
1574523757.898366, -276.0
1574523758.753841, -276.0
1574523759.578378, -276.0
1574523760.418331, -276.0
1574523761.299792, -276.0
1574523762.126546, -276.0
1574523763.001051, -276.0
1574523763.832635, -276.0
1574523764.682851, -276.0
1574523765.561212, -276.0
1574523766.457322, -276.0
1574523767.293145, -276.0
1574523768.08749, -276.0
1574523768.960657, -276.0
1574523769.801397, -276.0
1574523770.722061, -276.0
1574523771.511638, -276.0
1574523772.399288, -276.0
1574523773.171457, -276.0
1574523774.036902, -276.0
1574523774.905424, -276.0
1574523775.723289, -276.0
1574523776.581575, -276.0
1574523777.413962, -276.0
1574523778.289944, -276.0
1574523779.141309, -276.0
1574523779.976962, -276.0
1574523780.792883, -276.0
1574523781.626294, -276.0
1574523782.454109, -276.0
1574523783.222004, -276.0
1574523784.059754, -276.0
1574523784.867631, -276.0
1574523785.728162, -276.0
1574523786.625167, -276.0
1574523787.448904, -276.0
1574523788.314672, -276.0
1574523789.14777, -276.0
1574523790.018289, -276.0
1574523600.504423, -276.0
1574523601.314966, -276.0
1574523602.163087, -276.0
1574523602.919405, -276.0
1574523603.760776, -276.0
1574523604.610771, -276.0
1574523605.419166, -276.0
1574523606.211658, -276.0
1574523607.077969, -276.0
1574523607.967246, -276.0
1574523608.813203, -276.0
1574523609.676223, -276.0
1574523610.471167, -276.0
1574523611.30565, -276.0
1574523612.196791, -276.0
1574523613.056429, -276.0
1574523613.857752, -276.0
1574523614.718773, -276.0
1574523615.545162, -276.0
1574523616.374641, -276.0
1574523617.184795, -276.0
1574523618.015163, -276.0
1574523618.812818, -276.0
1574523619.633597, -276.0
1574523620.511933, -276.0
1574523621.348479, -276.0
1574523622.131016, -276.0
1574523622.949126, -276.0
1574523623.811545, -276.0
1574523624.685497, -276.0
1574523625.517191, -276.0
1574523626.331403, -276.0
1574523627.182591, -276.0
1574523628.014446, -276.0
1574523628.850761, -276.0
1574523629.647373, -276.0
1574523630.467519, -276.0
1574523631.36178, -276.0
1574523632.203264, -276.0
1574523632.257558, -276.0
1574523633.054888, -276.0
1574523633.874745, -276.0
1574523634.646292, -276.0
1574523635.491405, -276.0
1574523636.363613, -276.0
1574523637.22686, -276.0
1574523638.055636, -276.0
1574523638.920457, -276.0
1574523639.734449, -276.0
1574523640.571305, -276.0
1574523641.373699, -276.0
1574523642.219789, -276.0
1574523643.053077, -276.0
1574523643.911227, -276.0
1574523644.727028, -276.0
1574523645.533186, -276.0
1574523646.433834, -276.0
1574523647.215066, -276.0
1574523648.032861, -276.0
1574523648.893407, -276.0
1574523649.66238, -276.0
1574523650.507532, -276.0
1574523651.389173, -276.0
1574523652.21508, -276.0
1574523653.082057, -276.0
1574523653.922869, -276.0
1574523654.727317, -276.0
1574523655.566656, -276.0
1574523656.406465, -276.0
1574523657.262812, -276.0
1574523658.098455, -276.0
1574523658.933356, -276.0
1574523659.777722, -276.0
1574523660.617469, -276.0
1574523661.50264, -276.0
1574523662.330981, -276.0
1574523663.134963, -276.0
1574523663.971056, -276.0
1574523664.798701, -276.0
1574523665.66589, -276.0
1574523666.509822, -276.0
1574523667.374198, -276.0
1574523668.237291, -276.0
1574523669.034554, -276.0
1574523669.889306, -276.0
1574523670.725492, -276.0
1574523671.616799, -276.0
1574523672.423497, -276.0
1574523673.229838, -276.0
1574523674.047761, -276.0
1574523674.909868, -276.0
1574523675.706054, -276.0
1574523676.520242, -276.0
1574523677.331565, -276.0
1574523678.141348, -276.0
1574523678.95558, -276.0
1574523679.802482, -276.0
1574523680.641369, -276.0
1574523681.489159, -276.0
1574523682.313211, -276.0
1574523683.167996, -276.0
1574523683.990293, -276.0
1574523684.809622, -276.0
1574523685.640733, -276.0
1574523686.476812, -276.0
1574523687.329354, -276.0
1574523688.122662, -276.0
1574523688.953306, -276.0
1574523689.78007, -276.0
1574523690.585722, -276.0
1574523691.416775, -276.0
1574523692.253758, -276.0
1574523693.051003, -276.0
1574523693.871429, -276.0
1574523694.680545, -276.0
1574523695.480015, -276.0
1574523696.338768, -276.0
1574523697.23501, -276.0
1574523698.005902, -276.0
1574523698.799591, -276.0
1574523699.644169, -276.0
1574523700.492493, -276.0
1574523701.284092, -276.0
1574523702.148125, -276.0
1574523702.948452, -276.0
1574523703.754747, -276.0
1574523704.574231, -276.0
1574523705.398558, -276.0
1574523706.273577, -276.0
1574523707.096271, -276.0
1574523707.947038, -276.0
1574523708.70495, -276.0
1574523709.54091, -276.0
1574523710.407136, -276.0
1574523711.274249, -276.0
1574523712.100865, -276.0
1574523712.947499, -276.0
1574523713.859731, -276.0
1574523714.714283, -276.0
1574523714.768347, -276.0
1574523715.641925, -276.0
1574523716.497586, -276.0
1574523717.33038, -276.0
1574523718.115219, -276.0
1574523718.964021, -276.0
1574523719.768717, -276.0
1574523720.542701, -276.0
1574523721.341948, -276.0
1574523722.196038, -276.0
1574523722.97801, -276.0
1574523723.818312, -276.0
1574523724.593565, -276.0
1574523725.43736, -276.0
1574523726.262853, -276.0
1574523727.106832, -276.0
1574523727.955213, -276.0
1574523728.794212, -276.0
1574523729.659743, -276.0
1574523730.49523, -276.0
1574523731.317584, -276.0
1574523732.117007, -276.0
1574523732.919864, -276.0
1574523733.797693, -276.0
1574523734.621226, -276.0
1574523735.483495, -276.0
1574523736.320183, -276.0
1574523737.186074, -276.0
1574523738.025679, -276.0
1574523738.896504, -276.0
1574523739.721297, -276.0
1574523740.567498, -276.0
1574523741.425451, -276.0
1574523742.262363, -276.0
1574523743.128507, -276.0
1574523744.004808, -276.0
1574523744.879695, -276.0
1574523745.709173, -276.0
1574523746.563647, -276.0
1574523747.419933, -276.0
1574523748.234299, -276.0
1574523749.040549, -276.0
1574523749.919621, -276.0
1574523750.749028, -276.0
1574523751.583654, -276.0
1574523752.371944, -276.0
1574523753.220207, -276.0
1574523754.072909, -276.0
1574523754.968388, -276.0
1574523755.808336, -276.0
1574523756.616992, -276.0
1574523757.431643, -276.0
1574523758.259121, -276.0
1574523759.077731, -276.0
1574523759.952966, -276.0
1574523760.743442, -276.0
1574523761.535049, -276.0
1574523762.395995, -276.0
1574523763.232751, -276.0
1574523764.047653, -276.0
1574523764.840677, -276.0
1574523765.700568, -276.0
1574523766.547981, -276.0
1574523767.43235, -276.0
1574523768.293825, -276.0
1574523769.12769, -276.0
1574523769.993091, -276.0
1574523770.829434, -276.0
1574523771.722005, -276.0
1574523772.548341, -276.0
1574523773.340204, -276.0
1574523774.146681, -276.0
1574523774.9945, -276.0
1574523775.838768, -276.0
1574523776.630627, -276.0
1574523777.445986, -276.0
1574523778.238366, -276.0
1574523779.061633, -276.0
1574523779.91759, -276.0
1574523780.750936, -276.0
1574523781.584634, -276.0
1574523782.364953, -276.0
1574523783.179821, -276.0
1574523783.995209, -276.0
1574523784.863927, -276.0
1574523785.689801, -276.0
1574523786.531799, -276.0
1574523787.396022, -276.0
1574523788.220222, -276.0
1574523789.071423, -276.0
1574523789.90028, -276.0
1574523790.673199, -276.0
1574523791.512553, -276.0
1574523792.293877, -276.0
1574523793.04775, -276.0
1574523793.877525, -276.0
1574523794.745359, -276.0
1574523795.568956, -276.0
1574523796.386881, -276.0
1574523797.168789, -276.0
1574523797.974591, -276.0
1574523798.828917, -276.0
1574523799.637397, -276.0
1574523800.428985, -276.0
1574523801.23921, -276.0
1574523802.097405, -276.0
1574523802.944891, -276.0
1574523803.783151, -276.0
1574523804.627994, -276.0
1574523805.457377, -276.0
1574523806.309168, -276.0
1574523789.685097, -276.0
1574523789.739929, -276.0
1574523789.796562, -276.0
1574523790.608478, -276.0
1574523791.391327, -276.0
1574523792.235655, -276.0
1574523793.071312, -276.0
1574523793.901067, -276.0
1574523794.762371, -276.0
1574523795.606142, -276.0
1574523796.455221, -276.0
1574523797.299624, -276.0
1574523798.142663, -276.0
1574523799.034293, -276.0
1574523799.873603, -276.0
1574523800.737506, -276.0
1574523801.618668, -276.0
1574523802.468173, -276.0
1574523803.291404, -276.0
1574523804.111134, -276.0
1574523804.940622, -276.0
1574523805.79328, -276.0
1574523806.625565, -276.0
1574523807.485689, -276.0
1574523808.308505, -276.0
1574523809.134537, -276.0
1574523809.971731, -276.0
1574523810.792873, -276.0
1574523811.628718, -276.0
1574523812.508822, -276.0
1574523813.349485, -276.0
1574523814.134429, -276.0
1574523815.011123, -276.0
1574523815.820401, -276.0
1574523816.66103, -276.0
1574523817.551424, -276.0
1574523818.41164, -276.0
1574523819.245762, -276.0
1574523820.092233, -276.0
1574523820.923055, -276.0
1574523821.779476, -276.0
1574523822.625099, -276.0
1574523823.444076, -276.0
1574523824.287229, -276.0
1574523825.118635, -276.0
1574523826.02449, -276.0
1574523826.848507, -276.0
1574523827.644216, -276.0
1574523828.480211, -276.0
1574523829.314013, -276.0
1574523830.153632, -276.0
1574523830.958685, -276.0
1574523831.783612, -276.0
1574523832.616524, -276.0
1574523833.451387, -276.0
1574523834.289546, -276.0
1574523835.167108, -276.0
1574523836.047835, -276.0
1574523836.879711, -276.0
1574523837.729737, -276.0
1574523838.619984, -276.0
1574523839.38158, -276.0
1574523840.199307, -276.0
1574523841.038602, -276.0
1574523841.879987, -276.0
1574523842.716312, -276.0
1574523843.532385, -276.0
1574523844.349839, -276.0
1574523845.214961, -276.0
1574523846.070511, -276.0
1574523846.956044, -276.0
1574523847.763998, -276.0
1574523848.590125, -276.0
1574523849.416656, -276.0
1574523850.187973, -276.0
1574523851.01676, -276.0
1574523851.876866, -276.0
1574523852.693314, -276.0
1574523853.604394, -276.0
1574523854.484404, -276.0
1574523855.378337, -276.0
1574523856.216201, -276.0
1574523857.041798, -276.0
1574523857.850208, -276.0
1574523858.708163, -276.0
1574523859.536976, -276.0
1574523860.374452, -276.0
1574523861.237981, -276.0
1574523862.033302, -276.0
1574523862.869682, -276.0
1574523863.7072, -276.0
1574523864.501592, -276.0
1574523865.372635, -276.0
1574523866.241782, -276.0
1574523867.091591, -276.0
1574523867.907179, -276.0
1574523868.701238, -276.0
1574523869.535095, -276.0
1574523870.363602, -276.0
1574523871.220032, -276.0
1574523872.077212, -276.0
1574523872.922284, -276.0
1574523873.768038, -276.0
1574523874.62221, -276.0
1574523875.452697, -276.0
1574523876.297869, -276.0
1574523877.129497, -276.0
1574523877.959289, -276.0
1574523878.777127, -276.0
1574523879.550233, -276.0
1574523880.370218, -276.0
1574523881.163094, -276.0
1574523882.01457, -276.0
1574523882.842293, -276.0
1574523883.648523, -276.0
1574523884.514316, -276.0
1574523885.374376, -276.0
1574523886.217638, -276.0
1574523887.08249, -276.0
1574523887.964662, -276.0
1574523888.809587, -276.0
1574523889.641803, -276.0
1574523890.468458, -276.0
1574523891.290165, -276.0
1574523892.14327, -276.0
1574523892.929856, -276.0
1574523893.781325, -276.0
1574523894.58615, -276.0
1574523895.416533, -276.0
1574523896.260896, -276.0
1574523897.102243, -276.0
1574523897.96732, -276.0
1574523898.819602, -276.0
1574523899.644412, -276.0
1574523900.543228, -276.0
1574523901.395676, -276.0
1574523902.264792, -276.0
1574523903.103163, -276.0
1574523903.882695, -276.0
1574523904.764878, -276.0
1574523905.591094, -276.0
1574523906.446187, -276.0
1574523907.280366, -276.0
1574523908.14454, -276.0
1574523908.973877, -276.0
1574523909.804391, -276.0
1574523910.587061, -276.0
1574523911.431327, -276.0
1574523912.257372, -276.0
1574523913.079371, -276.0
1574523913.905252, -276.0
1574523914.73949, -276.0
1574523915.668996, -276.0
1574523916.473422, -276.0
1574523917.264902, -276.0
1574523918.078809, -276.0
1574523918.904432, -276.0
1574523919.727774, -276.0
1574523920.608554, -276.0
1574523921.444257, -276.0
1574523922.31672, -276.0
1574523923.119156, -276.0
1574523923.956142, -276.0
1574523924.847451, -276.0
1574523925.674178, -276.0
1574523926.525978, -276.0
1574523927.423729, -276.0
1574523928.28678, -276.0
1574523929.100368, -276.0
1574523929.949401, -276.0
1574523930.794734, -276.0
1574523931.595262, -276.0
1574523932.425725, -276.0
1574523933.256293, -276.0
1574523934.094001, -276.0
1574523934.993613, -276.0
1574523935.874014, -276.0
1574523936.752369, -276.0
1574523937.591375, -276.0
1574523938.399381, -276.0
1574523939.244529, -276.0
1574523940.112489, -276.0
1574523940.944135, -276.0
1574523941.770967, -276.0
1574523942.631037, -276.0
1574523943.450576, -276.0
1574523944.221108, -276.0
1574523945.061641, -276.0
1574523945.900432, -276.0
1574523946.75734, -276.0
1574523947.627164, -276.0
1574523948.4426, -276.0
1574523949.259199, -276.0
1574523950.10211, -276.0
1574523951.003732, -276.0
1574523951.840868, -276.0
1574523952.675169, -276.0
1574523953.497383, -276.0
1574523954.336147, -276.0
1574523955.149833, -276.0
1574523955.954019, -276.0
1574523956.789842, -276.0
1574523957.676463, -276.0
1574523958.509478, -276.0
1574523959.309297, -276.0
1574523960.147865, -276.0
1574523960.968891, -276.0
1574523961.816751, -276.0
1574523962.647798, -276.0
1574523963.503791, -276.0
1574523964.299139, -276.0
1574523965.126207, -276.0
1574523965.960698, -276.0
1574523966.779667, -276.0
1574523967.597445, -276.0
1574523968.426501, -276.0
1574523969.273012, -276.0
1574523970.077279, -276.0
1574523970.965711, -276.0
1574523971.771698, -276.0
1574523972.624008, -276.0
1574523973.524022, -276.0
1574523974.395407, -276.0
1574523975.239718, -276.0
1574523976.053047, -276.0
1574523976.88583, -276.0
1574523977.753612, -276.0
1574523978.638079, -276.0
1574523979.461331, -276.0
1574523980.360043, -276.0
1574523981.176814, -276.0
1574523982.030684, -276.0
1574523982.881931, -276.0
1574523983.702391, -276.0
1574523984.559355, -276.0
1574523985.398889, -276.0
1574523986.257732, -276.0
1574523987.090773, -276.0
1574523987.931265, -276.0
1574523988.781008, -276.0
1574523989.610838, -276.0
1574523990.469535, -276.0
1574523991.332902, -276.0
1574523992.21311, -276.0
1574523993.040504, -276.0
1574523993.859834, -276.0
1574523994.658863, -276.0
1574523994.712771, -276.0
1574523995.495409, -276.0
1574523996.325197, -276.0
1574523790.872497, -276.0
1574523791.680678, -276.0
1574523792.572561, -276.0
1574523793.42615, -276.0
1574523794.216128, -276.0
1574523795.076597, -276.0
1574523795.893421, -276.0
1574523796.715551, -276.0
1574523797.565814, -276.0
1574523798.41972, -276.0
1574523799.289224, -276.0
1574523800.101958, -276.0
1574523800.927308, -276.0
1574523801.743318, -276.0
1574523802.717629, -276.0
1574523803.532255, -276.0
1574523804.331549, -276.0
1574523805.129746, -276.0
1574523805.995089, -276.0
1574523806.855559, -276.0
1574523807.731903, -276.0
1574523808.600333, -276.0
1574523809.478897, -276.0
1574523810.328821, -276.0
1574523811.11036, -276.0
1574523811.959928, -276.0
1574523812.77641, -276.0
1574523813.599033, -276.0
1574523814.380157, -276.0
1574523815.201667, -276.0
1574523816.012107, -276.0
1574523816.831779, -276.0
1574523817.662115, -276.0
1574523818.519265, -276.0
1574523819.355029, -276.0
1574523820.163917, -276.0
1574523821.036038, -276.0
1574523821.907873, -276.0
1574523822.707248, -276.0
1574523823.530577, -276.0
1574523824.363274, -276.0
1574523825.238604, -276.0
1574523826.095589, -276.0
1574523826.924599, -276.0
1574523827.799607, -276.0
1574523828.611701, -276.0
1574523829.419877, -276.0
1574523830.216808, -276.0
1574523831.047394, -276.0
1574523831.927308, -276.0
1574523832.753108, -276.0
1574523833.540426, -276.0
1574523834.365913, -276.0
1574523835.18841, -276.0
1574523836.04709, -276.0
1574523836.908062, -276.0
1574523837.738255, -276.0
1574523838.583927, -276.0
1574523839.408896, -276.0
1574523840.232283, -276.0
1574523841.071739, -276.0
1574523841.914105, -276.0
1574523842.740111, -276.0
1574523843.610711, -276.0
1574523844.455513, -276.0
1574523845.317135, -276.0
1574523846.170584, -276.0
1574523847.01344, -276.0
1574523847.846267, -276.0
1574523848.6732, -276.0
1574523849.520163, -276.0
1574523850.346113, -276.0
1574523851.216651, -276.0
1574523852.056829, -276.0
1574523852.840019, -276.0
1574523853.699269, -276.0
1574523854.578358, -276.0
1574523855.433611, -276.0
1574523856.297358, -276.0
1574523857.130573, -276.0
1574523857.978462, -276.0
1574523858.754855, -276.0
1574523859.621814, -276.0
1574523860.430695, -276.0
1574523861.278496, -276.0
1574523862.118111, -276.0
1574523862.941129, -276.0
1574523863.776973, -276.0
1574523864.627111, -276.0
1574523865.456267, -276.0
1574523866.268212, -276.0
1574523867.078429, -276.0
1574523867.916085, -276.0
1574523868.736839, -276.0
1574523869.553142, -276.0
1574523870.388487, -276.0
1574523871.209911, -276.0
1574523872.052331, -276.0
1574523872.912431, -276.0
1574523873.746125, -276.0
1574523874.561673, -276.0
1574523875.420446, -276.0
1574523876.181841, -276.0
1574523877.061437, -276.0
1574523877.925536, -276.0
1574523878.787225, -276.0
1574523879.597328, -276.0
1574523880.451872, -276.0
1574523881.260009, -276.0
1574523882.11495, -276.0
1574523882.99672, -276.0
1574523883.850112, -276.0
1574523884.735335, -276.0
1574523885.552658, -276.0
1574523886.36293, -276.0
1574523887.276123, -276.0
1574523888.150988, -276.0
1574523888.971552, -276.0
1574523889.790391, -276.0
1574523890.650974, -276.0
1574523891.458823, -276.0
1574523892.290621, -276.0
1574523893.149539, -276.0
1574523893.979576, -276.0
1574523894.78769, -276.0
1574523895.634229, -276.0
1574523896.490677, -276.0
1574523897.321396, -276.0
1574523898.156519, -276.0
1574523898.980354, -276.0
1574523899.828212, -276.0
1574523900.670209, -276.0
1574523901.539486, -276.0
1574523902.347924, -276.0
1574523903.162795, -276.0
1574523904.024793, -276.0
1574523904.86791, -276.0
1574523905.703422, -276.0
1574523906.539925, -276.0
1574523907.35935, -276.0
1574523908.209155, -276.0
1574523908.997032, -276.0
1574523909.842601, -276.0
1574523910.723622, -276.0
1574523911.58434, -276.0
1574523912.431538, -276.0
1574523913.276868, -276.0
1574523914.094008, -276.0
1574523914.930667, -276.0
1574523915.813045, -276.0
1574523916.650472, -276.0
1574523917.488944, -276.0
1574523918.345275, -276.0
1574523919.171567, -276.0
1574523920.066386, -276.0
1574523920.91476, -276.0
1574523921.841234, -276.0
1574523922.656629, -276.0
1574523923.503825, -276.0
1574523924.390129, -276.0
1574523925.231896, -276.0
1574523926.07996, -276.0
1574523926.913908, -276.0
1574523927.759205, -276.0
1574523928.613354, -276.0
1574523929.442447, -276.0
1574523930.260352, -276.0
1574523931.026411, -276.0
1574523931.88356, -276.0
1574523932.71332, -276.0
1574523933.599736, -276.0
1574523934.43938, -276.0
1574523935.234807, -276.0
1574523936.06739, -276.0
1574523936.912146, -276.0
1574523937.758179, -276.0
1574523937.811802, -276.0
1574523938.6458, -276.0
1574523939.475406, -276.0
1574523940.350139, -276.0
1574523941.22377, -276.0
1574523942.089732, -276.0
1574523942.948694, -276.0
1574523943.746587, -276.0
1574523944.587194, -276.0
1574523945.398596, -276.0
1574523946.206101, -276.0
1574523947.002761, -276.0
1574523947.825069, -276.0
1574523948.641528, -276.0
1574523949.497679, -276.0
1574523950.412732, -276.0
1574523951.27369, -276.0
1574523952.153977, -276.0
1574523953.027108, -276.0
1574523953.860196, -276.0
1574523954.80582, -276.0
1574523955.677915, -276.0
1574523956.546341, -276.0
1574523957.416896, -276.0
1574523958.337111, -276.0
1574523959.164549, -276.0
1574523960.029268, -276.0
1574523960.841993, -276.0
1574523961.67793, -276.0
1574523962.508028, -276.0
1574523963.358493, -276.0
1574523964.162422, -276.0
1574523964.98633, -276.0
1574523965.81958, -276.0
1574523966.628521, -276.0
1574523967.472885, -276.0
1574523968.258028, -276.0
1574523969.109849, -276.0
1574523969.931171, -276.0
1574523970.82621, -276.0
1574523971.689145, -276.0
1574523972.587941, -276.0
1574523973.429792, -276.0
1574523974.304964, -276.0
1574523975.141463, -276.0
1574523975.963368, -276.0
1574523976.780561, -276.0
1574523977.688682, -276.0
1574523978.583297, -276.0
1574523979.409866, -276.0
1574523980.250715, -276.0
1574523981.085686, -276.0
1574523981.907768, -276.0
1574523982.777216, -276.0
1574523983.576421, -276.0
1574523984.447284, -276.0
1574523985.255808, -276.0
1574523986.095027, -276.0
1574523986.876604, -276.0
1574523987.716239, -276.0
1574523988.558965, -276.0
1574523989.456037, -276.0
1574523990.245037, -276.0
1574523991.06112, -276.0
1574523991.966124, -276.0
1574523992.738894, -276.0
1574523993.608667, -276.0
1574523994.488207, -276.0
1574523995.326789, -276.0
1574523996.13687, -276.0
1574523996.967709, -276.0
1574523997.789417, -276.0
1574523998.659067, -276.0
1574523999.490854, -276.0
1574523794.518549, -276.0
1574523795.3803, -276.0
1574523796.20536, -276.0
1574523797.036774, -276.0
1574523797.878272, -276.0
1574523798.809364, -276.0
1574523799.706354, -276.0
1574523800.594887, -276.0
1574523801.510742, -276.0
1574523802.565292, -276.0
1574523803.472477, -276.0
1574523804.369521, -276.0
1574523805.320485, -276.0
1574523806.295673, -276.0
1574523807.204959, -276.0
1574523808.153346, -276.0
1574523809.096418, -276.0
1574523810.062279, -276.0
1574523811.010609, -276.0
1574523811.992698, -276.0
1574523812.973489, -276.0
1574523813.910011, -276.0
1574523814.888974, -276.0
1574523815.718509, -276.0
1574523816.618856, -276.0
1574523817.599024, -276.0
1574523818.422854, -276.0
1574523819.356649, -276.0
1574523820.360062, -276.0
1574523821.33041, -276.0
1574523822.275325, -276.0
1574523823.241009, -276.0
1574523824.163573, -276.0
1574523825.112799, -276.0
1574523826.114896, -276.0
1574523827.064465, -276.0
1574523827.876111, -276.0
1574523828.698405, -276.0
1574523829.536261, -276.0
1574523830.369272, -276.0
1574523831.253636, -276.0
1574523832.086253, -276.0
1574523832.924029, -276.0
1574523833.791247, -276.0
1574523834.633104, -276.0
1574523835.480591, -276.0
1574523836.344025, -276.0
1574523837.179668, -276.0
1574523838.016391, -276.0
1574523838.844167, -276.0
1574523839.73698, -276.0
1574523840.536377, -276.0
1574523841.335908, -276.0
1574523842.184212, -276.0
1574523842.994385, -276.0
1574523843.826724, -276.0
1574523844.665855, -276.0
1574523845.505419, -276.0
1574523846.367062, -276.0
1574523847.19157, -276.0
1574523848.052564, -276.0
1574523848.859077, -276.0
1574523849.719257, -276.0
1574523850.543435, -276.0
1574523851.319681, -276.0
1574523852.14859, -276.0
1574523852.990417, -276.0
1574523853.81329, -276.0
1574523854.719131, -276.0
1574523855.618198, -276.0
1574523856.55567, -276.0
1574523857.413396, -276.0
1574523858.293647, -276.0
1574523859.067356, -276.0
1574523859.893329, -276.0
1574523860.71819, -276.0
1574523861.536799, -276.0
1574523862.381437, -276.0
1574523863.18927, -276.0
1574523864.029842, -276.0
1574523864.885076, -276.0
1574523865.719515, -276.0
1574523866.577793, -276.0
1574523867.396559, -276.0
1574523868.236407, -276.0
1574523869.076061, -276.0
1574523869.853766, -276.0
1574523870.650996, -276.0
1574523871.511867, -276.0
1574523872.365369, -276.0
1574523873.214386, -276.0
1574523874.030211, -276.0
1574523874.866939, -276.0
1574523875.743435, -276.0
1574523876.616136, -276.0
1574523877.452449, -276.0
1574523878.249597, -276.0
1574523879.097451, -276.0
1574523879.933622, -276.0
1574523880.714218, -276.0
1574523881.540605, -276.0
1574523882.358988, -276.0
1574523883.211157, -276.0
1574523884.092582, -276.0
1574523884.941726, -276.0
1574523885.780326, -276.0
1574523886.641389, -276.0
1574523887.498734, -276.0
1574523888.313238, -276.0
1574523889.188824, -276.0
1574523890.036022, -276.0
1574523890.915043, -276.0
1574523891.719841, -276.0
1574523892.503308, -276.0
1574523893.353228, -276.0
1574523894.148746, -276.0
1574523895.048187, -276.0
1574523895.909051, -276.0
1574523896.716725, -276.0
1574523897.551108, -276.0
1574523898.417341, -276.0
1574523899.283833, -276.0
1574523900.155409, -276.0
1574523900.996929, -276.0
1574523901.877462, -276.0
1574523902.71837, -276.0
1574523903.616827, -276.0
1574523904.498959, -276.0
1574523905.292639, -276.0
1574523906.140118, -276.0
1574523906.947138, -276.0
1574523907.780143, -276.0
1574523908.6015, -276.0
1574523909.444537, -276.0
1574523910.246067, -276.0
1574523911.090802, -276.0
1574523911.883444, -276.0
1574523912.753011, -276.0
1574523913.614121, -276.0
1574523914.436294, -276.0
1574523915.289924, -276.0
1574523916.095943, -276.0
1574523916.989031, -276.0
1574523917.811402, -276.0
1574523918.650183, -276.0
1574523919.525454, -276.0
1574523920.384623, -276.0
1574523921.206638, -276.0
1574523922.037575, -276.0
1574523922.920194, -276.0
1574523923.768522, -276.0
1574523924.575293, -276.0
1574523925.393194, -276.0
1574523926.237408, -276.0
1574523927.104623, -276.0
1574523927.968296, -276.0
1574523928.897162, -276.0
1574523929.789846, -276.0
1574523930.628688, -276.0
1574523931.472999, -276.0
1574523932.293459, -276.0
1574523933.068225, -276.0
1574523933.898099, -276.0
1574523934.741008, -276.0
1574523935.610838, -276.0
1574523936.494348, -276.0
1574523937.380602, -276.0
1574523938.249474, -276.0
1574523939.105759, -276.0
1574523939.923277, -276.0
1574523940.788774, -276.0
1574523941.669464, -276.0
1574523942.518243, -276.0
1574523943.343877, -276.0
1574523944.166712, -276.0
1574523944.980194, -276.0
1574523945.748864, -276.0
1574523946.563661, -276.0
1574523947.403376, -276.0
1574523948.315691, -276.0
1574523949.159449, -276.0
1574523949.974334, -276.0
1574523950.748522, -276.0
1574523951.543404, -276.0
1574523952.414003, -276.0
1574523953.26558, -276.0
1574523954.090388, -276.0
1574523954.926782, -276.0
1574523955.763026, -276.0
1574523956.591804, -276.0
1574523957.392255, -276.0
1574523958.19607, -276.0
1574523959.090814, -276.0
1574523959.982426, -276.0
1574523960.779802, -276.0
1574523961.589426, -276.0
1574523962.45396, -276.0
1574523963.312885, -276.0
1574523964.139881, -276.0
1574523964.932759, -276.0
1574523965.74483, -276.0
1574523966.596077, -276.0
1574523967.47721, -276.0
1574523968.323978, -276.0
1574523969.179456, -276.0
1574523970.003276, -276.0
1574523970.856447, -276.0
1574523971.678481, -276.0
1574523972.567595, -276.0
1574523973.406424, -276.0
1574523974.273378, -276.0
1574523975.147153, -276.0
1574523976.018956, -276.0
1574523976.899248, -276.0
1574523977.764584, -276.0
1574523978.618928, -276.0
1574523979.546154, -276.0
1574523980.44829, -276.0
1574523981.266442, -276.0
1574523982.122917, -276.0
1574523982.914233, -276.0
1574523983.743388, -276.0
1574523984.557394, -276.0
1574523985.398901, -276.0
1574523986.279072, -276.0
1574523987.166528, -276.0
1574523988.036058, -276.0
1574523988.837222, -276.0
1574523989.699461, -276.0
1574523990.593856, -276.0
1574523991.437859, -276.0
1574523992.304405, -276.0
1574523993.158114, -276.0
1574523993.97091, -276.0
1574523994.783255, -276.0
1574523995.591296, -276.0
1574523996.43035, -276.0
1574523997.25276, -276.0
1574523998.073118, -276.0
1574523998.868302, -276.0
1574523999.682508, -276.0
1574524000.470013, -276.0
1574524001.260236, -276.0
1574524002.071808, -276.0
1574524002.876464, -276.0
1574524003.665993, -276.0
1574524004.527399, -276.0
1574524005.373692, -276.0
1574524006.256823, -276.0
1574524007.087975, -276.0
1574523806.800742, -276.0
1574523807.323809, -276.0
1574523807.814762, -276.0
1574523808.321027, -276.0
1574523808.762791, -276.0
1574523809.260263, -276.0
1574523809.755637, -276.0
1574523810.272307, -276.0
1574523810.936947, -276.0
1574523811.793989, -276.0
1574523812.618608, -276.0
1574523813.425435, -276.0
1574523814.260214, -276.0
1574523815.159664, -276.0
1574523815.983035, -276.0
1574523816.783344, -276.0
1574523817.640142, -276.0
1574523818.519101, -276.0
1574523819.342089, -276.0
1574523820.178349, -276.0
1574523821.093249, -276.0
1574523821.905508, -276.0
1574523822.724214, -276.0
1574523823.550456, -276.0
1574523824.414376, -276.0
1574523825.278634, -276.0
1574523826.140197, -276.0
1574523826.960983, -276.0
1574523827.839006, -276.0
1574523828.673035, -276.0
1574523829.529827, -276.0
1574523830.40322, -276.0
1574523831.202388, -276.0
1574523832.032998, -276.0
1574523832.900859, -276.0
1574523833.709721, -276.0
1574523834.572098, -276.0
1574523835.395353, -276.0
1574523836.277304, -276.0
1574523837.144969, -276.0
1574523838.013312, -276.0
1574523838.838885, -276.0
1574523839.709406, -276.0
1574523840.56036, -276.0
1574523841.409749, -276.0
1574523842.277162, -276.0
1574523843.093918, -276.0
1574523843.925288, -276.0
1574523844.777117, -276.0
1574523845.605364, -276.0
1574523846.440681, -276.0
1574523847.306255, -276.0
1574523848.189914, -276.0
1574523849.029808, -276.0
1574523849.87311, -276.0
1574523850.763071, -276.0
1574523851.63915, -276.0
1574523852.418989, -276.0
1574523853.247794, -276.0
1574523854.075084, -276.0
1574523854.892696, -276.0
1574523855.714622, -276.0
1574523856.558199, -276.0
1574523857.449161, -276.0
1574523858.257009, -276.0
1574523859.071623, -276.0
1574523859.934089, -276.0
1574523860.73358, -276.0
1574523861.557668, -276.0
1574523862.393866, -276.0
1574523863.211256, -276.0
1574523864.033923, -276.0
1574523864.903754, -276.0
1574523865.749414, -276.0
1574523866.566145, -276.0
1574523867.429204, -276.0
1574523868.235639, -276.0
1574523869.092213, -276.0
1574523869.867882, -276.0
1574523870.73628, -276.0
1574523870.790557, -276.0
1574523871.615588, -276.0
1574523872.475788, -276.0
1574523873.337152, -276.0
1574523874.140819, -276.0
1574523874.973833, -276.0
1574523875.824442, -276.0
1574523876.692728, -276.0
1574523877.553802, -276.0
1574523878.418929, -276.0
1574523879.228269, -276.0
1574523880.044905, -276.0
1574523880.958348, -276.0
1574523881.766832, -276.0
1574523882.564468, -276.0
1574523883.37411, -276.0
1574523884.242278, -276.0
1574523885.090847, -276.0
1574523885.903145, -276.0
1574523886.784348, -276.0
1574523887.676057, -276.0
1574523888.515398, -276.0
1574523889.357152, -276.0
1574523890.182381, -276.0
1574523891.051499, -276.0
1574523891.849413, -276.0
1574523892.747487, -276.0
1574523893.571368, -276.0
1574523894.433293, -276.0
1574523895.301941, -276.0
1574523896.103039, -276.0
1574523896.954146, -276.0
1574523897.805714, -276.0
1574523898.620808, -276.0
1574523899.467603, -276.0
1574523900.354874, -276.0
1574523901.157475, -276.0
1574523902.004338, -276.0
1574523902.83824, -276.0
1574523903.695541, -276.0
1574523904.606412, -276.0
1574523905.49663, -276.0
1574523906.324427, -276.0
1574523907.160837, -276.0
1574523907.968393, -276.0
1574523908.829975, -276.0
1574523909.670509, -276.0
1574523910.513244, -276.0
1574523911.390168, -276.0
1574523912.277722, -276.0
1574523913.130252, -276.0
1574523914.058137, -276.0
1574523914.901551, -276.0
1574523915.806424, -276.0
1574523916.612587, -276.0
1574523917.44493, -276.0
1574523918.304551, -276.0
1574523919.14628, -276.0
1574523920.001254, -276.0
1574523920.826812, -276.0
1574523921.663268, -276.0
1574523922.495727, -276.0
1574523923.383829, -276.0
1574523924.253044, -276.0
1574523925.034602, -276.0
1574523925.852487, -276.0
1574523926.726701, -276.0
1574523927.607789, -276.0
1574523928.460291, -276.0
1574523929.312121, -276.0
1574523930.136652, -276.0
1574523930.995126, -276.0
1574523931.898457, -276.0
1574523932.732495, -276.0
1574523933.564066, -276.0
1574523934.397176, -276.0
1574523935.216992, -276.0
1574523936.047548, -276.0
1574523936.882167, -276.0
1574523937.678257, -276.0
1574523938.517383, -276.0
1574523939.397368, -276.0
1574523940.227619, -276.0
1574523941.070067, -276.0
1574523941.901258, -276.0
1574523942.755469, -276.0
1574523943.600147, -276.0
1574523944.474778, -276.0
1574523945.321879, -276.0
1574523946.139708, -276.0
1574523947.00854, -276.0
1574523947.859682, -276.0
1574523948.698449, -276.0
1574523949.497684, -276.0
1574523950.309081, -276.0
1574523951.151424, -276.0
1574523951.990713, -276.0
1574523952.798589, -276.0
1574523953.660393, -276.0
1574523954.446103, -276.0
1574523955.266003, -276.0
1574523956.144005, -276.0
1574523957.001507, -276.0
1574523957.876308, -276.0
1574523958.740497, -276.0
1574523959.624414, -276.0
1574523960.446888, -276.0
1574523961.322347, -276.0
1574523962.174453, -276.0
1574523962.99907, -276.0
1574523963.900039, -276.0
1574523964.802566, -276.0
1574523965.630734, -276.0
1574523966.440536, -276.0
1574523967.313503, -276.0
1574523968.164698, -276.0
1574523968.991103, -276.0
1574523969.873695, -276.0
1574523970.726736, -276.0
1574523971.574227, -276.0
1574523972.42283, -276.0
1574523973.194322, -276.0
1574523974.06701, -276.0
1574523974.90121, -276.0
1574523975.732272, -276.0
1574523976.530398, -276.0
1574523977.342417, -276.0
1574523978.163291, -276.0
1574523978.997013, -276.0
1574523979.848695, -276.0
1574523980.712211, -276.0
1574523981.517479, -276.0
1574523982.363933, -276.0
1574523983.213876, -276.0
1574523984.040769, -276.0
1574523984.904758, -276.0
1574523985.726561, -276.0
1574523986.599267, -276.0
1574523987.483202, -276.0
1574523988.364709, -276.0
1574523989.205581, -276.0
1574523990.077457, -276.0
1574523990.954101, -276.0
1574523991.739341, -276.0
1574523992.621105, -276.0
1574523993.485862, -276.0
1574523994.346333, -276.0
1574523995.153771, -276.0
1574523996.015574, -276.0
1574523996.801623, -276.0
1574523997.587465, -276.0
1574523998.388886, -276.0
1574523999.208009, -276.0
1574524000.059677, -276.0
1574524000.856211, -276.0
1574524001.734293, -276.0
1574524002.579843, -276.0
1574524003.382209, -276.0
1574524004.211373, -276.0
1574524005.04925, -276.0
1574524005.880065, -276.0
1574524006.66053, -276.0
1574524007.532295, -276.0
1574524008.349791, -276.0
1574524009.153658, -276.0
1574524009.975889, -276.0
1574524010.840955, -276.0
1574524011.670456, -276.0
1574524012.466071, -276.0
1574524013.295704, -276.0
