1574527226.505372, -2026.0
1574527227.573862, -98.0
1574527228.591148, -98.0
1574527229.666932, -90.0
1574527230.77015, -90.0
1574527231.774483, -82.0
1574527232.768042, -82.0
1574527233.777968, -82.0
1574527234.810379, -82.0
1574527236.031505, -82.0
1574527236.837773, -82.0
1574527238.198809, -82.0
1574527241.006447, -82.0
1574527243.383496, -82.0
1574527245.773216, -82.0
1574527251.227769, -82.0
1574527257.343374, -82.0
1574527262.914419, -82.0
1574527267.925023, -82.0
1574527273.921052, -82.0
1574527279.712237, -82.0
1574527285.747597, -82.0
1574527292.136369, -82.0
1574527298.542281, -82.0
1574527305.61305, -82.0
1574527311.137814, -82.0
1574527316.591821, -82.0
1574527322.248519, -82.0
1574527328.056775, -82.0
1574527333.802014, -82.0
1574527339.268321, -82.0
1574527344.706937, -82.0
1574527350.162836, -82.0
1574527355.585767, -82.0
1574527361.099385, -82.0
1574527366.56413, -82.0
1574527371.958655, -82.0
1574527377.422933, -82.0
1574527382.893894, -82.0
1574527388.347546, -82.0
1574527393.863194, -82.0
1574527399.343011, -82.0
1574527404.78346, -82.0
1574527410.16504, -82.0
1574527415.688525, -82.0
1574527421.194188, -82.0
1574527426.647799, -82.0
1574527432.143725, -82.0
1574527437.601557, -82.0
1574527443.114618, -82.0
1574527226.557604, -98.0
1574527226.872652, -98.0
1574527227.160691, -98.0
1574527227.644545, -98.0
1574527227.961864, -98.0
1574527228.401555, -98.0
1574527228.729318, -90.0
1574527229.104336, -90.0
1574527229.434875, -90.0
1574527229.86751, -90.0
1574527230.234012, -90.0
1574527230.607545, -90.0
1574527231.002801, -90.0
1574527231.388386, -90.0
1574527231.808169, -82.0
1574527232.218499, -82.0
1574527232.632487, -82.0
1574527233.002148, -82.0
1574527233.336624, -82.0
1574527233.752645, -82.0
1574527234.110659, -82.0
1574527234.46866, -82.0
1574527234.788952, -82.0
1574527235.113469, -82.0
1574527235.456869, -82.0
1574527235.7333, -82.0
1574527236.012486, -82.0
1574527236.293793, -82.0
1574527236.570167, -82.0
1574527236.849386, -82.0
1574527237.128843, -82.0
1574527237.446265, -82.0
1574527237.720795, -82.0
1574527237.999396, -82.0
1574527238.297904, -82.0
1574527238.590624, -82.0
1574527238.893154, -82.0
1574527239.660132, -82.0
1574527239.967631, -82.0
1574527240.23642, -82.0
1574527240.513898, -82.0
1574527240.931442, -82.0
1574527241.584294, -82.0
1574527242.213189, -82.0
1574527242.483813, -82.0
1574527242.759418, -82.0
1574527243.031564, -82.0
1574527243.694794, -82.0
1574527244.706896, -82.0
1574527245.760558, -82.0
1574527226.044719, -2396.0
1574527226.428402, -2396.0
1574527226.76262, -98.0
1574527227.090962, -98.0
1574527227.401688, -98.0
1574527227.783042, -98.0
1574527228.154277, -98.0
1574527228.512578, -98.0
1574527228.84987, -90.0
1574527229.190967, -90.0
1574527230.006122, -90.0
1574527230.378736, -90.0
1574527230.72174, -90.0
1574527231.47116, -82.0
1574527232.155999, -82.0
1574527232.848046, -82.0
1574527233.637671, -82.0
1574527234.356445, -82.0
1574527235.225498, -82.0
1574527235.836594, -82.0
1574527236.464014, -82.0
1574527238.554126, -82.0
1574527240.530241, -82.0
1574527242.215071, -82.0
1574527243.829888, -82.0
1574527245.40768, -82.0
1574527247.104399, -82.0
1574527248.937749, -82.0
1574527251.204574, -82.0
1574527253.089954, -82.0
1574527254.96358, -82.0
1574527257.02209, -82.0
1574527259.01281, -82.0
1574527260.728275, -82.0
1574527262.04781, -82.0
1574527263.307477, -82.0
1574527264.573337, -82.0
1574527265.876539, -82.0
1574527267.129106, -82.0
1574527268.354539, -82.0
1574527269.671254, -82.0
1574527270.890707, -82.0
1574527271.789987, -82.0
1574527272.682726, -82.0
1574527273.559949, -82.0
1574527274.875731, -82.0
1574527276.145194, -82.0
1574527277.559746, -82.0
1574527278.793629, -82.0
1574527279.977181, -82.0
1574527226.285069, -2396.0
1574527227.198196, -98.0
1574527227.748453, -98.0
1574527228.350986, -98.0
1574527229.038791, -90.0
1574527229.763123, -90.0
1574527230.333331, -90.0
1574527231.042509, -90.0
1574527231.700308, -82.0
1574527232.384065, -82.0
1574527233.039334, -82.0
1574527234.109406, -82.0
1574527237.195232, -82.0
1574527239.180744, -82.0
1574527241.746079, -82.0
1574527244.854555, -82.0
1574527247.932133, -82.0
1574527251.891846, -82.0
1574527252.497567, -82.0
1574527253.371626, -82.0
1574527254.110204, -82.0
1574527254.867757, -82.0
1574527255.619052, -82.0
1574527256.140888, -82.0
1574527256.690876, -82.0
1574527257.231575, -82.0
1574527257.707836, -82.0
1574527258.210044, -82.0
1574527258.697188, -82.0
1574527259.17036, -82.0
1574527259.644952, -82.0
1574527260.128381, -82.0
1574527260.614467, -82.0
1574527261.561839, -82.0
1574527263.811811, -82.0
1574527267.575955, -82.0
1574527271.052649, -82.0
1574527274.759651, -82.0
1574527277.737489, -82.0
1574527279.497847, -82.0
1574527280.313158, -82.0
1574527282.039763, -82.0
1574527284.949941, -82.0
1574527288.627448, -82.0
1574527291.286247, -82.0
1574527293.804906, -82.0
1574527297.051029, -82.0
1574527300.987649, -82.0
1574527304.676949, -82.0
1574527307.233823, -82.0
1574527245.998129, -82.0
1574527246.174008, -82.0
1574527246.338677, -82.0
1574527246.500918, -82.0
1574527246.663001, -82.0
1574527246.826446, -82.0
1574527247.016891, -82.0
1574527247.18129, -82.0
1574527247.346073, -82.0
1574527247.533818, -82.0
1574527247.699075, -82.0
1574527247.904344, -82.0
1574527248.082703, -82.0
1574527248.399953, -82.0
1574527248.721853, -82.0
1574527249.948332, -82.0
1574527251.074407, -82.0
1574527252.156135, -82.0
1574527253.440225, -82.0
1574527254.535016, -82.0
1574527255.670688, -82.0
1574527256.594878, -82.0
1574527257.49427, -82.0
1574527258.433878, -82.0
1574527259.408168, -82.0
1574527260.369977, -82.0
1574527261.378336, -82.0
1574527262.435507, -82.0
1574527263.58955, -82.0
1574527264.709697, -82.0
1574527265.852429, -82.0
1574527267.068229, -82.0
1574527268.431621, -82.0
1574527269.63775, -82.0
1574527270.755935, -82.0
1574527271.910322, -82.0
1574527272.921648, -82.0
1574527274.025993, -82.0
1574527275.067108, -82.0
1574527276.402673, -82.0
1574527276.887245, -82.0
1574527277.410417, -82.0
1574527277.941787, -82.0
1574527278.702304, -82.0
1574527279.178948, -82.0
1574527280.113164, -82.0
1574527280.985625, -82.0
1574527281.842281, -82.0
1574527282.423182, -82.0
1574527283.394912, -82.0
1574527280.138827, -82.0
1574527280.245944, -82.0
1574527280.352604, -82.0
1574527280.459269, -82.0
1574527280.566143, -82.0
1574527280.673212, -82.0
1574527280.780214, -82.0
1574527280.887573, -82.0
1574527281.001449, -82.0
1574527281.127319, -82.0
1574527281.233965, -82.0
1574527281.341335, -82.0
1574527281.453995, -82.0
1574527281.596561, -82.0
1574527281.725742, -82.0
1574527281.84299, -82.0
1574527281.967051, -82.0
1574527282.094844, -82.0
1574527282.217301, -82.0
1574527282.331155, -82.0
1574527283.121899, -82.0
1574527283.863768, -82.0
1574527284.498936, -82.0
1574527285.102866, -82.0
1574527285.724364, -82.0
1574527286.366468, -82.0
1574527287.281253, -82.0
1574527288.064552, -82.0
1574527288.785967, -82.0
1574527289.420286, -82.0
1574527290.071481, -82.0
1574527290.692179, -82.0
1574527291.304434, -82.0
1574527291.913065, -82.0
1574527292.521565, -82.0
1574527293.157006, -82.0
1574527293.791519, -82.0
1574527294.408087, -82.0
1574527295.01259, -82.0
1574527295.645158, -82.0
1574527296.353593, -82.0
1574527297.288189, -82.0
1574527298.195594, -82.0
1574527299.234981, -82.0
1574527300.066443, -82.0
1574527300.861945, -82.0
1574527301.627989, -82.0
1574527302.300138, -82.0
1574527303.206437, -82.0
1574527303.984214, -82.0
1574527283.543846, -82.0
1574527283.651011, -82.0
1574527283.760845, -82.0
1574527283.870573, -82.0
1574527283.986881, -82.0
1574527284.100367, -82.0
1574527284.267266, -82.0
1574527284.381906, -82.0
1574527284.490009, -82.0
1574527284.596261, -82.0
1574527284.703645, -82.0
1574527284.835676, -82.0
1574527284.947399, -82.0
1574527285.053902, -82.0
1574527285.184739, -82.0
1574527285.292537, -82.0
1574527285.398833, -82.0
1574527285.532824, -82.0
1574527285.652723, -82.0
1574527285.768739, -82.0
1574527285.877002, -82.0
1574527286.102013, -82.0
1574527286.348722, -82.0
1574527286.513377, -82.0
1574527286.651196, -82.0
1574527287.625659, -82.0
1574527288.680634, -82.0
1574527289.20358, -82.0
1574527289.70037, -82.0
1574527289.809815, -82.0
1574527289.922503, -82.0
1574527290.035565, -82.0
1574527290.609835, -82.0
1574527291.465563, -82.0
1574527292.359271, -82.0
1574527293.229382, -82.0
1574527294.130527, -82.0
1574527294.928675, -82.0
1574527295.766229, -82.0
1574527296.845872, -82.0
1574527298.271808, -82.0
1574527299.319724, -82.0
1574527299.746575, -82.0
1574527300.842291, -82.0
1574527301.910742, -82.0
1574527303.042996, -82.0
1574527304.210946, -82.0
1574527304.812551, -82.0
1574527305.446333, -82.0
1574527305.970215, -82.0
1574527304.241711, -82.0
1574527304.464897, -82.0
1574527304.648994, -82.0
1574527304.90296, -82.0
1574527305.064829, -82.0
1574527305.293299, -82.0
1574527305.485464, -82.0
1574527305.67531, -82.0
1574527305.915012, -82.0
1574527306.101322, -82.0
1574527306.279621, -82.0
1574527306.446109, -82.0
1574527306.610314, -82.0
1574527306.782926, -82.0
1574527306.947895, -82.0
1574527307.119428, -82.0
1574527307.291653, -82.0
1574527307.463137, -82.0
1574527307.634252, -82.0
1574527307.81109, -82.0
1574527308.009416, -82.0
1574527308.208095, -82.0
1574527308.400692, -82.0
1574527309.24883, -82.0
1574527309.824138, -82.0
1574527310.001468, -82.0
1574527310.667401, -82.0
1574527311.564619, -82.0
1574527312.497978, -82.0
1574527313.360936, -82.0
1574527314.34327, -82.0
1574527315.277207, -82.0
1574527315.791474, -82.0
1574527316.655244, -82.0
1574527317.533188, -82.0
1574527318.387582, -82.0
1574527319.681363, -82.0
1574527320.902357, -82.0
1574527321.850848, -82.0
1574527322.771603, -82.0
1574527323.7052, -82.0
1574527325.252006, -82.0
1574527325.427231, -82.0
1574527325.598726, -82.0
1574527326.684507, -82.0
1574527327.762593, -82.0
1574527328.405349, -82.0
1574527329.047568, -82.0
1574527329.770749, -82.0
1574527331.153318, -82.0
1574527306.069576, -82.0
1574527306.131453, -82.0
1574527306.187095, -82.0
1574527306.240601, -82.0
1574527306.626113, -82.0
1574527307.010383, -82.0
1574527307.393297, -82.0
1574527307.760189, -82.0
1574527308.184242, -82.0
1574527308.63393, -82.0
1574527309.052126, -82.0
1574527309.453262, -82.0
1574527309.864277, -82.0
1574527310.288836, -82.0
1574527310.772445, -82.0
1574527311.163849, -82.0
1574527311.5662, -82.0
1574527312.05641, -82.0
1574527312.586525, -82.0
1574527312.988251, -82.0
1574527313.429988, -82.0
1574527313.978168, -82.0
1574527314.353812, -82.0
1574527314.775818, -82.0
1574527315.177241, -82.0
1574527315.582654, -82.0
1574527315.642623, -82.0
1574527315.705532, -82.0
1574527315.765481, -82.0
1574527315.822337, -82.0
1574527316.241289, -82.0
1574527316.638123, -82.0
1574527317.045158, -82.0
1574527317.484264, -82.0
1574527317.89229, -82.0
1574527318.300873, -82.0
1574527318.692483, -82.0
1574527319.101517, -82.0
1574527319.510944, -82.0
1574527319.931725, -82.0
1574527320.31943, -82.0
1574527320.742245, -82.0
1574527321.145389, -82.0
1574527321.542367, -82.0
1574527321.953932, -82.0
1574527322.332963, -82.0
1574527322.723197, -82.0
1574527323.147592, -82.0
1574527323.566069, -82.0
1574527323.983318, -82.0
1574527307.396634, -82.0
1574527307.509313, -82.0
1574527307.621105, -82.0
1574527307.728673, -82.0
1574527307.837802, -82.0
1574527307.94951, -82.0
1574527308.057724, -82.0
1574527308.167978, -82.0
1574527308.295408, -82.0
1574527308.407019, -82.0
1574527308.516181, -82.0
1574527308.6264, -82.0
1574527308.736183, -82.0
1574527308.844472, -82.0
1574527308.952149, -82.0
1574527309.06126, -82.0
1574527309.172089, -82.0
1574527309.60986, -82.0
1574527310.083896, -82.0
1574527310.580349, -82.0
1574527311.03807, -82.0
1574527311.822124, -82.0
1574527312.593131, -82.0
1574527313.312823, -82.0
1574527314.130746, -82.0
1574527314.901063, -82.0
1574527315.658994, -82.0
1574527316.456104, -82.0
1574527316.893967, -82.0
1574527317.357533, -82.0
1574527318.103788, -82.0
1574527318.886044, -82.0
1574527319.643102, -82.0
1574527320.434346, -82.0
1574527321.205739, -82.0
1574527321.988674, -82.0
1574527322.737695, -82.0
1574527323.512238, -82.0
1574527324.353552, -82.0
1574527325.119402, -82.0
1574527325.911015, -82.0
1574527326.672788, -82.0
1574527327.488729, -82.0
1574527328.446879, -82.0
1574527329.241773, -82.0
1574527330.278431, -82.0
1574527331.064, -82.0
1574527331.817445, -82.0
1574527332.598403, -82.0
1574527333.352107, -82.0
1574527324.18607, -82.0
1574527324.359268, -82.0
1574527324.53596, -82.0
1574527324.715283, -82.0
1574527324.891052, -82.0
1574527325.057706, -82.0
1574527325.221063, -82.0
1574527325.38681, -82.0
1574527325.550153, -82.0
1574527325.717272, -82.0
1574527325.879289, -82.0
1574527326.044823, -82.0
1574527326.230951, -82.0
1574527326.393304, -82.0
1574527326.563575, -82.0
1574527326.729852, -82.0
1574527326.891605, -82.0
1574527327.054971, -82.0
1574527327.216915, -82.0
1574527327.419092, -82.0
1574527327.57854, -82.0
1574527327.78978, -82.0
1574527327.975887, -82.0
1574527328.136835, -82.0
1574527328.300316, -82.0
1574527329.130714, -82.0
1574527330.116108, -82.0
1574527331.253433, -82.0
1574527332.350346, -82.0
1574527333.461112, -82.0
1574527334.762823, -82.0
1574527335.691449, -82.0
1574527336.841047, -82.0
1574527338.315408, -82.0
1574527339.675248, -82.0
1574527341.022352, -82.0
1574527342.073327, -82.0
1574527342.620553, -82.0
1574527343.109363, -82.0
1574527344.152003, -82.0
1574527345.126472, -82.0
1574527346.624854, -82.0
1574527347.086105, -82.0
1574527347.580321, -82.0
1574527348.930713, -82.0
1574527349.979709, -82.0
1574527351.072164, -82.0
1574527352.199799, -82.0
1574527352.947195, -82.0
1574527354.216159, -82.0
1574527331.243875, -82.0
1574527331.64567, -82.0
1574527332.069202, -82.0
1574527332.480972, -82.0
1574527332.892092, -82.0
1574527333.322288, -82.0
1574527333.733596, -82.0
1574527334.14359, -82.0
1574527334.197953, -82.0
1574527334.252264, -82.0
1574527334.306491, -82.0
1574527334.360654, -82.0
1574527334.765458, -82.0
1574527335.1655, -82.0
1574527335.572572, -82.0
1574527335.9663, -82.0
1574527336.368096, -82.0
1574527336.747545, -82.0
1574527337.14067, -82.0
1574527337.542362, -82.0
1574527337.943043, -82.0
1574527338.33766, -82.0
1574527338.733135, -82.0
1574527339.209743, -82.0
1574527339.263718, -82.0
1574527339.330969, -82.0
1574527339.39108, -82.0
1574527339.819657, -82.0
1574527340.23481, -82.0
1574527340.663155, -82.0
1574527341.046515, -82.0
1574527341.442309, -82.0
1574527341.852079, -82.0
1574527342.310429, -82.0
1574527342.748095, -82.0
1574527343.318716, -82.0
1574527343.37589, -82.0
1574527343.434625, -82.0
1574527343.490129, -82.0
1574527343.543603, -82.0
1574527343.596354, -82.0
1574527343.649157, -82.0
1574527343.702381, -82.0
1574527343.76051, -82.0
1574527343.819194, -82.0
1574527343.876556, -82.0
1574527343.941506, -82.0
1574527343.999214, -82.0
1574527344.412819, -82.0
1574527344.815901, -82.0
1574527460.807774, -82.0
1574527461.34818, -82.0
1574527461.942072, -82.0
1574527462.43621, -82.0
1574527462.961153, -82.0
1574527463.023992, -82.0
1574527463.097823, -82.0
1574527463.164491, -82.0
1574527463.229695, -82.0
1574527463.310052, -82.0
1574527463.381521, -82.0
1574527463.446426, -82.0
1574527463.954026, -82.0
1574527464.413641, -82.0
1574527464.850551, -82.0
1574527465.267377, -82.0
1574527465.833569, -82.0
1574527466.420632, -82.0
1574527466.48363, -82.0
1574527466.543745, -82.0
1574527467.14172, -82.0
1574527467.568464, -82.0
1574527468.011992, -82.0
1574527468.466023, -82.0
1574527468.924458, -82.0
1574527469.331627, -82.0
1574527469.733729, -82.0
1574527470.156935, -82.0
1574527470.580223, -82.0
1574527471.050575, -82.0
1574527471.484369, -82.0
1574527471.89336, -82.0
1574527472.333756, -82.0
1574527472.767691, -82.0
1574527473.176209, -82.0
1574527473.23109, -82.0
1574527473.287671, -82.0
1574527473.344903, -82.0
1574527473.400683, -82.0
1574527473.95269, -82.0
1574527474.358575, -82.0
1574527474.776769, -82.0
1574527475.207478, -82.0
1574527475.647377, -82.0
1574527475.704112, -82.0
1574527475.766301, -82.0
1574527475.819407, -82.0
1574527476.244124, -82.0
1574527476.675428, -82.0
1574527477.109815, -82.0
1574527477.53034, -82.0
1574527477.586226, -82.0
1574527478.027352, -82.0
1574527478.458363, -82.0
1574527478.878691, -82.0
1574527479.289506, -82.0
1574527479.711018, -82.0
1574527480.106706, -82.0
1574527480.511584, -82.0
1574527480.905712, -82.0
1574527481.307499, -82.0
1574527481.724474, -82.0
1574527482.142573, -82.0
1574527482.553358, -82.0
1574527482.955192, -82.0
1574527483.3623, -82.0
1574527483.807989, -82.0
1574527484.233235, -82.0
1574527484.669825, -82.0
1574527485.089926, -82.0
1574527485.507578, -82.0
1574527485.933254, -82.0
1574527486.363742, -82.0
1574527486.78292, -82.0
1574527487.284533, -82.0
1574527487.712928, -82.0
1574527488.146965, -82.0
1574527488.207997, -82.0
1574527488.277917, -82.0
1574527488.353625, -82.0
1574527488.4342, -82.0
1574527489.030775, -82.0
1574527489.091463, -82.0
1574527489.15338, -82.0
1574527489.211834, -82.0
1574527489.26913, -82.0
1574527489.32625, -82.0
1574527489.403972, -82.0
1574527489.461419, -82.0
1574527489.517378, -82.0
1574527489.578212, -82.0
1574527489.636907, -82.0
1574527489.696132, -82.0
1574527489.756403, -82.0
1574527489.813955, -82.0
1574527489.875802, -82.0
1574527490.354645, -82.0
1574527490.42523, -82.0
1574527490.503251, -82.0
1574527490.569244, -82.0
1574527490.62662, -82.0
1574527490.679937, -82.0
1574527490.73304, -82.0
1574527490.786781, -82.0
1574527490.878101, -82.0
1574527490.931375, -82.0
1574527490.985556, -82.0
1574527491.040302, -82.0
1574527491.094483, -82.0
1574527491.149715, -82.0
1574527491.204079, -82.0
1574527491.25868, -82.0
1574527491.31584, -82.0
1574527491.711641, -82.0
1574527492.127414, -82.0
1574527492.563354, -82.0
1574527492.97487, -82.0
1574527493.381422, -82.0
1574527493.786258, -82.0
1574527494.186765, -82.0
1574527494.598096, -82.0
1574527495.017018, -82.0
1574527495.450215, -82.0
1574527495.843104, -82.0
1574527496.234915, -82.0
1574527496.61708, -82.0
1574527497.041608, -82.0
1574527497.461214, -82.0
1574527498.068688, -82.0
1574527498.637692, -82.0
1574527499.096063, -82.0
1574527499.54299, -82.0
1574527499.966565, -82.0
1574527500.429495, -82.0
1574527500.85076, -82.0
1574527501.370519, -82.0
1574527501.838588, -82.0
1574527502.266662, -82.0
1574527502.72233, -82.0
1574527503.162344, -82.0
1574527503.594299, -82.0
1574527504.030377, -82.0
1574527504.466609, -82.0
1574527504.87927, -82.0
1574527505.291513, -82.0
1574527505.693596, -82.0
1574527506.115483, -82.0
1574527506.583859, -82.0
1574527507.016, -82.0
1574527507.455166, -82.0
1574527507.914807, -82.0
1574527508.370893, -82.0
1574527508.814248, -82.0
1574527509.279123, -82.0
1574527509.723589, -82.0
1574527510.143969, -82.0
1574527510.583123, -82.0
1574527511.056927, -82.0
1574527511.546979, -82.0
1574527511.999326, -82.0
1574527512.407574, -82.0
1574527512.799912, -82.0
1574527513.226468, -82.0
1574527513.643074, -82.0
1574527514.084055, -82.0
1574527514.503807, -82.0
1574527514.950228, -82.0
1574527515.402224, -82.0
1574527515.830067, -82.0
1574527516.280619, -82.0
1574527516.726795, -82.0
1574527517.286165, -82.0
1574527517.791607, -82.0
1574527518.216984, -82.0
1574527518.695822, -82.0
1574527519.152946, -82.0
1574527519.546657, -82.0
1574527519.969715, -82.0
1574527520.45867, -82.0
1574527521.018371, -82.0
1574527521.437272, -82.0
1574527521.4921, -82.0
1574527521.910422, -82.0
1574527522.320588, -82.0
1574527522.707562, -82.0
1574527523.105806, -82.0
1574527523.51156, -82.0
1574527523.896925, -82.0
1574527524.316607, -82.0
1574527524.694905, -82.0
1574527525.115639, -82.0
1574527525.521871, -82.0
1574527525.956385, -82.0
1574527526.378256, -82.0
1574527526.812858, -82.0
1574527527.225208, -82.0
1574527527.64025, -82.0
1574527528.042108, -82.0
1574527528.431677, -82.0
1574527528.852809, -82.0
1574527529.269045, -82.0
1574527529.672623, -82.0
1574527530.070036, -82.0
1574527530.47249, -82.0
1574527530.893992, -82.0
1574527531.314382, -82.0
1574527531.735048, -82.0
1574527532.139978, -82.0
1574527532.545211, -82.0
1574527532.976877, -82.0
1574527533.376564, -82.0
1574527533.790271, -82.0
1574527534.215998, -82.0
1574527534.626606, -82.0
1574527535.081335, -82.0
1574527535.490832, -82.0
1574527535.897021, -82.0
1574527536.344368, -82.0
1574527536.735575, -82.0
1574527537.119043, -82.0
1574527537.514693, -82.0
1574527537.940935, -82.0
1574527538.397945, -82.0
1574527538.816442, -82.0
1574527539.215707, -82.0
1574527539.621341, -82.0
1574527540.044524, -82.0
1574527540.481809, -82.0
1574527540.886065, -82.0
1574527541.287551, -82.0
1574527541.704016, -82.0
1574527542.126417, -82.0
1574527542.545357, -82.0
1574527542.949291, -82.0
1574527543.358045, -82.0
1574527543.78342, -82.0
1574527544.207802, -82.0
1574527544.617821, -82.0
1574527544.674533, -82.0
1574527545.102801, -82.0
1574527545.158864, -82.0
1574527545.215436, -82.0
1574527545.753438, -82.0
1574527546.165421, -82.0
1574527546.576312, -82.0
1574527546.62963, -82.0
1574527546.683524, -82.0
1574527547.106142, -82.0
1574527547.532594, -82.0
1574527547.981258, -82.0
1574527460.472252, -82.0
1574527460.531726, -82.0
1574527460.587912, -82.0
1574527460.654263, -82.0
1574527460.708547, -82.0
1574527460.763832, -82.0
1574527460.820112, -82.0
1574527460.873679, -82.0
1574527460.933835, -82.0
1574527460.996479, -82.0
1574527461.053295, -82.0
1574527461.111363, -82.0
1574527461.173076, -82.0
1574527461.232639, -82.0
1574527461.297093, -82.0
1574527461.752123, -82.0
1574527462.16941, -82.0
1574527462.603369, -82.0
1574527463.050619, -82.0
1574527463.103857, -82.0
1574527463.158715, -82.0
1574527463.213066, -82.0
1574527463.269535, -82.0
1574527463.325018, -82.0
1574527463.380659, -82.0
1574527463.434522, -82.0
1574527463.899714, -82.0
1574527464.34646, -82.0
1574527464.789689, -82.0
1574527465.224934, -82.0
1574527465.642457, -82.0
1574527466.074161, -82.0
1574527466.522905, -82.0
1574527466.977513, -82.0
1574527467.390747, -82.0
1574527467.816822, -82.0
1574527468.255235, -82.0
1574527468.640947, -82.0
1574527469.08182, -82.0
1574527469.501145, -82.0
1574527469.974075, -82.0
1574527470.032375, -82.0
1574527470.094016, -82.0
1574527470.156799, -82.0
1574527470.211685, -82.0
1574527470.2656, -82.0
1574527470.319236, -82.0
1574527470.373048, -82.0
1574527470.427117, -82.0
1574527470.487991, -82.0
1574527470.922415, -82.0
1574527471.306745, -82.0
1574527471.73281, -82.0
1574527472.127488, -82.0
1574527472.542814, -82.0
1574527472.943068, -82.0
1574527473.349985, -82.0
1574527473.776644, -82.0
1574527473.831058, -82.0
1574527473.885969, -82.0
1574527473.9412, -82.0
1574527473.996928, -82.0
1574527474.052229, -82.0
1574527474.107156, -82.0
1574527474.1625, -82.0
1574527474.217672, -82.0
1574527474.2737, -82.0
1574527474.328457, -82.0
1574527474.383565, -82.0
1574527474.438978, -82.0
1574527474.494108, -82.0
1574527474.549091, -82.0
1574527474.604302, -82.0
1574527474.659926, -82.0
1574527474.715428, -82.0
1574527474.771874, -82.0
1574527475.216021, -82.0
1574527475.630805, -82.0
1574527476.050356, -82.0
1574527476.448468, -82.0
1574527476.869941, -82.0
1574527477.273116, -82.0
1574527477.666998, -82.0
1574527478.073311, -82.0
1574527478.471292, -82.0
1574527478.922934, -82.0
1574527478.983056, -82.0
1574527479.04286, -82.0
1574527479.104929, -82.0
1574527479.163083, -82.0
1574527479.224143, -82.0
1574527479.284836, -82.0
1574527479.347158, -82.0
1574527479.765791, -82.0
1574527480.168436, -82.0
1574527480.555349, -82.0
1574527480.963093, -82.0
1574527481.373008, -82.0
1574527481.783094, -82.0
1574527482.215397, -82.0
1574527482.628553, -82.0
1574527483.089182, -82.0
1574527483.709389, -82.0
1574527483.770185, -82.0
1574527483.838273, -82.0
1574527483.895105, -82.0
1574527483.97561, -82.0
1574527484.050226, -82.0
1574527484.12687, -82.0
1574527484.61813, -82.0
1574527485.088628, -82.0
1574527485.148457, -82.0
1574527485.629076, -82.0
1574527486.064086, -82.0
1574527486.506912, -82.0
1574527486.964442, -82.0
1574527487.379116, -82.0
1574527487.809683, -82.0
1574527488.237214, -82.0
1574527488.685136, -82.0
1574527489.143012, -82.0
1574527489.591929, -82.0
1574527490.040181, -82.0
1574527490.568181, -82.0
1574527490.628592, -82.0
1574527491.068981, -82.0
1574527491.518787, -82.0
1574527491.935442, -82.0
1574527492.399707, -82.0
1574527492.839476, -82.0
1574527493.250065, -82.0
1574527493.680218, -82.0
1574527494.100162, -82.0
1574527494.555231, -82.0
1574527494.956884, -82.0
1574527495.387299, -82.0
1574527495.819047, -82.0
1574527496.233658, -82.0
1574527496.648117, -82.0
1574527497.068336, -82.0
1574527497.468876, -82.0
1574527497.889779, -82.0
1574527498.296432, -82.0
1574527498.731048, -82.0
1574527499.258402, -82.0
1574527499.697548, -82.0
1574527500.138238, -82.0
1574527500.563781, -82.0
1574527500.982975, -82.0
1574527501.405219, -82.0
1574527501.823854, -82.0
1574527502.258586, -82.0
1574527502.707985, -82.0
1574527503.145109, -82.0
1574527503.552615, -82.0
1574527503.956492, -82.0
1574527504.353448, -82.0
1574527504.757455, -82.0
1574527505.175604, -82.0
1574527505.592876, -82.0
1574527506.023498, -82.0
1574527506.455988, -82.0
1574527506.910728, -82.0
1574527507.329145, -82.0
1574527507.751365, -82.0
1574527508.173457, -82.0
1574527508.591136, -82.0
1574527508.979619, -82.0
1574527509.373503, -82.0
1574527509.779526, -82.0
1574527510.166969, -82.0
1574527510.541516, -82.0
1574527510.922294, -82.0
1574527511.32429, -82.0
1574527511.734116, -82.0
1574527512.152772, -82.0
1574527512.586053, -82.0
1574527513.012355, -82.0
1574527513.437185, -82.0
1574527513.88141, -82.0
1574527514.271632, -82.0
1574527514.670631, -82.0
1574527515.082492, -82.0
1574527515.502577, -82.0
1574527515.905152, -82.0
1574527516.318733, -82.0
1574527516.710509, -82.0
1574527517.259804, -82.0
1574527517.751453, -82.0
1574527517.805683, -82.0
1574527518.221654, -82.0
1574527518.656483, -82.0
1574527519.066519, -82.0
1574527519.505597, -82.0
1574527519.921139, -82.0
1574527520.380072, -82.0
1574527520.793295, -82.0
1574527521.204608, -82.0
1574527521.660824, -82.0
1574527522.080037, -82.0
1574527522.469193, -82.0
1574527522.911459, -82.0
1574527523.307066, -82.0
1574527523.741915, -82.0
1574527524.155261, -82.0
1574527524.639857, -82.0
1574527525.054077, -82.0
1574527525.604262, -82.0
1574527526.036864, -82.0
1574527526.421481, -82.0
1574527526.87488, -82.0
1574527527.297805, -82.0
1574527527.708318, -82.0
1574527528.113284, -82.0
1574527528.516852, -82.0
1574527528.923617, -82.0
1574527529.323221, -82.0
1574527529.743704, -82.0
1574527530.158854, -82.0
1574527530.212306, -82.0
1574527530.272397, -82.0
1574527530.326039, -82.0
1574527530.796604, -82.0
1574527531.269517, -82.0
1574527531.688713, -82.0
1574527532.099726, -82.0
1574527532.541662, -82.0
1574527532.948036, -82.0
1574527533.347375, -82.0
1574527533.735617, -82.0
1574527534.157339, -82.0
1574527534.566225, -82.0
1574527534.963197, -82.0
1574527535.400626, -82.0
1574527535.805863, -82.0
1574527536.226905, -82.0
1574527536.621112, -82.0
1574527537.032106, -82.0
1574527537.431512, -82.0
1574527537.866448, -82.0
1574527538.26322, -82.0
1574527538.677635, -82.0
1574527539.070004, -82.0
1574527539.462268, -82.0
1574527539.877094, -82.0
1574527540.294046, -82.0
1574527540.707796, -82.0
1574527541.1022, -82.0
1574527541.532777, -82.0
1574527541.924747, -82.0
1574527460.841152, -82.0
1574527460.902792, -82.0
1574527460.956768, -82.0
1574527461.009827, -82.0
1574527461.062491, -82.0
1574527461.115347, -82.0
1574527461.168803, -82.0
1574527461.223893, -82.0
1574527461.609764, -82.0
1574527462.00633, -82.0
1574527462.392266, -82.0
1574527462.787086, -82.0
1574527463.20127, -82.0
1574527463.616646, -82.0
1574527464.014258, -82.0
1574527464.39619, -82.0
1574527464.830882, -82.0
1574527465.238959, -82.0
1574527465.656985, -82.0
1574527466.043591, -82.0
1574527466.432891, -82.0
1574527466.834317, -82.0
1574527467.250983, -82.0
1574527467.65488, -82.0
1574527468.044916, -82.0
1574527468.453852, -82.0
1574527468.844292, -82.0
1574527469.270733, -82.0
1574527469.675009, -82.0
1574527470.079755, -82.0
1574527470.489096, -82.0
1574527470.907461, -82.0
1574527471.317963, -82.0
1574527471.72573, -82.0
1574527472.140462, -82.0
1574527472.539491, -82.0
1574527472.962628, -82.0
1574527473.380789, -82.0
1574527473.783987, -82.0
1574527474.212018, -82.0
1574527474.580363, -82.0
1574527474.994544, -82.0
1574527475.389018, -82.0
1574527475.801939, -82.0
1574527476.179351, -82.0
1574527476.570564, -82.0
1574527476.954854, -82.0
1574527477.343962, -82.0
1574527477.733855, -82.0
1574527478.149351, -82.0
1574527478.550018, -82.0
1574527478.953531, -82.0
1574527479.34188, -82.0
1574527479.747606, -82.0
1574527480.123777, -82.0
1574527480.520424, -82.0
1574527480.93253, -82.0
1574527481.372882, -82.0
1574527481.792665, -82.0
1574527482.186364, -82.0
1574527482.604644, -82.0
1574527483.038702, -82.0
1574527483.465571, -82.0
1574527483.90147, -82.0
1574527484.28774, -82.0
1574527484.701935, -82.0
1574527484.756035, -82.0
1574527484.811787, -82.0
1574527484.874116, -82.0
1574527484.929116, -82.0
1574527485.320146, -82.0
1574527485.717242, -82.0
1574527486.103244, -82.0
1574527486.542247, -82.0
1574527486.940947, -82.0
1574527487.384538, -82.0
1574527487.816797, -82.0
1574527488.186013, -82.0
1574527488.581113, -82.0
1574527488.970255, -82.0
1574527489.34046, -82.0
1574527489.720012, -82.0
1574527490.10462, -82.0
1574527490.482552, -82.0
1574527490.867188, -82.0
1574527491.295797, -82.0
1574527491.695967, -82.0
1574527492.093491, -82.0
1574527492.495476, -82.0
1574527492.904993, -82.0
1574527493.302972, -82.0
1574527493.69228, -82.0
1574527494.085403, -82.0
1574527494.470021, -82.0
1574527494.862002, -82.0
1574527495.263993, -82.0
1574527495.668205, -82.0
1574527496.127812, -82.0
1574527496.183355, -82.0
1574527496.591519, -82.0
1574527497.023502, -82.0
1574527497.417855, -82.0
1574527497.813132, -82.0
1574527498.224601, -82.0
1574527498.61969, -82.0
1574527499.034573, -82.0
1574527499.432112, -82.0
1574527499.84448, -82.0
1574527500.238541, -82.0
1574527500.646227, -82.0
1574527501.05247, -82.0
1574527501.107099, -82.0
1574527501.167392, -82.0
1574527501.22501, -82.0
1574527501.281919, -82.0
1574527501.340223, -82.0
1574527501.402764, -82.0
1574527501.461456, -82.0
1574527501.518647, -82.0
1574527501.946507, -82.0
1574527502.001611, -82.0
1574527502.057658, -82.0
1574527502.112443, -82.0
1574527502.166541, -82.0
1574527502.221468, -82.0
1574527502.276422, -82.0
1574527502.331428, -82.0
1574527502.386347, -82.0
1574527502.441157, -82.0
1574527502.495358, -82.0
1574527502.549667, -82.0
1574527502.603831, -82.0
1574527502.658631, -82.0
1574527502.715867, -82.0
1574527503.152513, -82.0
1574527503.555792, -82.0
1574527503.974308, -82.0
1574527504.382012, -82.0
1574527504.818056, -82.0
1574527505.232991, -82.0
1574527505.644063, -82.0
1574527506.065019, -82.0
1574527506.677384, -82.0
1574527506.734975, -82.0
1574527506.789484, -82.0
1574527506.843643, -82.0
1574527506.906402, -82.0
1574527506.959588, -82.0
1574527507.012702, -82.0
1574527507.065643, -82.0
1574527507.118877, -82.0
1574527507.172395, -82.0
1574527507.229492, -82.0
1574527507.288085, -82.0
1574527507.687262, -82.0
1574527508.079305, -82.0
1574527508.494189, -82.0
1574527508.54945, -82.0
1574527509.052216, -82.0
1574527509.108564, -82.0
1574527509.163531, -82.0
1574527509.585325, -82.0
1574527509.975446, -82.0
1574527510.372063, -82.0
1574527510.796545, -82.0
1574527511.187891, -82.0
1574527511.591802, -82.0
1574527512.020392, -82.0
1574527512.453357, -82.0
1574527512.858396, -82.0
1574527513.268609, -82.0
1574527513.696844, -82.0
1574527513.752577, -82.0
1574527513.812126, -82.0
1574527514.343523, -82.0
1574527514.767716, -82.0
1574527515.192775, -82.0
1574527515.673012, -82.0
1574527515.726989, -82.0
1574527515.782408, -82.0
1574527515.836428, -82.0
1574527515.890145, -82.0
1574527515.944905, -82.0
1574527515.99976, -82.0
1574527516.053401, -82.0
1574527516.107616, -82.0
1574527516.170243, -82.0
1574527516.224743, -82.0
1574527516.27934, -82.0
1574527516.334069, -82.0
1574527516.388102, -82.0
1574527516.44108, -82.0
1574527516.49534, -82.0
1574527516.549728, -82.0
1574527516.6039, -82.0
1574527516.659386, -82.0
1574527516.713803, -82.0
1574527516.770692, -82.0
1574527516.832157, -82.0
1574527516.887596, -82.0
1574527516.95168, -82.0
1574527517.008185, -82.0
1574527517.069187, -82.0
1574527517.12802, -82.0
1574527517.191643, -82.0
1574527517.72027, -82.0
1574527518.151364, -82.0
1574527518.691422, -82.0
1574527519.177251, -82.0
1574527519.586848, -82.0
1574527520.043149, -82.0
1574527520.504835, -82.0
1574527520.914411, -82.0
1574527521.4093, -82.0
1574527521.936762, -82.0
1574527522.346378, -82.0
1574527522.760058, -82.0
1574527523.183914, -82.0
1574527523.612027, -82.0
1574527524.037169, -82.0
1574527524.447013, -82.0
1574527524.853501, -82.0
1574527525.267037, -82.0
1574527525.714219, -82.0
1574527526.134539, -82.0
1574527526.529377, -82.0
1574527526.597792, -82.0
1574527527.185477, -82.0
1574527527.660771, -82.0
1574527527.727176, -82.0
1574527528.127744, -82.0
1574527528.551415, -82.0
1574527528.986445, -82.0
1574527529.353461, -82.0
1574527529.764721, -82.0
1574527530.156766, -82.0
1574527530.576168, -82.0
1574527530.99545, -82.0
1574527531.407835, -82.0
1574527531.816201, -82.0
1574527532.259885, -82.0
1574527532.682851, -82.0
1574527533.096611, -82.0
1574527533.539616, -82.0
1574527533.987105, -82.0
1574527534.430737, -82.0
1574527534.831046, -82.0
1574527535.264834, -82.0
1574527535.676487, -82.0
1574527536.075737, -82.0
1574527460.547906, -82.0
1574527460.601782, -82.0
1574527460.65551, -82.0
1574527460.708798, -82.0
1574527460.762058, -82.0
1574527460.815374, -82.0
1574527460.871578, -82.0
1574527460.926083, -82.0
1574527460.984694, -82.0
1574527461.046994, -82.0
1574527461.1026, -82.0
1574527461.158519, -82.0
1574527461.212089, -82.0
1574527461.265238, -82.0
1574527461.326549, -82.0
1574527461.379732, -82.0
1574527461.43251, -82.0
1574527461.485755, -82.0
1574527461.53938, -82.0
1574527461.592399, -82.0
1574527461.645562, -82.0
1574527461.698868, -82.0
1574527461.752006, -82.0
1574527461.805044, -82.0
1574527461.85818, -82.0
1574527461.911632, -82.0
1574527461.967518, -82.0
1574527462.3757, -82.0
1574527462.788898, -82.0
1574527463.193431, -82.0
1574527463.601772, -82.0
1574527464.030182, -82.0
1574527464.429377, -82.0
1574527464.830676, -82.0
1574527465.225579, -82.0
1574527465.629649, -82.0
1574527466.020985, -82.0
1574527466.442666, -82.0
1574527466.84701, -82.0
1574527467.236281, -82.0
1574527467.671276, -82.0
1574527468.049025, -82.0
1574527468.441868, -82.0
1574527468.878542, -82.0
1574527468.937831, -82.0
1574527468.990761, -82.0
1574527469.043656, -82.0
1574527469.09703, -82.0
1574527469.152092, -82.0
1574527469.206212, -82.0
1574527469.262372, -82.0
1574527469.319743, -82.0
1574527469.37327, -82.0
1574527469.772703, -82.0
1574527470.183831, -82.0
1574527470.629723, -82.0
1574527471.121186, -82.0
1574527471.59594, -82.0
1574527472.069403, -82.0
1574527472.490595, -82.0
1574527472.920801, -82.0
1574527473.382499, -82.0
1574527473.782299, -82.0
1574527474.253089, -82.0
1574527474.69135, -82.0
1574527475.120912, -82.0
1574527475.553393, -82.0
1574527475.98653, -82.0
1574527476.438363, -82.0
1574527476.977028, -82.0
1574527477.420407, -82.0
1574527477.867439, -82.0
1574527478.343161, -82.0
1574527478.781365, -82.0
1574527479.222315, -82.0
1574527479.616912, -82.0
1574527480.03473, -82.0
1574527480.435541, -82.0
1574527480.837303, -82.0
1574527481.239134, -82.0
1574527481.663204, -82.0
1574527482.063463, -82.0
1574527482.468695, -82.0
1574527482.863791, -82.0
1574527483.279037, -82.0
1574527483.333327, -82.0
1574527483.393104, -82.0
1574527483.447203, -82.0
1574527483.50219, -82.0
1574527483.556276, -82.0
1574527483.610422, -82.0
1574527483.665269, -82.0
1574527483.729541, -82.0
1574527483.784566, -82.0
1574527483.843007, -82.0
1574527484.256582, -82.0
1574527484.640845, -82.0
1574527485.049496, -82.0
1574527485.454026, -82.0
1574527485.839975, -82.0
1574527486.256611, -82.0
1574527486.64529, -82.0
1574527487.066257, -82.0
1574527487.454574, -82.0
1574527487.844598, -82.0
1574527488.258071, -82.0
1574527488.649415, -82.0
1574527489.103139, -82.0
1574527489.517398, -82.0
1574527489.898381, -82.0
1574527490.305362, -82.0
1574527490.719887, -82.0
1574527491.104597, -82.0
1574527491.509728, -82.0
1574527491.931303, -82.0
1574527491.990488, -82.0
1574527492.048438, -82.0
1574527492.10417, -82.0
1574527492.159479, -82.0
1574527492.571352, -82.0
1574527492.981819, -82.0
1574527493.454691, -82.0
1574527493.509302, -82.0
1574527493.564182, -82.0
1574527494.047118, -82.0
1574527494.101476, -82.0
1574527494.155895, -82.0
1574527494.5419, -82.0
1574527494.949931, -82.0
1574527495.340428, -82.0
1574527495.730897, -82.0
1574527496.11871, -82.0
1574527496.540418, -82.0
1574527496.94973, -82.0
1574527497.378384, -82.0
1574527497.790699, -82.0
1574527498.209734, -82.0
1574527498.612535, -82.0
1574527499.02255, -82.0
1574527499.433457, -82.0
1574527499.83214, -82.0
1574527500.300809, -82.0
1574527500.726955, -82.0
1574527501.131552, -82.0
1574527501.546495, -82.0
1574527501.942791, -82.0
1574527502.351131, -82.0
1574527502.731171, -82.0
1574527503.139087, -82.0
1574527503.531464, -82.0
1574527504.027166, -82.0
1574527504.450777, -82.0
1574527504.860375, -82.0
1574527505.355247, -82.0
1574527505.805085, -82.0
1574527505.864535, -82.0
1574527505.9253, -82.0
1574527505.981281, -82.0
1574527506.040387, -82.0
1574527506.103431, -82.0
1574527506.159445, -82.0
1574527506.214973, -82.0
1574527506.272133, -82.0
1574527506.328306, -82.0
1574527506.389684, -82.0
1574527506.445158, -82.0
1574527506.500188, -82.0
1574527506.95764, -82.0
1574527507.012376, -82.0
1574527507.066172, -82.0
1574527507.121999, -82.0
1574527507.176586, -82.0
1574527507.238544, -82.0
1574527507.294327, -82.0
1574527507.794321, -82.0
1574527507.850123, -82.0
1574527508.301037, -82.0
1574527508.719425, -82.0
1574527509.144868, -82.0
1574527509.539319, -82.0
1574527509.952057, -82.0
1574527510.345277, -82.0
1574527510.753336, -82.0
1574527511.154942, -82.0
1574527511.563448, -82.0
1574527511.977462, -82.0
1574527512.448733, -82.0
1574527512.502591, -82.0
1574527512.960533, -82.0
1574527513.408546, -82.0
1574527513.828946, -82.0
1574527513.882606, -82.0
1574527514.344572, -82.0
1574527514.751187, -82.0
1574527515.161823, -82.0
1574527515.551388, -82.0
1574527515.960745, -82.0
1574527516.391579, -82.0
1574527516.939197, -82.0
1574527517.014004, -82.0
1574527517.091963, -82.0
1574527517.157489, -82.0
1574527517.236812, -82.0
1574527517.348259, -82.0
1574527517.998934, -82.0
1574527518.054449, -82.0
1574527518.112112, -82.0
1574527518.562693, -82.0
1574527518.99721, -82.0
1574527519.452801, -82.0
1574527519.887307, -82.0
1574527520.301339, -82.0
1574527520.688121, -82.0
1574527521.084809, -82.0
1574527521.140203, -82.0
1574527521.199161, -82.0
1574527521.622516, -82.0
1574527522.013744, -82.0
1574527522.416548, -82.0
1574527522.815728, -82.0
1574527523.217306, -82.0
1574527523.643047, -82.0
1574527524.029558, -82.0
1574527524.418373, -82.0
1574527524.821533, -82.0
1574527525.224408, -82.0
1574527525.711938, -82.0
1574527526.121335, -82.0
1574527526.500808, -82.0
1574527526.897681, -82.0
1574527527.298406, -82.0
1574527527.717171, -82.0
1574527528.130338, -82.0
1574527528.516086, -82.0
1574527528.923638, -82.0
1574527529.325047, -82.0
1574527529.72728, -82.0
1574527530.11044, -82.0
1574527530.52721, -82.0
1574527530.927483, -82.0
1574527531.318655, -82.0
1574527531.744266, -82.0
1574527532.153286, -82.0
1574527532.560898, -82.0
1574527532.951481, -82.0
1574527533.356574, -82.0
1574527533.748511, -82.0
1574527534.1969, -82.0
1574527534.59994, -82.0
1574527535.018812, -82.0
1574527535.12535, -82.0
1574527535.482629, -82.0
1574527535.818303, -82.0
1574527536.141229, -82.0
1574527536.453941, -82.0
1574527536.791869, -82.0
1574527537.221881, -82.0
1574527537.623945, -82.0
1574527538.037142, -82.0
1574527538.460674, -82.0
1574527538.90599, -82.0
1574527539.363473, -82.0
1574527539.772204, -82.0
1574527540.178366, -82.0
1574527540.586287, -82.0
1574527541.007995, -82.0
1574527541.408568, -82.0
1574527541.782091, -82.0
1574527542.175615, -82.0
1574527542.568013, -82.0
1574527542.997832, -82.0
1574527543.441508, -82.0
1574527543.848696, -82.0
1574527544.281796, -82.0
1574527544.722831, -82.0
1574527545.143291, -82.0
1574527545.595164, -82.0
1574527546.054801, -82.0
1574527546.481965, -82.0
1574527546.908973, -82.0
1574527547.392753, -82.0
1574527547.858381, -82.0
1574527548.346399, -82.0
1574527548.842133, -82.0
1574527549.353568, -82.0
1574527549.953639, -82.0
1574527550.465994, -82.0
1574527550.854241, -82.0
1574527551.272741, -82.0
1574527551.684553, -82.0
1574527552.082995, -82.0
1574527552.478809, -82.0
1574527552.867606, -82.0
1574527553.311381, -82.0
1574527553.716002, -82.0
1574527554.124968, -82.0
1574527554.548369, -82.0
1574527554.992886, -82.0
1574527555.457528, -82.0
1574527555.853294, -82.0
1574527556.272608, -82.0
1574527556.765531, -82.0
1574527557.211382, -82.0
1574527557.658268, -82.0
1574527558.145322, -82.0
1574527558.57386, -82.0
1574527558.952483, -82.0
1574527559.380317, -82.0
1574527559.791759, -82.0
1574527560.1954, -82.0
1574527560.588637, -82.0
1574527560.643317, -82.0
1574527560.704603, -82.0
1574527560.758207, -82.0
1574527561.187099, -82.0
1574527561.601038, -82.0
1574527562.010623, -82.0
1574527562.392031, -82.0
1574527562.797499, -82.0
1574527563.190886, -82.0
1574527563.591031, -82.0
1574527564.030294, -82.0
1574527564.449135, -82.0
1574527564.878378, -82.0
1574527565.313625, -82.0
1574527565.750341, -82.0
1574527566.163725, -82.0
1574527566.219297, -82.0
1574527566.27563, -82.0
1574527566.331679, -82.0
1574527566.739308, -82.0
1574527567.154906, -82.0
1574527567.54526, -82.0
1574527567.966077, -82.0
1574527568.369596, -82.0
1574527568.783363, -82.0
1574527569.214239, -82.0
1574527569.71107, -82.0
1574527570.258442, -82.0
1574527570.729775, -82.0
1574527571.252377, -82.0
1574527571.681466, -82.0
1574527572.098701, -82.0
1574527572.534832, -82.0
1574527572.940551, -82.0
1574527573.363446, -82.0
1574527573.823991, -82.0
1574527574.238623, -82.0
1574527574.660344, -82.0
1574527575.073667, -82.0
1574527575.480817, -82.0
1574527575.940485, -82.0
1574527576.353964, -82.0
1574527576.748557, -82.0
1574527577.19467, -82.0
1574527577.616707, -82.0
1574527578.047776, -82.0
1574527578.455742, -82.0
1574527578.867076, -82.0
1574527579.296871, -82.0
1574527579.68876, -82.0
1574527580.10223, -82.0
1574527580.586099, -82.0
1574527580.64221, -82.0
1574527580.697337, -82.0
1574527581.165145, -82.0
1574527581.601604, -82.0
1574527582.016488, -82.0
1574527582.439311, -82.0
1574527582.835159, -82.0
1574527583.231837, -82.0
1574527583.54855, -82.0
1574527583.877057, -82.0
1574527584.253492, -82.0
1574527584.668792, -82.0
1574527585.039353, -82.0
1574527585.417956, -82.0
1574527585.843972, -82.0
1574527586.259705, -82.0
1574527586.763427, -82.0
1574527587.09755, -82.0
1574527587.405675, -82.0
1574527587.704106, -82.0
1574527588.01679, -82.0
1574527588.31859, -82.0
1574527588.596519, -82.0
1574527588.905609, -82.0
1574527589.212586, -82.0
1574527589.518065, -82.0
1574527589.83343, -82.0
1574527590.153791, -82.0
1574527590.451899, -82.0
1574527590.783754, -82.0
1574527591.087391, -82.0
1574527591.410039, -82.0
1574527591.706353, -82.0
1574527592.018348, -82.0
1574527592.314045, -82.0
1574527592.620839, -82.0
1574527592.922067, -82.0
1574527593.222303, -82.0
1574527593.52795, -82.0
1574527593.836737, -82.0
1574527594.128961, -82.0
1574527594.553035, -82.0
1574527595.010625, -82.0
1574527595.372855, -82.0
1574527595.798259, -82.0
1574527596.219175, -82.0
1574527596.657794, -82.0
1574527597.084368, -82.0
1574527597.494738, -82.0
1574527597.921779, -82.0
1574527598.356378, -82.0
1574527598.75382, -82.0
1574527599.188553, -82.0
1574527599.637522, -82.0
1574527599.69796, -82.0
1574527600.112798, -82.0
1574527600.532192, -82.0
1574527600.963673, -82.0
1574527601.399775, -82.0
1574527601.861254, -82.0
1574527602.293107, -82.0
1574527602.732425, -82.0
1574527603.297568, -82.0
1574527603.359274, -82.0
1574527603.421428, -82.0
1574527603.96863, -82.0
1574527604.362375, -82.0
1574527604.826976, -82.0
1574527605.317052, -82.0
1574527605.763376, -82.0
1574527606.191387, -82.0
1574527606.615008, -82.0
1574527607.020892, -82.0
1574527607.434322, -82.0
1574527607.846592, -82.0
1574527608.271222, -82.0
1574527608.328843, -82.0
1574527608.779228, -82.0
1574527609.209235, -82.0
1574527609.609644, -82.0
1574527610.013937, -82.0
1574527610.500668, -82.0
1574527610.895032, -82.0
1574527611.317553, -82.0
1574527611.723188, -82.0
1574527612.126847, -82.0
1574527612.533634, -82.0
1574527612.952924, -82.0
1574527613.346275, -82.0
1574527613.783036, -82.0
1574527614.205595, -82.0
1574527614.628319, -82.0
1574527615.075824, -82.0
1574527615.525244, -82.0
1574527615.980444, -82.0
1574527616.45984, -82.0
1574527616.95093, -82.0
1574527617.559215, -82.0
1574527617.61883, -82.0
1574527618.114444, -82.0
1574527618.550581, -82.0
1574527618.994079, -82.0
1574527619.491739, -82.0
1574527619.932484, -82.0
1574527620.372191, -82.0
1574527620.822975, -82.0
1574527621.329971, -82.0
1574527621.809182, -82.0
1574527622.32367, -82.0
1574527622.741306, -82.0
1574527623.176612, -82.0
1574527623.633994, -82.0
1574527624.050822, -82.0
1574527624.466599, -82.0
1574527624.954638, -82.0
1574527625.424646, -82.0
1574527625.843406, -82.0
1574527626.271345, -82.0
1574527626.707506, -82.0
1574527627.114736, -82.0
1574527627.597614, -82.0
1574527628.007896, -82.0
1574527628.457785, -82.0
1574527628.870469, -82.0
1574527629.266115, -82.0
1574527629.718228, -82.0
1574527629.7753, -82.0
1574527629.830087, -82.0
1574527629.885511, -82.0
1574527630.357347, -82.0
1574527630.411797, -82.0
1574527630.932506, -82.0
1574527630.989642, -82.0
1574527631.044192, -82.0
1574527631.099299, -82.0
1574527631.154027, -82.0
1574527631.207807, -82.0
1574527536.457035, -82.0
1574527536.777357, -82.0
1574527537.133172, -82.0
1574527537.466045, -82.0
1574527537.781391, -82.0
1574527538.094976, -82.0
1574527538.435184, -82.0
1574527538.76467, -82.0
1574527539.101747, -82.0
1574527539.426048, -82.0
1574527539.802123, -82.0
1574527540.219652, -82.0
1574527540.598148, -82.0
1574527540.908977, -82.0
1574527541.264986, -82.0
1574527541.591339, -82.0
1574527541.912638, -82.0
1574527542.259064, -82.0
1574527542.692689, -82.0
1574527543.117273, -82.0
1574527543.522128, -82.0
1574527543.954054, -82.0
1574527544.37721, -82.0
1574527544.783993, -82.0
1574527545.177954, -82.0
1574527545.593359, -82.0
1574527546.037819, -82.0
1574527546.468291, -82.0
1574527546.910644, -82.0
1574527547.345891, -82.0
1574527547.743179, -82.0
1574527548.153661, -82.0
1574527548.597256, -82.0
1574527549.015227, -82.0
1574527549.448209, -82.0
1574527549.970227, -82.0
1574527550.493613, -82.0
1574527550.952767, -82.0
1574527551.456637, -82.0
1574527551.972862, -82.0
1574527552.4686, -82.0
1574527552.871358, -82.0
1574527553.363463, -82.0
1574527553.766522, -82.0
1574527554.166725, -82.0
1574527554.620337, -82.0
1574527555.040041, -82.0
1574527555.430757, -82.0
1574527555.815199, -82.0
1574527556.236683, -82.0
1574527556.631733, -82.0
1574527557.01455, -82.0
1574527557.464577, -82.0
1574527557.863384, -82.0
1574527558.24578, -82.0
1574527558.624742, -82.0
1574527559.032831, -82.0
1574527559.087099, -82.0
1574527559.141296, -82.0
1574527559.194594, -82.0
1574527559.249122, -82.0
1574527559.302209, -82.0
1574527559.355047, -82.0
1574527559.407943, -82.0
1574527559.46502, -82.0
1574527559.520479, -82.0
1574527559.57475, -82.0
1574527559.628544, -82.0
1574527560.023082, -82.0
1574527560.417609, -82.0
1574527560.819059, -82.0
1574527561.229634, -82.0
1574527561.615249, -82.0
1574527562.002664, -82.0
1574527562.411625, -82.0
1574527562.795189, -82.0
1574527563.204114, -82.0
1574527563.609556, -82.0
1574527564.018659, -82.0
1574527564.421944, -82.0
1574527564.818762, -82.0
1574527565.21628, -82.0
1574527565.674444, -82.0
1574527565.729806, -82.0
1574527566.181513, -82.0
1574527566.670723, -82.0
1574527566.731837, -82.0
1574527566.787137, -82.0
1574527567.20205, -82.0
1574527567.591623, -82.0
1574527567.910039, -82.0
1574527568.240955, -82.0
1574527568.550286, -82.0
1574527568.872458, -82.0
1574527569.202737, -82.0
1574527569.658478, -82.0
1574527570.29658, -82.0
1574527570.766403, -82.0
1574527571.235835, -82.0
1574527571.559049, -82.0
1574527571.89244, -82.0
1574527572.237071, -82.0
1574527572.603177, -82.0
1574527572.949843, -82.0
1574527573.292466, -82.0
1574527573.617015, -82.0
1574527573.937801, -82.0
1574527574.25878, -82.0
1574527574.685451, -82.0
1574527575.083735, -82.0
1574527575.492878, -82.0
1574527575.948215, -82.0
1574527576.36942, -82.0
1574527576.817211, -82.0
1574527577.248319, -82.0
1574527577.660523, -82.0
1574527578.09571, -82.0
1574527578.579173, -82.0
1574527579.009373, -82.0
1574527579.439493, -82.0
1574527579.857256, -82.0
1574527580.300985, -82.0
1574527580.716495, -82.0
1574527581.131935, -82.0
1574527581.551632, -82.0
1574527581.965234, -82.0
1574527582.405582, -82.0
1574527582.840618, -82.0
1574527583.227467, -82.0
1574527583.666436, -82.0
1574527584.07278, -82.0
1574527584.493218, -82.0
1574527584.887652, -82.0
1574527585.281873, -82.0
1574527585.704408, -82.0
1574527586.126066, -82.0
1574527586.592459, -82.0
1574527587.020726, -82.0
1574527587.433076, -82.0
1574527587.861815, -82.0
1574527588.257187, -82.0
1574527588.650043, -82.0
1574527589.066479, -82.0
1574527589.518399, -82.0
1574527589.977406, -82.0
1574527590.406309, -82.0
1574527590.794553, -82.0
1574527591.221238, -82.0
1574527591.637224, -82.0
1574527592.034375, -82.0
1574527592.46597, -82.0
1574527592.521735, -82.0
1574527592.934153, -82.0
1574527593.346009, -82.0
1574527593.744601, -82.0
1574527594.216346, -82.0
1574527594.724036, -82.0
1574527595.168572, -82.0
1574527595.565937, -82.0
1574527596.000241, -82.0
1574527596.453994, -82.0
1574527596.848466, -82.0
1574527597.253763, -82.0
1574527597.665561, -82.0
1574527598.045796, -82.0
1574527598.431026, -82.0
1574527598.851458, -82.0
1574527599.243097, -82.0
1574527599.624818, -82.0
1574527600.015441, -82.0
1574527600.435927, -82.0
1574527600.84244, -82.0
1574527601.273753, -82.0
1574527601.675204, -82.0
1574527602.077933, -82.0
1574527602.460008, -82.0
1574527602.869695, -82.0
1574527603.274719, -82.0
1574527603.6655, -82.0
1574527604.081223, -82.0
1574527604.484515, -82.0
1574527604.920384, -82.0
1574527605.3143, -82.0
1574527605.706176, -82.0
1574527606.106648, -82.0
1574527606.524336, -82.0
1574527606.907711, -82.0
1574527607.306849, -82.0
1574527607.711007, -82.0
1574527608.104399, -82.0
1574527608.383365, -82.0
1574527608.667303, -82.0
1574527608.973844, -82.0
1574527609.297259, -82.0
1574527609.698325, -82.0
1574527610.061825, -82.0
1574527610.474826, -82.0
1574527610.907082, -82.0
1574527611.314213, -82.0
1574527611.707717, -82.0
1574527612.106442, -82.0
1574527612.487198, -82.0
1574527612.896564, -82.0
1574527613.301368, -82.0
1574527613.718931, -82.0
1574527613.77464, -82.0
1574527613.832349, -82.0
1574527614.223675, -82.0
1574527614.637005, -82.0
1574527615.042824, -82.0
1574527615.466927, -82.0
1574527615.862963, -82.0
1574527616.267745, -82.0
1574527616.664808, -82.0
1574527617.077374, -82.0
1574527617.488491, -82.0
1574527617.893877, -82.0
1574527618.317583, -82.0
1574527618.72578, -82.0
1574527619.15063, -82.0
1574527619.587738, -82.0
1574527619.642239, -82.0
1574527619.709075, -82.0
1574527619.764486, -82.0
1574527619.820841, -82.0
1574527619.894842, -82.0
1574527619.970395, -82.0
1574527620.026314, -82.0
1574527620.085496, -82.0
1574527620.510027, -82.0
1574527620.939061, -82.0
1574527621.35661, -82.0
1574527621.76855, -82.0
1574527622.203473, -82.0
1574527622.63735, -82.0
1574527623.126206, -82.0
1574527623.185165, -82.0
1574527623.24139, -82.0
1574527623.300962, -82.0
1574527623.745329, -82.0
1574527624.15409, -82.0
1574527624.600254, -82.0
1574527625.070104, -82.0
1574527625.499765, -82.0
1574527625.918503, -82.0
1574527626.352875, -82.0
1574527626.774368, -82.0
1574527627.260421, -82.0
1574527627.723622, -82.0
1574527628.166346, -82.0
1574527542.03479, -82.0
1574527542.096096, -82.0
1574527542.158531, -82.0
1574527542.595837, -82.0
1574527543.007751, -82.0
1574527543.420966, -82.0
1574527543.836244, -82.0
1574527544.240073, -82.0
1574527544.633024, -82.0
1574527545.029054, -82.0
1574527545.42998, -82.0
1574527545.846083, -82.0
1574527546.25283, -82.0
1574527546.698963, -82.0
1574527547.121122, -82.0
1574527547.511768, -82.0
1574527547.913931, -82.0
1574527548.326444, -82.0
1574527548.759176, -82.0
1574527549.163167, -82.0
1574527549.577343, -82.0
1574527550.000579, -82.0
1574527550.420851, -82.0
1574527550.815614, -82.0
1574527551.217303, -82.0
1574527551.612885, -82.0
1574527552.070185, -82.0
1574527552.476685, -82.0
1574527552.865983, -82.0
1574527553.259214, -82.0
1574527553.682573, -82.0
1574527554.085484, -82.0
1574527554.515381, -82.0
1574527554.948597, -82.0
1574527555.417421, -82.0
1574527555.852824, -82.0
1574527556.243522, -82.0
1574527556.714577, -82.0
1574527557.127646, -82.0
1574527557.552898, -82.0
1574527557.612803, -82.0
1574527558.103814, -82.0
1574527558.57386, -82.0
1574527558.983724, -82.0
1574527559.423399, -82.0
1574527559.863289, -82.0
1574527560.280822, -82.0
1574527560.72493, -82.0
1574527561.15707, -82.0
1574527561.592722, -82.0
1574527562.019719, -82.0
1574527562.451122, -82.0
1574527562.987506, -82.0
1574527563.04426, -82.0
1574527563.102696, -82.0
1574527563.158781, -82.0
1574527563.214492, -82.0
1574527563.270403, -82.0
1574527563.327893, -82.0
1574527563.38582, -82.0
1574527563.444292, -82.0
1574527563.502045, -82.0
1574527563.557958, -82.0
1574527563.614593, -82.0
1574527563.673685, -82.0
1574527563.732211, -82.0
1574527563.792042, -82.0
1574527563.848225, -82.0
1574527563.908345, -82.0
1574527563.974703, -82.0
1574527564.040413, -82.0
1574527564.100486, -82.0
1574527564.159258, -82.0
1574527564.587307, -82.0
1574527565.007202, -82.0
1574527565.445527, -82.0
1574527565.862297, -82.0
1574527566.299998, -82.0
1574527566.723489, -82.0
1574527567.154686, -82.0
1574527567.570545, -82.0
1574527567.994276, -82.0
1574527568.397128, -82.0
1574527568.854351, -82.0
1574527568.910785, -82.0
1574527569.453889, -82.0
1574527570.129109, -82.0
1574527570.196953, -82.0
1574527570.253999, -82.0
1574527570.679449, -82.0
1574527571.095171, -82.0
1574527571.395533, -82.0
1574527571.72487, -82.0
1574527572.013111, -82.0
1574527572.314025, -82.0
1574527572.613991, -82.0
1574527572.914993, -82.0
1574527573.193605, -82.0
1574527573.479519, -82.0
1574527573.75797, -82.0
1574527574.032961, -82.0
1574527574.313534, -82.0
1574527574.682507, -82.0
1574527575.104136, -82.0
1574527575.51908, -82.0
1574527575.917053, -82.0
1574527576.330393, -82.0
1574527576.740909, -82.0
1574527577.141127, -82.0
1574527577.542622, -82.0
1574527577.936863, -82.0
1574527578.335284, -82.0
1574527578.740446, -82.0
1574527579.143965, -82.0
1574527579.563411, -82.0
1574527579.962278, -82.0
1574527580.380119, -82.0
1574527580.779734, -82.0
1574527581.188092, -82.0
1574527581.595481, -82.0
1574527581.987973, -82.0
1574527582.389166, -82.0
1574527582.787175, -82.0
1574527583.186476, -82.0
1574527583.610678, -82.0
1574527584.089281, -82.0
1574527584.507716, -82.0
1574527584.92207, -82.0
1574527585.363956, -82.0
1574527585.759633, -82.0
1574527586.199499, -82.0
1574527586.593431, -82.0
1574527587.014377, -82.0
1574527587.402814, -82.0
1574527587.788622, -82.0
1574527588.167709, -82.0
1574527588.573868, -82.0
1574527588.978211, -82.0
1574527589.367235, -82.0
1574527589.760149, -82.0
1574527590.150283, -82.0
1574527590.546572, -82.0
1574527590.945293, -82.0
1574527591.324498, -82.0
1574527591.729034, -82.0
1574527592.137813, -82.0
1574527592.547025, -82.0
1574527592.928107, -82.0
1574527593.350743, -82.0
1574527593.782076, -82.0
1574527594.183899, -82.0
1574527594.617687, -82.0
1574527594.671959, -82.0
1574527595.072968, -82.0
1574527595.506806, -82.0
1574527595.899212, -82.0
1574527596.330821, -82.0
1574527596.725414, -82.0
1574527597.115995, -82.0
1574527597.499149, -82.0
1574527597.916799, -82.0
1574527598.358957, -82.0
1574527598.751999, -82.0
1574527599.155723, -82.0
1574527599.567028, -82.0
1574527599.961677, -82.0
1574527600.361604, -82.0
1574527600.787133, -82.0
1574527601.195773, -82.0
1574527601.588636, -82.0
1574527601.978812, -82.0
1574527602.391768, -82.0
1574527602.800558, -82.0
1574527603.211188, -82.0
1574527603.609208, -82.0
1574527604.006251, -82.0
1574527604.388189, -82.0
1574527604.798874, -82.0
1574527605.21272, -82.0
1574527605.596619, -82.0
1574527605.997481, -82.0
1574527606.407884, -82.0
1574527606.836442, -82.0
1574527607.244717, -82.0
1574527607.631546, -82.0
1574527608.0298, -82.0
1574527608.459035, -82.0
1574527608.846123, -82.0
1574527609.249962, -82.0
1574527609.660493, -82.0
1574527610.069477, -82.0
1574527610.354728, -82.0
1574527610.747386, -82.0
1574527611.167641, -82.0
1574527611.549918, -82.0
1574527611.949728, -82.0
1574527612.339418, -82.0
1574527612.722526, -82.0
1574527613.132095, -82.0
1574527613.54002, -82.0
1574527613.949014, -82.0
1574527614.386799, -82.0
1574527614.808146, -82.0
1574527615.22253, -82.0
1574527615.633952, -82.0
1574527616.084177, -82.0
1574527616.524767, -82.0
1574527616.577855, -82.0
1574527616.631756, -82.0
1574527617.062447, -82.0
1574527617.464039, -82.0
1574527617.863297, -82.0
1574527618.279852, -82.0
1574527618.684227, -82.0
1574527619.117466, -82.0
1574527619.542253, -82.0
1574527619.940199, -82.0
1574527620.33906, -82.0
1574527620.724913, -82.0
1574527621.134665, -82.0
1574527621.53095, -82.0
1574527621.94318, -82.0
1574527622.357221, -82.0
1574527622.800927, -82.0
1574527623.195624, -82.0
1574527623.250116, -82.0
1574527623.304064, -82.0
1574527623.359721, -82.0
1574527623.790051, -82.0
1574527624.21859, -82.0
1574527624.62919, -82.0
1574527625.018568, -82.0
1574527625.437331, -82.0
1574527625.846788, -82.0
1574527626.283828, -82.0
1574527626.681483, -82.0
1574527627.123497, -82.0
1574527627.53721, -82.0
1574527627.952638, -82.0
1574527628.409875, -82.0
1574527628.861812, -82.0
1574527629.292166, -82.0
1574527629.352524, -82.0
1574527629.405849, -82.0
1574527629.462668, -82.0
1574527629.525038, -82.0
1574527629.585774, -82.0
1574527629.640568, -82.0
1574527629.695907, -82.0
1574527630.134404, -82.0
1574527548.34589, -82.0
1574527548.666222, -82.0
1574527548.984483, -82.0
1574527549.369244, -82.0
1574527549.769043, -82.0
1574527550.219577, -82.0
1574527550.693525, -82.0
1574527551.153165, -82.0
1574527551.614043, -82.0
1574527552.073362, -82.0
1574527552.490885, -82.0
1574527552.920912, -82.0
1574527553.349514, -82.0
1574527553.767296, -82.0
1574527554.226455, -82.0
1574527554.657512, -82.0
1574527555.07129, -82.0
1574527555.486442, -82.0
1574527555.896678, -82.0
1574527556.302948, -82.0
1574527556.716005, -82.0
1574527557.103996, -82.0
1574527557.531655, -82.0
1574527557.92613, -82.0
1574527558.354359, -82.0
1574527558.749444, -82.0
1574527559.176295, -82.0
1574527559.596114, -82.0
1574527560.006931, -82.0
1574527560.397773, -82.0
1574527560.817888, -82.0
1574527561.232872, -82.0
1574527561.645499, -82.0
1574527562.085534, -82.0
1574527562.497297, -82.0
1574527562.897304, -82.0
1574527563.308338, -82.0
1574527563.731372, -82.0
1574527564.151867, -82.0
1574527564.548963, -82.0
1574527564.97084, -82.0
1574527565.373112, -82.0
1574527565.786962, -82.0
1574527566.177439, -82.0
1574527566.584601, -82.0
1574527567.019733, -82.0
1574527567.419391, -82.0
1574527567.857838, -82.0
1574527568.309057, -82.0
1574527568.736015, -82.0
1574527569.170883, -82.0
1574527569.672741, -82.0
1574527570.099132, -82.0
1574527570.511267, -82.0
1574527570.936898, -82.0
1574527571.356419, -82.0
1574527571.773792, -82.0
1574527572.240411, -82.0
1574527572.671871, -82.0
1574527573.076259, -82.0
1574527573.530459, -82.0
1574527573.94474, -82.0
1574527574.337219, -82.0
1574527574.736524, -82.0
1574527575.135863, -82.0
1574527575.541035, -82.0
1574527576.0879, -82.0
1574527576.141689, -82.0
1574527576.195742, -82.0
1574527576.249976, -82.0
1574527576.311543, -82.0
1574527576.366382, -82.0
1574527576.421267, -82.0
1574527576.817787, -82.0
1574527577.201897, -82.0
1574527577.60393, -82.0
1574527578.013131, -82.0
1574527578.417835, -82.0
1574527578.927413, -82.0
1574527579.351348, -82.0
1574527579.73894, -82.0
1574527580.131836, -82.0
1574527580.564697, -82.0
1574527580.975234, -82.0
1574527581.359889, -82.0
1574527581.785654, -82.0
1574527582.175605, -82.0
1574527582.572669, -82.0
1574527582.988653, -82.0
1574527583.425045, -82.0
1574527583.811672, -82.0
1574527584.235226, -82.0
1574527584.643441, -82.0
1574527585.039157, -82.0
1574527585.431997, -82.0
1574527585.865649, -82.0
1574527586.306123, -82.0
1574527586.74861, -82.0
1574527587.165872, -82.0
1574527587.587583, -82.0
1574527587.968847, -82.0
1574527588.400132, -82.0
1574527588.801878, -82.0
1574527589.227488, -82.0
1574527589.630036, -82.0
1574527590.025114, -82.0
1574527590.416156, -82.0
1574527590.838445, -82.0
1574527591.267736, -82.0
1574527591.686033, -82.0
1574527592.098256, -82.0
1574527592.501897, -82.0
1574527592.921735, -82.0
1574527593.335207, -82.0
1574527593.748815, -82.0
1574527594.246685, -82.0
1574527594.735972, -82.0
1574527595.15666, -82.0
1574527595.541856, -82.0
1574527595.949224, -82.0
1574527596.360996, -82.0
1574527596.747027, -82.0
1574527597.178591, -82.0
1574527597.595051, -82.0
1574527598.010061, -82.0
1574527598.400612, -82.0
1574527598.795522, -82.0
1574527599.193418, -82.0
1574527599.593651, -82.0
1574527599.974477, -82.0
1574527600.373095, -82.0
1574527600.786635, -82.0
1574527601.239097, -82.0
1574527601.645847, -82.0
1574527602.075603, -82.0
1574527602.488485, -82.0
1574527602.90749, -82.0
1574527603.312237, -82.0
1574527603.724057, -82.0
1574527604.122871, -82.0
1574527604.483356, -82.0
1574527604.903634, -82.0
1574527605.400642, -82.0
1574527605.822852, -82.0
1574527606.20551, -82.0
1574527606.644479, -82.0
1574527606.998415, -82.0
1574527607.550145, -82.0
1574527607.608492, -82.0
1574527607.664316, -82.0
1574527607.734873, -82.0
1574527608.176261, -82.0
1574527608.608524, -82.0
1574527609.044588, -82.0
1574527609.44987, -82.0
1574527609.846232, -82.0
1574527610.318746, -82.0
1574527610.794967, -82.0
1574527611.205117, -82.0
1574527611.603219, -82.0
1574527611.989145, -82.0
1574527612.377884, -82.0
1574527612.772969, -82.0
1574527613.182956, -82.0
1574527613.601788, -82.0
1574527614.027749, -82.0
1574527614.429772, -82.0
1574527614.844546, -82.0
1574527615.241196, -82.0
1574527615.664493, -82.0
1574527616.061116, -82.0
1574527616.486921, -82.0
1574527616.880401, -82.0
1574527617.311943, -82.0
1574527617.895947, -82.0
1574527618.288978, -82.0
1574527618.720967, -82.0
1574527619.117946, -82.0
1574527619.500905, -82.0
1574527619.837202, -82.0
1574527620.159341, -82.0
1574527620.442417, -82.0
1574527620.787319, -82.0
1574527621.192258, -82.0
1574527621.470176, -82.0
1574527621.752744, -82.0
1574527622.07493, -82.0
1574527622.436684, -82.0
1574527622.753119, -82.0
1574527623.040496, -82.0
1574527623.346024, -82.0
1574527623.636347, -82.0
1574527624.04148, -82.0
1574527624.328031, -82.0
1574527624.637623, -82.0
1574527624.919906, -82.0
1574527625.241872, -82.0
1574527625.540436, -82.0
1574527625.860175, -82.0
1574527626.163207, -82.0
1574527626.463339, -82.0
1574527626.867451, -82.0
1574527627.161902, -82.0
1574527627.435492, -82.0
1574527627.845083, -82.0
1574527627.903014, -82.0
1574527628.312446, -82.0
1574527628.701062, -82.0
1574527628.758948, -82.0
1574527628.817461, -82.0
1574527628.873516, -82.0
1574527628.931358, -82.0
1574527628.986678, -82.0
1574527629.041957, -82.0
1574527629.096791, -82.0
1574527629.151759, -82.0
1574527629.20892, -82.0
1574527629.26584, -82.0
1574527629.32786, -82.0
1574527629.389867, -82.0
1574527629.475454, -82.0
1574527629.544436, -82.0
1574527629.614259, -82.0
1574527629.691141, -82.0
1574527629.762583, -82.0
1574527629.821582, -82.0
1574527630.278772, -82.0
1574527630.720381, -82.0
1574527631.166355, -82.0
1574527631.652977, -82.0
1574527632.079651, -82.0
1574527632.509482, -82.0
1574527632.970787, -82.0
1574527633.379082, -82.0
1574527633.83865, -82.0
1574527634.324514, -82.0
1574527634.765978, -82.0
1574527635.202171, -82.0
1574527635.680415, -82.0
1574527635.740113, -82.0
1574527635.798523, -82.0
1574527635.858595, -82.0
1574527635.915048, -82.0
1574527636.523461, -82.0
1574527636.602027, -82.0
1574527636.661854, -82.0
1574527636.717727, -82.0
1574527637.152794, -82.0
1574527637.584301, -82.0
1574527637.987755, -82.0
1574527628.607996, -82.0
1574527629.036213, -82.0
1574527629.510921, -82.0
1574527629.934273, -82.0
1574527630.344602, -82.0
1574527630.806238, -82.0
1574527631.296857, -82.0
1574527631.353556, -82.0
1574527631.411511, -82.0
1574527631.470406, -82.0
1574527631.528306, -82.0
1574527631.583635, -82.0
1574527631.640003, -82.0
1574527631.697363, -82.0
1574527631.758391, -82.0
1574527631.819246, -82.0
1574527631.879463, -82.0
1574527632.308801, -82.0
1574527632.773721, -82.0
1574527633.207603, -82.0
1574527633.631305, -82.0
1574527634.057849, -82.0
1574527634.469126, -82.0
1574527634.897575, -82.0
1574527635.308151, -82.0
1574527635.74113, -82.0
1574527636.173056, -82.0
1574527636.586234, -82.0
1574527637.030841, -82.0
1574527637.477547, -82.0
1574527637.908025, -82.0
1574527638.362078, -82.0
1574527638.841213, -82.0
1574527639.30967, -82.0
1574527639.748508, -82.0
1574527640.181694, -82.0
1574527640.611794, -82.0
1574527641.064253, -82.0
1574527641.481445, -82.0
1574527641.965453, -82.0
1574527642.020396, -82.0
1574527642.074971, -82.0
1574527642.135983, -82.0
1574527642.190342, -82.0
1574527642.244231, -82.0
1574527642.300032, -82.0
1574527642.354824, -82.0
1574527642.409169, -82.0
1574527642.46692, -82.0
1574527642.522228, -82.0
1574527642.581946, -82.0
1574527642.638639, -82.0
1574527642.696991, -82.0
1574527642.753253, -82.0
1574527642.809424, -82.0
1574527642.863588, -82.0
1574527642.918692, -82.0
1574527642.980141, -82.0
1574527643.407592, -82.0
1574527643.78967, -82.0
1574527644.233171, -82.0
1574527644.669298, -82.0
1574527645.072146, -82.0
1574527645.472445, -82.0
1574527645.940306, -82.0
1574527646.339696, -82.0
1574527646.750214, -82.0
1574527647.146388, -82.0
1574527647.556889, -82.0
1574527647.97586, -82.0
1574527648.414281, -82.0
1574527648.850521, -82.0
1574527649.282539, -82.0
1574527649.765978, -82.0
1574527650.208176, -82.0
1574527650.628394, -82.0
1574527651.060655, -82.0
1574527651.499399, -82.0
1574527651.972682, -82.0
1574527652.44149, -82.0
1574527652.884938, -82.0
1574527653.326578, -82.0
1574527653.751142, -82.0
1574527654.234097, -82.0
1574527654.716409, -82.0
1574527655.148784, -82.0
1574527655.627885, -82.0
1574527656.100199, -82.0
1574527656.548523, -82.0
1574527657.019861, -82.0
1574527657.505372, -82.0
1574527657.955396, -82.0
1574527658.391911, -82.0
1574527658.857584, -82.0
1574527659.308897, -82.0
1574527659.762413, -82.0
1574527660.175462, -82.0
1574527660.608211, -82.0
1574527661.024345, -82.0
1574527661.459248, -82.0
1574527661.894503, -82.0
1574527662.347496, -82.0
1574527662.795361, -82.0
1574527663.268111, -82.0
1574527663.707282, -82.0
1574527664.119655, -82.0
1574527664.550324, -82.0
1574527664.985857, -82.0
1574527665.424008, -82.0
1574527665.896365, -82.0
1574527666.315627, -82.0
1574527666.614987, -82.0
1574527666.974303, -82.0
1574527667.298346, -82.0
1574527667.614295, -82.0
1574527667.932095, -82.0
1574527668.240492, -82.0
1574527668.554688, -82.0
1574527668.862356, -82.0
1574527669.165986, -82.0
1574527669.457593, -82.0
1574527669.906334, -82.0
1574527670.304939, -82.0
1574527670.723494, -82.0
1574527671.136292, -82.0
1574527671.572946, -82.0
1574527672.000642, -82.0
1574527672.401294, -82.0
1574527672.84725, -82.0
1574527673.257661, -82.0
1574527673.677967, -82.0
1574527674.108813, -82.0
1574527674.535473, -82.0
1574527674.944081, -82.0
1574527675.388548, -82.0
1574527675.818047, -82.0
1574527676.237982, -82.0
1574527676.633067, -82.0
1574527676.990859, -82.0
1574527677.316573, -82.0
1574527677.60542, -82.0
1574527677.904278, -82.0
1574527678.207386, -82.0
1574527678.496257, -82.0
1574527678.796218, -82.0
1574527679.099556, -82.0
1574527679.411239, -82.0
1574527679.753813, -82.0
1574527680.056572, -82.0
1574527680.365162, -82.0
1574527680.65816, -82.0
1574527680.963712, -82.0
1574527681.260656, -82.0
1574527681.555147, -82.0
1574527681.877658, -82.0
1574527682.237508, -82.0
1574527682.63483, -82.0
1574527683.059447, -82.0
1574527683.50285, -82.0
1574527683.923155, -82.0
1574527684.314579, -82.0
1574527684.7028, -82.0
1574527685.12891, -82.0
1574527685.533072, -82.0
1574527685.973516, -82.0
1574527686.378864, -82.0
1574527686.793421, -82.0
1574527687.228499, -82.0
1574527687.633616, -82.0
1574527688.053968, -82.0
1574527688.458076, -82.0
1574527688.863004, -82.0
1574527689.280845, -82.0
1574527689.732884, -82.0
1574527690.122128, -82.0
1574527690.522989, -82.0
1574527690.935233, -82.0
1574527691.342505, -82.0
1574527691.807958, -82.0
1574527691.869211, -82.0
1574527691.923446, -82.0
1574527691.984662, -82.0
1574527692.051972, -82.0
1574527692.107307, -82.0
1574527692.162896, -82.0
1574527692.215683, -82.0
1574527692.271126, -82.0
1574527692.329156, -82.0
1574527692.38329, -82.0
1574527692.437409, -82.0
1574527692.491485, -82.0
1574527692.546466, -82.0
1574527692.601365, -82.0
1574527692.655756, -82.0
1574527692.711169, -82.0
1574527692.765117, -82.0
1574527692.822552, -82.0
1574527692.876665, -82.0
1574527692.932002, -82.0
1574527692.988727, -82.0
1574527693.044878, -82.0
1574527693.102235, -82.0
1574527693.15719, -82.0
1574527693.212736, -82.0
1574527693.266743, -82.0
1574527693.321706, -82.0
1574527693.375856, -82.0
1574527693.452164, -82.0
1574527693.505899, -82.0
1574527693.559343, -82.0
1574527693.612452, -82.0
1574527693.665657, -82.0
1574527693.724401, -82.0
1574527693.77756, -82.0
1574527693.830969, -82.0
1574527693.884654, -82.0
1574527693.938707, -82.0
1574527693.991952, -82.0
1574527694.046273, -82.0
1574527694.099582, -82.0
1574527694.153899, -82.0
1574527694.209642, -82.0
1574527694.689512, -82.0
1574527695.188763, -82.0
1574527695.641997, -82.0
1574527696.084305, -82.0
1574527696.595096, -82.0
1574527696.687904, -82.0
1574527696.761698, -82.0
1574527696.82591, -82.0
1574527696.894957, -82.0
1574527697.353456, -82.0
1574527697.957509, -82.0
1574527698.758061, -82.0
1574527699.201372, -82.0
1574527699.268546, -82.0
1574527699.335905, -82.0
1574527699.397179, -82.0
1574527699.45684, -82.0
1574527699.514392, -82.0
1574527699.568064, -82.0
1574527700.03103, -82.0
1574527700.461015, -82.0
1574527700.87532, -82.0
1574527701.29404, -82.0
1574527701.69484, -82.0
1574527702.111771, -82.0
1574527702.540268, -82.0
1574527702.594192, -82.0
1574527702.648488, -82.0
1574527630.526659, -82.0
1574527630.871283, -82.0
1574527631.289272, -82.0
1574527631.765001, -82.0
1574527632.197079, -82.0
1574527632.635935, -82.0
1574527632.69438, -82.0
1574527633.197015, -82.0
1574527633.71902, -82.0
1574527633.780052, -82.0
1574527633.841508, -82.0
1574527633.899347, -82.0
1574527634.389327, -82.0
1574527634.831665, -82.0
1574527635.286781, -82.0
1574527635.688388, -82.0
1574527636.104741, -82.0
1574527636.159557, -82.0
1574527636.215128, -82.0
1574527636.640676, -82.0
1574527637.06668, -82.0
1574527637.535946, -82.0
1574527637.610173, -82.0
1574527637.668898, -82.0
1574527638.13849, -82.0
1574527638.546784, -82.0
1574527638.944517, -82.0
1574527639.359842, -82.0
1574527639.413471, -82.0
1574527639.826258, -82.0
1574527640.220891, -82.0
1574527640.631039, -82.0
1574527641.045369, -82.0
1574527641.471304, -82.0
1574527641.856671, -82.0
1574527642.254672, -82.0
1574527642.667899, -82.0
1574527643.086634, -82.0
1574527643.518837, -82.0
1574527643.924402, -82.0
1574527644.326463, -82.0
1574527644.758132, -82.0
1574527645.203441, -82.0
1574527645.6093, -82.0
1574527646.01809, -82.0
1574527646.419657, -82.0
1574527646.831891, -82.0
1574527647.252868, -82.0
1574527647.722281, -82.0
1574527648.148464, -82.0
1574527648.598287, -82.0
1574527649.098824, -82.0
1574527649.159332, -82.0
1574527649.24991, -82.0
1574527649.76702, -82.0
1574527650.192357, -82.0
1574527650.613065, -82.0
1574527650.99842, -82.0
1574527651.401608, -82.0
1574527651.817846, -82.0
1574527652.241544, -82.0
1574527652.762583, -82.0
1574527652.818226, -82.0
1574527652.880042, -82.0
1574527652.932817, -82.0
1574527652.994502, -82.0
1574527653.053727, -82.0
1574527653.488111, -82.0
1574527653.916516, -82.0
1574527654.360234, -82.0
1574527654.804271, -82.0
1574527655.221742, -82.0
1574527655.64186, -82.0
1574527656.036851, -82.0
1574527656.46748, -82.0
1574527656.864112, -82.0
1574527657.288312, -82.0
1574527657.704795, -82.0
1574527658.104411, -82.0
1574527658.518055, -82.0
1574527658.923595, -82.0
1574527659.353409, -82.0
1574527659.766468, -82.0
1574527660.191412, -82.0
1574527660.603104, -82.0
1574527661.0317, -82.0
1574527661.438979, -82.0
1574527661.831065, -82.0
1574527662.224306, -82.0
1574527662.60716, -82.0
1574527663.034635, -82.0
1574527663.476863, -82.0
1574527663.890585, -82.0
1574527664.330532, -82.0
1574527664.740525, -82.0
1574527665.172109, -82.0
1574527665.572748, -82.0
1574527665.966148, -82.0
1574527666.370215, -82.0
1574527666.781201, -82.0
1574527667.189862, -82.0
1574527667.58672, -82.0
1574527668.000402, -82.0
1574527668.38598, -82.0
1574527668.780347, -82.0
1574527669.189734, -82.0
1574527669.620843, -82.0
1574527670.057958, -82.0
1574527670.516783, -82.0
1574527670.992411, -82.0
1574527671.431606, -82.0
1574527671.9034, -82.0
1574527672.314977, -82.0
1574527672.760418, -82.0
1574527673.186859, -82.0
1574527673.605878, -82.0
1574527674.045126, -82.0
1574527674.455806, -82.0
1574527674.876002, -82.0
1574527675.306795, -82.0
1574527675.738373, -82.0
1574527676.196169, -82.0
1574527676.628645, -82.0
1574527677.039758, -82.0
1574527677.47159, -82.0
1574527677.882292, -82.0
1574527678.284761, -82.0
1574527678.730664, -82.0
1574527679.171462, -82.0
1574527679.630266, -82.0
1574527680.065318, -82.0
1574527680.49074, -82.0
1574527680.907937, -82.0
1574527681.323561, -82.0
1574527681.739646, -82.0
1574527682.152971, -82.0
1574527682.59257, -82.0
1574527683.05602, -82.0
1574527683.656904, -82.0
1574527683.72063, -82.0
1574527683.775478, -82.0
1574527683.831729, -82.0
1574527683.887623, -82.0
1574527683.944871, -82.0
1574527684.343515, -82.0
1574527684.757146, -82.0
1574527685.219654, -82.0
1574527685.715378, -82.0
1574527685.780779, -82.0
1574527685.838244, -82.0
1574527685.909309, -82.0
1574527686.363166, -82.0
1574527686.775758, -82.0
1574527687.196535, -82.0
1574527687.62266, -82.0
1574527688.059971, -82.0
1574527688.477793, -82.0
1574527688.890707, -82.0
1574527689.343462, -82.0
1574527689.762287, -82.0
1574527690.186028, -82.0
1574527690.622791, -82.0
1574527691.04608, -82.0
1574527691.472578, -82.0
1574527691.90517, -82.0
1574527692.33425, -82.0
1574527692.764784, -82.0
1574527693.216502, -82.0
1574527693.678285, -82.0
1574527694.137967, -82.0
1574527694.571089, -82.0
1574527694.979177, -82.0
1574527695.411632, -82.0
1574527695.799909, -82.0
1574527696.211278, -82.0
1574527696.637443, -82.0
1574527697.141139, -82.0
1574527697.601816, -82.0
1574527698.030744, -82.0
1574527698.430376, -82.0
1574527698.853418, -82.0
1574527699.295239, -82.0
1574527699.695254, -82.0
1574527700.112117, -82.0
1574527700.523147, -82.0
1574527700.950733, -82.0
1574527701.37243, -82.0
1574527701.789886, -82.0
1574527702.197212, -82.0
1574527702.632641, -82.0
1574527703.097545, -82.0
1574527703.151354, -82.0
1574527703.565781, -82.0
1574527703.996932, -82.0
1574527704.373574, -82.0
1574527704.787065, -82.0
1574527705.299716, -82.0
1574527705.724824, -82.0
1574527706.130324, -82.0
1574527706.550319, -82.0
1574527706.950188, -82.0
1574527707.359535, -82.0
1574527707.76141, -82.0
1574527708.159205, -82.0
1574527708.586394, -82.0
1574527708.998759, -82.0
1574527709.422649, -82.0
1574527709.83729, -82.0
1574527710.26296, -82.0
1574527710.67533, -82.0
1574527711.057623, -82.0
1574527711.474895, -82.0
1574527711.852496, -82.0
1574527712.263178, -82.0
1574527712.678002, -82.0
1574527713.081121, -82.0
1574527713.492206, -82.0
1574527713.878697, -82.0
1574527714.284308, -82.0
1574527714.667274, -82.0
1574527715.07846, -82.0
1574527715.472698, -82.0
1574527715.863362, -82.0
1574527716.271017, -82.0
1574527716.661217, -82.0
1574527717.050478, -82.0
1574527717.44221, -82.0
1574527717.837902, -82.0
1574527718.222606, -82.0
1574527718.607103, -82.0
1574527718.990854, -82.0
1574527719.407122, -82.0
1574527719.785894, -82.0
1574527720.18627, -82.0
1574527720.606755, -82.0
1574527720.990208, -82.0
1574527721.379723, -82.0
1574527721.787771, -82.0
1574527722.193344, -82.0
1574527722.593399, -82.0
1574527723.010366, -82.0
1574527723.420787, -82.0
1574527723.824327, -82.0
1574527724.225501, -82.0
1574527724.625713, -82.0
1574527725.040431, -82.0
1574527725.443692, -82.0
1574527725.85534, -82.0
1574527726.224575, -82.0
1574527726.635101, -82.0
1574527631.59667, -82.0
1574527632.009745, -82.0
1574527632.410139, -82.0
1574527632.816492, -82.0
1574527633.221913, -82.0
1574527633.651511, -82.0
1574527634.077851, -82.0
1574527634.132455, -82.0
1574527634.185913, -82.0
1574527634.241665, -82.0
1574527634.303593, -82.0
1574527634.367465, -82.0
1574527634.431445, -82.0
1574527634.495235, -82.0
1574527634.55138, -82.0
1574527634.965925, -82.0
1574527635.026154, -82.0
1574527635.08624, -82.0
1574527635.144759, -82.0
1574527635.203181, -82.0
1574527635.265797, -82.0
1574527635.328648, -82.0
1574527635.911346, -82.0
1574527636.350424, -82.0
1574527636.81386, -82.0
1574527637.228338, -82.0
1574527637.618559, -82.0
1574527638.024405, -82.0
1574527638.509031, -82.0
1574527638.968819, -82.0
1574527639.380481, -82.0
1574527639.434128, -82.0
1574527639.491272, -82.0
1574527639.55014, -82.0
1574527639.606406, -82.0
1574527639.660675, -82.0
1574527640.037359, -82.0
1574527640.432927, -82.0
1574527640.853225, -82.0
1574527641.241722, -82.0
1574527641.653348, -82.0
1574527642.056121, -82.0
1574527642.457356, -82.0
1574527642.864624, -82.0
1574527642.919183, -82.0
1574527642.975896, -82.0
1574527643.037335, -82.0
1574527643.092886, -82.0
1574527643.518635, -82.0
1574527643.937871, -82.0
1574527644.338147, -82.0
1574527644.729984, -82.0
1574527645.131025, -82.0
1574527645.532275, -82.0
1574527645.91015, -82.0
1574527646.309582, -82.0
1574527646.702355, -82.0
1574527647.133813, -82.0
1574527647.55975, -82.0
1574527647.985898, -82.0
1574527648.398091, -82.0
1574527648.841165, -82.0
1574527649.279647, -82.0
1574527649.710112, -82.0
1574527650.134553, -82.0
1574527650.590733, -82.0
1574527650.654609, -82.0
1574527651.038946, -82.0
1574527651.446835, -82.0
1574527651.861667, -82.0
1574527652.236201, -82.0
1574527652.64047, -82.0
1574527653.011943, -82.0
1574527653.405435, -82.0
1574527653.800848, -82.0
1574527654.20998, -82.0
1574527654.615956, -82.0
1574527655.012014, -82.0
1574527655.410681, -82.0
1574527655.793773, -82.0
1574527656.19791, -82.0
1574527656.592401, -82.0
1574527656.970923, -82.0
1574527657.373644, -82.0
1574527657.762376, -82.0
1574527658.153063, -82.0
1574527658.564357, -82.0
1574527658.956366, -82.0
1574527659.491178, -82.0
1574527659.545616, -82.0
1574527660.000432, -82.0
1574527660.055828, -82.0
1574527660.112045, -82.0
1574527660.165919, -82.0
1574527660.220787, -82.0
1574527660.274797, -82.0
1574527660.328708, -82.0
1574527660.389347, -82.0
1574527660.443839, -82.0
1574527660.844469, -82.0
1574527661.226365, -82.0
1574527661.63267, -82.0
1574527662.027631, -82.0
1574527662.456625, -82.0
1574527662.853425, -82.0
1574527663.263362, -82.0
1574527663.648018, -82.0
1574527664.01326, -82.0
1574527664.419384, -82.0
1574527664.760643, -82.0
1574527665.070962, -82.0
1574527665.37341, -82.0
1574527665.683444, -82.0
1574527665.993598, -82.0
1574527666.278665, -82.0
1574527666.577588, -82.0
1574527666.886253, -82.0
1574527667.290208, -82.0
1574527667.352418, -82.0
1574527667.415778, -82.0
1574527667.476187, -82.0
1574527667.535433, -82.0
1574527667.593213, -82.0
1574527667.655822, -82.0
1574527667.716289, -82.0
1574527668.253808, -82.0
1574527668.648265, -82.0
1574527669.038839, -82.0
1574527669.441273, -82.0
1574527669.880682, -82.0
1574527670.294697, -82.0
1574527670.719827, -82.0
1574527671.111159, -82.0
1574527671.512073, -82.0
1574527671.920096, -82.0
1574527672.314719, -82.0
1574527672.694048, -82.0
1574527673.111277, -82.0
1574527673.509789, -82.0
1574527673.913477, -82.0
1574527674.316908, -82.0
1574527674.721779, -82.0
1574527675.107695, -82.0
1574527675.509768, -82.0
1574527675.920886, -82.0
1574527676.320975, -82.0
1574527676.716726, -82.0
1574527677.152181, -82.0
1574527677.571227, -82.0
1574527678.031524, -82.0
1574527678.467024, -82.0
1574527678.90304, -82.0
1574527679.296586, -82.0
1574527679.718879, -82.0
1574527680.143801, -82.0
1574527680.554585, -82.0
1574527680.991145, -82.0
1574527681.41875, -82.0
1574527681.847886, -82.0
1574527682.298648, -82.0
1574527682.721714, -82.0
1574527683.195652, -82.0
1574527683.596353, -82.0
1574527683.99968, -82.0
1574527684.397019, -82.0
1574527684.824102, -82.0
1574527685.27602, -82.0
1574527685.703456, -82.0
1574527686.096349, -82.0
1574527686.518585, -82.0
1574527686.93212, -82.0
1574527687.36113, -82.0
1574527687.738812, -82.0
1574527688.140772, -82.0
1574527688.546838, -82.0
1574527688.948567, -82.0
1574527689.356459, -82.0
1574527689.746022, -82.0
1574527690.143908, -82.0
1574527690.539417, -82.0
1574527690.930661, -82.0
1574527691.327698, -82.0
1574527691.73264, -82.0
1574527692.159329, -82.0
1574527692.591375, -82.0
1574527693.017039, -82.0
1574527693.453689, -82.0
1574527693.973514, -82.0
1574527694.034643, -82.0
1574527694.090523, -82.0
1574527694.152824, -82.0
1574527694.216714, -82.0
1574527694.270701, -82.0
1574527694.34799, -82.0
1574527694.402381, -82.0
1574527694.456413, -82.0
1574527694.510534, -82.0
1574527694.59405, -82.0
1574527694.647407, -82.0
1574527694.70044, -82.0
1574527694.754311, -82.0
1574527694.80826, -82.0
1574527694.862448, -82.0
1574527694.917296, -82.0
1574527694.971477, -82.0
1574527695.025853, -82.0
1574527695.08085, -82.0
1574527695.134917, -82.0
1574527695.188926, -82.0
1574527695.24394, -82.0
1574527695.298703, -82.0
1574527695.353395, -82.0
1574527695.407512, -82.0
1574527695.462145, -82.0
1574527695.516878, -82.0
1574527695.571878, -82.0
1574527695.62607, -82.0
1574527695.680891, -82.0
1574527695.735539, -82.0
1574527695.789426, -82.0
1574527695.844205, -82.0
1574527695.898091, -82.0
1574527695.956006, -82.0
1574527696.011313, -82.0
1574527696.066864, -82.0
1574527696.12484, -82.0
1574527696.17761, -82.0
1574527696.231414, -82.0
1574527696.284598, -82.0
1574527696.338615, -82.0
1574527696.42202, -82.0
1574527696.927595, -82.0
1574527696.988188, -82.0
1574527697.435906, -82.0
1574527697.843975, -82.0
1574527698.229506, -82.0
1574527698.630592, -82.0
1574527699.053172, -82.0
1574527699.451423, -82.0
1574527699.895106, -82.0
1574527699.948509, -82.0
1574527700.010246, -82.0
1574527700.072135, -82.0
1574527700.126001, -82.0
1574527700.178959, -82.0
1574527700.23207, -82.0
1574527700.284888, -82.0
1574527700.33789, -82.0
1574527700.39089, -82.0
1574527700.443868, -82.0
1574527638.446791, -82.0
1574527638.908812, -82.0
1574527638.968888, -82.0
1574527639.034486, -82.0
1574527639.104594, -82.0
1574527639.166056, -82.0
1574527639.224856, -82.0
1574527639.282732, -82.0
1574527639.342647, -82.0
1574527639.400616, -82.0
1574527639.460845, -82.0
1574527639.523334, -82.0
1574527639.583453, -82.0
1574527640.019875, -82.0
1574527640.487176, -82.0
1574527640.927774, -82.0
1574527641.362862, -82.0
1574527641.806991, -82.0
1574527642.268524, -82.0
1574527642.705504, -82.0
1574527643.104356, -82.0
1574527643.496394, -82.0
1574527643.910393, -82.0
1574527644.415223, -82.0
1574527644.835917, -82.0
1574527645.244116, -82.0
1574527645.741611, -82.0
1574527645.801991, -82.0
1574527645.864257, -82.0
1574527645.931168, -82.0
1574527646.348053, -82.0
1574527646.785145, -82.0
1574527647.199916, -82.0
1574527647.606417, -82.0
1574527648.028811, -82.0
1574527648.085333, -82.0
1574527648.145286, -82.0
1574527648.199972, -82.0
1574527648.63051, -82.0
1574527649.033866, -82.0
1574527649.491967, -82.0
1574527649.934005, -82.0
1574527650.363525, -82.0
1574527650.797186, -82.0
1574527651.200448, -82.0
1574527651.607726, -82.0
1574527652.073457, -82.0
1574527652.452743, -82.0
1574527652.893882, -82.0
1574527653.312688, -82.0
1574527653.756488, -82.0
1574527654.193915, -82.0
1574527654.633632, -82.0
1574527655.103669, -82.0
1574527655.510079, -82.0
1574527655.936438, -82.0
1574527656.381847, -82.0
1574527656.440065, -82.0
1574527656.507644, -82.0
1574527656.570895, -82.0
1574527656.645308, -82.0
1574527657.130726, -82.0
1574527657.561425, -82.0
1574527657.983268, -82.0
1574527658.417563, -82.0
1574527658.850105, -82.0
1574527659.329641, -82.0
1574527659.770665, -82.0
1574527660.20899, -82.0
1574527660.625932, -82.0
1574527661.087874, -82.0
1574527661.514518, -82.0
1574527661.949331, -82.0
1574527662.348452, -82.0
1574527662.744101, -82.0
1574527663.228289, -82.0
1574527663.637194, -82.0
1574527664.042267, -82.0
1574527664.441352, -82.0
1574527664.844815, -82.0
1574527665.224803, -82.0
1574527665.605032, -82.0
1574527665.973348, -82.0
1574527666.235358, -82.0
1574527666.574521, -82.0
1574527667.027103, -82.0
1574527667.082892, -82.0
1574527667.145718, -82.0
1574527667.200688, -82.0
1574527667.257865, -82.0
1574527667.315885, -82.0
1574527667.370217, -82.0
1574527667.427252, -82.0
1574527667.484105, -82.0
1574527667.5396, -82.0
1574527667.593463, -82.0
1574527667.649361, -82.0
1574527667.705641, -82.0
1574527667.760394, -82.0
1574527667.814388, -82.0
1574527667.868721, -82.0
1574527667.925608, -82.0
1574527667.986431, -82.0
1574527668.044924, -82.0
1574527668.108336, -82.0
1574527668.163679, -82.0
1574527668.217573, -82.0
1574527668.272547, -82.0
1574527668.326748, -82.0
1574527668.417216, -82.0
1574527668.852616, -82.0
1574527669.283211, -82.0
1574527669.688246, -82.0
1574527670.076716, -82.0
1574527670.576903, -82.0
1574527670.637391, -82.0
1574527670.691587, -82.0
1574527670.745492, -82.0
1574527670.798414, -82.0
1574527670.851744, -82.0
1574527670.904676, -82.0
1574527670.957486, -82.0
1574527671.010445, -82.0
1574527671.063435, -82.0
1574527671.116241, -82.0
1574527671.169211, -82.0
1574527671.222353, -82.0
1574527671.275117, -82.0
1574527671.328406, -82.0
1574527671.381151, -82.0
1574527671.434213, -82.0
1574527671.48726, -82.0
1574527671.540567, -82.0
1574527671.59375, -82.0
1574527671.646895, -82.0
1574527671.699985, -82.0
1574527671.753024, -82.0
1574527671.806548, -82.0
1574527671.866175, -82.0
1574527671.92005, -82.0
1574527671.973599, -82.0
1574527672.0332, -82.0
1574527672.459861, -82.0
1574527672.901706, -82.0
1574527673.31431, -82.0
1574527673.696645, -82.0
1574527674.087399, -82.0
1574527674.48311, -82.0
1574527674.87654, -82.0
1574527675.336192, -82.0
1574527675.743558, -82.0
1574527676.154089, -82.0
1574527676.547211, -82.0
1574527676.935559, -82.0
1574527677.356757, -82.0
1574527677.753957, -82.0
1574527678.158285, -82.0
1574527678.569072, -82.0
1574527678.972258, -82.0
1574527679.372793, -82.0
1574527679.76628, -82.0
1574527680.18462, -82.0
1574527680.580839, -82.0
1574527680.992342, -82.0
1574527681.416995, -82.0
1574527681.816693, -82.0
1574527682.244166, -82.0
1574527682.654836, -82.0
1574527683.052176, -82.0
1574527683.447238, -82.0
1574527683.848446, -82.0
1574527684.238087, -82.0
1574527684.643929, -82.0
1574527685.030032, -82.0
1574527685.358121, -82.0
1574527685.648795, -82.0
1574527685.9328, -82.0
1574527686.215939, -82.0
1574527686.496791, -82.0
1574527686.785672, -82.0
1574527687.0749, -82.0
1574527687.397008, -82.0
1574527687.687064, -82.0
1574527688.105899, -82.0
1574527688.543349, -82.0
1574527688.95436, -82.0
1574527689.243275, -82.0
1574527689.616836, -82.0
1574527690.044633, -82.0
1574527690.432182, -82.0
1574527690.833156, -82.0
1574527691.243312, -82.0
1574527691.653441, -82.0
1574527692.070442, -82.0
1574527692.463297, -82.0
1574527692.856412, -82.0
1574527693.251185, -82.0
1574527693.660897, -82.0
1574527694.087164, -82.0
1574527694.493785, -82.0
1574527694.873922, -82.0
1574527695.275587, -82.0
1574527695.687907, -82.0
1574527696.081424, -82.0
1574527696.55708, -82.0
1574527696.618198, -82.0
1574527696.672666, -82.0
1574527696.734786, -82.0
1574527696.790159, -82.0
1574527696.845378, -82.0
1574527696.90029, -82.0
1574527696.955099, -82.0
1574527697.009319, -82.0
1574527697.063687, -82.0
1574527697.117916, -82.0
1574527697.172625, -82.0
1574527697.226721, -82.0
1574527697.280703, -82.0
1574527697.334805, -82.0
1574527697.390184, -82.0
1574527697.444771, -82.0
1574527697.49883, -82.0
1574527697.553427, -82.0
1574527697.607933, -82.0
1574527697.662052, -82.0
1574527697.716155, -82.0
1574527697.771033, -82.0
1574527697.82526, -82.0
1574527697.880988, -82.0
1574527697.935002, -82.0
1574527697.989998, -82.0
1574527698.045423, -82.0
1574527698.099524, -82.0
1574527698.15365, -82.0
1574527698.207844, -82.0
1574527698.262727, -82.0
1574527698.316845, -82.0
1574527698.371094, -82.0
1574527698.425178, -82.0
1574527698.478627, -82.0
1574527698.532161, -82.0
1574527698.586676, -82.0
1574527698.641517, -82.0
1574527698.694589, -82.0
1574527698.747977, -82.0
1574527698.801218, -82.0
1574527698.855056, -82.0
1574527698.912734, -82.0
1574527699.356242, -82.0
1574527699.411174, -82.0
