1574528071.353376, -85.0
1574528071.568552, -85.0
1574528071.781007, -85.0
1574528071.9927, -85.0
1574528072.205102, -85.0
1574528072.449333, -85.0
1574528072.677159, -85.0
1574528072.903708, -85.0
1574528073.11634, -85.0
1574528073.33169, -85.0
1574528073.543597, -84.0
1574528073.755403, -84.0
1574528073.968192, -84.0
1574528074.180002, -84.0
1574528074.391132, -84.0
1574528074.943203, -84.0
1574528075.155994, -84.0
1574528075.368046, -84.0
1574528075.580416, -84.0
1574528075.793584, -84.0
1574528076.00732, -84.0
1574528076.220561, -84.0
1574528076.432184, -84.0
1574528076.644746, -84.0
1574528076.857367, -84.0
1574528077.075176, -84.0
1574528077.29586, -84.0
1574528077.518403, -84.0
1574528077.740382, -84.0
1574528077.952358, -84.0
1574528078.165851, -84.0
1574528078.378, -84.0
1574528078.625079, -84.0
1574528078.866834, -84.0
1574528079.458341, -82.0
1574528079.683712, -82.0
1574528080.234309, -82.0
1574528081.7811, -82.0
1574528083.243111, -80.0
1574528084.725036, -80.0
1574528086.265653, -80.0
1574528087.827208, -80.0
1574528089.40883, -80.0
1574528091.024334, -80.0
1574528092.244845, -80.0
1574528093.509702, -80.0
1574528094.729105, -80.0
1574528095.961244, -80.0
1574528097.161849, -79.0
1574528098.332908, -79.0
1574528071.329053, -87.0
1574528071.515317, -85.0
1574528071.696838, -85.0
1574528071.881093, -85.0
1574528072.072554, -85.0
1574528072.241097, -85.0
1574528072.405254, -85.0
1574528072.576079, -85.0
1574528072.743197, -85.0
1574528072.905973, -85.0
1574528073.401005, -84.0
1574528073.571343, -84.0
1574528073.740916, -84.0
1574528073.926379, -84.0
1574528074.108694, -84.0
1574528074.291457, -84.0
1574528074.474574, -84.0
1574528074.649834, -84.0
1574528074.825702, -84.0
1574528075.011517, -84.0
1574528075.192265, -84.0
1574528075.369813, -84.0
1574528075.552786, -84.0
1574528075.727947, -84.0
1574528075.903299, -84.0
1574528076.090655, -84.0
1574528076.267633, -84.0
1574528076.45342, -84.0
1574528076.633095, -84.0
1574528076.808924, -84.0
1574528077.001637, -84.0
1574528077.173924, -84.0
1574528077.354781, -84.0
1574528077.541608, -84.0
1574528077.724204, -84.0
1574528078.325987, -84.0
1574528078.499684, -84.0
1574528078.658963, -84.0
1574528078.817687, -84.0
1574528078.980546, -84.0
1574528079.142301, -82.0
1574528080.049344, -82.0
1574528080.57185, -82.0
1574528080.731035, -82.0
1574528081.991402, -82.0
1574528082.532982, -82.0
1574528083.074866, -80.0
1574528084.361612, -80.0
1574528085.625002, -80.0
1574528086.907554, -80.0
1574528071.408358, -85.0
1574528071.621193, -85.0
1574528071.833052, -85.0
1574528072.045646, -85.0
1574528072.257364, -85.0
1574528072.470525, -85.0
1574528072.683645, -85.0
1574528072.908805, -85.0
1574528073.150118, -85.0
1574528073.367468, -85.0
1574528073.580271, -84.0
1574528073.799442, -84.0
1574528074.016309, -84.0
1574528074.23904, -84.0
1574528074.476227, -84.0
1574528074.694627, -84.0
1574528074.913558, -84.0
1574528075.128148, -84.0
1574528075.344271, -84.0
1574528075.570783, -84.0
1574528076.287712, -84.0
1574528076.513859, -84.0
1574528076.751832, -84.0
1574528076.969547, -84.0
1574528077.180589, -84.0
1574528077.394628, -84.0
1574528077.610325, -84.0
1574528077.824697, -84.0
1574528078.037917, -84.0
1574528078.248953, -84.0
1574528078.460502, -84.0
1574528078.676675, -84.0
1574528078.892002, -84.0
1574528079.13883, -82.0
1574528079.371434, -82.0
1574528079.628443, -82.0
1574528079.873019, -82.0
1574528080.12921, -82.0
1574528080.373, -82.0
1574528080.656103, -82.0
1574528080.90925, -82.0
1574528081.15615, -82.0
1574528081.413335, -82.0
1574528081.665505, -82.0
1574528081.914228, -82.0
1574528083.565913, -80.0
1574528083.794286, -80.0
1574528085.049384, -80.0
1574528087.179872, -80.0
1574528088.698999, -80.0
1574528071.399593, -85.0
1574528071.56104, -85.0
1574528071.72023, -85.0
1574528071.878891, -85.0
1574528072.039781, -85.0
1574528072.198244, -85.0
1574528072.356933, -85.0
1574528072.517414, -85.0
1574528072.6766, -85.0
1574528072.835624, -85.0
1574528072.997706, -85.0
1574528073.156289, -85.0
1574528073.315829, -85.0
1574528073.494867, -84.0
1574528073.666612, -84.0
1574528073.830241, -84.0
1574528073.994239, -84.0
1574528074.156933, -84.0
1574528074.32093, -84.0
1574528074.484636, -84.0
1574528074.645018, -84.0
1574528074.804707, -84.0
1574528074.968419, -84.0
1574528075.130623, -84.0
1574528075.293263, -84.0
1574528075.457123, -84.0
1574528075.620209, -84.0
1574528075.782219, -84.0
1574528075.946412, -84.0
1574528076.109339, -84.0
1574528076.271104, -84.0
1574528076.433798, -84.0
1574528076.595896, -84.0
1574528076.757547, -84.0
1574528076.921909, -84.0
1574528077.085076, -84.0
1574528077.245852, -84.0
1574528077.407253, -84.0
1574528077.569296, -84.0
1574528077.730117, -84.0
1574528077.892115, -84.0
1574528078.056484, -84.0
1574528078.218003, -84.0
1574528078.381336, -84.0
1574528078.543674, -84.0
1574528079.046521, -82.0
1574528079.205714, -82.0
1574528079.364884, -82.0
1574528079.525672, -82.0
1574528079.691407, -82.0
1574528080.448399, -82.0
1574528081.174469, -82.0
1574528081.859537, -82.0
1574528082.583744, -82.0
1574528083.764824, -80.0
1574528084.462255, -80.0
1574528085.153837, -80.0
1574528085.845103, -80.0
1574528086.536932, -80.0
1574528087.253562, -80.0
1574528087.940679, -80.0
1574528088.625587, -80.0
1574528089.33411, -80.0
1574528090.023853, -80.0
1574528090.720889, -80.0
1574528091.451079, -80.0
1574528092.165354, -80.0
1574528092.856592, -80.0
1574528093.913206, -80.0
1574528094.956037, -80.0
1574528096.015998, -80.0
1574528099.589621, -79.0
1574528100.725145, -79.0
1574528101.786913, -79.0
1574528103.169828, -74.0
1574528104.530847, -74.0
1574528105.88163, -74.0
1574528107.210788, -74.0
1574528110.393078, -74.0
1574528113.396529, -74.0
1574528118.22956, -74.0
1574528123.338697, -74.0
1574528128.506945, -74.0
1574528133.65851, -74.0
1574528138.785297, -74.0
1574528143.664855, -74.0
1574528148.600921, -74.0
1574528153.506571, -74.0
1574528158.41731, -74.0
1574528163.404971, -74.0
1574528168.263605, -74.0
1574528173.1429, -74.0
1574528178.058078, -74.0
1574528182.976984, -74.0
1574528188.880469, -74.0
1574528194.199634, -74.0
1574528199.313969, -74.0
1574528204.755603, -74.0
1574528210.002613, -74.0
1574528216.054297, -74.0
1574528087.171647, -80.0
1574528087.339257, -80.0
1574528087.498255, -80.0
1574528087.657159, -80.0
1574528087.816069, -80.0
1574528088.006331, -80.0
1574528088.168537, -80.0
1574528088.334707, -80.0
1574528088.51325, -80.0
1574528088.682922, -80.0
1574528088.84679, -80.0
1574528089.005816, -80.0
1574528089.167097, -80.0
1574528089.334237, -80.0
1574528089.509414, -80.0
1574528089.675508, -80.0
1574528089.837452, -80.0
1574528090.014907, -80.0
1574528090.187827, -80.0
1574528090.35639, -80.0
1574528090.533652, -80.0
1574528090.700966, -80.0
1574528090.866537, -80.0
1574528091.033756, -80.0
1574528091.193714, -80.0
1574528091.359601, -80.0
1574528091.528453, -80.0
1574528091.687225, -80.0
1574528091.845841, -80.0
1574528092.007761, -80.0
1574528092.168983, -80.0
1574528092.330105, -80.0
1574528092.492191, -80.0
1574528092.652762, -80.0
1574528092.813471, -80.0
1574528092.983409, -80.0
1574528093.145892, -80.0
1574528093.306541, -80.0
1574528093.468859, -80.0
1574528093.62826, -80.0
1574528093.787053, -80.0
1574528093.945607, -80.0
1574528094.105871, -80.0
1574528094.266816, -80.0
1574528094.431346, -80.0
1574528094.591722, -80.0
1574528094.753633, -80.0
1574528094.918399, -80.0
1574528095.09923, -80.0
1574528095.274647, -80.0
1574528088.796017, -80.0
1574528088.849406, -80.0
1574528089.254577, -80.0
1574528089.679576, -80.0
1574528090.120369, -80.0
1574528090.533078, -80.0
1574528090.95495, -80.0
1574528091.37251, -80.0
1574528091.809543, -80.0
1574528092.23698, -80.0
1574528092.643885, -80.0
1574528093.073097, -80.0
1574528093.471528, -80.0
1574528093.901399, -80.0
1574528094.339906, -80.0
1574528094.768215, -80.0
1574528095.189327, -80.0
1574528095.622107, -80.0
1574528096.046156, -79.0
1574528096.463025, -79.0
1574528096.895271, -79.0
1574528097.345085, -79.0
1574528097.754542, -79.0
1574528098.16365, -79.0
1574528098.612227, -79.0
1574528099.038911, -79.0
1574528099.451498, -79.0
1574528099.888066, -79.0
1574528100.306658, -79.0
1574528100.701915, -79.0
1574528101.138082, -79.0
1574528101.572753, -79.0
1574528102.005135, -79.0
1574528102.434331, -74.0
1574528102.860701, -74.0
1574528103.290956, -74.0
1574528103.717998, -74.0
1574528104.148828, -74.0
1574528104.577298, -74.0
1574528104.990264, -74.0
1574528105.392865, -74.0
1574528105.826853, -74.0
1574528106.24779, -74.0
1574528106.692362, -74.0
1574528107.137403, -74.0
1574528107.580708, -74.0
1574528108.019996, -74.0
1574528108.447914, -74.0
1574528108.902288, -74.0
1574528109.344396, -74.0
1574528095.531807, -80.0
1574528095.745789, -80.0
1574528095.959604, -80.0
1574528096.682885, -79.0
1574528096.912926, -79.0
1574528097.124632, -79.0
1574528097.348201, -79.0
1574528097.581306, -79.0
1574528098.31242, -79.0
1574528098.886819, -79.0
1574528100.546277, -79.0
1574528102.241254, -74.0
1574528103.886854, -74.0
1574528105.534223, -74.0
1574528107.148875, -74.0
1574528108.781577, -74.0
1574528110.471069, -74.0
1574528112.126833, -74.0
1574528113.741355, -74.0
1574528115.370347, -74.0
1574528117.013335, -74.0
1574528118.638646, -74.0
1574528120.235501, -74.0
1574528121.884461, -74.0
1574528123.53762, -74.0
1574528125.196338, -74.0
1574528126.84193, -74.0
1574528128.454723, -74.0
1574528130.054652, -74.0
1574528131.693801, -74.0
1574528133.312551, -74.0
1574528134.928053, -74.0
1574528136.599394, -74.0
1574528138.191711, -74.0
1574528139.85858, -74.0
1574528141.599676, -74.0
1574528143.295377, -74.0
1574528144.974812, -74.0
1574528146.646267, -74.0
1574528148.322935, -74.0
1574528149.932286, -74.0
1574528151.561605, -74.0
1574528153.26203, -74.0
1574528154.87493, -74.0
1574528156.533435, -74.0
1574528158.240456, -74.0
1574528159.841866, -74.0
1574528161.458361, -74.0
1574528163.087533, -74.0
1574528164.700316, -74.0
1574528098.810843, -79.0
1574528099.280923, -79.0
1574528099.748271, -79.0
1574528100.22132, -79.0
1574528100.696597, -79.0
1574528101.150993, -79.0
1574528101.603326, -79.0
1574528102.042343, -79.0
1574528102.483809, -74.0
1574528102.945725, -74.0
1574528103.422942, -74.0
1574528104.381023, -74.0
1574528105.233457, -74.0
1574528106.078197, -74.0
1574528107.19186, -74.0
1574528109.711729, -74.0
1574528112.259927, -74.0
1574528113.757663, -74.0
1574528114.551001, -74.0
1574528115.716114, -74.0
1574528116.580611, -74.0
1574528117.388404, -74.0
1574528118.186214, -74.0
1574528119.012178, -74.0
1574528119.838887, -74.0
1574528120.800077, -74.0
1574528121.625326, -74.0
1574528122.567267, -74.0
1574528125.761417, -74.0
1574528126.214225, -74.0
1574528126.676397, -74.0
1574528127.167378, -74.0
1574528127.649509, -74.0
1574528128.132689, -74.0
1574528130.681855, -74.0
1574528133.992478, -74.0
1574528135.541457, -74.0
1574528138.678646, -74.0
1574528141.535438, -74.0
1574528144.072984, -74.0
1574528145.86793, -74.0
1574528147.648628, -74.0
1574528149.681499, -74.0
1574528151.506267, -74.0
1574528153.361117, -74.0
1574528155.139462, -74.0
1574528156.916719, -74.0
1574528158.635618, -74.0
1574528160.257908, -74.0
1574528161.865676, -74.0
1574528109.549416, -74.0
1574528109.725613, -74.0
1574528109.901235, -74.0
1574528110.086777, -74.0
1574528110.266726, -74.0
1574528110.440969, -74.0
1574528112.088553, -74.0
1574528113.295885, -74.0
1574528114.392687, -74.0
1574528115.466006, -74.0
1574528116.472553, -74.0
1574528117.486509, -74.0
1574528118.525648, -74.0
1574528119.611901, -74.0
1574528120.677945, -74.0
1574528121.73186, -74.0
1574528122.804523, -74.0
1574528123.84042, -74.0
1574528124.88997, -74.0
1574528125.919064, -74.0
1574528126.971886, -74.0
1574528128.027959, -74.0
1574528129.065074, -74.0
1574528130.139181, -74.0
1574528131.145736, -74.0
1574528132.204234, -74.0
1574528133.24349, -74.0
1574528134.337171, -74.0
1574528135.384724, -74.0
1574528136.422826, -74.0
1574528137.44142, -74.0
1574528138.475857, -74.0
1574528139.549463, -74.0
1574528140.606447, -74.0
1574528141.667628, -74.0
1574528142.725828, -74.0
1574528143.771987, -74.0
1574528144.816057, -74.0
1574528145.843059, -74.0
1574528146.909629, -74.0
1574528147.941518, -74.0
1574528148.982323, -74.0
1574528150.011848, -74.0
1574528151.03384, -74.0
1574528152.079346, -74.0
1574528153.113654, -74.0
1574528154.138305, -74.0
1574528155.200387, -74.0
1574528156.20536, -74.0
1574528157.198623, -74.0
1574528157.40609, -74.0
1574528157.567317, -74.0
1574528157.72819, -74.0
1574528157.890484, -74.0
1574528158.051936, -74.0
1574528158.245079, -74.0
1574528158.415401, -74.0
1574528158.588597, -74.0
1574528158.753896, -74.0
1574528158.917793, -74.0
1574528159.109734, -74.0
1574528159.287477, -74.0
1574528159.456966, -74.0
1574528159.638535, -74.0
1574528159.813528, -74.0
1574528159.988539, -74.0
1574528160.179465, -74.0
1574528160.360732, -74.0
1574528161.07581, -74.0
1574528161.2653, -74.0
1574528161.435392, -74.0
1574528161.629502, -74.0
1574528161.816026, -74.0
1574528162.009897, -74.0
1574528162.221005, -74.0
1574528162.424726, -74.0
1574528162.636401, -74.0
1574528162.826509, -74.0
1574528163.024566, -74.0
1574528163.226164, -74.0
1574528163.406445, -74.0
1574528163.593519, -74.0
1574528163.77522, -74.0
1574528163.951834, -74.0
1574528164.507775, -74.0
1574528164.702588, -74.0
1574528164.86384, -74.0
1574528165.025363, -74.0
1574528165.558099, -74.0
1574528166.105802, -74.0
1574528166.656838, -74.0
1574528167.656976, -74.0
1574528169.05986, -74.0
1574528170.037707, -74.0
1574528171.37549, -74.0
1574528172.7632, -74.0
1574528173.337729, -74.0
1574528173.919633, -74.0
1574528174.454094, -74.0
1574528174.629003, -74.0
1574528161.946909, -74.0
1574528162.000381, -74.0
1574528162.054006, -74.0
1574528162.107274, -74.0
1574528162.160962, -74.0
1574528162.214397, -74.0
1574528162.267785, -74.0
1574528162.321787, -74.0
1574528162.375364, -74.0
1574528162.428783, -74.0
1574528162.481867, -74.0
1574528162.535324, -74.0
1574528162.950685, -74.0
1574528163.34744, -74.0
1574528163.778556, -74.0
1574528164.199206, -74.0
1574528164.640736, -74.0
1574528165.061546, -74.0
1574528165.475509, -74.0
1574528165.900106, -74.0
1574528166.306891, -74.0
1574528166.714436, -74.0
1574528167.109985, -74.0
1574528167.521789, -74.0
1574528167.923931, -74.0
1574528168.348666, -74.0
1574528168.753434, -74.0
1574528169.14666, -74.0
1574528169.544762, -74.0
1574528169.963052, -74.0
1574528170.359457, -74.0
1574528170.755582, -74.0
1574528171.167536, -74.0
1574528171.588214, -74.0
1574528171.992581, -74.0
1574528172.426185, -74.0
1574528172.832135, -74.0
1574528173.244377, -74.0
1574528173.664842, -74.0
1574528174.05014, -74.0
1574528174.468388, -74.0
1574528174.886908, -74.0
1574528175.294175, -74.0
1574528175.689675, -74.0
1574528176.080434, -74.0
1574528176.481539, -74.0
1574528176.884341, -74.0
1574528177.301222, -74.0
1574528177.682711, -74.0
1574528178.084294, -74.0
1574528233.42036, -74.0
1574528233.480473, -74.0
1574528233.548529, -74.0
1574528233.612808, -74.0
1574528233.676175, -74.0
1574528233.730159, -74.0
1574528233.784003, -74.0
1574528233.839256, -74.0
1574528233.893568, -74.0
1574528233.951056, -74.0
1574528234.009746, -74.0
1574528234.069618, -74.0
1574528234.130048, -74.0
1574528234.190524, -74.0
1574528234.251523, -74.0
1574528234.316038, -74.0
1574528234.382269, -74.0
1574528234.448015, -74.0
1574528234.508183, -74.0
1574528235.012971, -74.0
1574528235.424983, -74.0
1574528235.857796, -74.0
1574528236.313388, -74.0
1574528236.766938, -74.0
1574528237.155395, -74.0
1574528237.616041, -74.0
1574528238.084729, -74.0
1574528238.533996, -74.0
1574528238.971903, -74.0
1574528239.422283, -74.0
1574528239.900101, -74.0
1574528240.350139, -74.0
1574528240.805857, -74.0
1574528241.281066, -74.0
1574528241.732852, -74.0
1574528242.181632, -74.0
1574528242.612339, -74.0
1574528243.04948, -74.0
1574528243.461227, -74.0
1574528243.878439, -74.0
1574528244.314183, -74.0
1574528244.767447, -74.0
1574528245.214165, -74.0
1574528245.612771, -74.0
1574528246.040125, -74.0
1574528246.478228, -74.0
1574528246.900595, -74.0
1574528247.319796, -74.0
1574528247.752006, -74.0
1574528248.163871, -74.0
1574528248.583777, -74.0
1574528248.994202, -74.0
1574528249.417507, -74.0
1574528249.842656, -74.0
1574528250.260145, -74.0
1574528250.717736, -74.0
1574528251.150523, -74.0
1574528251.559798, -74.0
1574528251.990552, -74.0
1574528252.446455, -74.0
1574528252.946975, -74.0
1574528253.39896, -74.0
1574528253.861113, -74.0
1574528254.32551, -74.0
1574528254.783436, -74.0
1574528255.238333, -74.0
1574528255.661597, -74.0
1574528256.057397, -74.0
1574528256.510633, -74.0
1574528256.955031, -74.0
1574528257.405055, -74.0
1574528257.877264, -74.0
1574528258.28721, -74.0
1574528258.713726, -74.0
1574528259.10881, -74.0
1574528259.520396, -74.0
1574528259.934536, -74.0
1574528260.384079, -74.0
1574528260.815569, -74.0
1574528261.23619, -74.0
1574528261.629393, -74.0
1574528262.039642, -74.0
1574528262.42927, -74.0
1574528262.88428, -74.0
1574528263.293712, -74.0
1574528263.712083, -74.0
1574528264.115455, -74.0
1574528264.513067, -74.0
1574528264.949938, -74.0
1574528265.361116, -74.0
1574528265.780703, -74.0
1574528266.18388, -74.0
1574528266.600038, -74.0
1574528267.014871, -74.0
1574528267.432119, -74.0
1574528267.861131, -74.0
1574528268.297308, -74.0
1574528268.740201, -74.0
1574528269.17485, -74.0
1574528269.595792, -74.0
1574528270.007669, -74.0
1574528270.42447, -74.0
1574528270.843446, -74.0
1574528271.261926, -74.0
1574528271.672632, -74.0
1574528272.095779, -74.0
1574528272.506951, -74.0
1574528272.899407, -74.0
1574528273.326073, -74.0
1574528273.74408, -74.0
1574528274.150297, -74.0
1574528274.594515, -74.0
1574528275.00699, -74.0
1574528275.436404, -74.0
1574528275.831689, -74.0
1574528276.207242, -74.0
1574528276.605893, -74.0
1574528277.009105, -74.0
1574528277.439045, -74.0
1574528277.849987, -74.0
1574528278.24468, -74.0
1574528278.673107, -74.0
1574528279.095164, -74.0
1574528279.524256, -74.0
1574528279.931515, -74.0
1574528280.316915, -74.0
1574528280.727656, -74.0
1574528281.110446, -74.0
1574528281.51098, -74.0
1574528281.920536, -74.0
1574528282.357878, -74.0
1574528282.742607, -74.0
1574528283.152066, -74.0
1574528283.57056, -74.0
1574528283.967519, -74.0
1574528284.382796, -74.0
1574528284.817598, -74.0
1574528285.242038, -74.0
1574528285.656927, -74.0
1574528286.078723, -74.0
1574528286.514465, -74.0
1574528286.899209, -74.0
1574528287.298903, -74.0
1574528287.681347, -74.0
1574528288.076821, -74.0
1574528288.476659, -74.0
1574528288.8845, -74.0
1574528289.307523, -74.0
1574528289.740828, -74.0
1574528290.120907, -74.0
1574528290.548346, -74.0
1574528290.95927, -74.0
1574528291.400204, -74.0
1574528291.813083, -74.0
1574528292.230616, -74.0
1574528292.637573, -74.0
1574528293.04383, -74.0
1574528293.456349, -74.0
1574528293.850799, -74.0
1574528294.256865, -74.0
1574528294.661976, -74.0
1574528295.063004, -74.0
1574528295.472075, -74.0
1574528295.900147, -74.0
1574528296.321491, -74.0
1574528296.748541, -74.0
1574528297.202383, -74.0
1574528297.596838, -74.0
1574528297.990786, -74.0
1574528298.394555, -74.0
1574528298.782544, -74.0
1574528299.190065, -74.0
1574528299.607676, -74.0
1574528300.019642, -74.0
1574528300.444937, -74.0
1574528300.867138, -74.0
1574528301.290188, -74.0
1574528301.70661, -74.0
1574528302.109499, -74.0
1574528302.620355, -74.0
1574528303.021071, -74.0
1574528303.40837, -74.0
1574528303.817993, -74.0
1574528304.318418, -74.0
1574528304.789196, -74.0
1574528305.187954, -74.0
1574528305.605083, -74.0
1574528306.054058, -74.0
1574528306.472727, -74.0
1574528306.869355, -74.0
1574528307.255844, -74.0
1574528307.670863, -74.0
1574528308.041324, -74.0
1574528308.448723, -74.0
1574528308.851494, -74.0
1574528309.294108, -74.0
1574528309.719763, -74.0
1574528310.145277, -74.0
1574528310.580306, -74.0
1574528310.98345, -74.0
1574528311.392937, -74.0
1574528311.821123, -74.0
1574528312.235337, -74.0
1574528312.66495, -74.0
1574528313.104782, -74.0
1574528313.525068, -74.0
1574528313.927171, -74.0
1574528314.318542, -74.0
1574528314.717145, -74.0
1574528315.160093, -74.0
1574528315.582124, -74.0
1574528316.004424, -74.0
1574528316.40804, -74.0
1574528316.829869, -74.0
1574528317.23047, -74.0
1574528317.639267, -74.0
1574528318.053816, -74.0
1574528318.471599, -74.0
1574528318.867147, -74.0
1574528319.286538, -74.0
1574528319.713605, -74.0
1574528320.151577, -74.0
1574528320.581343, -74.0
1574528320.974904, -74.0
1574528321.404708, -74.0
1574528321.853125, -74.0
1574528322.247708, -74.0
1574528322.670684, -74.0
1574528323.074364, -74.0
1574528323.478321, -74.0
1574528323.88864, -74.0
1574528324.296903, -74.0
1574528324.692931, -74.0
1574528325.102854, -74.0
1574528325.51754, -74.0
1574528325.914313, -74.0
1574528326.309595, -74.0
1574528326.72681, -74.0
1574528327.121256, -74.0
1574528327.536673, -74.0
1574528327.963588, -74.0
1574528328.38731, -74.0
1574528328.800475, -74.0
1574528329.213694, -74.0
1574528329.646029, -74.0
1574528330.055476, -74.0
1574528330.470044, -74.0
1574528330.882276, -74.0
1574528331.307248, -74.0
1574528331.710601, -74.0
1574528233.144732, -74.0
1574528233.62023, -74.0
1574528233.676538, -74.0
1574528233.731679, -74.0
1574528233.786013, -74.0
1574528234.200682, -74.0
1574528234.610245, -74.0
1574528235.063171, -74.0
1574528235.526752, -74.0
1574528235.934103, -74.0
1574528236.357252, -74.0
1574528236.764718, -74.0
1574528237.176388, -74.0
1574528237.609498, -74.0
1574528238.058035, -74.0
1574528238.477357, -74.0
1574528238.927074, -74.0
1574528239.370034, -74.0
1574528239.809252, -74.0
1574528240.241915, -74.0
1574528240.673429, -74.0
1574528241.077685, -74.0
1574528241.487362, -74.0
1574528241.895271, -74.0
1574528242.290394, -74.0
1574528242.704051, -74.0
1574528243.118942, -74.0
1574528243.556564, -74.0
1574528243.987424, -74.0
1574528244.407129, -74.0
1574528244.791694, -74.0
1574528245.206477, -74.0
1574528245.625326, -74.0
1574528246.045759, -74.0
1574528246.459675, -74.0
1574528246.895264, -74.0
1574528247.302164, -74.0
1574528247.702057, -74.0
1574528248.108452, -74.0
1574528248.524314, -74.0
1574528248.962635, -74.0
1574528249.41045, -74.0
1574528249.898414, -74.0
1574528250.368296, -74.0
1574528250.775188, -74.0
1574528251.167486, -74.0
1574528251.587722, -74.0
1574528252.04358, -74.0
1574528252.453193, -74.0
1574528252.880117, -74.0
1574528253.321489, -74.0
1574528253.742057, -74.0
1574528254.154965, -74.0
1574528254.559514, -74.0
1574528254.980403, -74.0
1574528255.418576, -74.0
1574528255.834246, -74.0
1574528256.252167, -74.0
1574528256.673995, -74.0
1574528257.106179, -74.0
1574528257.541944, -74.0
1574528257.955602, -74.0
1574528258.408985, -74.0
1574528258.854722, -74.0
1574528259.313824, -74.0
1574528259.795792, -74.0
1574528260.219803, -74.0
1574528260.629853, -74.0
1574528261.093079, -74.0
1574528261.537298, -74.0
1574528261.998096, -74.0
1574528262.422615, -74.0
1574528262.869536, -74.0
1574528263.33167, -74.0
1574528263.78143, -74.0
1574528264.248138, -74.0
1574528264.685765, -74.0
1574528265.153407, -74.0
1574528265.613192, -74.0
1574528266.077072, -74.0
1574528266.537769, -74.0
1574528267.004543, -74.0
1574528267.43135, -74.0
1574528267.872854, -74.0
1574528268.311261, -74.0
1574528268.746585, -74.0
1574528269.161708, -74.0
1574528269.587615, -74.0
1574528269.99906, -74.0
1574528270.443361, -74.0
1574528270.896899, -74.0
1574528271.356313, -74.0
1574528271.811913, -74.0
1574528272.283537, -74.0
1574528272.706267, -74.0
1574528273.150718, -74.0
1574528273.616756, -74.0
1574528274.075591, -74.0
1574528274.531187, -74.0
1574528274.997545, -74.0
1574528275.478916, -74.0
1574528275.955097, -74.0
1574528276.407507, -74.0
1574528276.863764, -74.0
1574528277.302657, -74.0
1574528277.779688, -74.0
1574528278.247993, -74.0
1574528278.737223, -74.0
1574528279.224115, -74.0
1574528279.645296, -74.0
1574528280.115121, -74.0
1574528280.580513, -74.0
1574528281.049559, -74.0
1574528281.512166, -74.0
1574528281.962941, -74.0
1574528282.430043, -74.0
1574528282.89941, -74.0
1574528283.322486, -74.0
1574528283.809111, -74.0
1574528284.265134, -74.0
1574528284.732603, -74.0
1574528285.210824, -74.0
1574528285.681558, -74.0
1574528286.099442, -74.0
1574528286.508019, -74.0
1574528286.930614, -74.0
1574528287.37111, -74.0
1574528287.805168, -74.0
1574528288.235565, -74.0
1574528288.651285, -74.0
1574528289.091887, -74.0
1574528289.533078, -74.0
1574528289.987045, -74.0
1574528290.439685, -74.0
1574528290.871227, -74.0
1574528291.325772, -74.0
1574528291.74712, -74.0
1574528292.219434, -74.0
1574528292.691027, -74.0
1574528293.164645, -74.0
1574528293.633298, -74.0
1574528294.111266, -74.0
1574528294.576002, -74.0
1574528295.023247, -74.0
1574528295.471772, -74.0
1574528295.890326, -74.0
1574528296.312809, -74.0
1574528296.73218, -74.0
1574528297.175508, -74.0
1574528297.635709, -74.0
1574528298.092115, -74.0
1574528298.550633, -74.0
1574528298.993175, -74.0
1574528299.513337, -74.0
1574528299.960103, -74.0
1574528300.372756, -74.0
1574528300.818583, -74.0
1574528301.247636, -74.0
1574528301.702845, -74.0
1574528302.262752, -74.0
1574528302.715684, -74.0
1574528303.186706, -74.0
1574528303.648595, -74.0
1574528304.116445, -74.0
1574528304.614978, -74.0
1574528305.063058, -74.0
1574528305.533643, -74.0
1574528305.961143, -74.0
1574528306.371972, -74.0
1574528306.779159, -74.0
1574528307.220499, -74.0
1574528307.675418, -74.0
1574528308.101002, -74.0
1574528308.548841, -74.0
1574528309.016778, -74.0
1574528309.489133, -74.0
1574528309.926123, -74.0
1574528310.337209, -74.0
1574528310.800385, -74.0
1574528311.214268, -74.0
1574528311.663828, -74.0
1574528312.121732, -74.0
1574528312.581097, -74.0
1574528313.002243, -74.0
1574528313.444603, -74.0
1574528313.87544, -74.0
1574528314.308509, -74.0
1574528314.716018, -74.0
1574528315.162431, -74.0
1574528315.636378, -74.0
1574528316.072998, -74.0
1574528316.544422, -74.0
1574528316.988961, -74.0
1574528317.441509, -74.0
1574528317.894311, -74.0
1574528318.332471, -74.0
1574528318.80948, -74.0
1574528319.250185, -74.0
1574528319.71077, -74.0
1574528320.160066, -74.0
1574528320.603795, -74.0
1574528321.025377, -74.0
1574528321.459912, -74.0
1574528321.916988, -74.0
1574528322.342376, -74.0
1574528322.741769, -74.0
1574528323.158353, -74.0
1574528323.583881, -74.0
1574528324.060948, -74.0
1574528324.506057, -74.0
1574528324.942865, -74.0
1574528325.437422, -74.0
1574528325.915335, -74.0
1574528326.360779, -74.0
1574528326.807489, -74.0
1574528327.246295, -74.0
1574528327.707866, -74.0
1574528328.190148, -74.0
1574528328.62912, -74.0
1574528329.070867, -74.0
1574528329.503591, -74.0
1574528329.957405, -74.0
1574528330.379423, -74.0
1574528330.802891, -74.0
1574528331.2412, -74.0
1574528331.668794, -74.0
1574528332.149589, -74.0
1574528332.612141, -74.0
1574528333.089698, -74.0
1574528333.546667, -74.0
1574528334.018338, -74.0
1574528334.498304, -74.0
1574528334.949817, -74.0
1574528335.408509, -74.0
1574528335.879676, -74.0
1574528336.377897, -74.0
1574528336.833378, -74.0
1574528337.279179, -74.0
1574528337.72706, -74.0
1574528338.177085, -74.0
1574528338.625914, -74.0
1574528339.060058, -74.0
1574528339.541295, -74.0
1574528340.029899, -74.0
1574528340.506952, -74.0
1574528340.97688, -74.0
1574528341.47547, -74.0
1574528341.929354, -74.0
1574528342.394577, -74.0
1574528342.849138, -74.0
1574528233.483089, -74.0
1574528233.890822, -74.0
1574528234.26468, -74.0
1574528234.662492, -74.0
1574528235.072061, -74.0
1574528235.474679, -74.0
1574528236.094797, -74.0
1574528236.5021, -74.0
1574528236.904853, -74.0
1574528237.321246, -74.0
1574528237.737787, -74.0
1574528238.16108, -74.0
1574528238.587089, -74.0
1574528239.025942, -74.0
1574528239.446732, -74.0
1574528239.841851, -74.0
1574528240.243855, -74.0
1574528240.638995, -74.0
1574528241.049943, -74.0
1574528241.457573, -74.0
1574528241.873494, -74.0
1574528242.321531, -74.0
1574528242.756895, -74.0
1574528243.1842, -74.0
1574528243.591654, -74.0
1574528244.010514, -74.0
1574528244.409733, -74.0
1574528244.826453, -74.0
1574528245.256562, -74.0
1574528245.655751, -74.0
1574528246.044777, -74.0
1574528246.468164, -74.0
1574528246.87276, -74.0
1574528247.296762, -74.0
1574528247.778558, -74.0
1574528248.181864, -74.0
1574528248.589351, -74.0
1574528248.974196, -74.0
1574528249.381174, -74.0
1574528249.804068, -74.0
1574528250.224642, -74.0
1574528250.636652, -74.0
1574528251.089037, -74.0
1574528251.509959, -74.0
1574528251.941087, -74.0
1574528252.343034, -74.0
1574528252.754311, -74.0
1574528253.181961, -74.0
1574528253.596721, -74.0
1574528254.034086, -74.0
1574528254.431296, -74.0
1574528254.829437, -74.0
1574528255.244703, -74.0
1574528255.670297, -74.0
1574528256.120116, -74.0
1574528256.575824, -74.0
1574528257.013591, -74.0
1574528257.42884, -74.0
1574528257.83378, -74.0
1574528258.248038, -74.0
1574528258.660536, -74.0
1574528259.141661, -74.0
1574528259.557936, -74.0
1574528259.965145, -74.0
1574528260.357911, -74.0
1574528260.767177, -74.0
1574528261.184288, -74.0
1574528261.609087, -74.0
1574528262.015552, -74.0
1574528262.453285, -74.0
1574528262.868286, -74.0
1574528263.26474, -74.0
1574528263.701307, -74.0
1574528264.123553, -74.0
1574528264.535167, -74.0
1574528264.934324, -74.0
1574528265.329232, -74.0
1574528265.744696, -74.0
1574528266.19301, -74.0
1574528266.598256, -74.0
1574528267.013731, -74.0
1574528267.465506, -74.0
1574528267.90253, -74.0
1574528268.306259, -74.0
1574528268.718309, -74.0
1574528269.134937, -74.0
1574528269.566883, -74.0
1574528269.989106, -74.0
1574528270.421602, -74.0
1574528270.81475, -74.0
1574528271.232973, -74.0
1574528271.657408, -74.0
1574528272.081275, -74.0
1574528272.48917, -74.0
1574528272.879716, -74.0
1574528273.28988, -74.0
1574528273.700511, -74.0
1574528274.120036, -74.0
1574528274.491561, -74.0
1574528274.901672, -74.0
1574528274.955289, -74.0
1574528275.365342, -74.0
1574528275.800357, -74.0
1574528276.229162, -74.0
1574528276.634924, -74.0
1574528277.047174, -74.0
1574528277.476157, -74.0
1574528277.89045, -74.0
1574528278.323984, -74.0
1574528278.74624, -74.0
1574528279.16643, -74.0
1574528279.589819, -74.0
1574528280.01044, -74.0
1574528280.431927, -74.0
1574528280.849106, -74.0
1574528281.27669, -74.0
1574528281.658475, -74.0
1574528282.103994, -74.0
1574528282.525695, -74.0
1574528282.912777, -74.0
1574528283.348023, -74.0
1574528283.760652, -74.0
1574528284.169825, -74.0
1574528284.581394, -74.0
1574528285.015, -74.0
1574528285.44678, -74.0
1574528285.872977, -74.0
1574528286.282503, -74.0
1574528286.688797, -74.0
1574528287.149464, -74.0
1574528287.618886, -74.0
1574528288.024789, -74.0
1574528288.449925, -74.0
1574528288.887439, -74.0
1574528289.353461, -74.0
1574528289.790428, -74.0
1574528290.218177, -74.0
1574528290.625366, -74.0
1574528291.02183, -74.0
1574528291.41489, -74.0
1574528291.829042, -74.0
1574528292.217207, -74.0
1574528292.605409, -74.0
1574528293.034369, -74.0
1574528293.436952, -74.0
1574528293.840139, -74.0
1574528294.238884, -74.0
1574528294.665777, -74.0
1574528295.074127, -74.0
1574528295.463328, -74.0
1574528295.897989, -74.0
1574528296.328635, -74.0
1574528296.754326, -74.0
1574528297.188068, -74.0
1574528297.561076, -74.0
1574528297.954357, -74.0
1574528298.395577, -74.0
1574528298.875136, -74.0
1574528299.302241, -74.0
1574528299.728837, -74.0
1574528300.143319, -74.0
1574528300.556246, -74.0
1574528300.970474, -74.0
1574528301.373936, -74.0
1574528301.781108, -74.0
1574528302.244566, -74.0
1574528302.725142, -74.0
1574528303.135743, -74.0
1574528303.534379, -74.0
1574528303.941116, -74.0
1574528304.380997, -74.0
1574528304.812118, -74.0
1574528305.201055, -74.0
1574528305.63429, -74.0
1574528306.056949, -74.0
1574528306.473859, -74.0
1574528306.891411, -74.0
1574528307.316785, -74.0
1574528307.700937, -74.0
1574528308.132103, -74.0
1574528308.583738, -74.0
1574528308.982176, -74.0
1574528309.374483, -74.0
1574528309.774293, -74.0
1574528310.180321, -74.0
1574528310.587112, -74.0
1574528311.016295, -74.0
1574528311.389538, -74.0
1574528311.804296, -74.0
1574528312.234955, -74.0
1574528312.630204, -74.0
1574528313.024597, -74.0
1574528313.453745, -74.0
1574528313.907952, -74.0
1574528314.35535, -74.0
1574528314.836551, -74.0
1574528315.301451, -74.0
1574528315.701097, -74.0
1574528316.119752, -74.0
1574528316.547244, -74.0
1574528316.997887, -74.0
1574528317.426173, -74.0
1574528317.8392, -74.0
1574528318.285056, -74.0
1574528318.717161, -74.0
1574528319.144538, -74.0
1574528319.612573, -74.0
1574528320.035311, -74.0
1574528320.429691, -74.0
1574528320.825654, -74.0
1574528321.249637, -74.0
1574528321.684506, -74.0
1574528322.134214, -74.0
1574528322.588227, -74.0
1574528323.03381, -74.0
1574528323.418469, -74.0
1574528323.847556, -74.0
1574528324.260064, -74.0
1574528324.671861, -74.0
1574528325.07449, -74.0
1574528325.485204, -74.0
1574528325.894698, -74.0
1574528326.293977, -74.0
1574528326.722034, -74.0
1574528327.136492, -74.0
1574528327.549496, -74.0
1574528327.943537, -74.0
1574528328.362612, -74.0
1574528328.787168, -74.0
1574528329.213646, -74.0
1574528329.617579, -74.0
1574528330.044464, -74.0
1574528330.470432, -74.0
1574528330.905885, -74.0
1574528331.324545, -74.0
1574528331.726965, -74.0
1574528332.13075, -74.0
1574528332.536048, -74.0
1574528332.946324, -74.0
1574528333.346496, -74.0
1574528333.786182, -74.0
1574528334.225373, -74.0
1574528334.658196, -74.0
1574528335.071708, -74.0
1574528335.514088, -74.0
1574528335.932419, -74.0
1574528336.332813, -74.0
1574528336.75012, -74.0
1574528337.173862, -74.0
1574528337.582426, -74.0
1574528233.592375, -74.0
1574528233.659861, -74.0
1574528233.732186, -74.0
1574528233.803838, -74.0
1574528233.874187, -74.0
1574528233.936012, -74.0
1574528233.998141, -74.0
1574528234.060861, -74.0
1574528234.123377, -74.0
1574528234.198648, -74.0
1574528234.261314, -74.0
1574528234.326988, -74.0
1574528234.385812, -74.0
1574528234.445223, -74.0
1574528234.504288, -74.0
1574528234.563735, -74.0
1574528234.622479, -74.0
1574528234.681873, -74.0
1574528234.740856, -74.0
1574528234.799927, -74.0
1574528234.859327, -74.0
1574528234.91872, -74.0
1574528234.978199, -74.0
1574528235.037797, -74.0
1574528235.097404, -74.0
1574528235.156824, -74.0
1574528235.215892, -74.0
1574528235.275367, -74.0
1574528235.334987, -74.0
1574528235.394515, -74.0
1574528235.453786, -74.0
1574528235.513193, -74.0
1574528235.572754, -74.0
1574528235.632052, -74.0
1574528235.691146, -74.0
1574528235.749733, -74.0
1574528236.263866, -74.0
1574528236.691173, -74.0
1574528237.12148, -74.0
1574528237.549966, -74.0
1574528237.977826, -74.0
1574528238.404447, -74.0
1574528238.848983, -74.0
1574528239.272061, -74.0
1574528239.692081, -74.0
1574528240.111138, -74.0
1574528240.540721, -74.0
1574528240.962719, -74.0
1574528241.388474, -74.0
1574528241.785344, -74.0
1574528242.194944, -74.0
1574528242.60724, -74.0
1574528243.024127, -74.0
1574528243.458356, -74.0
1574528243.910283, -74.0
1574528244.377915, -74.0
1574528244.833095, -74.0
1574528245.25148, -74.0
1574528245.648351, -74.0
1574528246.07202, -74.0
1574528246.47971, -74.0
1574528246.904059, -74.0
1574528247.340881, -74.0
1574528247.779156, -74.0
1574528248.207051, -74.0
1574528248.602917, -74.0
1574528249.006525, -74.0
1574528249.407215, -74.0
1574528249.824632, -74.0
1574528250.251855, -74.0
1574528250.712363, -74.0
1574528251.136151, -74.0
1574528251.532036, -74.0
1574528251.922499, -74.0
1574528252.367015, -74.0
1574528252.834639, -74.0
1574528253.270798, -74.0
1574528253.706495, -74.0
1574528254.151474, -74.0
1574528254.562207, -74.0
1574528255.014903, -74.0
1574528255.41866, -74.0
1574528255.827952, -74.0
1574528256.263216, -74.0
1574528256.701421, -74.0
1574528257.128774, -74.0
1574528257.538537, -74.0
1574528257.961584, -74.0
1574528258.405691, -74.0
1574528258.816832, -74.0
1574528259.230306, -74.0
1574528259.648629, -74.0
1574528260.071933, -74.0
1574528260.493248, -74.0
1574528260.901031, -74.0
1574528261.309924, -74.0
1574528261.73147, -74.0
1574528262.129306, -74.0
1574528262.551221, -74.0
1574528262.970008, -74.0
1574528263.402017, -74.0
1574528263.835028, -74.0
1574528264.254377, -74.0
1574528264.69548, -74.0
1574528265.118138, -74.0
1574528265.518549, -74.0
1574528265.92512, -74.0
1574528266.345171, -74.0
1574528266.759254, -74.0
1574528267.18978, -74.0
1574528267.593077, -74.0
1574528268.016, -74.0
1574528268.432233, -74.0
1574528268.876153, -74.0
1574528269.283117, -74.0
1574528269.741905, -74.0
1574528270.178282, -74.0
1574528270.584636, -74.0
1574528270.997554, -74.0
1574528271.434855, -74.0
1574528271.876246, -74.0
1574528272.297616, -74.0
1574528272.719778, -74.0
1574528273.132683, -74.0
1574528273.539157, -74.0
1574528273.981251, -74.0
1574528274.39546, -74.0
1574528274.813944, -74.0
1574528275.287531, -74.0
1574528275.717162, -74.0
1574528276.127912, -74.0
1574528276.538563, -74.0
1574528276.974955, -74.0
1574528277.39308, -74.0
1574528277.813099, -74.0
1574528278.230306, -74.0
1574528278.653316, -74.0
1574528279.075855, -74.0
1574528279.530052, -74.0
1574528279.968171, -74.0
1574528280.412762, -74.0
1574528280.856928, -74.0
1574528281.260781, -74.0
1574528281.68956, -74.0
1574528282.103563, -74.0
1574528282.538901, -74.0
1574528282.984058, -74.0
1574528283.421306, -74.0
1574528283.882052, -74.0
1574528284.329907, -74.0
1574528284.751802, -74.0
1574528285.14362, -74.0
1574528285.551788, -74.0
1574528285.982259, -74.0
1574528286.409639, -74.0
1574528286.833827, -74.0
1574528287.268551, -74.0
1574528287.705385, -74.0
1574528288.16015, -74.0
1574528288.588688, -74.0
1574528288.984311, -74.0
1574528289.394833, -74.0
1574528289.790059, -74.0
1574528290.206153, -74.0
1574528290.592305, -74.0
1574528291.016856, -74.0
1574528291.446607, -74.0
1574528291.897378, -74.0
1574528292.309776, -74.0
1574528292.757652, -74.0
1574528293.180315, -74.0
1574528293.592339, -74.0
1574528293.998386, -74.0
1574528294.402818, -74.0
1574528294.833762, -74.0
1574528295.238997, -74.0
1574528295.647794, -74.0
1574528296.086401, -74.0
1574528296.509539, -74.0
1574528296.928925, -74.0
1574528297.347393, -74.0
1574528297.812774, -74.0
1574528298.215856, -74.0
1574528298.63093, -74.0
1574528299.052934, -74.0
1574528299.452915, -74.0
1574528299.87279, -74.0
1574528300.310271, -74.0
1574528300.771825, -74.0
1574528301.208154, -74.0
1574528301.671543, -74.0
1574528302.11535, -74.0
1574528302.657448, -74.0
1574528303.076122, -74.0
1574528303.509272, -74.0
1574528303.910364, -74.0
1574528304.395628, -74.0
1574528304.791815, -74.0
1574528305.229289, -74.0
1574528305.654093, -74.0
1574528306.05731, -74.0
1574528306.487695, -74.0
1574528306.94189, -74.0
1574528307.403154, -74.0
1574528307.832051, -74.0
1574528308.239746, -74.0
1574528308.672086, -74.0
1574528309.062281, -74.0
1574528309.474894, -74.0
1574528309.892141, -74.0
1574528310.354369, -74.0
1574528310.75557, -74.0
1574528311.164993, -74.0
1574528311.591603, -74.0
1574528312.013666, -74.0
1574528312.428689, -74.0
1574528312.861212, -74.0
1574528313.28173, -74.0
1574528313.695981, -74.0
1574528314.118955, -74.0
1574528314.518804, -74.0
1574528314.941047, -74.0
1574528315.344173, -74.0
1574528315.742323, -74.0
1574528316.197989, -74.0
1574528316.631719, -74.0
1574528317.066808, -74.0
1574528317.488588, -74.0
1574528317.918107, -74.0
1574528318.319527, -74.0
1574528318.737744, -74.0
1574528319.162488, -74.0
1574528319.59288, -74.0
1574528319.987316, -74.0
1574528320.416809, -74.0
1574528320.878315, -74.0
1574528321.319146, -74.0
1574528321.751598, -74.0
1574528322.150661, -74.0
1574528322.587382, -74.0
1574528323.039525, -74.0
1574528323.476751, -74.0
1574528323.913708, -74.0
1574528324.312866, -74.0
1574528324.732363, -74.0
1574528325.166194, -74.0
1574528325.584909, -74.0
1574528325.975544, -74.0
1574528326.404954, -74.0
1574528326.828897, -74.0
1574528327.255088, -74.0
1574528327.668572, -74.0
1574528327.726746, -74.0
1574528327.781253, -74.0
1574528327.842844, -74.0
1574528327.900811, -74.0
1574528327.956258, -74.0
1574528328.011431, -74.0
1574528328.06652, -74.0
1574528328.123234, -74.0
1574528328.554937, -74.0
1574528328.99466, -74.0
1574528329.434466, -74.0
1574528329.85828, -74.0
1574528330.268003, -74.0
1574528330.712172, -74.0
1574528331.12359, -74.0
1574528331.57466, -74.0
1574528332.011793, -74.0
1574528332.439562, -74.0
1574528332.841832, -74.0
1574528333.243196, -74.0
1574528333.672128, -74.0
1574528334.073502, -74.0
1574528334.495933, -74.0
1574528334.879861, -74.0
1574528335.288046, -74.0
1574528335.707113, -74.0
1574528336.114355, -74.0
1574528336.520638, -74.0
1574528336.936045, -74.0
1574528337.349653, -74.0
1574528337.772605, -74.0
1574528338.173787, -74.0
1574528338.594889, -74.0
1574528339.022669, -74.0
1574528339.464994, -74.0
1574528339.866752, -74.0
1574528340.255859, -74.0
1574528340.655033, -74.0
1574528341.057476, -74.0
1574528341.456052, -74.0
1574528341.885411, -74.0
1574528342.27087, -74.0
1574528342.709263, -74.0
1574528343.109774, -74.0
1574528343.531459, -74.0
1574528343.960567, -74.0
1574528344.349585, -74.0
1574528344.765699, -74.0
1574528345.202089, -74.0
1574528345.599245, -74.0
1574528345.997577, -74.0
1574528346.414013, -74.0
1574528346.834168, -74.0
1574528347.2462, -74.0
1574528347.65195, -74.0
1574528348.061209, -74.0
1574528348.487321, -74.0
1574528348.927715, -74.0
1574528349.345021, -74.0
1574528349.787707, -74.0
1574528350.180934, -74.0
1574528350.577361, -74.0
1574528350.986197, -74.0
1574528351.395664, -74.0
1574528351.806594, -74.0
1574528352.232809, -74.0
1574528352.687865, -74.0
1574528353.092221, -74.0
1574528353.502049, -74.0
1574528353.911319, -74.0
1574528354.324901, -74.0
1574528354.741135, -74.0
1574528355.157419, -74.0
1574528355.529206, -74.0
1574528355.975159, -74.0
1574528356.382013, -74.0
1574528356.800492, -74.0
1574528357.246069, -74.0
1574528357.666464, -74.0
1574528358.092025, -74.0
1574528358.528084, -74.0
1574528358.94865, -74.0
1574528359.376778, -74.0
1574528359.805616, -74.0
1574528360.21366, -74.0
1574528360.603172, -74.0
1574528361.033068, -74.0
1574528361.453856, -74.0
1574528361.892063, -74.0
1574528362.349716, -74.0
1574528362.77045, -74.0
1574528363.190551, -74.0
1574528363.597396, -74.0
1574528364.033495, -74.0
1574528364.461369, -74.0
1574528364.879135, -74.0
1574528365.27694, -74.0
1574528365.703697, -74.0
1574528366.122127, -74.0
1574528366.553826, -74.0
1574528366.993182, -74.0
1574528367.416023, -74.0
1574528367.850043, -74.0
1574528368.254371, -74.0
1574528368.669336, -74.0
1574528369.099847, -74.0
1574528369.522928, -74.0
1574528369.947537, -74.0
1574528370.333129, -74.0
1574528370.738186, -74.0
1574528371.170317, -74.0
1574528371.591708, -74.0
1574528372.018062, -74.0
1574528372.431986, -74.0
1574528372.85182, -74.0
1574528373.281235, -74.0
1574528373.675961, -74.0
1574528374.07589, -74.0
1574528374.479201, -74.0
1574528374.899106, -74.0
1574528375.316065, -74.0
1574528375.737123, -74.0
1574528376.1675, -74.0
1574528376.586475, -74.0
1574528377.034341, -74.0
1574528377.508822, -74.0
1574528377.960029, -74.0
1574528378.40057, -74.0
1574528378.81409, -74.0
1574528379.219937, -74.0
1574528379.642076, -74.0
1574528380.052354, -74.0
1574528380.457173, -74.0
1574528380.87397, -74.0
1574528381.324832, -74.0
1574528381.769252, -74.0
1574528382.18464, -74.0
1574528382.61663, -74.0
1574528383.036522, -74.0
1574528383.467143, -74.0
1574528383.912642, -74.0
1574528384.306346, -74.0
1574528384.750343, -74.0
1574528385.168173, -74.0
1574528385.55647, -74.0
1574528385.999151, -74.0
1574528386.42339, -74.0
1574528386.837422, -74.0
1574528387.246342, -74.0
1574528387.672651, -74.0
1574528388.132179, -74.0
1574528388.549353, -74.0
1574528388.964741, -74.0
1574528389.370744, -74.0
1574528389.788578, -74.0
1574528390.179924, -74.0
1574528390.624652, -74.0
1574528391.059655, -74.0
1574528391.475733, -74.0
1574528391.877212, -74.0
1574528392.293622, -74.0
1574528392.736968, -74.0
1574528393.153287, -74.0
1574528393.549434, -74.0
1574528393.963365, -74.0
1574528394.37849, -74.0
1574528394.873939, -74.0
1574528395.278199, -74.0
1574528395.700254, -74.0
1574528396.088202, -74.0
1574528396.531553, -74.0
1574528396.966596, -74.0
1574528397.369689, -74.0
1574528397.788857, -74.0
1574528398.218923, -74.0
1574528398.653077, -74.0
1574528399.087066, -74.0
1574528399.507947, -74.0
1574528399.967589, -74.0
1574528400.376486, -74.0
1574528400.814197, -74.0
1574528401.249229, -74.0
1574528401.635128, -74.0
1574528402.046044, -74.0
1574528402.481188, -74.0
1574528402.904505, -74.0
1574528403.315784, -74.0
1574528403.729862, -74.0
1574528404.160217, -74.0
1574528404.614436, -74.0
1574528405.046102, -74.0
1574528405.48719, -74.0
1574528405.881323, -74.0
1574528406.289756, -74.0
1574528406.697258, -74.0
1574528407.094077, -74.0
1574528407.506756, -74.0
1574528407.913149, -74.0
1574528408.326469, -74.0
1574528408.763136, -74.0
1574528409.170019, -74.0
1574528409.590786, -74.0
1574528410.004066, -74.0
1574528410.427919, -74.0
1574528410.82933, -74.0
1574528411.232125, -74.0
1574528411.647747, -74.0
1574528412.036276, -74.0
1574528412.434397, -74.0
1574528412.829944, -74.0
1574528413.233591, -74.0
1574528413.66145, -74.0
1574528414.06855, -74.0
1574528414.509677, -74.0
1574528414.945403, -74.0
1574528415.35819, -74.0
1574528415.768711, -74.0
1574528416.179863, -74.0
1574528416.640231, -74.0
1574528417.08483, -74.0
1574528417.473139, -74.0
1574528417.905437, -74.0
1574528418.310504, -74.0
1574528418.731054, -74.0
1574528419.16131, -74.0
1574528419.560417, -74.0
1574528419.973883, -74.0
1574528420.404296, -74.0
1574528420.817305, -74.0
1574528421.232221, -74.0
1574528421.690816, -74.0
1574528422.129721, -74.0
1574528422.590136, -74.0
1574528423.022321, -74.0
1574528423.4694, -74.0
1574528423.874777, -74.0
1574528424.318837, -74.0
1574528424.773965, -74.0
1574528425.216481, -74.0
1574528425.665791, -74.0
1574528426.122964, -74.0
1574528426.575331, -74.0
1574528427.058935, -74.0
1574528427.483893, -74.0
1574528427.928679, -74.0
1574528428.354721, -74.0
1574528428.786089, -74.0
1574528429.194334, -74.0
1574528331.807081, -74.0
1574528331.861035, -74.0
1574528331.916253, -74.0
1574528331.970085, -74.0
1574528332.392268, -74.0
1574528332.799158, -74.0
1574528333.213726, -74.0
1574528333.595314, -74.0
1574528334.039858, -74.0
1574528334.447605, -74.0
1574528334.872972, -74.0
1574528335.26858, -74.0
1574528335.685006, -74.0
1574528336.084778, -74.0
1574528336.493193, -74.0
1574528336.919024, -74.0
1574528337.344462, -74.0
1574528337.736243, -74.0
1574528338.145474, -74.0
1574528338.561309, -74.0
1574528338.998158, -74.0
1574528339.429328, -74.0
1574528339.859765, -74.0
1574528340.288664, -74.0
1574528340.698819, -74.0
1574528341.108584, -74.0
1574528341.522314, -74.0
1574528341.946385, -74.0
1574528342.348973, -74.0
1574528342.760357, -74.0
1574528343.182352, -74.0
1574528343.593273, -74.0
1574528344.016964, -74.0
1574528344.438627, -74.0
1574528344.822235, -74.0
1574528345.251593, -74.0
1574528345.669624, -74.0
1574528346.064117, -74.0
1574528346.50396, -74.0
1574528346.93682, -74.0
1574528347.3498, -74.0
1574528347.786482, -74.0
1574528348.209839, -74.0
1574528348.60185, -74.0
1574528349.011606, -74.0
1574528349.426706, -74.0
1574528349.823807, -74.0
1574528350.244775, -74.0
1574528350.677029, -74.0
1574528351.098574, -74.0
1574528351.500563, -74.0
1574528351.920839, -74.0
1574528352.332284, -74.0
1574528352.743646, -74.0
1574528353.174816, -74.0
1574528353.572139, -74.0
1574528353.973874, -74.0
1574528354.412413, -74.0
1574528354.845881, -74.0
1574528355.279078, -74.0
1574528355.697299, -74.0
1574528356.095217, -74.0
1574528356.506227, -74.0
1574528356.939411, -74.0
1574528357.36426, -74.0
1574528357.770388, -74.0
1574528358.198205, -74.0
1574528358.648426, -74.0
1574528359.044533, -74.0
1574528359.454404, -74.0
1574528359.816584, -74.0
1574528360.251068, -74.0
1574528360.650142, -74.0
1574528361.067704, -74.0
1574528361.489172, -74.0
1574528361.894386, -74.0
1574528362.292439, -74.0
1574528362.733966, -74.0
1574528363.149296, -74.0
1574528363.601181, -74.0
1574528364.021662, -74.0
1574528364.437797, -74.0
1574528364.873798, -74.0
1574528365.26035, -74.0
1574528365.680117, -74.0
1574528366.123146, -74.0
1574528366.535239, -74.0
1574528366.94447, -74.0
1574528367.390377, -74.0
1574528367.797685, -74.0
1574528368.227066, -74.0
1574528368.610883, -74.0
1574528369.030916, -74.0
1574528369.467217, -74.0
1574528369.883286, -74.0
1574528370.322368, -74.0
1574528370.732265, -74.0
1574528371.1553, -74.0
1574528371.585581, -74.0
1574528371.982702, -74.0
1574528372.381426, -74.0
1574528372.780024, -74.0
1574528373.202535, -74.0
1574528373.609196, -74.0
1574528374.031961, -74.0
1574528374.473341, -74.0
1574528374.92833, -74.0
1574528375.365269, -74.0
1574528375.805425, -74.0
1574528376.229698, -74.0
1574528376.649813, -74.0
1574528377.06911, -74.0
1574528377.483038, -74.0
1574528377.893217, -74.0
1574528378.30062, -74.0
1574528378.712988, -74.0
1574528379.14951, -74.0
1574528379.611913, -74.0
1574528380.056676, -74.0
1574528380.471096, -74.0
1574528380.889474, -74.0
1574528381.308428, -74.0
1574528381.728367, -74.0
1574528382.184055, -74.0
1574528382.593874, -74.0
1574528383.031805, -74.0
1574528383.451563, -74.0
1574528383.876762, -74.0
1574528384.302752, -74.0
1574528384.711598, -74.0
1574528385.153392, -74.0
1574528385.591702, -74.0
1574528386.027241, -74.0
1574528386.487261, -74.0
1574528386.924595, -74.0
1574528387.324648, -74.0
1574528387.747149, -74.0
1574528388.162377, -74.0
1574528388.566846, -74.0
1574528389.004598, -74.0
1574528389.437396, -74.0
1574528389.848756, -74.0
1574528390.252128, -74.0
1574528390.65747, -74.0
1574528391.088746, -74.0
1574528391.501718, -74.0
1574528391.899271, -74.0
1574528392.311716, -74.0
1574528392.728078, -74.0
1574528393.200257, -74.0
1574528393.6077, -74.0
1574528394.025357, -74.0
1574528394.417729, -74.0
1574528394.835281, -74.0
1574528395.266058, -74.0
1574528395.667774, -74.0
1574528396.080368, -74.0
1574528396.493555, -74.0
1574528396.91834, -74.0
1574528397.331708, -74.0
1574528397.744936, -74.0
1574528398.148636, -74.0
1574528398.598009, -74.0
1574528399.051514, -74.0
1574528399.508702, -74.0
1574528399.932163, -74.0
1574528400.412863, -74.0
1574528400.835876, -74.0
1574528401.25189, -74.0
1574528401.638759, -74.0
1574528402.075597, -74.0
1574528402.510303, -74.0
1574528402.946376, -74.0
1574528403.387461, -74.0
1574528403.82051, -74.0
1574528404.225488, -74.0
1574528404.62745, -74.0
1574528405.039684, -74.0
1574528405.454065, -74.0
1574528405.870187, -74.0
1574528406.273684, -74.0
1574528406.701022, -74.0
1574528407.130869, -74.0
1574528407.540316, -74.0
1574528407.956058, -74.0
1574528408.350568, -74.0
1574528408.797029, -74.0
1574528409.198663, -74.0
1574528409.619818, -74.0
1574528410.047165, -74.0
1574528410.446767, -74.0
1574528410.875426, -74.0
1574528411.285062, -74.0
1574528411.683598, -74.0
1574528412.092698, -74.0
1574528412.512486, -74.0
1574528412.887778, -74.0
1574528413.320918, -74.0
1574528413.719518, -74.0
1574528414.123722, -74.0
1574528414.521889, -74.0
1574528414.948132, -74.0
1574528415.368999, -74.0
1574528415.778353, -74.0
1574528416.181298, -74.0
1574528416.570439, -74.0
1574528416.996234, -74.0
1574528417.415257, -74.0
1574528417.812661, -74.0
1574528418.217278, -74.0
1574528418.652622, -74.0
1574528419.062667, -74.0
1574528419.476801, -74.0
1574528419.898522, -74.0
1574528420.355677, -74.0
1574528420.769345, -74.0
1574528421.195514, -74.0
1574528421.630089, -74.0
1574528422.055813, -74.0
1574528422.478277, -74.0
1574528422.886155, -74.0
1574528423.286635, -74.0
1574528423.693116, -74.0
1574528424.124249, -74.0
1574528424.541365, -74.0
1574528424.981487, -74.0
1574528425.37057, -74.0
1574528425.787637, -74.0
1574528426.198448, -74.0
1574528426.61107, -74.0
1574528427.006362, -74.0
1574528427.422719, -74.0
1574528427.832418, -74.0
1574528428.246806, -74.0
1574528428.670079, -74.0
1574528429.098672, -74.0
1574528429.505374, -74.0
1574528429.906441, -74.0
1574528430.310183, -74.0
1574528430.723931, -74.0
1574528431.126267, -74.0
1574528431.541863, -74.0
1574528431.954866, -74.0
1574528432.382512, -74.0
1574528432.798761, -74.0
1574528433.199231, -74.0
1574528433.610329, -74.0
1574528434.030419, -74.0
1574528434.460817, -74.0
1574528434.883171, -74.0
1574528338.020991, -74.0
1574528338.388395, -74.0
1574528338.812459, -74.0
1574528338.867453, -74.0
1574528339.302858, -74.0
1574528339.721227, -74.0
1574528340.141092, -74.0
1574528340.551289, -74.0
1574528340.952322, -74.0
1574528341.377092, -74.0
1574528341.78037, -74.0
1574528342.185145, -74.0
1574528342.600801, -74.0
1574528343.022004, -74.0
1574528343.449475, -74.0
1574528343.85227, -74.0
1574528344.244821, -74.0
1574528344.646677, -74.0
1574528345.047002, -74.0
1574528345.433477, -74.0
1574528345.878286, -74.0
1574528346.31078, -74.0
1574528346.732106, -74.0
1574528347.186813, -74.0
1574528347.607201, -74.0
1574528348.00823, -74.0
1574528348.425782, -74.0
1574528348.844162, -74.0
1574528349.24278, -74.0
1574528349.691819, -74.0
1574528350.104924, -74.0
1574528350.548877, -74.0
1574528350.977528, -74.0
1574528351.392245, -74.0
1574528351.805192, -74.0
1574528352.216688, -74.0
1574528352.635806, -74.0
1574528353.042232, -74.0
1574528353.455147, -74.0
1574528353.92507, -74.0
1574528354.349123, -74.0
1574528354.772291, -74.0
1574528355.191633, -74.0
1574528355.588343, -74.0
1574528356.01267, -74.0
1574528356.477834, -74.0
1574528356.909399, -74.0
1574528357.337105, -74.0
1574528357.777032, -74.0
1574528358.219675, -74.0
1574528358.617522, -74.0
1574528359.012639, -74.0
1574528359.392689, -74.0
1574528359.816799, -74.0
1574528360.223944, -74.0
1574528360.650233, -74.0
1574528361.056057, -74.0
1574528361.452796, -74.0
1574528361.85512, -74.0
1574528362.275686, -74.0
1574528362.711629, -74.0
1574528363.175378, -74.0
1574528363.591822, -74.0
1574528363.99179, -74.0
1574528364.461399, -74.0
1574528364.867921, -74.0
1574528365.290969, -74.0
1574528365.704052, -74.0
1574528366.105845, -74.0
1574528366.507048, -74.0
1574528366.945924, -74.0
1574528367.354379, -74.0
1574528367.77663, -74.0
1574528368.176884, -74.0
1574528368.607062, -74.0
1574528369.033358, -74.0
1574528369.461931, -74.0
1574528369.894684, -74.0
1574528370.303909, -74.0
1574528370.735905, -74.0
1574528371.186537, -74.0
1574528371.623466, -74.0
1574528372.059201, -74.0
1574528372.483956, -74.0
1574528372.904989, -74.0
1574528373.29709, -74.0
1574528373.716932, -74.0
1574528374.131126, -74.0
1574528374.548216, -74.0
1574528374.968386, -74.0
1574528375.394474, -74.0
1574528375.813291, -74.0
1574528376.224157, -74.0
1574528376.626656, -74.0
1574528377.03796, -74.0
1574528377.457273, -74.0
1574528377.862693, -74.0
1574528378.276861, -74.0
1574528378.69147, -74.0
1574528379.139632, -74.0
1574528379.572324, -74.0
1574528380.0091, -74.0
1574528380.435253, -74.0
1574528380.861673, -74.0
1574528381.280251, -74.0
1574528381.720827, -74.0
1574528382.099517, -74.0
1574528382.524171, -74.0
1574528382.956381, -74.0
1574528383.359387, -74.0
1574528383.777987, -74.0
1574528384.178865, -74.0
1574528384.600803, -74.0
1574528385.001066, -74.0
1574528385.399658, -74.0
1574528385.830921, -74.0
1574528386.242208, -74.0
1574528386.643995, -74.0
1574528387.079254, -74.0
1574528387.503244, -74.0
1574528387.893143, -74.0
1574528388.333204, -74.0
1574528388.763908, -74.0
1574528389.174036, -74.0
1574528389.583153, -74.0
1574528389.988342, -74.0
1574528390.423751, -74.0
1574528390.828941, -74.0
1574528391.230696, -74.0
1574528391.671124, -74.0
1574528392.096121, -74.0
1574528392.567838, -74.0
1574528392.966084, -74.0
1574528393.381739, -74.0
1574528393.778558, -74.0
1574528394.231659, -74.0
1574528394.669787, -74.0
1574528395.081031, -74.0
1574528395.491859, -74.0
1574528395.901636, -74.0
1574528396.328559, -74.0
1574528396.739283, -74.0
1574528397.154399, -74.0
1574528397.556236, -74.0
1574528397.99521, -74.0
1574528398.418371, -74.0
1574528398.840889, -74.0
1574528399.24292, -74.0
1574528399.670759, -74.0
1574528400.090896, -74.0
1574528400.497054, -74.0
1574528400.870019, -74.0
1574528401.273716, -74.0
1574528401.6983, -74.0
1574528402.113758, -74.0
1574528402.528893, -74.0
1574528402.953934, -74.0
1574528403.368318, -74.0
1574528403.764865, -74.0
1574528404.177851, -74.0
1574528404.584629, -74.0
1574528404.994415, -74.0
1574528405.390401, -74.0
1574528405.822625, -74.0
1574528406.240204, -74.0
1574528406.641293, -74.0
1574528407.078369, -74.0
1574528407.489389, -74.0
1574528407.916943, -74.0
1574528408.316875, -74.0
1574528408.7377, -74.0
1574528409.161521, -74.0
1574528409.558206, -74.0
1574528409.961771, -74.0
1574528410.374581, -74.0
1574528410.774948, -74.0
1574528411.196422, -74.0
1574528411.590884, -74.0
1574528411.991537, -74.0
1574528412.434001, -74.0
1574528412.839868, -74.0
1574528413.266992, -74.0
1574528413.686874, -74.0
1574528414.116605, -74.0
1574528414.531219, -74.0
1574528414.932369, -74.0
1574528415.344468, -74.0
1574528415.74377, -74.0
1574528416.183648, -74.0
1574528416.600838, -74.0
1574528416.999045, -74.0
1574528417.395495, -74.0
1574528417.826695, -74.0
1574528418.241326, -74.0
1574528418.651001, -74.0
1574528419.065275, -74.0
1574528419.511419, -74.0
1574528419.917726, -74.0
1574528420.320849, -74.0
1574528420.755334, -74.0
1574528421.185418, -74.0
1574528421.619051, -74.0
1574528422.06397, -74.0
1574528422.494387, -74.0
1574528422.91039, -74.0
1574528423.331996, -74.0
1574528423.746375, -74.0
1574528424.175979, -74.0
1574528424.566158, -74.0
1574528424.988137, -74.0
1574528425.383712, -74.0
1574528425.781642, -74.0
1574528426.166606, -74.0
1574528426.566486, -74.0
1574528426.974242, -74.0
1574528427.373767, -74.0
1574528427.795387, -74.0
1574528428.223546, -74.0
1574528428.636607, -74.0
1574528429.051339, -74.0
1574528429.482493, -74.0
1574528429.890477, -74.0
1574528430.287901, -74.0
1574528430.704836, -74.0
1574528431.118778, -74.0
1574528431.527424, -74.0
1574528431.944658, -74.0
1574528432.344766, -74.0
1574528432.757973, -74.0
1574528433.183034, -74.0
1574528433.605199, -74.0
1574528434.021073, -74.0
1574528434.447085, -74.0
1574528434.851841, -74.0
1574528435.256653, -74.0
1574528435.660078, -74.0
1574528436.05651, -74.0
1574528436.465103, -74.0
1574528436.85157, -74.0
1574528437.280188, -74.0
1574528437.743168, -74.0
1574528438.139277, -74.0
1574528438.547275, -74.0
1574528438.952208, -74.0
1574528439.37964, -74.0
1574528439.788499, -74.0
1574528440.221218, -74.0
1574528440.634867, -74.0
1574528441.069954, -74.0
1574528441.483299, -74.0
1574528343.337037, -74.0
1574528343.788953, -74.0
1574528344.231278, -74.0
1574528344.654696, -74.0
1574528345.127314, -74.0
1574528345.592945, -74.0
1574528346.03113, -74.0
1574528346.478072, -74.0
1574528346.932718, -74.0
1574528347.359936, -74.0
1574528347.806492, -74.0
1574528348.205591, -74.0
1574528348.649749, -74.0
1574528349.049168, -74.0
1574528349.44422, -74.0
1574528349.869654, -74.0
1574528350.320395, -74.0
1574528350.753581, -74.0
1574528351.173493, -74.0
1574528351.626465, -74.0
1574528352.056539, -74.0
1574528352.482856, -74.0
1574528352.911837, -74.0
1574528353.335008, -74.0
1574528353.730903, -74.0
1574528354.171122, -74.0
1574528354.636011, -74.0
1574528355.096154, -74.0
1574528355.558551, -74.0
1574528355.994936, -74.0
1574528356.428651, -74.0
1574528356.846763, -74.0
1574528357.30334, -74.0
1574528357.75213, -74.0
1574528358.181923, -74.0
1574528358.588539, -74.0
1574528359.033484, -74.0
1574528359.500188, -74.0
1574528359.949126, -74.0
1574528360.387467, -74.0
1574528360.826614, -74.0
1574528361.265149, -74.0
1574528361.722375, -74.0
1574528362.188823, -74.0
1574528362.646974, -74.0
1574528363.077165, -74.0
1574528363.535294, -74.0
1574528363.992222, -74.0
1574528364.426378, -74.0
1574528364.839288, -74.0
1574528365.265721, -74.0
1574528365.710026, -74.0
1574528366.131153, -74.0
1574528366.594022, -74.0
1574528367.045695, -74.0
1574528367.465318, -74.0
1574528367.919466, -74.0
1574528368.347957, -74.0
1574528368.775926, -74.0
1574528369.237843, -74.0
1574528369.700226, -74.0
1574528370.165936, -74.0
1574528370.632605, -74.0
1574528371.057069, -74.0
1574528371.493838, -74.0
1574528371.951752, -74.0
1574528372.355674, -74.0
1574528372.787397, -74.0
1574528373.234163, -74.0
1574528373.674798, -74.0
1574528374.122816, -74.0
1574528374.545849, -74.0
1574528374.965705, -74.0
1574528375.395522, -74.0
1574528375.833023, -74.0
1574528376.258043, -74.0
1574528376.697068, -74.0
1574528377.11974, -74.0
1574528377.582173, -74.0
1574528378.006302, -74.0
1574528378.432707, -74.0
1574528378.853803, -74.0
1574528379.263369, -74.0
1574528379.720949, -74.0
1574528380.190476, -74.0
1574528380.614978, -74.0
1574528381.086214, -74.0
1574528381.496946, -74.0
1574528381.925839, -74.0
1574528382.352813, -74.0
1574528382.780868, -74.0
1574528383.217956, -74.0
1574528383.665051, -74.0
1574528384.127469, -74.0
1574528384.557471, -74.0
1574528384.985559, -74.0
1574528385.397276, -74.0
1574528385.810461, -74.0
1574528386.236523, -74.0
1574528386.679302, -74.0
1574528387.127657, -74.0
1574528387.589778, -74.0
1574528388.015747, -74.0
1574528388.469261, -74.0
1574528388.925257, -74.0
1574528389.350989, -74.0
1574528389.814911, -74.0
1574528390.228177, -74.0
1574528390.697496, -74.0
1574528391.149455, -74.0
1574528391.591916, -74.0
1574528392.044193, -74.0
1574528392.481484, -74.0
1574528392.944357, -74.0
1574528393.370158, -74.0
1574528393.794277, -74.0
1574528394.244406, -74.0
1574528394.683285, -74.0
1574528395.095396, -74.0
1574528395.546254, -74.0
1574528396.000359, -74.0
1574528396.425958, -74.0
1574528396.903334, -74.0
1574528397.376564, -74.0
1574528397.828307, -74.0
1574528398.253277, -74.0
1574528398.67469, -74.0
1574528399.131759, -74.0
1574528399.568484, -74.0
1574528400.000242, -74.0
1574528400.430435, -74.0
1574528400.875128, -74.0
1574528401.359786, -74.0
1574528401.765638, -74.0
1574528402.188418, -74.0
1574528402.616805, -74.0
1574528403.050073, -74.0
1574528403.503863, -74.0
1574528403.961484, -74.0
1574528404.411622, -74.0
1574528404.824004, -74.0
1574528405.281616, -74.0
1574528405.723602, -74.0
1574528406.180231, -74.0
1574528406.636656, -74.0
1574528407.065455, -74.0
1574528407.51361, -74.0
1574528407.9702, -74.0
1574528408.385726, -74.0
1574528408.861203, -74.0
1574528409.340653, -74.0
1574528409.808421, -74.0
1574528410.225012, -74.0
1574528410.674356, -74.0
1574528411.150021, -74.0
1574528411.623295, -74.0
1574528412.064489, -74.0
1574528412.505926, -74.0
1574528412.930603, -74.0
1574528413.3291, -74.0
1574528413.761953, -74.0
1574528414.191634, -74.0
1574528414.605866, -74.0
1574528415.018729, -74.0
1574528415.469238, -74.0
1574528415.926848, -74.0
1574528416.351785, -74.0
1574528416.807142, -74.0
1574528417.241775, -74.0
1574528417.70939, -74.0
1574528418.143439, -74.0
1574528418.606532, -74.0
1574528419.066349, -74.0
1574528419.490249, -74.0
1574528419.936804, -74.0
1574528420.371211, -74.0
1574528420.813351, -74.0
1574528421.244559, -74.0
1574528421.639331, -74.0
1574528422.013533, -74.0
1574528422.437155, -74.0
1574528422.84092, -74.0
1574528423.235937, -74.0
1574528423.678525, -74.0
1574528424.116714, -74.0
1574528424.535848, -74.0
1574528424.947912, -74.0
1574528425.377313, -74.0
1574528425.766433, -74.0
1574528426.182872, -74.0
1574528426.591297, -74.0
1574528426.988357, -74.0
1574528427.377709, -74.0
1574528427.802527, -74.0
1574528428.235845, -74.0
1574528428.645805, -74.0
1574528429.0924, -74.0
1574528429.553727, -74.0
1574528429.989555, -74.0
1574528430.387907, -74.0
1574528430.798678, -74.0
1574528431.223858, -74.0
1574528431.647402, -74.0
1574528432.068662, -74.0
1574528432.481329, -74.0
1574528432.894859, -74.0
1574528433.310186, -74.0
1574528433.724377, -74.0
1574528434.159829, -74.0
1574528434.546912, -74.0
1574528434.973301, -74.0
1574528435.377092, -74.0
1574528435.778607, -74.0
1574528436.176406, -74.0
1574528436.575971, -74.0
1574528436.984373, -74.0
1574528437.384562, -74.0
1574528437.802704, -74.0
1574528438.236535, -74.0
1574528438.652016, -74.0
1574528439.048569, -74.0
1574528439.46959, -74.0
1574528439.877223, -74.0
1574528440.275217, -74.0
1574528440.684258, -74.0
1574528441.091593, -74.0
1574528441.505334, -74.0
1574528441.918913, -74.0
1574528442.319445, -74.0
1574528442.727797, -74.0
1574528443.178139, -74.0
1574528443.631689, -74.0
1574528444.071347, -74.0
1574528444.497326, -74.0
1574528444.925419, -74.0
1574528445.313436, -74.0
1574528445.739536, -74.0
1574528446.163166, -74.0
1574528446.609717, -74.0
1574528446.994881, -74.0
1574528447.392363, -74.0
1574528447.82718, -74.0
1574528448.232489, -74.0
1574528448.650339, -74.0
1574528449.064128, -74.0
1574528449.516632, -74.0
1574528449.932029, -74.0
1574528450.38474, -74.0
1574528450.815184, -74.0
1574528451.257916, -74.0
1574528429.283334, -74.0
1574528429.34524, -74.0
1574528429.407328, -74.0
1574528429.480095, -74.0
1574528429.542623, -74.0
1574528429.60636, -74.0
1574528429.668159, -74.0
1574528429.727994, -74.0
1574528429.791416, -74.0
1574528429.852763, -74.0
1574528429.918954, -74.0
1574528430.352763, -74.0
1574528430.78598, -74.0
1574528431.231059, -74.0
1574528431.706437, -74.0
1574528431.76904, -74.0
1574528431.833015, -74.0
1574528431.896682, -74.0
1574528431.974333, -74.0
1574528432.41149, -74.0
1574528432.853498, -74.0
1574528433.298561, -74.0
1574528433.764823, -74.0
1574528434.221596, -74.0
1574528434.658392, -74.0
1574528435.12332, -74.0
1574528435.571773, -74.0
1574528436.057597, -74.0
1574528436.524911, -74.0
1574528436.963929, -74.0
1574528437.384562, -74.0
1574528437.818952, -74.0
1574528438.222773, -74.0
1574528438.654398, -74.0
1574528439.077065, -74.0
1574528439.500899, -74.0
1574528439.926465, -74.0
1574528440.357481, -74.0
1574528440.794035, -74.0
1574528441.219797, -74.0
1574528441.655087, -74.0
1574528442.107186, -74.0
1574528442.514092, -74.0
1574528442.938823, -74.0
1574528443.353344, -74.0
1574528443.782329, -74.0
1574528444.211234, -74.0
1574528444.642988, -74.0
1574528445.073225, -74.0
1574528445.515096, -74.0
1574528445.927498, -74.0
1574528446.353163, -74.0
1574528446.773714, -74.0
1574528447.227807, -74.0
1574528447.699291, -74.0
1574528448.175048, -74.0
1574528448.637608, -74.0
1574528449.060324, -74.0
1574528449.4888, -74.0
1574528449.932479, -74.0
1574528450.373889, -74.0
1574528450.781607, -74.0
1574528451.188918, -74.0
1574528451.597774, -74.0
1574528452.00394, -74.0
1574528452.423651, -74.0
1574528452.834322, -74.0
1574528453.230571, -74.0
1574528453.639313, -74.0
1574528454.036309, -74.0
1574528454.415994, -74.0
1574528454.827423, -74.0
1574528455.254011, -74.0
1574528455.645905, -74.0
1574528456.115496, -74.0
1574528456.547026, -74.0
1574528456.953624, -74.0
1574528457.346876, -74.0
1574528457.770148, -74.0
1574528458.221828, -74.0
1574528458.676649, -74.0
1574528459.110911, -74.0
1574528459.543687, -74.0
1574528459.969867, -74.0
1574528460.392111, -74.0
1574528460.83099, -74.0
1574528461.245841, -74.0
1574528461.640161, -74.0
1574528462.093198, -74.0
1574528462.523743, -74.0
1574528462.968777, -74.0
1574528463.367333, -74.0
1574528463.788666, -74.0
1574528464.18231, -74.0
1574528464.604831, -74.0
1574528465.014566, -74.0
1574528465.431033, -74.0
1574528465.867944, -74.0
1574528466.279558, -74.0
1574528466.696268, -74.0
1574528467.093657, -74.0
1574528467.492804, -74.0
1574528467.928002, -74.0
1574528468.340528, -74.0
1574528468.745102, -74.0
1574528469.167164, -74.0
1574528469.583415, -74.0
1574528469.995984, -74.0
1574528470.430996, -74.0
1574528470.854433, -74.0
1574528471.261229, -74.0
1574528471.663004, -74.0
1574528472.073088, -74.0
1574528472.480742, -74.0
1574528472.901596, -74.0
1574528473.307215, -74.0
1574528473.73759, -74.0
1574528474.157209, -74.0
1574528474.603086, -74.0
1574528475.046594, -74.0
1574528475.459841, -74.0
1574528475.853683, -74.0
1574528476.28305, -74.0
1574528476.671705, -74.0
1574528477.098862, -74.0
1574528477.526505, -74.0
1574528477.929363, -74.0
1574528478.343212, -74.0
1574528478.734343, -74.0
1574528479.151248, -74.0
1574528479.549055, -74.0
1574528479.959479, -74.0
1574528480.360862, -74.0
1574528480.786805, -74.0
1574528481.195752, -74.0
1574528481.608307, -74.0
1574528481.995272, -74.0
1574528482.411723, -74.0
1574528482.875342, -74.0
1574528483.291999, -74.0
1574528483.710591, -74.0
1574528484.140876, -74.0
1574528484.537411, -74.0
1574528484.952114, -74.0
1574528485.342834, -74.0
1574528485.774987, -74.0
1574528486.182263, -74.0
1574528486.574077, -74.0
1574528487.014221, -74.0
1574528487.410448, -74.0
1574528487.836481, -74.0
1574528488.24976, -74.0
1574528488.661997, -74.0
1574528489.101557, -74.0
1574528489.54518, -74.0
1574528489.972019, -74.0
1574528490.378931, -74.0
1574528490.811911, -74.0
1574528491.209635, -74.0
1574528491.648094, -74.0
1574528492.05979, -74.0
1574528492.468791, -74.0
1574528492.876803, -74.0
1574528493.251937, -74.0
1574528493.701073, -74.0
1574528494.119914, -74.0
1574528494.558538, -74.0
1574528494.97854, -74.0
1574528495.358211, -74.0
1574528495.758073, -74.0
1574528496.163871, -74.0
1574528496.575373, -74.0
1574528496.969293, -74.0
1574528497.381174, -74.0
1574528497.781574, -74.0
1574528498.182642, -74.0
1574528498.589494, -74.0
1574528499.018224, -74.0
1574528499.432633, -74.0
1574528499.844145, -74.0
1574528500.260871, -74.0
1574528500.653317, -74.0
1574528501.072694, -74.0
1574528501.493368, -74.0
1574528501.902562, -74.0
1574528502.342746, -74.0
1574528502.782451, -74.0
1574528503.217207, -74.0
1574528503.626445, -74.0
1574528504.068262, -74.0
1574528504.456863, -74.0
1574528504.856023, -74.0
1574528505.274418, -74.0
1574528505.676451, -74.0
1574528506.12241, -74.0
1574528506.525802, -74.0
1574528506.923725, -74.0
1574528507.351002, -74.0
1574528507.861495, -74.0
1574528508.623508, -74.0
1574528509.190779, -74.0
1574528509.827542, -74.0
1574528510.374611, -74.0
1574528510.871462, -74.0
1574528511.315829, -74.0
1574528511.711871, -74.0
1574528512.113553, -74.0
1574528512.491402, -74.0
1574528512.917745, -74.0
1574528513.347858, -74.0
1574528513.743711, -74.0
1574528514.124624, -74.0
1574528514.531323, -74.0
1574528514.92567, -74.0
1574528515.337696, -74.0
1574528515.758838, -74.0
1574528516.208163, -74.0
1574528516.63148, -74.0
1574528517.046791, -74.0
1574528517.450428, -74.0
1574528517.87761, -74.0
1574528518.28397, -74.0
1574528518.720338, -74.0
1574528519.196712, -74.0
1574528519.665025, -74.0
1574528520.100775, -74.0
1574528520.536684, -74.0
1574528520.952577, -74.0
1574528521.351032, -74.0
1574528521.758807, -74.0
1574528522.154834, -74.0
1574528522.568503, -74.0
1574528522.955989, -74.0
1574528523.399969, -74.0
1574528523.825265, -74.0
1574528524.241537, -74.0
1574528524.64224, -74.0
1574528525.084906, -74.0
1574528525.505444, -74.0
1574528525.90462, -74.0
1574528526.311862, -74.0
1574528526.723148, -74.0
1574528527.150558, -74.0
1574528527.545933, -74.0
1574528527.958114, -74.0
1574528528.390261, -74.0
1574528528.802274, -74.0
1574528529.217094, -74.0
1574528529.648177, -74.0
1574528530.072113, -74.0
1574528435.271426, -74.0
1574528435.720822, -74.0
1574528435.780663, -74.0
1574528435.842743, -74.0
1574528435.898554, -74.0
1574528436.321629, -74.0
1574528436.66428, -74.0
1574528436.995689, -74.0
1574528437.334661, -74.0
1574528437.69138, -74.0
1574528438.047059, -74.0
1574528438.431174, -74.0
1574528438.804921, -74.0
1574528439.167555, -74.0
1574528439.495237, -74.0
1574528439.862643, -74.0
1574528440.246572, -74.0
1574528440.653815, -74.0
1574528441.068185, -74.0
1574528441.49925, -74.0
1574528441.920094, -74.0
1574528442.357595, -74.0
1574528442.812712, -74.0
1574528443.232705, -74.0
1574528443.688818, -74.0
1574528444.076255, -74.0
1574528444.513143, -74.0
1574528444.92749, -74.0
1574528445.360442, -74.0
1574528445.789112, -74.0
1574528446.192703, -74.0
1574528446.589606, -74.0
1574528447.022676, -74.0
1574528447.447996, -74.0
1574528447.876437, -74.0
1574528448.277366, -74.0
1574528448.690977, -74.0
1574528449.109368, -74.0
1574528449.512754, -74.0
1574528449.921986, -74.0
1574528450.320894, -74.0
1574528450.749245, -74.0
1574528451.158928, -74.0
1574528451.601788, -74.0
1574528452.020794, -74.0
1574528452.459175, -74.0
1574528452.885998, -74.0
1574528453.293044, -74.0
1574528453.738797, -74.0
1574528454.117622, -74.0
1574528454.562929, -74.0
1574528454.975295, -74.0
1574528455.416718, -74.0
1574528455.845467, -74.0
1574528456.264952, -74.0
1574528456.669198, -74.0
1574528457.078065, -74.0
1574528457.478288, -74.0
1574528457.888148, -74.0
1574528458.282349, -74.0
1574528458.70467, -74.0
1574528459.121884, -74.0
1574528459.524981, -74.0
1574528459.938588, -74.0
1574528460.38339, -74.0
1574528460.810335, -74.0
1574528461.232132, -74.0
1574528461.666312, -74.0
1574528462.095673, -74.0
1574528462.522808, -74.0
1574528462.918426, -74.0
1574528463.316042, -74.0
1574528463.741578, -74.0
1574528464.179637, -74.0
1574528464.592142, -74.0
1574528465.016708, -74.0
1574528465.419582, -74.0
1574528465.829162, -74.0
1574528466.243828, -74.0
1574528466.676961, -74.0
1574528467.09073, -74.0
1574528467.496972, -74.0
1574528467.91831, -74.0
1574528468.321101, -74.0
1574528468.756089, -74.0
1574528469.179588, -74.0
1574528469.606476, -74.0
1574528470.052051, -74.0
1574528470.437427, -74.0
1574528470.839123, -74.0
1574528471.265196, -74.0
1574528471.659272, -74.0
1574528472.064576, -74.0
1574528472.474205, -74.0
1574528472.905293, -74.0
1574528473.33827, -74.0
1574528473.787933, -74.0
1574528474.206671, -74.0
1574528474.605715, -74.0
1574528474.997031, -74.0
1574528475.442221, -74.0
1574528475.845901, -74.0
1574528476.279873, -74.0
1574528476.743057, -74.0
1574528477.156995, -74.0
1574528477.548485, -74.0
1574528477.959839, -74.0
1574528478.385505, -74.0
1574528478.839827, -74.0
1574528479.272201, -74.0
1574528479.708429, -74.0
1574528480.111341, -74.0
1574528480.516196, -74.0
1574528480.929356, -74.0
1574528481.341976, -74.0
1574528481.745826, -74.0
1574528482.168491, -74.0
1574528482.619902, -74.0
1574528483.046604, -74.0
1574528483.483457, -74.0
1574528483.900048, -74.0
1574528484.308672, -74.0
1574528484.759944, -74.0
1574528485.155221, -74.0
1574528485.576214, -74.0
1574528485.984762, -74.0
1574528486.410237, -74.0
1574528486.845793, -74.0
1574528487.275053, -74.0
1574528487.698038, -74.0
1574528488.141933, -74.0
1574528488.586604, -74.0
1574528489.024767, -74.0
1574528489.468883, -74.0
1574528489.906569, -74.0
1574528490.34116, -74.0
1574528490.752449, -74.0
1574528491.166724, -74.0
1574528491.595498, -74.0
1574528492.039472, -74.0
1574528492.46879, -74.0
1574528492.903785, -74.0
1574528493.321802, -74.0
1574528493.754272, -74.0
1574528494.156181, -74.0
1574528494.579626, -74.0
1574528494.986664, -74.0
1574528495.379034, -74.0
1574528495.790979, -74.0
1574528496.24356, -74.0
1574528496.65996, -74.0
1574528497.118226, -74.0
1574528497.540405, -74.0
1574528497.96962, -74.0
1574528498.407643, -74.0
1574528498.826659, -74.0
1574528499.246169, -74.0
1574528499.654239, -74.0
1574528500.058144, -74.0
1574528500.501034, -74.0
1574528500.89829, -74.0
1574528501.312692, -74.0
1574528501.741331, -74.0
1574528502.147094, -74.0
1574528502.559521, -74.0
1574528502.976027, -74.0
1574528503.433035, -74.0
1574528503.84435, -74.0
1574528504.27509, -74.0
1574528504.703526, -74.0
1574528505.142563, -74.0
1574528505.561254, -74.0
1574528505.975488, -74.0
1574528506.370864, -74.0
1574528506.775636, -74.0
1574528507.199488, -74.0
1574528507.671823, -74.0
1574528508.265116, -74.0
1574528509.041255, -74.0
1574528509.582591, -74.0
1574528510.165545, -74.0
1574528510.707136, -74.0
1574528511.125214, -74.0
1574528511.560892, -74.0
1574528511.97024, -74.0
1574528512.409799, -74.0
1574528512.814535, -74.0
1574528513.235923, -74.0
1574528513.668384, -74.0
1574528514.099386, -74.0
1574528514.534717, -74.0
1574528514.956372, -74.0
1574528515.36143, -74.0
1574528515.757216, -74.0
1574528516.166099, -74.0
1574528516.623161, -74.0
1574528517.056806, -74.0
1574528517.499062, -74.0
1574528517.903886, -74.0
1574528518.320767, -74.0
1574528518.736286, -74.0
1574528519.142424, -74.0
1574528519.58682, -74.0
1574528520.016963, -74.0
1574528520.482332, -74.0
1574528520.885535, -74.0
1574528521.277273, -74.0
1574528521.700369, -74.0
1574528522.103988, -74.0
1574528522.524752, -74.0
1574528522.944836, -74.0
1574528523.379936, -74.0
1574528523.836511, -74.0
1574528524.263485, -74.0
1574528524.682466, -74.0
1574528525.091352, -74.0
1574528525.477189, -74.0
1574528525.884336, -74.0
1574528526.325988, -74.0
1574528526.761682, -74.0
1574528527.169126, -74.0
1574528527.584606, -74.0
1574528527.97787, -74.0
1574528528.395398, -74.0
1574528528.833656, -74.0
1574528529.237664, -74.0
1574528529.641383, -74.0
1574528530.068003, -74.0
1574528530.482247, -74.0
1574528530.904393, -74.0
1574528531.313075, -74.0
1574528531.723709, -74.0
1574528532.144976, -74.0
1574528532.5382, -74.0
1574528532.943746, -74.0
1574528533.345634, -74.0
1574528533.773309, -74.0
1574528534.197817, -74.0
1574528534.611441, -74.0
1574528535.028877, -74.0
1574528535.432542, -74.0
1574528535.840917, -74.0
1574528536.266161, -74.0
1574528536.678241, -74.0
1574528537.09617, -74.0
1574528537.504987, -74.0
1574528537.914099, -74.0
1574528538.3182, -74.0
1574528538.732699, -74.0
1574528539.150794, -74.0
1574528441.954728, -74.0
1574528442.362981, -74.0
1574528442.769354, -74.0
1574528443.201698, -74.0
1574528443.640815, -74.0
1574528444.074101, -74.0
1574528444.483205, -74.0
1574528444.907038, -74.0
1574528445.33207, -74.0
1574528445.757646, -74.0
1574528446.160961, -74.0
1574528446.573124, -74.0
1574528446.993638, -74.0
1574528447.407562, -74.0
1574528447.825748, -74.0
1574528448.231, -74.0
1574528448.63326, -74.0
1574528449.042839, -74.0
1574528449.440861, -74.0
1574528449.814003, -74.0
1574528450.20347, -74.0
1574528450.613364, -74.0
1574528451.039153, -74.0
1574528451.519133, -74.0
1574528451.956157, -74.0
1574528452.369263, -74.0
1574528452.799338, -74.0
1574528453.238971, -74.0
1574528453.698746, -74.0
1574528454.146814, -74.0
1574528454.563833, -74.0
1574528454.956467, -74.0
1574528455.384584, -74.0
1574528455.815692, -74.0
1574528456.234339, -74.0
1574528456.64775, -74.0
1574528457.04679, -74.0
1574528457.478377, -74.0
1574528457.90179, -74.0
1574528458.352802, -74.0
1574528458.742536, -74.0
1574528459.170033, -74.0
1574528459.55922, -74.0
1574528459.982445, -74.0
1574528460.397421, -74.0
1574528460.818951, -74.0
1574528461.254971, -74.0
1574528461.669385, -74.0
1574528462.093198, -74.0
1574528462.487437, -74.0
1574528462.886081, -74.0
1574528463.298954, -74.0
1574528463.720704, -74.0
1574528464.135428, -74.0
1574528464.571686, -74.0
1574528465.002437, -74.0
1574528465.410782, -74.0
1574528465.86634, -74.0
1574528466.289268, -74.0
1574528466.694694, -74.0
1574528467.096863, -74.0
1574528467.502615, -74.0
1574528467.893368, -74.0
1574528468.319572, -74.0
1574528468.724772, -74.0
1574528469.166683, -74.0
1574528469.624904, -74.0
1574528470.014904, -74.0
1574528470.432135, -74.0
1574528470.849145, -74.0
1574528471.249698, -74.0
1574528471.645723, -74.0
1574528472.044647, -74.0
1574528472.467464, -74.0
1574528472.918014, -74.0
1574528473.359206, -74.0
1574528473.770966, -74.0
1574528474.16145, -74.0
1574528474.559212, -74.0
1574528475.016774, -74.0
1574528475.411379, -74.0
1574528475.82254, -74.0
1574528476.257097, -74.0
1574528476.682831, -74.0
1574528477.057552, -74.0
1574528477.463987, -74.0
1574528477.879423, -74.0
1574528478.326734, -74.0
1574528478.740716, -74.0
1574528479.182283, -74.0
1574528479.584709, -74.0
1574528479.978017, -74.0
1574528480.397009, -74.0
1574528480.803543, -74.0
1574528481.205769, -74.0
1574528481.617402, -74.0
1574528482.030742, -74.0
1574528482.442837, -74.0
1574528482.876425, -74.0
1574528483.302092, -74.0
1574528483.705015, -74.0
1574528484.123202, -74.0
1574528484.520398, -74.0
1574528484.935217, -74.0
1574528485.369946, -74.0
1574528485.790159, -74.0
1574528486.211997, -74.0
1574528486.633091, -74.0
1574528487.038685, -74.0
1574528487.44332, -74.0
1574528487.873712, -74.0
1574528488.29845, -74.0
1574528488.719677, -74.0
1574528489.127757, -74.0
1574528489.552945, -74.0
1574528489.958956, -74.0
1574528490.367885, -74.0
1574528490.768428, -74.0
1574528491.167709, -74.0
1574528491.581142, -74.0
1574528492.019852, -74.0
1574528492.441027, -74.0
1574528492.858691, -74.0
1574528493.267334, -74.0
1574528493.673354, -74.0
1574528494.072012, -74.0
1574528494.466912, -74.0
1574528494.871678, -74.0
1574528495.326835, -74.0
1574528495.729532, -74.0
1574528496.174534, -74.0
1574528496.572868, -74.0
1574528496.998019, -74.0
1574528497.425219, -74.0
1574528497.862553, -74.0
1574528498.281476, -74.0
1574528498.685831, -74.0
1574528499.078398, -74.0
1574528499.513636, -74.0
1574528499.901623, -74.0
1574528500.300474, -74.0
1574528500.734199, -74.0
1574528501.135538, -74.0
1574528501.553315, -74.0
1574528501.954449, -74.0
1574528502.388144, -74.0
1574528502.799157, -74.0
1574528503.210374, -74.0
1574528503.624761, -74.0
1574528504.068972, -74.0
1574528504.491379, -74.0
1574528504.908755, -74.0
1574528505.294544, -74.0
1574528505.704162, -74.0
1574528506.140452, -74.0
1574528506.547272, -74.0
1574528506.927088, -74.0
1574528507.325243, -74.0
1574528507.917475, -74.0
1574528508.335512, -74.0
1574528508.892788, -74.0
1574528509.46908, -74.0
1574528509.96151, -74.0
1574528510.588938, -74.0
1574528511.137712, -74.0
1574528511.553327, -74.0
1574528511.957512, -74.0
1574528512.386038, -74.0
1574528512.832897, -74.0
1574528513.276314, -74.0
1574528513.718803, -74.0
1574528514.140142, -74.0
1574528514.54457, -74.0
1574528514.962636, -74.0
1574528515.408805, -74.0
1574528515.825788, -74.0
1574528516.253182, -74.0
1574528516.661161, -74.0
1574528517.074707, -74.0
1574528517.505187, -74.0
1574528517.912796, -74.0
1574528518.340828, -74.0
1574528518.760192, -74.0
1574528519.216791, -74.0
1574528519.625156, -74.0
1574528520.065903, -74.0
1574528520.522217, -74.0
1574528520.9486, -74.0
1574528521.384773, -74.0
1574528521.821453, -74.0
1574528522.285131, -74.0
1574528522.729484, -74.0
1574528523.173307, -74.0
1574528523.583028, -74.0
1574528524.007234, -74.0
1574528524.434721, -74.0
1574528524.872594, -74.0
1574528525.336852, -74.0
1574528525.803798, -74.0
1574528526.264904, -74.0
1574528526.720658, -74.0
1574528527.153164, -74.0
1574528527.612351, -74.0
1574528528.081652, -74.0
1574528528.512013, -74.0
1574528528.945081, -74.0
1574528529.403891, -74.0
1574528529.859798, -74.0
1574528530.304619, -74.0
1574528530.709468, -74.0
1574528531.121837, -74.0
1574528531.548539, -74.0
1574528531.961832, -74.0
1574528532.362701, -74.0
1574528532.749871, -74.0
1574528533.170056, -74.0
1574528533.59178, -74.0
1574528534.006334, -74.0
1574528534.41292, -74.0
1574528534.810364, -74.0
1574528535.203694, -74.0
1574528535.62338, -74.0
1574528536.034035, -74.0
1574528536.436926, -74.0
1574528536.840896, -74.0
1574528537.248817, -74.0
1574528537.655908, -74.0
1574528538.063222, -74.0
1574528538.481426, -74.0
1574528538.88153, -74.0
1574528539.295118, -74.0
1574528539.696289, -74.0
1574528540.129049, -74.0
1574528540.529599, -74.0
1574528540.937108, -74.0
1574528541.340966, -74.0
1574528541.743837, -74.0
1574528542.123622, -74.0
1574528542.532368, -74.0
1574528542.963023, -74.0
1574528543.376177, -74.0
1574528543.785638, -74.0
1574528544.180411, -74.0
1574528544.573619, -74.0
1574528544.986834, -74.0
1574528545.394793, -74.0
1574528545.782084, -74.0
1574528546.214096, -74.0
1574528546.612105, -74.0
1574528547.030018, -74.0
1574528451.669604, -74.0
1574528452.111401, -74.0
1574528452.543802, -74.0
1574528452.967065, -74.0
1574528453.420273, -74.0
1574528453.903091, -74.0
1574528454.364074, -74.0
1574528454.794945, -74.0
1574528455.22226, -74.0
1574528455.695727, -74.0
1574528456.150001, -74.0
1574528456.598809, -74.0
1574528457.039276, -74.0
1574528457.488482, -74.0
1574528457.929995, -74.0
1574528458.387362, -74.0
1574528458.821715, -74.0
1574528459.243088, -74.0
1574528459.662708, -74.0
1574528460.068353, -74.0
1574528460.470227, -74.0
1574528460.872192, -74.0
1574528461.28585, -74.0
1574528461.711176, -74.0
1574528462.168735, -74.0
1574528462.63871, -74.0
1574528463.09278, -74.0
1574528463.517362, -74.0
1574528463.961412, -74.0
1574528464.434758, -74.0
1574528464.911147, -74.0
1574528465.344598, -74.0
1574528465.770067, -74.0
1574528466.222749, -74.0
1574528466.699635, -74.0
1574528467.138613, -74.0
1574528467.572825, -74.0
1574528468.005549, -74.0
1574528468.457785, -74.0
1574528468.919099, -74.0
1574528469.369763, -74.0
1574528469.792379, -74.0
1574528470.215481, -74.0
1574528470.634732, -74.0
1574528471.098994, -74.0
1574528471.541307, -74.0
1574528471.997661, -74.0
1574528472.440004, -74.0
1574528472.882755, -74.0
1574528473.349324, -74.0
1574528473.777029, -74.0
1574528474.224869, -74.0
1574528474.666343, -74.0
1574528475.132758, -74.0
1574528475.579781, -74.0
1574528476.043763, -74.0
1574528476.47877, -74.0
1574528476.91894, -74.0
1574528477.380755, -74.0
1574528477.833437, -74.0
1574528478.288828, -74.0
1574528478.725655, -74.0
1574528479.183034, -74.0
1574528479.620773, -74.0
1574528480.082398, -74.0
1574528480.549232, -74.0
1574528481.020179, -74.0
1574528481.4993, -74.0
1574528481.919613, -74.0
1574528482.353285, -74.0
1574528482.782902, -74.0
1574528483.213408, -74.0
1574528483.638817, -74.0
1574528484.082294, -74.0
1574528484.563282, -74.0
1574528485.056189, -74.0
1574528485.535685, -74.0
1574528485.959033, -74.0
1574528486.384082, -74.0
1574528486.817294, -74.0
1574528487.31799, -74.0
1574528487.746752, -74.0
1574528488.170221, -74.0
1574528488.650889, -74.0
1574528489.094841, -74.0
1574528489.481155, -74.0
1574528489.90118, -74.0
1574528490.341078, -74.0
1574528490.835664, -74.0
1574528491.273119, -74.0
1574528491.735075, -74.0
1574528492.153013, -74.0
1574528492.567728, -74.0
1574528493.013664, -74.0
1574528493.463917, -74.0
1574528493.909736, -74.0
1574528494.365034, -74.0
1574528494.823827, -74.0
1574528495.266799, -74.0
1574528495.746249, -74.0
1574528496.183284, -74.0
1574528496.605195, -74.0
1574528497.055361, -74.0
1574528497.484636, -74.0
1574528497.936572, -74.0
1574528498.411918, -74.0
1574528498.890954, -74.0
1574528499.371478, -74.0
1574528499.849604, -74.0
1574528500.314797, -74.0
1574528500.776484, -74.0
1574528501.259385, -74.0
1574528501.737758, -74.0
1574528502.169952, -74.0
1574528502.591825, -74.0
1574528503.043893, -74.0
1574528503.475861, -74.0
1574528503.901442, -74.0
1574528504.325203, -74.0
1574528504.755983, -74.0
1574528505.217737, -74.0
1574528505.699397, -74.0
1574528506.164804, -74.0
1574528506.624094, -74.0
1574528507.070133, -74.0
1574528507.527537, -74.0
1574528507.999225, -74.0
1574528508.531924, -74.0
1574528509.100844, -74.0
1574528509.624261, -74.0
1574528510.063032, -74.0
1574528510.687267, -74.0
1574528511.206344, -74.0
1574528511.662755, -74.0
1574528512.123055, -74.0
1574528512.551247, -74.0
1574528512.987856, -74.0
1574528513.403799, -74.0
1574528513.81085, -74.0
1574528514.252031, -74.0
1574528514.651992, -74.0
1574528515.08571, -74.0
1574528515.560866, -74.0
1574528515.98371, -74.0
1574528516.399316, -74.0
1574528516.846879, -74.0
1574528517.310055, -74.0
1574528517.753484, -74.0
1574528518.206709, -74.0
1574528518.627637, -74.0
1574528519.094899, -74.0
1574528519.563167, -74.0
1574528520.010087, -74.0
1574528520.440635, -74.0
1574528520.867206, -74.0
1574528521.327534, -74.0
1574528521.749767, -74.0
1574528522.139052, -74.0
1574528522.576227, -74.0
1574528523.048945, -74.0
1574528523.480597, -74.0
1574528523.88292, -74.0
1574528524.273319, -74.0
1574528524.679926, -74.0
1574528525.085888, -74.0
1574528525.510627, -74.0
1574528525.939456, -74.0
1574528526.357839, -74.0
1574528526.786723, -74.0
1574528527.199567, -74.0
1574528527.611333, -74.0
1574528528.015313, -74.0
1574528528.427134, -74.0
1574528528.837551, -74.0
1574528529.24897, -74.0
1574528529.696554, -74.0
1574528530.127098, -74.0
1574528530.550164, -74.0
1574528530.960676, -74.0
1574528531.364408, -74.0
1574528531.778101, -74.0
1574528532.180425, -74.0
1574528532.609475, -74.0
1574528533.029287, -74.0
1574528533.437142, -74.0
1574528533.842872, -74.0
1574528534.230929, -74.0
1574528534.634397, -74.0
1574528535.03501, -74.0
1574528535.437155, -74.0
1574528535.849816, -74.0
1574528536.277808, -74.0
1574528536.698457, -74.0
1574528537.115692, -74.0
1574528537.509289, -74.0
1574528537.915534, -74.0
1574528538.294106, -74.0
1574528538.689245, -74.0
1574528539.112304, -74.0
1574528539.530032, -74.0
1574528539.948951, -74.0
1574528540.359173, -74.0
1574528540.766434, -74.0
1574528541.176993, -74.0
1574528541.613773, -74.0
1574528542.015826, -74.0
1574528542.411059, -74.0
1574528542.817401, -74.0
1574528543.230178, -74.0
1574528543.630964, -74.0
1574528544.023144, -74.0
1574528544.423491, -74.0
1574528544.838115, -74.0
1574528545.237928, -74.0
1574528545.625157, -74.0
1574528546.008138, -74.0
1574528546.428676, -74.0
1574528546.855506, -74.0
1574528547.266119, -74.0
1574528547.666161, -74.0
1574528548.070915, -74.0
1574528548.47102, -74.0
1574528548.889404, -74.0
1574528549.297955, -74.0
1574528549.698232, -74.0
1574528550.100902, -74.0
1574528550.497876, -74.0
1574528550.898452, -74.0
1574528551.303113, -74.0
1574528551.71644, -74.0
1574528552.104916, -74.0
1574528552.504106, -74.0
1574528552.900691, -74.0
1574528553.326426, -74.0
1574528553.725442, -74.0
1574528554.153785, -74.0
1574528554.554624, -74.0
1574528554.955573, -74.0
1574528555.336122, -74.0
1574528555.742496, -74.0
1574528556.165989, -74.0
1574528556.579915, -74.0
1574528556.989459, -74.0
1574528557.391916, -74.0
1574528557.785157, -74.0
1574528558.198334, -74.0
1574528558.598863, -74.0
1574528558.984027, -74.0
1574528559.427472, -74.0
1574528559.83169, -74.0
