1574530269.330144, -2980.0
1574530269.914995, -2980.0
1574530270.467605, -2980.0
1574530271.019515, -2980.0
1574530271.572858, -2980.0
1574530272.127733, -2980.0
1574530272.688762, -275.0
1574530273.255863, -275.0
1574530275.077382, -255.0
1574530275.630104, -255.0
1574530276.199516, -255.0
1574530276.753397, -255.0
1574530277.305861, -255.0
1574530277.891717, -255.0
1574530278.470881, -255.0
1574530279.048525, -255.0
1574530279.600898, -255.0
1574530280.156425, -255.0
1574530283.346354, -255.0
1574530283.900991, -255.0
1574530284.459192, -255.0
1574530286.883981, -255.0
1574530294.195576, -253.0
1574530302.767976, -252.0
1574530311.106344, -247.0
1574530316.93159, -247.0
1574530325.402021, -247.0
1574530334.278572, -247.0
1574530343.586622, -247.0
1574530350.561371, -246.0
1574530358.876155, -246.0
1574530367.020072, -246.0
1574530375.323475, -246.0
1574530383.8023, -246.0
1574530392.505682, -246.0
1574530401.895459, -246.0
1574530411.516796, -246.0
1574530420.389293, -246.0
1574530427.773029, -246.0
1574530436.560443, -246.0
1574530445.08497, -246.0
1574530453.346805, -246.0
1574530461.812358, -246.0
1574530469.973592, -246.0
1574530478.371028, -246.0
1574530487.000676, -246.0
1574530495.57798, -246.0
1574530503.940919, -246.0
1574530512.27691, -246.0
1574530520.736283, -246.0
1574530269.207613, -2980.0
1574530269.629597, -2980.0
1574530270.024265, -2980.0
1574530270.397404, -2980.0
1574530270.764332, -2980.0
1574530271.13159, -2980.0
1574530271.500513, -2980.0
1574530271.876603, -2980.0
1574530272.250608, -450.0
1574530272.619398, -275.0
1574530272.991632, -275.0
1574530273.360726, -275.0
1574530273.730378, -275.0
1574530274.098237, -275.0
1574530274.466612, -275.0
1574530274.83925, -275.0
1574530275.230182, -255.0
1574530275.625193, -255.0
1574530275.993752, -255.0
1574530276.365863, -255.0
1574530276.73419, -255.0
1574530277.10594, -255.0
1574530277.4732, -255.0
1574530277.843897, -255.0
1574530278.214688, -255.0
1574530278.584192, -255.0
1574530278.956436, -255.0
1574530279.337314, -255.0
1574530279.731561, -255.0
1574530283.785142, -255.0
1574530287.045063, -253.0
1574530293.16152, -253.0
1574530295.2688, -253.0
1574530297.959224, -252.0
1574530298.335223, -252.0
1574530304.220637, -247.0
1574530310.624009, -247.0
1574530312.494178, -247.0
1574530314.733627, -247.0
1574530321.54214, -247.0
1574530327.462765, -247.0
1574530333.305306, -247.0
1574530338.992813, -247.0
1574530344.650033, -246.0
1574530350.057035, -246.0
1574530355.627493, -246.0
1574530361.220062, -246.0
1574530366.837856, -246.0
1574530372.611225, -246.0
1574530378.151707, -246.0
1574530269.338748, -2980.0
1574530269.834863, -2980.0
1574530270.295961, -2980.0
1574530270.809352, -2980.0
1574530271.272251, -2980.0
1574530271.735919, -2980.0
1574530272.196272, -2980.0
1574530272.655878, -275.0
1574530273.115626, -275.0
1574530273.576786, -275.0
1574530274.040173, -275.0
1574530274.504102, -275.0
1574530274.962286, -275.0
1574530275.420842, -255.0
1574530275.888735, -255.0
1574530276.373225, -255.0
1574530283.948269, -255.0
1574530290.653286, -253.0
1574530297.43827, -252.0
1574530304.43744, -247.0
1574530311.408576, -247.0
1574530318.172846, -247.0
1574530325.035573, -247.0
1574530331.694401, -247.0
1574530338.405764, -247.0
1574530345.043905, -246.0
1574530351.951266, -246.0
1574530358.527202, -246.0
1574530365.342086, -246.0
1574530371.93918, -246.0
1574530378.853348, -246.0
1574530382.015089, -246.0
1574530385.396283, -246.0
1574530389.959866, -246.0
1574530393.980315, -246.0
1574530397.771878, -246.0
1574530402.526736, -246.0
1574530406.720103, -246.0
1574530410.905572, -246.0
1574530417.165905, -246.0
1574530424.462336, -246.0
1574530430.956183, -246.0
1574530437.485273, -246.0
1574530444.1724, -246.0
1574530450.522067, -246.0
1574530457.159641, -246.0
1574530463.589607, -246.0
1574530470.499646, -246.0
1574530473.52636, -246.0
1574530480.067247, -246.0
1574530269.335441, -2980.0
1574530269.734678, -2980.0
1574530270.130544, -2980.0
1574530270.517525, -2980.0
1574530270.905138, -2980.0
1574530271.307909, -2980.0
1574530271.715994, -2980.0
1574530272.127401, -2980.0
1574530272.540961, -450.0
1574530272.959787, -275.0
1574530273.366771, -275.0
1574530273.779405, -275.0
1574530274.188138, -275.0
1574530274.594633, -275.0
1574530274.998599, -275.0
1574530275.382092, -255.0
1574530275.767327, -255.0
1574530276.165027, -255.0
1574530276.572479, -255.0
1574530276.976295, -255.0
1574530277.375479, -255.0
1574530277.767447, -255.0
1574530278.159176, -255.0
1574530278.546818, -255.0
1574530278.93471, -255.0
1574530279.323524, -255.0
1574530281.411791, -255.0
1574530281.796507, -255.0
1574530282.221546, -255.0
1574530282.651266, -255.0
1574530283.044849, -255.0
1574530283.495477, -255.0
1574530283.960471, -255.0
1574530284.381703, -255.0
1574530286.892495, -255.0
1574530287.300744, -253.0
1574530287.699889, -253.0
1574530289.965764, -253.0
1574530290.345469, -253.0
1574530290.747894, -253.0
1574530292.713654, -253.0
1574530294.714235, -253.0
1574530295.089207, -253.0
1574530297.105618, -252.0
1574530297.481974, -252.0
1574530300.219426, -252.0
1574530300.60486, -252.0
1574530301.025662, -252.0
1574530301.402029, -252.0
1574530301.783294, -252.0
1574530302.421348, -252.0
1574530303.017207, -252.0
1574530303.605627, -252.0
1574530304.173057, -252.0
1574530304.747067, -247.0
1574530305.315178, -247.0
1574530305.892342, -247.0
1574530306.478705, -247.0
1574530307.05673, -247.0
1574530307.632091, -247.0
1574530308.206094, -247.0
1574530308.774604, -247.0
1574530309.351665, -247.0
1574530309.915141, -247.0
1574530311.799839, -247.0
1574530312.363645, -247.0
1574530312.959973, -247.0
1574530313.532731, -247.0
1574530314.111524, -247.0
1574530314.688709, -247.0
1574530315.264516, -247.0
1574530315.847041, -247.0
1574530316.430057, -247.0
1574530317.028065, -247.0
1574530317.614325, -247.0
1574530318.208715, -247.0
1574530318.786899, -247.0
1574530319.37606, -247.0
1574530319.970417, -247.0
1574530320.551322, -247.0
1574530321.136995, -247.0
1574530321.72723, -247.0
1574530322.309139, -247.0
1574530325.575241, -247.0
1574530326.146318, -247.0
1574530330.613495, -247.0
1574530335.705959, -247.0
1574530342.209306, -247.0
1574530345.876539, -246.0
1574530349.177129, -246.0
1574530356.8116, -246.0
1574530362.037116, -246.0
1574530370.164076, -246.0
1574530375.180581, -246.0
1574530382.870112, -246.0
1574530385.970358, -246.0
1574530389.227233, -246.0
1574530392.886163, -246.0
1574530396.221637, -246.0
1574530400.220901, -246.0
1574530378.691221, -246.0
1574530379.151779, -246.0
1574530379.615208, -246.0
1574530380.075977, -246.0
1574530380.53956, -246.0
1574530381.001661, -246.0
1574530381.466555, -246.0
1574530381.93237, -246.0
1574530382.406898, -246.0
1574530382.872403, -246.0
1574530383.339628, -246.0
1574530383.824908, -246.0
1574530384.300498, -246.0
1574530384.786675, -246.0
1574530386.832562, -246.0
1574530388.788485, -246.0
1574530390.561501, -246.0
1574530392.034391, -246.0
1574530393.47194, -246.0
1574530394.921511, -246.0
1574530402.394982, -246.0
1574530405.97, -246.0
1574530407.749591, -246.0
1574530416.266699, -246.0
1574530420.175755, -246.0
1574530420.639963, -246.0
1574530422.824608, -246.0
1574530426.592328, -246.0
1574530434.039648, -246.0
1574530439.968152, -246.0
1574530442.754777, -246.0
1574530445.512275, -246.0
1574530450.853725, -246.0
1574530455.805564, -246.0
1574530461.275124, -246.0
1574530466.359307, -246.0
1574530471.369576, -246.0
1574530476.297705, -246.0
1574530481.133746, -246.0
1574530487.879393, -246.0
1574530494.142225, -246.0
1574530498.906027, -246.0
1574530504.232681, -246.0
1574530508.373314, -246.0
1574530512.219507, -246.0
1574530516.786913, -246.0
1574530522.288518, -246.0
1574530527.724108, -246.0
1574530532.838924, -246.0
1574530537.07784, -246.0
1574530400.770967, -246.0
1574530401.233002, -246.0
1574530401.696223, -246.0
1574530402.164428, -246.0
1574530403.998283, -246.0
1574530404.476898, -246.0
1574530404.959365, -246.0
1574530405.442962, -246.0
1574530405.925792, -246.0
1574530406.408059, -246.0
1574530406.896825, -246.0
1574530407.380053, -246.0
1574530407.8706, -246.0
1574530408.352439, -246.0
1574530408.816898, -246.0
1574530409.283182, -246.0
1574530409.756006, -246.0
1574530410.231912, -246.0
1574530410.712582, -246.0
1574530411.186784, -246.0
1574530411.650307, -246.0
1574530412.113591, -246.0
1574530412.579344, -246.0
1574530413.044312, -246.0
1574530413.513775, -246.0
1574530413.978315, -246.0
1574530414.442497, -246.0
1574530414.917387, -246.0
1574530415.399505, -246.0
1574530415.872284, -246.0
1574530416.344713, -246.0
1574530416.806737, -246.0
1574530417.274248, -246.0
1574530417.745578, -246.0
1574530418.211551, -246.0
1574530420.020702, -246.0
1574530420.507475, -246.0
1574530420.99522, -246.0
1574530421.479779, -246.0
1574530421.964525, -246.0
1574530422.450017, -246.0
1574530422.93213, -246.0
1574530423.403845, -246.0
1574530423.89362, -246.0
1574530424.369859, -246.0
1574530424.861049, -246.0
1574530425.345829, -246.0
1574530425.812118, -246.0
1574530426.274635, -246.0
1574530426.736779, -246.0
1574530427.366543, -246.0
1574530427.922821, -246.0
1574530428.476558, -246.0
1574530429.04727, -246.0
1574530429.629395, -246.0
1574530430.198632, -246.0
1574530430.774762, -246.0
1574530431.380881, -246.0
1574530431.936829, -246.0
1574530432.504909, -246.0
1574530433.072181, -246.0
1574530433.657697, -246.0
1574530434.223566, -246.0
1574530434.801594, -246.0
1574530435.37154, -246.0
1574530437.550435, -246.0
1574530438.123061, -246.0
1574530441.6323, -246.0
1574530445.048914, -246.0
1574530451.556838, -246.0
1574530460.123436, -246.0
1574530468.83381, -246.0
1574530477.761754, -246.0
1574530486.741046, -246.0
1574530494.550211, -246.0
1574530502.353606, -246.0
1574530508.983773, -246.0
1574530517.479173, -246.0
1574530520.925615, -246.0
1574530526.01721, -246.0
1574530536.185016, -246.0
1574530545.136272, -246.0
1574530553.644057, -246.0
1574530562.697252, -246.0
1574530571.715362, -240.0
1574530580.176785, -240.0
1574530588.631429, -240.0
1574530597.230306, -240.0
1574530605.74945, -240.0
1574530614.306316, -240.0
1574530622.83139, -240.0
1574530631.372978, -240.0
1574530638.252644, -240.0
1574530648.002482, -240.0
1574530657.440977, -240.0
1574530664.735754, -240.0
1574530673.38768, -240.0
1574530682.599677, -240.0
1574530690.316152, -240.0
1574530698.547859, -240.0
1574530480.334265, -246.0
1574530480.524263, -246.0
1574530480.717859, -246.0
1574530480.911189, -246.0
1574530481.102895, -246.0
1574530481.299502, -246.0
1574530481.494079, -246.0
1574530481.684361, -246.0
1574530481.872411, -246.0
1574530482.070709, -246.0
1574530482.286997, -246.0
1574530482.483878, -246.0
1574530482.694297, -246.0
1574530482.891514, -246.0
1574530483.088345, -246.0
1574530483.296305, -246.0
1574530484.753936, -246.0
1574530487.560269, -246.0
1574530490.727037, -246.0
1574530493.498551, -246.0
1574530496.445963, -246.0
1574530500.205932, -246.0
1574530502.468742, -246.0
1574530502.67192, -246.0
1574530502.872699, -246.0
1574530506.283886, -246.0
1574530509.433503, -246.0
1574530510.926499, -246.0
1574530512.52384, -246.0
1574530516.226176, -246.0
1574530517.679406, -246.0
1574530519.113214, -246.0
1574530520.565648, -246.0
1574530524.513778, -246.0
1574530528.36955, -246.0
1574530529.986181, -246.0
1574530531.702654, -246.0
1574530535.278199, -246.0
1574530538.688428, -246.0
1574530542.553197, -246.0
1574530544.254353, -246.0
1574530546.351034, -246.0
1574530546.555078, -246.0
1574530546.761615, -246.0
1574530546.953889, -246.0
1574530547.152981, -246.0
1574530547.363449, -246.0
1574530549.478029, -246.0
1574530551.073736, -246.0
1574530552.664322, -246.0
1574530521.09059, -246.0
1574530525.07365, -246.0
1574530525.371139, -246.0
1574530525.647943, -246.0
1574530525.924944, -246.0
1574530526.20203, -246.0
1574530526.480628, -246.0
1574530526.763809, -246.0
1574530527.048088, -246.0
1574530527.347172, -246.0
1574530527.624281, -246.0
1574530527.904273, -246.0
1574530528.180823, -246.0
1574530528.457944, -246.0
1574530528.734615, -246.0
1574530529.011695, -246.0
1574530529.288316, -246.0
1574530529.565355, -246.0
1574530529.855499, -246.0
1574530530.141064, -246.0
1574530530.419738, -246.0
1574530530.713027, -246.0
1574530530.999099, -246.0
1574530531.29625, -246.0
1574530531.598601, -246.0
1574530534.309682, -246.0
1574530537.112951, -246.0
1574530537.409966, -246.0
1574530537.69986, -246.0
1574530537.999325, -246.0
1574530538.292573, -246.0
1574530538.598276, -246.0
1574530538.891317, -246.0
1574530539.201739, -246.0
1574530539.496967, -246.0
1574530539.792103, -246.0
1574530540.077712, -246.0
1574530540.371102, -246.0
1574530540.661965, -246.0
1574530540.942926, -246.0
1574530541.224342, -246.0
1574530541.518038, -246.0
1574530544.512857, -246.0
1574530544.798153, -246.0
1574530552.035021, -246.0
1574530558.901664, -246.0
1574530564.308063, -246.0
1574530569.502434, -240.0
1574530572.295856, -240.0
1574530572.576566, -240.0
1574530537.430459, -246.0
1574530537.708408, -246.0
1574530537.986406, -246.0
1574530538.268737, -246.0
1574530538.546181, -246.0
1574530538.824807, -246.0
1574530539.103449, -246.0
1574530539.383211, -246.0
1574530539.666532, -246.0
1574530541.265099, -246.0
1574530544.133806, -246.0
1574530548.360899, -246.0
1574530552.499508, -246.0
1574530556.608355, -246.0
1574530560.836339, -246.0
1574530565.088429, -246.0
1574530569.266505, -246.0
1574530573.415846, -240.0
1574530577.655207, -240.0
1574530581.761121, -240.0
1574530585.820743, -240.0
1574530590.02438, -240.0
1574530594.304339, -240.0
1574530598.322666, -240.0
1574530602.522878, -240.0
1574530606.62541, -240.0
1574530610.809944, -240.0
1574530614.901891, -240.0
1574530619.028694, -240.0
1574530623.062045, -240.0
1574530627.086873, -240.0
1574530631.373105, -240.0
1574530635.465956, -240.0
1574530639.545708, -240.0
1574530643.735861, -240.0
1574530647.857073, -240.0
1574530651.875253, -240.0
1574530656.080824, -240.0
1574530660.305252, -240.0
1574530664.557127, -240.0
1574530668.616289, -240.0
1574530672.699234, -240.0
1574530676.76037, -240.0
1574530680.971184, -240.0
1574530685.099216, -240.0
1574530689.256083, -240.0
1574530693.295062, -240.0
1574530697.451299, -240.0
1574530701.69242, -240.0
1574530706.022186, -240.0
1574530552.821788, -246.0
1574530552.925496, -246.0
1574530553.029514, -246.0
1574530553.133731, -246.0
1574530553.248652, -246.0
1574530553.351764, -246.0
1574530553.458447, -246.0
1574530553.560898, -246.0
1574530553.664913, -246.0
1574530553.775399, -246.0
1574530553.87798, -246.0
1574530553.979696, -246.0
1574530554.084995, -246.0
1574530554.189399, -246.0
1574530554.304225, -246.0
1574530554.407285, -246.0
1574530554.510786, -246.0
1574530554.614416, -246.0
1574530554.730701, -246.0
1574530554.833412, -246.0
1574530554.936579, -246.0
1574530555.039439, -246.0
1574530555.143819, -246.0
1574530556.593443, -246.0
1574530556.705414, -246.0
1574530558.323416, -246.0
1574530559.826898, -246.0
1574530559.924461, -246.0
1574530560.026629, -246.0
1574530560.126596, -246.0
1574530560.233802, -246.0
1574530560.332446, -246.0
1574530560.431767, -246.0
1574530560.534355, -246.0
1574530560.637144, -246.0
1574530560.764037, -246.0
1574530560.875051, -246.0
1574530560.973104, -246.0
1574530561.077217, -246.0
1574530561.18057, -246.0
1574530561.297884, -246.0
1574530561.401999, -246.0
1574530563.43006, -246.0
1574530565.973182, -246.0
1574530566.07389, -246.0
1574530566.173152, -246.0
1574530566.284624, -246.0
1574530566.386896, -246.0
1574530566.487908, -246.0
1574530566.590115, -246.0
1574530748.571661, -240.0
1574530750.80699, -240.0
1574530750.908786, -240.0
1574530751.011802, -240.0
1574530751.117214, -240.0
1574530751.220319, -240.0
1574530751.323443, -240.0
1574530752.556652, -240.0
1574530753.829456, -240.0
1574530755.171906, -240.0
1574530756.653887, -240.0
1574530758.611317, -240.0
1574530758.706581, -240.0
1574530758.801322, -240.0
1574530758.897533, -240.0
1574530759.007436, -240.0
1574530759.113887, -240.0
1574530759.213421, -240.0
1574530759.309675, -240.0
1574530759.405609, -240.0
1574530759.502583, -240.0
1574530759.597833, -240.0
1574530759.692158, -240.0
1574530759.787389, -240.0
1574530759.88397, -240.0
1574530759.982969, -240.0
1574530760.080512, -240.0
1574530762.533172, -240.0
1574530762.629421, -240.0
1574530762.723919, -240.0
1574530765.520894, -240.0
1574530765.628455, -240.0
1574530765.731693, -240.0
1574530765.833345, -240.0
1574530765.948332, -240.0
1574530768.53396, -240.0
1574530770.280871, -240.0
1574530770.395179, -240.0
1574530770.513365, -240.0
1574530770.61478, -240.0
1574530770.716939, -240.0
1574530770.823304, -240.0
1574530770.92671, -240.0
1574530771.030125, -240.0
1574530771.129574, -240.0
1574530771.230315, -240.0
1574530771.33414, -240.0
1574530771.438052, -240.0
1574530772.777749, -240.0
1574530774.708804, -240.0
1574530774.80273, -240.0
1574530774.898364, -240.0
1574530774.993245, -240.0
1574530776.747596, -240.0
1574530778.136709, -240.0
1574530779.499688, -240.0
1574530780.992321, -240.0
1574530782.989593, -240.0
1574530783.084271, -240.0
1574530783.178787, -240.0
1574530785.182618, -240.0
1574530786.795472, -240.0
1574530786.903492, -240.0
1574530787.002255, -240.0
1574530787.10651, -240.0
1574530789.00047, -240.0
1574530790.206234, -240.0
1574530790.304742, -240.0
1574530790.411528, -240.0
1574530790.52334, -240.0
1574530790.620692, -240.0
1574530790.721144, -240.0
1574530790.827164, -240.0
1574530790.926114, -240.0
1574530791.039135, -240.0
1574530791.142265, -240.0
1574530791.24356, -240.0
1574530791.345316, -240.0
1574530791.445515, -240.0
1574530791.555878, -240.0
1574530791.659612, -240.0
1574530791.760393, -240.0
1574530791.864453, -240.0
1574530791.97189, -240.0
1574530792.094327, -240.0
1574530792.200473, -240.0
1574530792.304983, -240.0
1574530792.415121, -240.0
1574530792.523506, -240.0
1574530792.629376, -240.0
1574530792.723535, -240.0
1574530792.816342, -240.0
1574530792.912645, -240.0
1574530795.417631, -240.0
1574530796.617641, -240.0
1574530798.438587, -240.0
1574530798.534259, -240.0
1574530801.065032, -240.0
1574530802.961325, -240.0
1574530804.398381, -240.0
1574530806.275376, -240.0
1574530806.374669, -240.0
1574530806.481113, -240.0
1574530806.579523, -240.0
1574530806.672707, -240.0
1574530806.76931, -240.0
1574530806.863792, -240.0
1574530806.959577, -240.0
1574530807.05795, -240.0
1574530808.420001, -240.0
1574530809.599107, -240.0
1574530810.769589, -240.0
1574530812.015261, -240.0
1574530813.235732, -240.0
1574530814.557316, -240.0
1574530815.977962, -240.0
1574530818.428071, -240.0
1574530818.525069, -240.0
1574530818.621581, -240.0
1574530818.716278, -240.0
1574530818.812293, -240.0
1574530818.908769, -240.0
1574530819.007459, -240.0
1574530819.10769, -240.0
1574530819.215492, -240.0
1574530819.311393, -240.0
1574530819.405943, -240.0
1574530819.500346, -240.0
1574530822.204482, -240.0
1574530824.19444, -240.0
1574530824.293048, -240.0
1574530824.391976, -240.0
1574530824.493567, -240.0
1574530824.596277, -240.0
1574530824.69586, -240.0
1574530824.794821, -240.0
1574530824.898231, -240.0
1574530825.006037, -240.0
1574530825.112074, -240.0
1574530825.206326, -240.0
1574530825.29995, -240.0
1574530825.393515, -240.0
1574530825.486882, -240.0
1574530825.581223, -240.0
1574530825.686627, -240.0
1574530825.779559, -240.0
1574530825.885119, -240.0
1574530825.985516, -240.0
1574530826.08561, -240.0
1574530827.959715, -240.0
1574530828.068141, -240.0
1574530829.821997, -240.0
1574530831.366707, -240.0
1574530833.396965, -240.0
1574530835.384404, -240.0
1574530836.871574, -240.0
1574530838.145925, -240.0
1574530839.429069, -240.0
1574530840.739129, -240.0
1574530841.958508, -240.0
1574530843.485292, -240.0
1574530844.76908, -240.0
1574530846.03891, -240.0
1574530847.260497, -240.0
1574530848.539844, -240.0
1574530849.753129, -240.0
1574530850.955384, -240.0
1574530852.142964, -240.0
1574530853.325235, -240.0
1574530854.646214, -240.0
1574530856.20022, -240.0
1574530857.56801, -240.0
1574530858.853171, -240.0
1574530860.019089, -240.0
1574530861.250107, -240.0
1574530862.515571, -240.0
1574530864.73321, -240.0
1574530864.836547, -240.0
1574530864.932675, -240.0
1574530865.025929, -240.0
1574530865.119541, -240.0
1574530865.213631, -240.0
1574530865.317939, -240.0
1574530865.413252, -240.0
1574530865.508935, -240.0
1574530866.793837, -240.0
1574530867.975064, -240.0
1574530869.151931, -240.0
1574530870.302538, -240.0
1574530872.32106, -240.0
1574530872.421746, -240.0
1574530872.518824, -240.0
1574530875.31223, -240.0
1574530875.407635, -240.0
1574530875.504393, -240.0
1574530875.609829, -240.0
1574530875.70821, -240.0
1574530875.812301, -240.0
1574530875.917907, -240.0
1574530876.015863, -240.0
1574530876.107772, -240.0
1574530876.199847, -240.0
1574530876.297318, -240.0
1574530876.403991, -240.0
1574530876.50981, -240.0
1574530876.616644, -240.0
1574530876.716542, -240.0
1574530879.596588, -240.0
1574530879.693304, -240.0
1574530879.788834, -240.0
1574530879.885182, -240.0
1574530879.983431, -240.0
1574530880.081436, -240.0
1574530880.178321, -240.0
1574530880.275547, -240.0
1574530883.417622, -240.0
1574530886.500603, -240.0
1574530886.598589, -240.0
1574530886.699563, -240.0
1574530886.800671, -240.0
1574530886.90003, -240.0
1574530887.000098, -240.0
1574530887.096128, -240.0
1574530889.051279, -240.0
1574530890.990486, -240.0
1574530892.657322, -240.0
1574530893.95515, -240.0
1574530895.415823, -240.0
1574530897.198394, -240.0
1574530898.691181, -240.0
1574530901.340536, -240.0
1574530903.105073, -240.0
1574530905.017526, -240.0
1574530906.562049, -240.0
1574530909.160677, -240.0
1574530911.342282, -240.0
1574530913.967257, -240.0
1574530915.870682, -240.0
1574530917.158796, -240.0
1574530918.398621, -240.0
1574530919.847999, -240.0
1574530919.947332, -240.0
1574530920.05393, -240.0
1574530920.147146, -240.0
1574530920.241335, -240.0
1574530920.333456, -240.0
1574530920.425519, -240.0
1574530920.519003, -240.0
1574530920.6126, -240.0
1574530920.705085, -240.0
1574530748.708457, -240.0
1574530748.807234, -240.0
1574530748.908862, -240.0
1574530749.016361, -240.0
1574530749.123889, -240.0
1574530749.230805, -240.0
1574530749.347066, -240.0
1574530749.472096, -240.0
1574530749.5855, -240.0
1574530749.700367, -240.0
1574530749.813634, -240.0
1574530749.93218, -240.0
1574530752.343438, -240.0
1574530752.465698, -240.0
1574530752.585415, -240.0
1574530752.702484, -240.0
1574530752.813827, -240.0
1574530752.927145, -240.0
1574530753.042658, -240.0
1574530753.152876, -240.0
1574530753.265074, -240.0
1574530753.374285, -240.0
1574530753.492288, -240.0
1574530753.609336, -240.0
1574530753.717097, -240.0
1574530753.832503, -240.0
1574530753.949531, -240.0
1574530755.511058, -240.0
1574530757.14921, -240.0
1574530758.622047, -240.0
1574530761.08773, -240.0
1574530763.740911, -240.0
1574530766.427175, -240.0
1574530769.130837, -240.0
1574530771.820065, -240.0
1574530774.401094, -240.0
1574530776.069785, -240.0
1574530777.381957, -240.0
1574530778.781672, -240.0
1574530780.093761, -240.0
1574530781.466408, -240.0
1574530783.20327, -240.0
1574530783.309664, -240.0
1574530783.405111, -240.0
1574530783.514042, -240.0
1574530783.61577, -240.0
1574530783.715323, -240.0
1574530783.818839, -240.0
1574530783.919054, -240.0
1574530784.034969, -240.0
1574530784.148403, -240.0
1574530784.247559, -240.0
1574530784.350124, -240.0
1574530784.451799, -240.0
1574530784.565786, -240.0
1574530784.67229, -240.0
1574530787.233719, -240.0
1574530788.501996, -240.0
1574530789.751501, -240.0
1574530790.920541, -240.0
1574530792.306678, -240.0
1574530793.743067, -240.0
1574530795.050531, -240.0
1574530796.37674, -240.0
1574530797.872693, -240.0
1574530799.346296, -240.0
1574530800.79914, -240.0
1574530802.678788, -240.0
1574530804.766251, -240.0
1574530806.992982, -240.0
1574530809.172114, -240.0
1574530811.328347, -240.0
1574530813.356211, -240.0
1574530815.458117, -240.0
1574530817.56017, -240.0
1574530819.775454, -240.0
1574530821.938778, -240.0
1574530824.046763, -240.0
1574530826.334365, -240.0
1574530826.433472, -240.0
1574530826.542923, -240.0
1574530826.642965, -240.0
1574530826.736901, -240.0
1574530826.83497, -240.0
1574530826.93508, -240.0
1574530827.044136, -240.0
1574530827.149098, -240.0
1574530827.247277, -240.0
1574530829.100683, -240.0
1574530830.446384, -240.0
1574530831.659795, -240.0
1574530832.865598, -240.0
1574530834.180997, -240.0
1574530835.399289, -240.0
1574530836.591385, -240.0
1574530837.745043, -240.0
1574530838.937338, -240.0
1574530840.043819, -240.0
1574530841.235678, -240.0
1574530842.39595, -240.0
1574530843.605763, -240.0
1574530844.833223, -240.0
1574530846.297663, -240.0
1574530848.187248, -240.0
1574530850.295649, -240.0
1574530852.400961, -240.0
1574530854.469812, -240.0
1574530856.344024, -240.0
1574530858.352397, -240.0
1574530859.93916, -240.0
1574530861.526728, -240.0
1574530863.210692, -240.0
1574530865.340121, -240.0
1574530867.373016, -240.0
1574530867.474536, -240.0
1574530867.583642, -240.0
1574530867.683011, -240.0
1574530867.793028, -240.0
1574530867.896321, -240.0
1574530867.994186, -240.0
1574530868.091327, -240.0
1574530868.186816, -240.0
1574530868.281934, -240.0
1574530871.257987, -240.0
1574530873.561672, -240.0
1574530873.658106, -240.0
1574530873.754323, -240.0
1574530873.850858, -240.0
1574530873.954678, -240.0
1574530874.071552, -240.0
1574530874.174614, -240.0
1574530876.507564, -240.0
1574530876.60259, -240.0
1574530876.697914, -240.0
1574530878.292789, -240.0
1574530879.904358, -240.0
1574530880.001938, -240.0
1574530880.102128, -240.0
1574530880.205913, -240.0
1574530880.304058, -240.0
1574530880.40477, -240.0
1574530880.50702, -240.0
1574530880.614539, -240.0
1574530880.719761, -240.0
1574530880.819478, -240.0
1574530880.91197, -240.0
1574530881.005595, -240.0
1574530881.099598, -240.0
1574530881.192477, -240.0
1574530881.286015, -240.0
1574530881.379545, -240.0
1574530881.472535, -240.0
1574530881.566426, -240.0
1574530881.660584, -240.0
1574530881.763367, -240.0
1574530881.863686, -240.0
1574530881.968704, -240.0
1574530882.077692, -240.0
1574530882.171667, -240.0
1574530882.274479, -240.0
1574530883.764627, -240.0
1574530885.033376, -240.0
1574530886.350333, -240.0
1574530887.542483, -240.0
1574530888.796501, -240.0
1574530890.075169, -240.0
1574530891.359024, -240.0
1574530892.786127, -240.0
1574530894.320836, -240.0
1574530896.21476, -240.0
1574530898.181647, -240.0
1574530901.536069, -240.0
1574530901.632969, -240.0
1574530904.507668, -240.0
1574530904.603803, -240.0
1574530904.700248, -240.0
1574530904.795092, -240.0
1574530904.89138, -240.0
1574530904.987859, -240.0
1574530905.086256, -240.0
1574530905.18487, -240.0
1574530907.357534, -240.0
1574530908.821176, -240.0
1574530910.236484, -240.0
1574530911.689653, -240.0
1574530913.057586, -240.0
1574530914.383188, -240.0
1574530915.986991, -240.0
1574530917.629167, -240.0
1574530919.536919, -240.0
1574530921.997116, -240.0
1574530922.091821, -240.0
1574530922.187974, -240.0
1574530922.290461, -240.0
1574530923.945104, -240.0
1574530925.226354, -240.0
1574530926.440456, -240.0
1574530927.976216, -240.0
1574530929.321684, -240.0
1574530930.573278, -240.0
1574530931.787937, -240.0
1574530933.058046, -240.0
1574530934.321765, -240.0
1574530935.528294, -240.0
1574530937.424048, -240.0
1574530938.769464, -240.0
1574530940.977645, -240.0
1574530943.391256, -240.0
1574530943.493454, -240.0
1574530943.598934, -240.0
1574530943.712718, -240.0
1574530946.109124, -240.0
1574530948.550509, -240.0
1574530950.639466, -240.0
1574530952.051386, -240.0
1574530953.291826, -240.0
1574530954.498574, -240.0
1574530955.761907, -240.0
1574530956.99407, -240.0
1574530958.18119, -240.0
1574530959.673058, -240.0
1574530961.962802, -240.0
1574530962.060716, -240.0
1574530962.166623, -240.0
1574530962.284024, -240.0
1574530962.387098, -240.0
1574530964.655205, -240.0
1574530964.764404, -240.0
1574530964.868475, -240.0
1574530964.970128, -240.0
1574530965.084164, -240.0
1574530965.208864, -240.0
1574530966.635269, -240.0
1574530967.88566, -240.0
1574530969.150566, -240.0
1574530970.392759, -240.0
1574530971.66212, -240.0
1574530973.402373, -240.0
1574530975.206238, -240.0
1574530976.962162, -240.0
1574530978.965945, -240.0
1574530979.062474, -240.0
1574530979.158677, -240.0
1574530979.255414, -240.0
1574530979.357482, -240.0
1574530979.452672, -240.0
1574530979.549785, -240.0
1574530979.644852, -240.0
1574530979.74457, -240.0
1574530979.84706, -240.0
1574530748.597836, -240.0
1574530750.212926, -240.0
1574530750.31308, -240.0
1574530750.409227, -240.0
1574530750.507138, -240.0
1574530750.60381, -240.0
1574530750.70862, -240.0
1574530751.980973, -240.0
1574530753.208483, -240.0
1574530754.452912, -240.0
1574530755.725635, -240.0
1574530756.979062, -240.0
1574530758.202656, -240.0
1574530759.366937, -240.0
1574530760.984876, -240.0
1574530761.081386, -240.0
1574530761.176607, -240.0
1574530761.275926, -240.0
1574530761.376729, -240.0
1574530761.489395, -240.0
1574530761.593972, -240.0
1574530761.697145, -240.0
1574530761.797405, -240.0
1574530761.899819, -240.0
1574530762.000608, -240.0
1574530762.097242, -240.0
1574530762.198943, -240.0
1574530762.295498, -240.0
1574530762.391811, -240.0
1574530762.488498, -240.0
1574530764.145209, -240.0
1574530765.605755, -240.0
1574530767.115359, -240.0
1574530767.211176, -240.0
1574530767.317466, -240.0
1574530767.417536, -240.0
1574530767.529378, -240.0
1574530767.63074, -240.0
1574530767.732881, -240.0
1574530767.834981, -240.0
1574530767.934759, -240.0
1574530768.028398, -240.0
1574530768.122098, -240.0
1574530768.220702, -240.0
1574530770.746713, -240.0
1574530771.971571, -240.0
1574530773.251735, -240.0
1574530774.574089, -240.0
1574530775.87341, -240.0
1574530777.259551, -240.0
1574530778.581699, -240.0
1574530780.040966, -240.0
1574530780.151727, -240.0
1574530780.263928, -240.0
1574530780.369455, -240.0
1574530780.480019, -240.0
1574530780.58489, -240.0
1574530781.789884, -240.0
1574530782.972458, -240.0
1574530784.257096, -240.0
1574530785.534182, -240.0
1574530786.672756, -240.0
1574530787.881242, -240.0
1574530789.165915, -240.0
1574530790.481536, -240.0
1574530791.804327, -240.0
1574530793.154701, -240.0
1574530794.481558, -240.0
1574530795.838976, -240.0
1574530797.231943, -240.0
1574530798.849432, -240.0
1574530798.95929, -240.0
1574530799.087961, -240.0
1574530799.199755, -240.0
1574530799.325696, -240.0
1574530799.448735, -240.0
1574530799.567686, -240.0
1574530799.672772, -240.0
1574530799.77746, -240.0
1574530799.893364, -240.0
1574530800.019047, -240.0
1574530801.63313, -240.0
1574530803.055747, -240.0
1574530804.432778, -240.0
1574530805.930842, -240.0
1574530807.705944, -240.0
1574530807.811012, -240.0
1574530809.919403, -240.0
1574530811.478571, -240.0
1574530812.868245, -240.0
1574530814.331672, -240.0
1574530815.774354, -240.0
1574530817.687744, -240.0
1574530817.787663, -240.0
1574530817.886794, -240.0
1574530817.985688, -240.0
1574530818.086754, -240.0
1574530818.187047, -240.0
1574530818.289632, -240.0
1574530818.395459, -240.0
1574530818.527437, -240.0
1574530818.631796, -240.0
1574530818.736374, -240.0
1574530818.841995, -240.0
1574530818.948284, -240.0
1574530819.070391, -240.0
1574530819.178734, -240.0
1574530819.281352, -240.0
1574530819.388491, -240.0
1574530819.490974, -240.0
1574530819.602218, -240.0
1574530819.702966, -240.0
1574530819.813567, -240.0
1574530819.910133, -240.0
1574530820.027788, -240.0
1574530820.131008, -240.0
1574530820.232253, -240.0
1574530820.338975, -240.0
1574530820.437353, -240.0
1574530820.550887, -240.0
1574530820.65328, -240.0
1574530820.754788, -240.0
1574530820.859906, -240.0
1574530820.968783, -240.0
1574530823.221922, -240.0
1574530824.553718, -240.0
1574530825.936405, -240.0
1574530828.092688, -240.0
1574530828.197341, -240.0
1574530828.306945, -240.0
1574530828.416977, -240.0
1574530828.515357, -240.0
1574530828.611514, -240.0
1574530828.706654, -240.0
1574530828.800721, -240.0
1574530828.895735, -240.0
1574530828.998168, -240.0
1574530829.099203, -240.0
1574530829.197439, -240.0
1574530829.297162, -240.0
1574530829.397765, -240.0
1574530829.49955, -240.0
1574530829.600515, -240.0
1574530829.702328, -240.0
1574530829.80486, -240.0
1574530829.902523, -240.0
1574530831.670446, -240.0
1574530833.019139, -240.0
1574530834.295517, -240.0
1574530835.551228, -240.0
1574530837.939999, -240.0
1574530838.055389, -240.0
1574530838.169397, -240.0
1574530838.281402, -240.0
1574530838.388549, -240.0
1574530840.478174, -240.0
1574530841.88257, -240.0
1574530843.223067, -240.0
1574530844.46022, -240.0
1574530845.700187, -240.0
1574530845.803582, -240.0
1574530845.918707, -240.0
1574530846.040255, -240.0
1574530846.14812, -240.0
1574530846.255979, -240.0
1574530846.364265, -240.0
1574530849.333877, -240.0
1574530852.157409, -240.0
1574530852.257562, -240.0
1574530852.370605, -240.0
1574530852.474189, -240.0
1574530854.644675, -240.0
1574530856.221929, -240.0
1574530857.612742, -240.0
1574530858.918652, -240.0
1574530860.254768, -240.0
1574530861.630287, -240.0
1574530863.555312, -240.0
1574530864.894063, -240.0
1574530866.47911, -240.0
1574530867.833267, -240.0
1574530869.1402, -240.0
1574530870.371257, -240.0
1574530871.600075, -240.0
1574530873.022064, -240.0
1574530873.139193, -240.0
1574530875.060206, -240.0
1574530876.911175, -240.0
1574530878.725754, -240.0
1574530880.22936, -240.0
1574530881.663082, -240.0
1574530883.008537, -240.0
1574530884.333298, -240.0
1574530885.59306, -240.0
1574530888.272246, -240.0
1574530890.44954, -240.0
1574530893.17492, -240.0
1574530895.648129, -240.0
1574530898.912648, -240.0
1574530899.01906, -240.0
1574530899.142598, -240.0
1574530901.637199, -240.0
1574530903.909462, -240.0
1574530904.011243, -240.0
1574530904.111157, -240.0
1574530904.22413, -240.0
1574530904.327095, -240.0
1574530904.428106, -240.0
1574530904.542278, -240.0
1574530904.65, -240.0
1574530904.753171, -240.0
1574530904.855501, -240.0
1574530904.959827, -240.0
1574530907.418605, -240.0
1574530910.058963, -240.0
1574530910.177742, -240.0
1574530910.296165, -240.0
1574530910.402242, -240.0
1574530910.510982, -240.0
1574530910.632123, -240.0
1574530910.750322, -240.0
1574530910.865014, -240.0
1574530910.971635, -240.0
1574530911.076971, -240.0
1574530911.190758, -240.0
1574530911.295209, -240.0
1574530911.40464, -240.0
1574530911.513094, -240.0
1574530911.633439, -240.0
1574530911.740691, -240.0
1574530911.838112, -240.0
1574530911.940598, -240.0
1574530912.043684, -240.0
1574530912.15703, -240.0
1574530912.262132, -240.0
1574530912.363998, -240.0
1574530912.465955, -240.0
1574530912.568315, -240.0
1574530912.680582, -240.0
1574530912.784349, -240.0
1574530912.884101, -240.0
1574530912.986665, -240.0
1574530913.096728, -240.0
1574530913.210571, -240.0
1574530913.313129, -240.0
1574530913.421281, -240.0
1574530913.523861, -240.0
1574530913.650695, -240.0
1574530913.766239, -240.0
1574530913.868799, -240.0
1574530749.011706, -240.0
1574530749.10739, -240.0
1574530749.210971, -240.0
1574530749.321553, -240.0
1574530749.431667, -240.0
1574530749.54152, -240.0
1574530749.647462, -240.0
1574530749.753207, -240.0
1574530749.861003, -240.0
1574530749.967955, -240.0
1574530750.074026, -240.0
1574530750.179669, -240.0
1574530750.280527, -240.0
1574530750.386844, -240.0
1574530750.4969, -240.0
1574530750.607229, -240.0
1574530750.71686, -240.0
1574530750.824897, -240.0
1574530750.930813, -240.0
1574530751.034927, -240.0
1574530751.132182, -240.0
1574530751.226793, -240.0
1574530752.774456, -240.0
1574530754.086357, -240.0
1574530755.304838, -240.0
1574530756.484977, -240.0
1574530757.84472, -240.0
1574530759.279621, -240.0
1574530760.59102, -240.0
1574530761.875844, -240.0
1574530763.193962, -240.0
1574530764.576033, -240.0
1574530765.859664, -240.0
1574530767.135548, -240.0
1574530768.448242, -240.0
1574530771.49344, -240.0
1574530773.281279, -240.0
1574530774.592592, -240.0
1574530775.840505, -240.0
1574530778.257923, -240.0
1574530778.36574, -240.0
1574530778.475066, -240.0
1574530778.576268, -240.0
1574530778.674512, -240.0
1574530778.775362, -240.0
1574530778.874103, -240.0
1574530778.984474, -240.0
1574530779.084379, -240.0
1574530779.182012, -240.0
1574530779.289623, -240.0
1574530779.40391, -240.0
1574530779.538829, -240.0
1574530779.640053, -240.0
1574530781.344781, -240.0
1574530782.695819, -240.0
1574530784.098203, -240.0
1574530785.404804, -240.0
1574530786.73485, -240.0
1574530788.124971, -240.0
1574530789.479308, -240.0
1574530790.804712, -240.0
1574530792.065548, -240.0
1574530793.436987, -240.0
1574530794.743523, -240.0
1574530796.269772, -240.0
1574530796.379003, -240.0
1574530796.482294, -240.0
1574530796.582248, -240.0
1574530796.679296, -240.0
1574530796.774667, -240.0
1574530796.86759, -240.0
1574530796.959976, -240.0
1574530797.052188, -240.0
1574530797.144288, -240.0
1574530797.236437, -240.0
1574530797.330853, -240.0
1574530797.424355, -240.0
1574530797.517877, -240.0
1574530797.611224, -240.0
1574530797.704421, -240.0
1574530797.798019, -240.0
1574530797.891253, -240.0
1574530797.983412, -240.0
1574530798.075585, -240.0
1574530798.168552, -240.0
1574530798.260879, -240.0
1574530798.354918, -240.0
1574530798.44849, -240.0
1574530798.541359, -240.0
1574530798.63336, -240.0
1574530798.725925, -240.0
1574530798.820146, -240.0
1574530798.914894, -240.0
1574530799.009333, -240.0
1574530799.103571, -240.0
1574530799.197247, -240.0
1574530799.290067, -240.0
1574530799.389988, -240.0
1574530801.11325, -240.0
1574530802.385513, -240.0
1574530803.574291, -240.0
1574530805.521836, -240.0
1574530805.623004, -240.0
1574530805.718044, -240.0
1574530808.379739, -240.0
1574530809.695243, -240.0
1574530811.048564, -240.0
1574530812.938699, -240.0
1574530813.037266, -240.0
1574530813.133366, -240.0
1574530813.229469, -240.0
1574530813.326791, -240.0
1574530813.431685, -240.0
1574530813.540821, -240.0
1574530815.465779, -240.0
1574530816.797717, -240.0
1574530816.901006, -240.0
1574530817.027883, -240.0
1574530817.12905, -240.0
1574530817.228022, -240.0
1574530817.324285, -240.0
1574530817.423761, -240.0
1574530817.529563, -240.0
1574530817.648434, -240.0
1574530817.759913, -240.0
1574530820.272122, -240.0
1574530821.64923, -240.0
1574530823.626964, -240.0
1574530826.55408, -240.0
1574530826.649246, -240.0
1574530829.398013, -240.0
1574530831.757841, -240.0
1574530833.278767, -240.0
1574530834.89416, -240.0
1574530836.851737, -240.0
1574530836.952494, -240.0
1574530839.462604, -240.0
1574530839.557226, -240.0
1574530839.652696, -240.0
1574530839.747635, -240.0
1574530839.842645, -240.0
1574530841.553197, -240.0
1574530843.061917, -240.0
1574530844.316368, -240.0
1574530844.417665, -240.0
1574530846.686715, -240.0
1574530848.366033, -240.0
1574530849.862615, -240.0
1574530851.079191, -240.0
1574530852.351731, -240.0
1574530854.506464, -240.0
1574530854.61877, -240.0
1574530854.731442, -240.0
1574530854.848274, -240.0
1574530854.950706, -240.0
1574530856.549171, -240.0
1574530858.428928, -240.0
1574530859.793617, -240.0
1574530861.044766, -240.0
1574530862.324427, -240.0
1574530862.427622, -240.0
1574530862.531747, -240.0
1574530862.637241, -240.0
1574530862.74641, -240.0
1574530862.843236, -240.0
1574530864.595238, -240.0
1574530866.09944, -240.0
1574530867.649702, -240.0
1574530867.745994, -240.0
1574530867.841091, -240.0
1574530870.386506, -240.0
1574530870.4829, -240.0
1574530870.581339, -240.0
1574530870.680709, -240.0
1574530872.016048, -240.0
1574530873.31705, -240.0
1574530874.993433, -240.0
1574530875.114363, -240.0
1574530875.21483, -240.0
1574530875.317564, -240.0
1574530878.009858, -240.0
1574530878.105579, -240.0
1574530880.392266, -240.0
1574530882.305816, -240.0
1574530884.332655, -240.0
1574530886.267594, -240.0
1574530887.752279, -240.0
1574530889.068575, -240.0
1574530890.369758, -240.0
1574530891.606302, -240.0
1574530892.87685, -240.0
1574530894.256851, -240.0
1574530895.488258, -240.0
1574530896.713542, -240.0
1574530897.847664, -240.0
1574530899.086783, -240.0
1574530900.193813, -240.0
1574530901.358275, -240.0
1574530902.489829, -240.0
1574530903.77145, -240.0
1574530905.050141, -240.0
1574530906.3224, -240.0
1574530907.584152, -240.0
1574530908.822491, -240.0
1574530908.930111, -240.0
1574530909.026106, -240.0
1574530909.119121, -240.0
1574530909.214572, -240.0
1574530909.315742, -240.0
1574530909.413687, -240.0
1574530909.510349, -240.0
1574530911.582363, -240.0
1574530913.415034, -240.0
1574530913.513162, -240.0
1574530913.616892, -240.0
1574530913.718317, -240.0
1574530916.095342, -240.0
1574530916.208114, -240.0
1574530916.311972, -240.0
1574530916.416776, -240.0
1574530916.525488, -240.0
1574530916.650518, -240.0
1574530916.752599, -240.0
1574530918.671239, -240.0
1574530918.771399, -240.0
1574530918.877764, -240.0
1574530918.989781, -240.0
1574530919.0977, -240.0
1574530919.20677, -240.0
1574530919.304093, -240.0
1574530919.406098, -240.0
1574530919.504054, -240.0
1574530919.603451, -240.0
1574530919.712089, -240.0
1574530919.812824, -240.0
1574530919.916964, -240.0
1574530920.025391, -240.0
1574530920.129609, -240.0
1574530920.229293, -240.0
1574530920.325431, -240.0
1574530920.421107, -240.0
1574530920.517134, -240.0
1574530920.615165, -240.0
1574530920.728902, -240.0
1574530920.827912, -240.0
1574530920.927855, -240.0
1574530921.029552, -240.0
1574530921.144483, -240.0
1574530921.243836, -240.0
1574530921.343792, -240.0
1574530914.057189, -240.0
1574530914.153659, -240.0
1574530914.246786, -240.0
1574530914.340603, -240.0
1574530914.436746, -240.0
1574530914.533365, -240.0
1574530914.628364, -240.0
1574530914.726058, -240.0
1574530914.823968, -240.0
1574530914.923315, -240.0
1574530915.032173, -240.0
1574530916.947272, -240.0
1574530918.159178, -240.0
1574530919.351446, -240.0
1574530920.41605, -240.0
1574530921.558652, -240.0
1574530922.807963, -240.0
1574530924.255901, -240.0
1574530925.529935, -240.0
1574530926.760707, -240.0
1574530927.93648, -240.0
1574530929.108615, -240.0
1574530930.336499, -240.0
1574530931.474005, -240.0
1574530932.524244, -240.0
1574530933.67234, -240.0
1574530934.782347, -240.0
1574530935.896034, -240.0
1574530937.020322, -240.0
1574530938.198222, -240.0
1574530939.3847, -240.0
1574530940.469476, -240.0
1574530941.644644, -240.0
1574530941.748031, -240.0
1574530942.793834, -240.0
1574530943.896501, -240.0
1574530944.978935, -240.0
1574530946.119707, -240.0
1574530946.223378, -240.0
1574530946.32017, -240.0
1574530946.419097, -240.0
1574530946.529657, -240.0
1574530946.633219, -240.0
1574530946.734743, -240.0
1574530946.844772, -240.0
1574530946.945904, -240.0
1574530949.535188, -240.0
1574530951.48968, -240.0
1574530954.327666, -240.0
1574530954.436766, -240.0
1574530954.555199, -240.0
1574530954.664862, -240.0
1574530954.783716, -240.0
1574530954.901595, -240.0
1574530955.001969, -240.0
1574530955.10542, -240.0
1574530955.225244, -240.0
1574530955.328038, -240.0
1574530955.429721, -240.0
1574530955.533738, -240.0
1574530955.636532, -240.0
1574530955.748541, -240.0
1574530955.853864, -240.0
1574530955.957225, -240.0
1574530956.063505, -240.0
1574530956.170783, -240.0
1574530956.281796, -240.0
1574530956.383956, -240.0
1574530956.487511, -240.0
1574530956.591381, -240.0
1574530956.705973, -240.0
1574530956.808668, -240.0
1574530956.910273, -240.0
1574530957.014136, -240.0
1574530957.113902, -240.0
1574530957.226238, -240.0
1574530957.329156, -240.0
1574530957.431818, -240.0
1574530957.53401, -240.0
1574530957.637728, -240.0
1574530957.756876, -240.0
1574530957.860509, -240.0
1574530957.961754, -240.0
1574530958.06325, -240.0
1574530958.165141, -240.0
1574530958.276754, -240.0
1574530958.383674, -240.0
1574530959.763017, -240.0
1574530960.998706, -240.0
1574530962.25734, -240.0
1574530963.643711, -240.0
1574530965.032343, -240.0
1574530966.364961, -240.0
1574530967.637295, -240.0
1574530969.438918, -240.0
1574530969.54823, -240.0
1574530969.662977, -240.0
1574530969.775732, -240.0
1574530969.900109, -240.0
1574530970.021254, -240.0
1574530970.128479, -240.0
1574530970.241998, -240.0
1574530970.35948, -240.0
1574530972.706851, -240.0
1574530973.988194, -240.0
1574530975.287922, -240.0
1574530976.486115, -240.0
1574530977.610641, -240.0
1574530979.016786, -240.0
1574530980.368893, -240.0
1574530981.685678, -240.0
1574530982.994976, -240.0
1574530984.301908, -240.0
1574530986.157854, -240.0
1574530986.261803, -240.0
1574530986.356623, -240.0
1574530986.458819, -240.0
1574530986.563037, -240.0
1574530989.11977, -240.0
1574530990.986119, -240.0
1574530991.089082, -240.0
1574530991.198359, -240.0
1574530991.318188, -240.0
1574530994.668062, -240.0
1574530997.146066, -240.0
1574530999.080069, -240.0
1574530999.180622, -240.0
1574530999.299386, -240.0
1574530999.406401, -240.0
1574530999.516024, -240.0
1574531001.435402, -240.0
1574531002.97046, -240.0
1574531004.22035, -240.0
1574531005.589459, -240.0
1574531006.746393, -240.0
1574531007.975865, -240.0
1574531009.143498, -240.0
1574531010.337983, -240.0
1574531011.476288, -240.0
1574531012.774659, -240.0
1574531014.057777, -240.0
1574531015.273682, -240.0
1574531016.457859, -240.0
1574531017.593738, -240.0
1574531018.845572, -240.0
1574531020.012661, -240.0
1574531021.212717, -240.0
1574531023.015292, -240.0
1574531025.289363, -240.0
1574531026.509136, -240.0
1574531027.72233, -240.0
1574531028.965246, -240.0
1574531030.931792, -240.0
1574531031.034725, -240.0
1574531031.132458, -240.0
1574531031.22613, -240.0
1574531031.321468, -240.0
1574531031.421954, -240.0
1574531031.524705, -240.0
1574531031.630779, -240.0
1574531031.740215, -240.0
1574531031.843482, -240.0
1574531031.950867, -240.0
1574531032.06193, -240.0
1574531032.167608, -240.0
1574531032.277768, -240.0
1574531032.383993, -240.0
1574531034.649076, -240.0
1574531037.155752, -240.0
1574531037.25873, -240.0
1574531037.369679, -240.0
1574531037.468703, -240.0
1574531039.927286, -240.0
1574531043.214218, -240.0
1574531045.574663, -240.0
1574531047.770623, -240.0
1574531049.755778, -240.0
1574531053.235325, -240.0
1574531053.342511, -240.0
1574531053.438575, -240.0
1574531053.530459, -240.0
1574531053.623343, -240.0
1574531053.716546, -240.0
1574531053.809999, -240.0
1574531053.904285, -240.0
1574531053.996922, -240.0
1574531054.105645, -240.0
1574531054.20456, -240.0
1574531056.060768, -240.0
1574531057.781367, -240.0
1574531057.890239, -240.0
1574531057.9925, -240.0
1574531060.684285, -240.0
1574531062.175859, -240.0
1574531063.37145, -240.0
1574531064.627036, -240.0
1574531066.20381, -240.0
1574531067.566018, -240.0
1574531068.834931, -240.0
1574531070.066101, -240.0
1574531071.270759, -240.0
1574531072.543604, -240.0
1574531073.788887, -240.0
1574531075.923564, -240.0
1574531077.338167, -240.0
1574531078.79713, -240.0
1574531080.564953, -240.0
1574531080.671772, -240.0
1574531083.450106, -240.0
1574531086.247793, -240.0
1574531086.357959, -240.0
1574531086.473452, -240.0
1574531086.584909, -240.0
1574531088.697145, -240.0
1574531091.057065, -240.0
1574531091.154627, -240.0
1574531091.252434, -240.0
1574531091.352712, -240.0
1574531091.455153, -240.0
1574531093.630389, -240.0
1574531095.350748, -240.0
1574531095.466787, -240.0
1574531095.574412, -240.0
1574531095.677422, -240.0
1574531095.781012, -240.0
1574531098.461946, -240.0
1574531098.570211, -240.0
1574531098.677668, -240.0
1574531098.781678, -240.0
1574531098.892862, -240.0
1574531099.012093, -240.0
1574531101.225407, -240.0
1574531102.7293, -240.0
1574531104.003017, -240.0
1574531105.308548, -240.0
1574531106.642332, -240.0
1574531107.881452, -240.0
1574531109.239404, -240.0
1574531110.89783, -240.0
1574531111.001277, -240.0
1574531112.900451, -240.0
1574531113.002322, -240.0
1574531113.101049, -240.0
1574531113.200386, -240.0
1574531114.930681, -240.0
1574531116.341111, -240.0
1574531118.106547, -240.0
1574531119.565368, -240.0
1574531120.940576, -240.0
1574531122.636578, -240.0
1574530920.877733, -240.0
1574530920.985104, -240.0
1574530921.077976, -240.0
1574530921.169695, -240.0
1574530921.261444, -240.0
1574530921.353075, -240.0
1574530921.445283, -240.0
1574530921.53836, -240.0
1574530921.63269, -240.0
1574530921.726139, -240.0
1574530921.81789, -240.0
1574530921.909659, -240.0
1574530922.002692, -240.0
1574530922.096169, -240.0
1574530922.193949, -240.0
1574530923.055819, -240.0
1574530923.985075, -240.0
1574530924.877859, -240.0
1574530925.73291, -240.0
1574530925.827816, -240.0
1574530925.921849, -240.0
1574530926.014502, -240.0
1574530926.107048, -240.0
1574530926.200321, -240.0
1574530926.293793, -240.0
1574530926.387654, -240.0
1574530926.484955, -240.0
1574530926.591865, -240.0
1574530926.692688, -240.0
1574530929.122832, -240.0
1574530931.290637, -240.0
1574530932.719698, -240.0
1574530933.721274, -240.0
1574530934.656664, -240.0
1574530935.665835, -240.0
1574530936.647852, -240.0
1574530938.288072, -240.0
1574530941.443557, -240.0
1574530941.548435, -240.0
1574530941.662959, -240.0
1574530941.772014, -240.0
1574530944.210625, -240.0
1574530945.529899, -240.0
1574530946.488899, -240.0
1574530947.423674, -240.0
1574530948.546061, -240.0
1574530949.40517, -240.0
1574530950.329627, -240.0
1574530951.384116, -240.0
1574530951.487787, -240.0
1574530951.586644, -240.0
1574530951.687074, -240.0
1574530951.790065, -240.0
1574530951.899215, -240.0
1574530952.00714, -240.0
1574530952.107725, -240.0
1574530953.901396, -240.0
1574530955.133781, -240.0
1574530956.396892, -240.0
1574530957.724984, -240.0
1574530959.360121, -240.0
1574530959.466428, -240.0
1574530959.582145, -240.0
1574530959.692618, -240.0
1574530959.798859, -240.0
1574530959.893944, -240.0
1574530959.993141, -240.0
1574530960.091789, -240.0
1574530960.196523, -240.0
1574530960.312199, -240.0
1574530960.413937, -240.0
1574530962.17885, -240.0
1574530963.903298, -240.0
1574530964.006969, -240.0
1574530964.110747, -240.0
1574530964.237209, -240.0
1574530964.339749, -240.0
1574530964.439919, -240.0
1574530965.728145, -240.0
1574530966.848231, -240.0
1574530967.829604, -240.0
1574530968.792677, -240.0
1574530969.816497, -240.0
1574530970.658365, -240.0
1574530971.57408, -240.0
1574530972.459999, -240.0
1574530973.324356, -240.0
1574530974.209659, -240.0
1574530975.110941, -240.0
1574530976.048589, -240.0
1574530977.053461, -240.0
1574530978.017929, -240.0
1574530979.044275, -240.0
1574530980.722669, -240.0
1574530980.819689, -240.0
1574530980.911582, -240.0
1574530981.002956, -240.0
1574530981.09522, -240.0
1574530981.200194, -240.0
1574530981.303603, -240.0
1574530983.847078, -240.0
1574530985.120004, -240.0
1574530986.399347, -240.0
1574530988.252586, -240.0
1574530988.349215, -240.0
1574530988.455741, -240.0
1574530988.549365, -240.0
1574530988.642815, -240.0
1574530988.735218, -240.0
1574530988.828385, -240.0
1574530988.920193, -240.0
1574530989.012966, -240.0
1574530989.105918, -240.0
1574530989.198336, -240.0
1574530989.291214, -240.0
1574530989.386153, -240.0
1574530989.47911, -240.0
1574530989.572356, -240.0
1574530989.667485, -240.0
1574530989.773631, -240.0
1574530989.873588, -240.0
1574530989.972363, -240.0
1574530990.070305, -240.0
1574530990.168044, -240.0
1574530990.283966, -240.0
1574530991.636784, -240.0
1574530992.948006, -240.0
1574530994.272391, -240.0
1574530995.557272, -240.0
1574530996.87693, -240.0
1574530996.986179, -240.0
1574530997.080807, -240.0
1574530997.180627, -240.0
1574530999.636872, -240.0
1574531001.042821, -240.0
1574531002.484041, -240.0
1574531003.588161, -240.0
1574531004.584497, -240.0
1574531006.521124, -240.0
1574531006.629257, -240.0
1574531006.761767, -240.0
1574531006.872444, -240.0
1574531006.975622, -240.0
1574531007.078729, -240.0
1574531007.181222, -240.0
1574531007.295597, -240.0
1574531007.394646, -240.0
1574531007.498553, -240.0
1574531007.602822, -240.0
1574531007.710894, -240.0
1574531007.83032, -240.0
1574531007.952828, -240.0
1574531008.068446, -240.0
1574531010.14211, -240.0
1574531011.533354, -240.0
1574531013.360648, -240.0
1574531014.677094, -240.0
1574531015.98993, -240.0
1574531017.223763, -240.0
1574531018.427553, -240.0
1574531020.367485, -240.0
1574531022.21271, -240.0
1574531023.703822, -240.0
1574531023.816479, -240.0
1574531023.925126, -240.0
1574531024.021961, -240.0
1574531024.12088, -240.0
1574531024.215108, -240.0
1574531024.313094, -240.0
1574531025.89734, -240.0
1574531025.995316, -240.0
1574531026.093764, -240.0
1574531026.194005, -240.0
1574531026.307577, -240.0
1574531026.411599, -240.0
1574531026.514769, -240.0
1574531028.849931, -240.0
1574531030.337214, -240.0
1574531031.724323, -240.0
1574531031.822226, -240.0
1574531031.9199, -240.0
1574531032.011786, -240.0
1574531032.103901, -240.0
1574531032.196188, -240.0
1574531032.289788, -240.0
1574531032.386763, -240.0
1574531032.484176, -240.0
1574531034.316323, -240.0
1574531036.02816, -240.0
1574531037.506293, -240.0
1574531037.600385, -240.0
1574531037.697012, -240.0
1574531037.801192, -240.0
1574531039.18853, -240.0
1574531040.504702, -240.0
1574531041.730017, -240.0
1574531042.899539, -240.0
1574531044.171019, -240.0
1574531045.432378, -240.0
1574531047.275982, -240.0
1574531049.23437, -240.0
1574531050.614419, -240.0
1574531052.116441, -240.0
1574531053.910331, -240.0
1574531055.548043, -240.0
1574531057.226607, -240.0
1574531058.668425, -240.0
1574531059.815095, -240.0
1574531061.026831, -240.0
1574531062.42227, -240.0
1574531063.97002, -240.0
1574531065.668804, -240.0
1574531067.524497, -240.0
1574531069.360849, -240.0
1574531070.694495, -240.0
1574531073.647937, -240.0
1574531073.744157, -240.0
1574531073.842217, -240.0
1574531073.939155, -240.0
1574531074.036224, -240.0
1574531074.144029, -240.0
1574531074.245559, -240.0
1574531074.342976, -240.0
1574531075.972164, -240.0
1574531076.06766, -240.0
1574531077.874913, -240.0
1574531079.379862, -240.0
1574531080.726959, -240.0
1574531081.990057, -240.0
1574531083.587372, -240.0
1574531085.170571, -240.0
1574531086.796524, -240.0
1574531088.957724, -240.0
1574531089.05516, -240.0
1574531091.032968, -240.0
1574531092.856171, -240.0
1574531094.466587, -240.0
1574531096.632818, -240.0
1574531098.850115, -240.0
1574531098.946897, -240.0
1574531099.043896, -240.0
1574531099.139582, -240.0
1574531099.237287, -240.0
1574531099.337125, -240.0
1574531099.43568, -240.0
1574531099.534597, -240.0
1574531101.510128, -240.0
1574531102.959999, -240.0
1574531104.256769, -240.0
1574531105.462711, -240.0
1574530921.514822, -240.0
1574530921.608474, -240.0
1574530921.70269, -240.0
1574530921.795131, -240.0
1574530921.887309, -240.0
1574530921.980681, -240.0
1574530922.074211, -240.0
1574530922.169282, -240.0
1574530923.629875, -240.0
1574530923.729888, -240.0
1574530923.830022, -240.0
1574530923.930376, -240.0
1574530924.035432, -240.0
1574530925.391712, -240.0
1574530926.701278, -240.0
1574530926.796563, -240.0
1574530926.890046, -240.0
1574530926.983607, -240.0
1574530928.521382, -240.0
1574530928.647082, -240.0
1574530928.744877, -240.0
1574530928.844475, -240.0
1574530928.943864, -240.0
1574530929.039697, -240.0
1574530929.144056, -240.0
1574530929.250727, -240.0
1574530929.346858, -240.0
1574530929.444398, -240.0
1574530929.54065, -240.0
1574530929.647631, -240.0
1574530931.101508, -240.0
1574530932.368797, -240.0
1574530933.955214, -240.0
1574530934.057526, -240.0
1574530934.158788, -240.0
1574530936.779732, -240.0
1574530938.553719, -240.0
1574530940.13804, -240.0
1574530941.638934, -240.0
1574530943.173108, -240.0
1574530944.573816, -240.0
1574530945.928288, -240.0
1574530947.626215, -240.0
1574530947.736518, -240.0
1574530947.847803, -240.0
1574530947.955151, -240.0
1574530949.54999, -240.0
1574530950.806463, -240.0
1574530952.208361, -240.0
1574530952.315581, -240.0
1574530952.410035, -240.0
1574530952.518219, -240.0
1574530953.733026, -240.0
1574530954.904342, -240.0
1574530956.113415, -240.0
1574530957.339614, -240.0
1574530958.481173, -240.0
1574530959.729977, -240.0
1574530961.037781, -240.0
1574530962.246535, -240.0
1574530963.527572, -240.0
1574530964.812611, -240.0
1574530966.086173, -240.0
1574530967.356081, -240.0
1574530968.601933, -240.0
1574530969.780568, -240.0
1574530969.884917, -240.0
1574530969.980019, -240.0
1574530970.074794, -240.0
1574530970.16889, -240.0
1574530970.280743, -240.0
1574530971.761174, -240.0
1574530973.01956, -240.0
1574530974.301298, -240.0
1574530975.542986, -240.0
1574530976.857797, -240.0
1574530976.976603, -240.0
1574530977.081959, -240.0
1574530977.179814, -240.0
1574530977.29364, -240.0
1574530977.393823, -240.0
1574530977.493831, -240.0
1574530977.59242, -240.0
1574530977.691891, -240.0
1574530977.793122, -240.0
1574530977.886971, -240.0
1574530977.98066, -240.0
1574530978.075162, -240.0
1574530978.168886, -240.0
1574530978.262199, -240.0
1574530978.355404, -240.0
1574530978.447228, -240.0
1574530978.539102, -240.0
1574530978.631288, -240.0
1574530978.723157, -240.0
1574530978.81541, -240.0
1574530978.907819, -240.0
1574530978.999643, -240.0
1574530979.091954, -240.0
1574530979.183633, -240.0
1574530979.277545, -240.0
1574530979.370175, -240.0
1574530979.462157, -240.0
1574530979.554065, -240.0
1574530979.655588, -240.0
1574530981.383984, -240.0
1574530982.712817, -240.0
1574530984.037769, -240.0
1574530985.742865, -240.0
1574530985.839313, -240.0
1574530985.943408, -240.0
1574530986.04007, -240.0
1574530986.138923, -240.0
1574530986.248801, -240.0
1574530986.35035, -240.0
1574530986.454304, -240.0
1574530986.55455, -240.0
1574530986.65494, -240.0
1574530986.764482, -240.0
1574530986.865423, -240.0
1574530986.967068, -240.0
1574530987.072146, -240.0
1574530988.804483, -240.0
1574530990.012392, -240.0
1574530991.358055, -240.0
1574530992.621003, -240.0
1574530993.887804, -240.0
1574530995.137699, -240.0
1574530996.390203, -240.0
1574530997.763369, -240.0
1574530999.054929, -240.0
1574531000.288717, -240.0
1574531001.568418, -240.0
1574531002.947244, -240.0
1574531004.238261, -240.0
1574531005.468426, -240.0
1574531006.685803, -240.0
1574531007.953944, -240.0
1574531009.260446, -240.0
1574531010.657252, -240.0
1574531010.76451, -240.0
1574531010.873029, -240.0
1574531013.311195, -240.0
1574531015.270358, -240.0
1574531015.364908, -240.0
1574531015.46292, -240.0
1574531015.562087, -240.0
1574531015.660581, -240.0
1574531015.767908, -240.0
1574531015.862187, -240.0
1574531015.958226, -240.0
1574531017.293414, -240.0
1574531018.445087, -240.0
1574531019.654611, -240.0
1574531020.916264, -240.0
1574531022.129353, -240.0
1574531023.419206, -240.0
1574531024.628841, -240.0
1574531026.06148, -240.0
1574531026.157227, -240.0
1574531028.249719, -240.0
1574531028.34802, -240.0
1574531028.449807, -240.0
1574531028.550267, -240.0
1574531028.644056, -240.0
1574531028.751129, -240.0
1574531031.032274, -240.0
1574531032.440394, -240.0
1574531033.678874, -240.0
1574531035.025032, -240.0
1574531036.172222, -240.0
1574531037.533821, -240.0
1574531037.628975, -240.0
1574531039.36705, -240.0
1574531040.724242, -240.0
1574531042.067466, -240.0
1574531043.330381, -240.0
1574531044.798545, -240.0
1574531046.693275, -240.0
1574531048.539206, -240.0
1574531050.199487, -240.0
1574531051.681748, -240.0
1574531052.952834, -240.0
1574531053.051504, -240.0
1574531054.665078, -240.0
1574531056.081353, -240.0
1574531057.362647, -240.0
1574531059.138948, -240.0
1574531060.981146, -240.0
1574531061.0771, -240.0
1574531061.174265, -240.0
1574531061.276695, -240.0
1574531061.380215, -240.0
1574531061.488599, -240.0
1574531061.596756, -240.0
1574531061.70167, -240.0
1574531061.807165, -240.0
1574531061.916049, -240.0
1574531062.015945, -240.0
1574531064.256807, -240.0
1574531065.970457, -240.0
1574531067.250612, -240.0
1574531069.119764, -240.0
1574531070.450059, -240.0
1574531070.55924, -240.0
1574531070.653246, -240.0
1574531070.757861, -240.0
1574531070.871878, -240.0
1574531070.979942, -240.0
1574531071.09431, -240.0
1574531071.209471, -240.0
1574531071.322299, -240.0
1574531071.430909, -240.0
1574531071.529426, -240.0
1574531071.629513, -240.0
1574531071.729893, -240.0
1574531071.828942, -240.0
1574531071.937394, -240.0
1574531072.03382, -240.0
1574531072.132612, -240.0
1574531072.234758, -240.0
1574531072.334565, -240.0
1574531072.444624, -240.0
1574531072.548554, -240.0
1574531072.64815, -240.0
1574531072.741917, -240.0
1574531072.834657, -240.0
1574531072.929538, -240.0
1574531073.022851, -240.0
1574531073.115586, -240.0
1574531073.208815, -240.0
1574531073.302583, -240.0
1574531073.398483, -240.0
1574531073.492629, -240.0
1574531073.586007, -240.0
1574531073.680676, -240.0
1574531073.775125, -240.0
1574531073.871017, -240.0
1574531073.965481, -240.0
1574531074.060113, -240.0
1574531074.153112, -240.0
1574531074.24684, -240.0
1574531074.341622, -240.0
1574531074.446634, -240.0
1574531074.54528, -240.0
1574531074.653895, -240.0
1574531074.748888, -240.0
1574531074.843888, -240.0
1574531074.945856, -240.0
1574531075.040469, -240.0
1574530980.020535, -240.0
1574530980.122903, -240.0
1574530980.242269, -240.0
1574530980.34436, -240.0
1574530980.445106, -240.0
1574530980.545572, -240.0
1574530980.64683, -240.0
1574530980.740672, -240.0
1574530982.087056, -240.0
1574530983.398683, -240.0
1574530984.635306, -240.0
1574530985.906591, -240.0
1574530987.257238, -240.0
1574530988.659785, -240.0
1574530990.0069, -240.0
1574530991.352342, -240.0
1574530992.742099, -240.0
1574530994.076295, -240.0
1574530995.263517, -240.0
1574530996.539383, -240.0
1574530997.793141, -240.0
1574530999.006972, -240.0
1574531000.204812, -240.0
1574531001.411368, -240.0
1574531002.737318, -240.0
1574531004.026508, -240.0
1574531005.351426, -240.0
1574531005.450596, -240.0
1574531005.559961, -240.0
1574531007.869697, -240.0
1574531009.066678, -240.0
1574531010.270515, -240.0
1574531011.502151, -240.0
1574531012.918367, -240.0
1574531013.025892, -240.0
1574531013.118985, -240.0
1574531013.215023, -240.0
1574531013.313831, -240.0
1574531015.637577, -240.0
1574531017.040967, -240.0
1574531018.371865, -240.0
1574531021.156171, -240.0
1574531021.287764, -240.0
1574531021.39103, -240.0
1574531021.492118, -240.0
1574531021.593845, -240.0
1574531021.697129, -240.0
1574531021.815071, -240.0
1574531021.917486, -240.0
1574531022.019288, -240.0
1574531022.120609, -240.0
1574531022.221059, -240.0
1574531022.33576, -240.0
1574531022.450078, -240.0
1574531023.736994, -240.0
1574531025.016852, -240.0
1574531026.303675, -240.0
1574531027.510339, -240.0
1574531028.855402, -240.0
1574531030.172924, -240.0
1574531032.139002, -240.0
1574531032.249508, -240.0
1574531032.364894, -240.0
1574531032.471505, -240.0
1574531032.570272, -240.0
1574531032.673637, -240.0
1574531032.774504, -240.0
1574531032.890681, -240.0
1574531034.201013, -240.0
1574531035.485955, -240.0
1574531036.741947, -240.0
1574531038.069867, -240.0
1574531039.842177, -240.0
1574531039.968994, -240.0
1574531040.07263, -240.0
1574531040.182888, -240.0
1574531041.49837, -240.0
1574531042.766789, -240.0
1574531044.002703, -240.0
1574531045.176999, -240.0
1574531046.430497, -240.0
1574531047.563619, -240.0
1574531048.840432, -240.0
1574531050.026353, -240.0
1574531051.245444, -240.0
1574531052.526314, -240.0
1574531053.991424, -240.0
1574531055.349547, -240.0
1574531056.696632, -240.0
1574531056.802429, -240.0
1574531056.928457, -240.0
1574531057.036627, -240.0
1574531058.916118, -240.0
1574531060.612566, -240.0
1574531061.997363, -240.0
1574531063.184911, -240.0
1574531064.528083, -240.0
1574531065.794125, -240.0
1574531067.961665, -240.0
1574531068.063561, -240.0
1574531068.167869, -240.0
1574531068.273631, -240.0
1574531068.393985, -240.0
1574531068.505977, -240.0
1574531068.615918, -240.0
1574531068.722815, -240.0
1574531068.829048, -240.0
1574531068.944857, -240.0
1574531069.049648, -240.0
1574531069.164808, -240.0
1574531069.270576, -240.0
1574531069.401761, -240.0
1574531069.507332, -240.0
1574531071.731778, -240.0
1574531073.329701, -240.0
1574531074.840872, -240.0
1574531076.239277, -240.0
1574531077.929686, -240.0
1574531079.956582, -240.0
1574531081.502573, -240.0
1574531082.769111, -240.0
1574531084.004511, -240.0
1574531085.191373, -240.0
1574531086.50012, -240.0
1574531087.850699, -240.0
1574531089.509466, -240.0
1574531091.569569, -240.0
1574531091.67698, -240.0
1574531091.792291, -240.0
1574531091.903248, -240.0
1574531093.621896, -240.0
1574531094.868933, -240.0
1574531096.293341, -240.0
1574531097.444633, -240.0
1574531097.53975, -240.0
1574531099.581149, -240.0
1574531101.207467, -240.0
1574531102.493788, -240.0
1574531103.664459, -240.0
1574531105.108187, -240.0
1574531106.479845, -240.0
1574531108.133667, -240.0
1574531110.158597, -240.0
1574531112.889053, -240.0
1574531113.002433, -240.0
1574531113.106791, -240.0
1574531113.213709, -240.0
1574531113.308238, -240.0
1574531113.405131, -240.0
1574531113.503464, -240.0
1574531113.601069, -240.0
1574531115.300364, -240.0
1574531116.700321, -240.0
1574531118.281267, -240.0
1574531119.50864, -240.0
1574531120.780105, -240.0
1574531120.888489, -240.0
1574531121.014531, -240.0
1574531121.133078, -240.0
1574531121.236671, -240.0
1574531121.340492, -240.0
1574531121.444737, -240.0
1574531121.539319, -240.0
1574531121.631514, -240.0
1574531121.723719, -240.0
1574531121.815998, -240.0
1574531121.908437, -240.0
1574531122.000885, -240.0
1574531122.0935, -240.0
1574531122.186009, -240.0
1574531122.290631, -240.0
1574531122.392755, -240.0
1574531122.497057, -240.0
1574531122.593211, -240.0
1574531126.461471, -240.0
1574531126.558603, -240.0
1574531126.656315, -240.0
1574531126.755993, -240.0
1574531126.859872, -240.0
1574531126.980312, -240.0
1574531127.094585, -240.0
1574531127.207471, -240.0
1574531129.276248, -240.0
1574531130.743953, -240.0
1574531131.957494, -240.0
1574531132.072967, -240.0
1574531132.16994, -240.0
1574531132.277693, -240.0
1574531132.383388, -240.0
1574531132.4974, -240.0
1574531134.799057, -240.0
1574531136.109111, -240.0
1574531137.470646, -240.0
1574531139.66802, -240.0
1574531139.765153, -240.0
1574531139.862501, -240.0
1574531139.96435, -240.0
1574531141.909438, -240.0
1574531143.309121, -240.0
1574531144.704699, -240.0
1574531146.068589, -240.0
1574531147.567984, -240.0
1574531148.801853, -240.0
1574531150.033155, -240.0
1574531151.17826, -240.0
1574531152.402626, -240.0
1574531153.587784, -240.0
1574531155.324904, -240.0
1574531157.5433, -240.0
1574531159.540656, -240.0
1574531161.443697, -240.0
1574531162.698005, -240.0
1574531163.875146, -240.0
1574531165.109895, -240.0
1574531166.345181, -240.0
1574531167.58817, -240.0
1574531168.961678, -240.0
1574531170.381852, -240.0
1574531171.794793, -240.0
1574531173.270543, -240.0
1574531174.721989, -240.0
1574531176.070779, -240.0
1574531177.818154, -240.0
1574531179.379916, -240.0
1574531181.077826, -240.0
1574531182.582857, -240.0
1574531184.132312, -240.0
1574531185.86424, -240.0
1574531187.699928, -240.0
1574531188.956836, -240.0
1574531190.285715, -240.0
1574531191.515519, -240.0
1574531191.628735, -240.0
1574531193.207255, -240.0
1574531194.676758, -240.0
1574531196.062733, -240.0
1574531197.672841, -240.0
1574531199.864243, -240.0
1574531199.965789, -240.0
1574531200.066521, -240.0
1574531200.16657, -240.0
1574531200.264804, -240.0
1574531200.363552, -240.0
1574531200.459437, -240.0
1574531201.994524, -240.0
1574531203.55399, -240.0
1574531204.783494, -240.0
1574531205.971477, -240.0
1574531207.200145, -240.0
1574531208.438641, -240.0
1574531076.532373, -240.0
1574531078.501887, -240.0
1574531078.614019, -240.0
1574531078.717745, -240.0
1574531078.813628, -240.0
1574531078.912629, -240.0
1574531079.009654, -240.0
1574531079.108436, -240.0
1574531081.689714, -240.0
1574531083.113477, -240.0
1574531084.385758, -240.0
1574531085.589622, -240.0
1574531086.84532, -240.0
1574531088.126465, -240.0
1574531089.320183, -240.0
1574531090.591602, -240.0
1574531091.897355, -240.0
1574531093.231158, -240.0
1574531095.003046, -240.0
1574531095.099984, -240.0
1574531095.206105, -240.0
1574531095.30187, -240.0
1574531095.39814, -240.0
1574531095.493065, -240.0
1574531095.587475, -240.0
1574531095.680898, -240.0
1574531095.775341, -240.0
1574531095.871952, -240.0
1574531097.064274, -240.0
1574531098.245154, -240.0
1574531099.469976, -240.0
1574531100.729132, -240.0
1574531101.965788, -240.0
1574531103.290985, -240.0
1574531104.591919, -240.0
1574531104.690313, -240.0
1574531104.785506, -240.0
1574531104.882395, -240.0
1574531104.991998, -240.0
1574531105.08942, -240.0
1574531105.189899, -240.0
1574531105.289323, -240.0
1574531105.389728, -240.0
1574531105.490094, -240.0
1574531105.588442, -240.0
1574531105.688716, -240.0
1574531105.800595, -240.0
1574531105.905397, -240.0
1574531108.424219, -240.0
1574531109.856555, -240.0
1574531111.128757, -240.0
1574531112.402024, -240.0
1574531114.479852, -240.0
1574531114.594028, -240.0
1574531114.698872, -240.0
1574531114.799285, -240.0
1574531114.899197, -240.0
1574531115.011255, -240.0
1574531115.112045, -240.0
1574531115.214345, -240.0
1574531115.313723, -240.0
1574531115.408637, -240.0
1574531115.515409, -240.0
1574531115.616727, -240.0
1574531115.728997, -240.0
1574531115.835393, -240.0
1574531115.943965, -240.0
1574531116.055668, -240.0
1574531116.161691, -240.0
1574531116.263151, -240.0
1574531116.372035, -240.0
1574531116.479699, -240.0
1574531116.577463, -240.0
1574531118.477184, -240.0
1574531120.395416, -240.0
1574531121.78378, -240.0
1574531123.105365, -240.0
1574531123.205788, -240.0
1574531123.308603, -240.0
1574531123.402526, -240.0
1574531123.511922, -240.0
1574531123.608418, -240.0
1574531125.174966, -240.0
1574531126.680348, -240.0
1574531128.052658, -240.0
1574531129.343788, -240.0
1574531129.439157, -240.0
1574531129.5449, -240.0
1574531129.638849, -240.0
1574531129.731435, -240.0
1574531129.824998, -240.0
1574531129.918395, -240.0
1574531130.011561, -240.0
1574531130.103854, -240.0
1574531130.196561, -240.0
1574531130.296874, -240.0
1574531131.556409, -240.0
1574531132.775855, -240.0
1574531134.037178, -240.0
1574531135.305987, -240.0
1574531136.469134, -240.0
1574531137.916101, -240.0
1574531138.026314, -240.0
1574531138.122721, -240.0
1574531138.219564, -240.0
1574531138.32538, -240.0
1574531140.558005, -240.0
1574531142.033138, -240.0
1574531143.657755, -240.0
1574531145.455556, -240.0
1574531146.625578, -240.0
1574531147.900932, -240.0
1574531149.085197, -240.0
1574531150.31023, -240.0
1574531151.536658, -240.0
1574531152.832208, -240.0
1574531154.153944, -240.0
1574531155.359088, -240.0
1574531156.55703, -240.0
1574531157.790896, -240.0
1574531159.080288, -240.0
1574531160.339438, -240.0
1574531161.612386, -240.0
1574531162.853949, -240.0
1574531164.053412, -240.0
1574531165.363376, -240.0
1574531166.63282, -240.0
1574531167.853908, -240.0
1574531169.112414, -240.0
1574531170.336339, -240.0
1574531172.274167, -240.0
1574531172.374765, -240.0
1574531172.468462, -240.0
1574531172.571912, -240.0
1574531172.667163, -240.0
1574531172.767448, -240.0
1574531172.872285, -240.0
1574531172.977275, -240.0
1574531173.08167, -240.0
1574531173.182173, -240.0
1574531173.28866, -240.0
1574531173.385645, -240.0
1574531175.148213, -240.0
1574531176.531834, -240.0
1574531177.9252, -240.0
1574531179.194123, -240.0
1574531180.343619, -240.0
1574531182.256784, -240.0
1574531182.354047, -240.0
1574531182.456431, -240.0
1574531182.558075, -240.0
1574531182.656737, -240.0
1574531182.750143, -240.0
1574531182.846148, -240.0
1574531182.943046, -240.0
1574531183.050171, -240.0
1574531183.178803, -240.0
1574531183.282188, -240.0
1574531183.384999, -240.0
1574531183.486817, -240.0
1574531183.590365, -240.0
1574531183.691103, -240.0
1574531183.790881, -240.0
1574531183.890096, -240.0
1574531183.990649, -240.0
1574531184.097636, -240.0
1574531184.202504, -240.0
1574531184.295972, -240.0
1574531184.38832, -240.0
1574531184.480644, -240.0
1574531184.572558, -240.0
1574531184.665454, -240.0
1574531184.757581, -240.0
1574531184.849965, -240.0
1574531184.94433, -240.0
1574531185.037304, -240.0
1574531185.129811, -240.0
1574531185.222078, -240.0
1574531185.315561, -240.0
1574531185.412056, -240.0
1574531187.344496, -240.0
1574531188.686947, -240.0
1574531190.001189, -240.0
1574531192.110614, -240.0
1574531192.21499, -240.0
1574531192.323471, -240.0
1574531192.421088, -240.0
1574531192.522823, -240.0
1574531192.626536, -240.0
1574531195.309298, -240.0
1574531197.060102, -240.0
1574531198.745244, -240.0
1574531198.84352, -240.0
1574531198.939353, -240.0
1574531201.016579, -240.0
1574531202.831544, -240.0
1574531204.095626, -240.0
1574531204.193039, -240.0
1574531204.301532, -240.0
1574531204.397925, -240.0
1574531204.495104, -240.0
1574531204.594791, -240.0
1574531204.692856, -240.0
1574531207.460123, -240.0
1574531207.563987, -240.0
1574531207.677973, -240.0
1574531210.607551, -240.0
1574531213.255027, -240.0
1574531214.831712, -240.0
1574531216.326697, -240.0
1574531217.761221, -240.0
1574531219.343301, -240.0
1574531221.533621, -240.0
1574531223.957684, -240.0
1574531226.945004, -240.0
1574531227.04153, -240.0
1574531227.142013, -240.0
1574531227.238236, -240.0
1574531227.334187, -240.0
1574531229.557999, -240.0
1574531231.314655, -240.0
1574531232.579903, -240.0
1574531232.695953, -240.0
1574531232.799208, -240.0
1574531234.444426, -240.0
1574531235.886133, -240.0
1574531237.297615, -240.0
1574531238.900887, -240.0
1574531240.341286, -240.0
1574531242.019889, -240.0
1574531245.091367, -240.0
1574531245.189687, -240.0
1574531245.299135, -240.0
1574531245.397943, -240.0
1574531245.500583, -240.0
1574531245.600224, -240.0
1574531245.712285, -240.0
1574531245.814101, -240.0
1574531245.919637, -240.0
1574531246.024199, -240.0
1574531246.134383, -240.0
1574531246.236941, -240.0
1574531246.344289, -240.0
1574531246.445913, -240.0
1574531246.555549, -240.0
1574531246.663623, -240.0
1574531246.762863, -240.0
1574531246.872694, -240.0
1574531246.977461, -240.0
1574531247.082923, -240.0
1574531105.643888, -240.0
1574531105.737079, -240.0
1574531105.830109, -240.0
1574531105.923397, -240.0
1574531106.015338, -240.0
1574531106.108203, -240.0
1574531106.201415, -240.0
1574531106.294981, -240.0
1574531106.388432, -240.0
1574531106.49347, -240.0
1574531106.588436, -240.0
1574531106.68973, -240.0
1574531106.786561, -240.0
1574531106.885238, -240.0
1574531106.995607, -240.0
1574531107.096327, -240.0
1574531109.065132, -240.0
1574531110.07419, -240.0
1574531111.105407, -240.0
1574531112.12156, -240.0
1574531113.139163, -240.0
1574531114.18359, -240.0
1574531115.20147, -240.0
1574531116.216953, -240.0
1574531117.256639, -240.0
1574531118.290187, -240.0
1574531119.332499, -240.0
1574531121.084641, -240.0
1574531121.18195, -240.0
1574531121.274027, -240.0
1574531121.367267, -240.0
1574531121.462963, -240.0
1574531121.557382, -240.0
1574531121.651824, -240.0
1574531121.745744, -240.0
1574531121.840468, -240.0
1574531121.935888, -240.0
1574531122.031703, -240.0
1574531122.126835, -240.0
1574531122.225266, -240.0
1574531123.45574, -240.0
1574531124.534294, -240.0
1574531125.58201, -240.0
1574531125.677177, -240.0
1574531125.773038, -240.0
1574531125.867004, -240.0
1574531125.962467, -240.0
1574531126.056458, -240.0
1574531126.150003, -240.0
1574531126.243334, -240.0
1574531126.338923, -240.0
1574531129.41881, -240.0
1574531130.475031, -240.0
1574531131.491914, -240.0
1574531133.035566, -240.0
1574531133.140764, -240.0
1574531133.234209, -240.0
1574531133.328708, -240.0
1574531133.421194, -240.0
1574531133.525098, -240.0
1574531133.620109, -240.0
1574531133.719455, -240.0
1574531133.821575, -240.0
1574531133.932024, -240.0
1574531135.524985, -240.0
1574531136.66044, -240.0
1574531137.706072, -240.0
1574531138.825793, -240.0
1574531139.964925, -240.0
1574531141.043137, -240.0
1574531142.335689, -240.0
1574531143.610134, -240.0
1574531144.871812, -240.0
1574531146.084567, -240.0
1574531147.106472, -240.0
1574531147.205009, -240.0
1574531147.314653, -240.0
1574531147.410674, -240.0
1574531147.519732, -240.0
1574531147.626653, -240.0
1574531147.743558, -240.0
1574531147.85537, -240.0
1574531147.967032, -240.0
1574531148.078069, -240.0
1574531148.172258, -240.0
1574531148.266233, -240.0
1574531148.360282, -240.0
1574531148.460695, -240.0
1574531148.57331, -240.0
1574531148.675776, -240.0
1574531148.778467, -240.0
1574531148.896412, -240.0
1574531149.011094, -240.0
1574531150.845475, -240.0
1574531154.856989, -240.0
1574531154.968253, -240.0
1574531155.093802, -240.0
1574531155.209022, -240.0
1574531155.319209, -240.0
1574531155.431843, -240.0
1574531155.559227, -240.0
1574531155.667791, -240.0
1574531155.770128, -240.0
1574531155.885134, -240.0
1574531155.991361, -240.0
1574531158.243373, -240.0
1574531160.17768, -240.0
1574531160.277587, -240.0
1574531160.388238, -240.0
1574531160.499319, -240.0
1574531160.602658, -240.0
1574531160.698722, -240.0
1574531162.2491, -240.0
1574531163.542653, -240.0
1574531164.817332, -240.0
1574531166.204478, -240.0
1574531168.228344, -240.0
1574531171.104683, -240.0
1574531171.203189, -240.0
1574531171.304869, -240.0
1574531173.484684, -240.0
1574531175.996623, -240.0
1574531177.574327, -240.0
1574531178.852867, -240.0
1574531180.096773, -240.0
1574531181.29776, -240.0
1574531182.638318, -240.0
1574531183.943579, -240.0
1574531185.43391, -240.0
1574531187.185701, -240.0
1574531187.288113, -240.0
1574531187.39452, -240.0
1574531187.491047, -240.0
1574531187.604013, -240.0
1574531187.706552, -240.0
1574531187.808595, -240.0
1574531187.910339, -240.0
1574531188.009393, -240.0
1574531188.123457, -240.0
1574531188.227427, -240.0
1574531188.337339, -240.0
1574531189.891546, -240.0
1574531191.202347, -240.0
1574531192.462813, -240.0
1574531193.835424, -240.0
1574531195.147393, -240.0
1574531196.446657, -240.0
1574531197.627098, -240.0
1574531198.979617, -240.0
1574531200.268119, -240.0
1574531201.443794, -240.0
1574531202.701103, -240.0
1574531203.987678, -240.0
1574531205.236328, -240.0
1574531206.543807, -240.0
1574531207.865141, -240.0
1574531209.141286, -240.0
1574531210.68308, -240.0
1574531212.260898, -240.0
1574531214.650586, -240.0
1574531216.189723, -240.0
1574531216.288927, -240.0
1574531216.390625, -240.0
1574531216.486548, -240.0
1574531218.052974, -240.0
1574531219.534219, -240.0
1574531221.300144, -240.0
1574531223.472792, -240.0
1574531223.571901, -240.0
1574531223.676906, -240.0
1574531225.910012, -240.0
1574531227.973866, -240.0
1574531229.550793, -240.0
1574531231.121475, -240.0
1574531231.218203, -240.0
1574531233.242065, -240.0
1574531233.341483, -240.0
1574531233.449637, -240.0
1574531233.55605, -240.0
1574531235.264908, -240.0
1574531235.36138, -240.0
1574531237.366778, -240.0
1574531239.097154, -240.0
1574531240.949059, -240.0
1574531242.691037, -240.0
1574531244.078438, -240.0
1574531245.342831, -240.0
1574531246.529526, -240.0
1574531247.703288, -240.0
1574531248.924021, -240.0
1574531250.130719, -240.0
1574531251.809412, -240.0
1574531253.430077, -240.0
1574531255.2577, -240.0
1574531256.624214, -240.0
1574531258.245987, -240.0
1574531259.547146, -240.0
1574531261.389352, -240.0
1574531262.729851, -240.0
1574531262.825001, -240.0
1574531262.929105, -240.0
1574531263.024295, -240.0
1574531263.119532, -240.0
1574531265.175098, -240.0
1574531267.09874, -240.0
1574531267.199874, -240.0
1574531267.302795, -240.0
1574531267.398804, -240.0
1574531267.5055, -240.0
1574531267.611431, -240.0
1574531267.706231, -240.0
1574531267.803208, -240.0
1574531267.895185, -240.0
1574531267.98727, -240.0
1574531268.08676, -240.0
1574531268.184086, -240.0
1574531271.348541, -240.0
1574531274.011151, -240.0
1574531274.107773, -240.0
1574531274.202998, -240.0
1574531274.297759, -240.0
1574531274.392057, -240.0
1574531275.846207, -240.0
1574531277.267792, -240.0
1574531278.861764, -240.0
1574531280.326153, -240.0
1574531280.419846, -240.0
1574531282.198833, -240.0
1574531283.718843, -240.0
1574531285.193292, -240.0
1574531286.587423, -240.0
1574531287.862783, -240.0
1574531289.179227, -240.0
1574531290.420022, -240.0
1574531291.65907, -240.0
1574531292.9063, -240.0
1574531294.174218, -240.0
1574531295.416574, -240.0
1574531296.676862, -240.0
1574531298.010137, -240.0
1574531299.424684, -240.0
1574531300.726297, -240.0
1574531302.05787, -240.0
1574531303.313276, -240.0
1574531304.500326, -240.0
1574531305.717239, -240.0
1574531306.986473, -240.0
1574531308.302076, -240.0
1574531309.558785, -240.0
1574531310.815532, -240.0
1574531124.670451, -240.0
1574531124.77875, -240.0
1574531124.879931, -240.0
1574531124.992084, -240.0
1574531125.094496, -240.0
1574531125.20302, -240.0
1574531125.301425, -240.0
1574531125.41002, -240.0
1574531126.77569, -240.0
1574531128.085154, -240.0
1574531129.42474, -240.0
1574531130.81639, -240.0
1574531132.189813, -240.0
1574531133.524399, -240.0
1574531134.760361, -240.0
1574531136.123993, -240.0
1574531137.520393, -240.0
1574531139.684741, -240.0
1574531139.781505, -240.0
1574531139.884038, -240.0
1574531141.520773, -240.0
1574531142.775988, -240.0
1574531144.038858, -240.0
1574531145.277454, -240.0
1574531146.576549, -240.0
1574531147.856177, -240.0
1574531149.139531, -240.0
1574531150.384526, -240.0
1574531151.626291, -240.0
1574531152.866662, -240.0
1574531154.105285, -240.0
1574531155.331188, -240.0
1574531156.556266, -240.0
1574531157.838301, -240.0
1574531157.945585, -240.0
1574531158.03782, -240.0
1574531158.130032, -240.0
1574531158.221968, -240.0
1574531158.314927, -240.0
1574531158.407174, -240.0
1574531158.499979, -240.0
1574531158.592022, -240.0
1574531158.683694, -240.0
1574531158.775697, -240.0
1574531158.868643, -240.0
1574531158.964749, -240.0
1574531160.132733, -240.0
1574531161.406197, -240.0
1574531162.731116, -240.0
1574531163.935447, -240.0
1574531165.236586, -240.0
1574531166.428363, -240.0
1574531167.739953, -240.0
1574531169.001311, -240.0
1574531170.472144, -240.0
1574531170.575717, -240.0
1574531170.668557, -240.0
1574531170.761768, -240.0
1574531170.858507, -240.0
1574531170.958053, -240.0
1574531171.068008, -240.0
1574531171.173095, -240.0
1574531171.277798, -240.0
1574531171.399708, -240.0
1574531171.502211, -240.0
1574531172.946135, -240.0
1574531174.196575, -240.0
1574531175.56581, -240.0
1574531176.968177, -240.0
1574531178.206337, -240.0
1574531179.435332, -240.0
1574531180.708559, -240.0
1574531181.968635, -240.0
1574531183.768619, -240.0
1574531183.876207, -240.0
1574531183.968395, -240.0
1574531184.060127, -240.0
1574531184.1552, -240.0
1574531184.249309, -240.0
1574531184.344441, -240.0
1574531184.438541, -240.0
1574531184.532668, -240.0
1574531184.626847, -240.0
1574531184.721137, -240.0
1574531184.815531, -240.0
1574531184.909942, -240.0
1574531185.003901, -240.0
1574531185.097941, -240.0
1574531185.192401, -240.0
1574531185.288314, -240.0
1574531185.393424, -240.0
1574531185.491172, -240.0
1574531187.504215, -240.0
1574531188.939013, -240.0
1574531190.267357, -240.0
1574531191.5994, -240.0
1574531192.902411, -240.0
1574531194.267511, -240.0
1574531195.588241, -240.0
1574531196.815894, -240.0
1574531198.096689, -240.0
1574531199.296652, -240.0
1574531201.290568, -240.0
1574531201.391752, -240.0
1574531201.490181, -240.0
1574531201.589189, -240.0
1574531201.688035, -240.0
1574531201.800861, -240.0
1574531203.256512, -240.0
1574531204.567074, -240.0
1574531205.871012, -240.0
1574531207.194407, -240.0
1574531208.504705, -240.0
1574531209.755308, -240.0
1574531210.999089, -240.0
1574531212.150164, -240.0
1574531213.341735, -240.0
1574531214.824588, -240.0
1574531216.014677, -240.0
1574531217.622094, -240.0
1574531219.918354, -240.0
1574531222.23161, -240.0
1574531222.329959, -240.0
1574531222.428352, -240.0
1574531224.667858, -240.0
1574531226.36458, -240.0
1574531228.207234, -240.0
1574531229.438854, -240.0
1574531230.709675, -240.0
1574531232.044348, -240.0
1574531233.394571, -240.0
1574531234.663206, -240.0
1574531236.033406, -240.0
1574531237.492771, -240.0
1574531238.85109, -240.0
1574531240.100685, -240.0
1574531241.433747, -240.0
1574531242.722438, -240.0
1574531243.956283, -240.0
1574531245.617318, -240.0
1574531245.730499, -240.0
1574531245.827136, -240.0
1574531245.922052, -240.0
1574531246.019326, -240.0
1574531246.115641, -240.0
1574531246.226619, -240.0
1574531246.330288, -240.0
1574531246.434052, -240.0
1574531246.538833, -240.0
1574531246.662014, -240.0
1574531246.777872, -240.0
1574531246.883307, -240.0
1574531246.987901, -240.0
1574531247.092933, -240.0
1574531249.267735, -240.0
1574531251.302001, -240.0
1574531253.949066, -240.0
1574531254.049383, -240.0
1574531254.146958, -240.0
1574531254.245342, -240.0
1574531254.343608, -240.0
1574531254.442673, -240.0
1574531254.541144, -240.0
1574531254.64033, -240.0
1574531254.738879, -240.0
1574531254.83932, -240.0
1574531254.936864, -240.0
1574531255.03719, -240.0
1574531255.143876, -240.0
1574531255.253875, -240.0
1574531255.348576, -240.0
1574531255.444765, -240.0
1574531255.538257, -240.0
1574531255.643272, -240.0
1574531255.743496, -240.0
1574531255.843953, -240.0
1574531255.941562, -240.0
1574531256.039123, -240.0
1574531256.138784, -240.0
1574531256.235246, -240.0
1574531258.613495, -240.0
1574531260.642337, -240.0
1574531260.741207, -240.0
1574531263.217377, -240.0
1574531265.23835, -240.0
1574531265.333313, -240.0
1574531265.428486, -240.0
1574531267.446807, -240.0
1574531267.542384, -240.0
1574531267.637021, -240.0
1574531267.731233, -240.0
1574531270.34533, -240.0
1574531270.439331, -240.0
1574531270.536255, -240.0
1574531270.637938, -240.0
1574531270.745275, -240.0
1574531270.843535, -240.0
1574531272.84066, -240.0
1574531274.724307, -240.0
1574531276.843342, -240.0
1574531279.729958, -240.0
1574531279.825258, -240.0
1574531279.922907, -240.0
1574531280.02454, -240.0
1574531280.125944, -240.0
1574531280.221545, -240.0
1574531280.315905, -240.0
1574531281.959247, -240.0
1574531283.169149, -240.0
1574531284.454769, -240.0
1574531285.687966, -240.0
1574531286.982869, -240.0
1574531288.302546, -240.0
1574531289.551167, -240.0
1574531290.894068, -240.0
1574531292.195294, -240.0
1574531293.501475, -240.0
1574531294.674809, -240.0
1574531295.896119, -240.0
1574531297.091682, -240.0
1574531298.315186, -240.0
1574531299.525808, -240.0
1574531300.747868, -240.0
1574531302.020204, -240.0
1574531303.253093, -240.0
1574531304.785571, -240.0
1574531306.283946, -240.0
1574531307.66755, -240.0
1574531308.8758, -240.0
1574531310.048535, -240.0
1574531311.210586, -240.0
1574531312.450037, -240.0
1574531313.593387, -240.0
1574531314.873687, -240.0
1574531316.173238, -240.0
1574531317.508905, -240.0
1574531318.774414, -240.0
1574531319.992176, -240.0
1574531321.525982, -240.0
1574531323.025027, -240.0
1574531324.808712, -240.0
1574531326.202895, -240.0
1574531327.643587, -240.0
1574531328.84399, -240.0
1574531330.078553, -240.0
1574531331.746318, -240.0
1574531333.027214, -240.0
1574531334.219369, -240.0
1574531335.959788, -240.0
1574531337.851294, -240.0
1574531209.811891, -240.0
1574531211.188873, -240.0
1574531212.654403, -240.0
1574531214.052668, -240.0
1574531215.354155, -240.0
1574531216.70275, -240.0
1574531218.096703, -240.0
1574531219.410142, -240.0
1574531220.817867, -240.0
1574531222.217464, -240.0
1574531223.658201, -240.0
1574531225.01391, -240.0
1574531226.343904, -240.0
1574531227.663054, -240.0
1574531229.005006, -240.0
1574531230.427122, -240.0
1574531231.746897, -240.0
1574531233.102142, -240.0
1574531234.451188, -240.0
1574531235.908265, -240.0
1574531237.303445, -240.0
1574531238.70357, -240.0
1574531240.065005, -240.0
1574531240.185156, -240.0
1574531240.282209, -240.0
1574531240.383734, -240.0
1574531240.478901, -240.0
1574531240.578303, -240.0
1574531240.690007, -240.0
1574531240.791441, -240.0
1574531240.891687, -240.0
1574531240.998854, -240.0
1574531241.09517, -240.0
1574531241.206205, -240.0
1574531241.308013, -240.0
1574531241.420462, -240.0
1574531242.754098, -240.0
1574531244.072115, -240.0
1574531245.32134, -240.0
1574531246.577873, -240.0
1574531247.816929, -240.0
1574531249.369424, -240.0
1574531249.475631, -240.0
1574531249.567264, -240.0
1574531249.658823, -240.0
1574531249.750934, -240.0
1574531249.842846, -240.0
1574531249.934962, -240.0
1574531250.026841, -240.0
1574531250.118665, -240.0
1574531250.212312, -240.0
1574531252.5657, -240.0
1574531253.826471, -240.0
1574531255.059254, -240.0
1574531256.272846, -240.0
1574531257.498213, -240.0
1574531258.679798, -240.0
1574531259.853648, -240.0
1574531261.045786, -240.0
1574531262.186862, -240.0
1574531263.41514, -240.0
1574531264.659635, -240.0
1574531264.756604, -240.0
1574531266.156029, -240.0
1574531267.440381, -240.0
1574531268.656855, -240.0
1574531270.099922, -240.0
1574531270.196527, -240.0
1574531270.297685, -240.0
1574531270.402862, -240.0
1574531270.500905, -240.0
1574531270.593294, -240.0
1574531270.685108, -240.0
1574531270.777163, -240.0
1574531270.868782, -240.0
1574531270.960446, -240.0
1574531271.054323, -240.0
1574531273.474028, -240.0
1574531274.684673, -240.0
1574531275.851965, -240.0
1574531277.058032, -240.0
1574531278.226303, -240.0
1574531279.854259, -240.0
1574531279.95913, -240.0
1574531280.051584, -240.0
1574531280.143796, -240.0
1574531280.236001, -240.0
1574531280.328129, -240.0
1574531280.420829, -240.0
1574531280.512968, -240.0
1574531280.605492, -240.0
1574531280.701062, -240.0
1574531281.953133, -240.0
1574531283.133293, -240.0
1574531284.3469, -240.0
1574531285.542811, -240.0
1574531286.795479, -240.0
1574531288.01933, -240.0
1574531289.30738, -240.0
1574531290.575833, -240.0
1574531291.783432, -240.0
1574531293.477902, -240.0
1574531293.575096, -240.0
1574531293.681824, -240.0
1574531294.982884, -240.0
1574531296.285217, -240.0
1574531297.751296, -240.0
1574531299.153117, -240.0
1574531300.421737, -240.0
1574531301.609475, -240.0
1574531303.123453, -240.0
1574531304.989408, -240.0
1574531306.867975, -240.0
1574531308.487595, -240.0
1574531309.791083, -240.0
1574531311.055005, -240.0
1574531312.263919, -240.0
1574531313.52608, -240.0
1574531314.745854, -240.0
1574531315.980748, -240.0
1574531317.147152, -240.0
1574531318.382421, -240.0
1574531319.514671, -240.0
1574531320.654728, -240.0
1574531321.856548, -240.0
1574531322.983195, -240.0
1574531324.197609, -240.0
1574531325.761815, -240.0
1574531325.858013, -240.0
1574531325.956191, -240.0
1574531326.064241, -240.0
1574531326.159325, -240.0
1574531326.25854, -240.0
1574531328.489818, -240.0
1574531330.015199, -240.0
1574531331.23542, -240.0
1574531332.378329, -240.0
1574531333.995422, -240.0
1574531334.095569, -240.0
1574531334.189354, -240.0
1574531334.281455, -240.0
1574531334.373773, -240.0
1574531334.466826, -240.0
1574531334.56604, -240.0
1574531334.659001, -240.0
1574531334.752493, -240.0
1574531334.858741, -240.0
1574531334.95546, -240.0
1574531335.051214, -240.0
1574531337.192351, -240.0
1574531339.510457, -240.0
1574531341.797756, -240.0
1574531341.89282, -240.0
1574531344.770519, -240.0
1574531344.864922, -240.0
1574531344.959582, -240.0
1574531347.13041, -240.0
1574531349.244494, -240.0
1574531350.964922, -240.0
1574531353.167463, -240.0
1574531354.488566, -240.0
1574531355.740885, -240.0
1574531356.922701, -240.0
1574531358.178938, -240.0
1574531358.280977, -240.0
1574531358.375289, -240.0
1574531360.234684, -240.0
1574531362.057799, -240.0
1574531363.897092, -240.0
1574531365.111943, -240.0
1574531366.283307, -240.0
1574531367.539837, -240.0
1574531368.659618, -240.0
1574531369.940258, -240.0
1574531371.114105, -240.0
1574531372.315655, -240.0
1574531373.729099, -240.0
1574531375.844454, -240.0
1574531375.938859, -240.0
1574531378.315026, -240.0
1574531380.851187, -240.0
1574531380.949038, -240.0
1574531382.532789, -240.0
1574531384.369458, -240.0
1574531386.225274, -240.0
1574531387.974311, -240.0
1574531388.06844, -240.0
1574531390.323058, -240.0
1574531392.296537, -240.0
1574531394.112678, -240.0
1574531394.210663, -240.0
1574531394.31665, -240.0
1574531394.424728, -240.0
1574531394.532042, -240.0
1574531394.63888, -240.0
1574531394.746403, -240.0
1574531394.843991, -240.0
1574531394.937103, -240.0
1574531395.033494, -240.0
1574531395.126462, -240.0
1574531395.218533, -240.0
1574531395.310785, -240.0
1574531395.405262, -240.0
1574531395.499244, -240.0
1574531395.592967, -240.0
1574531395.685167, -240.0
1574531395.778052, -240.0
1574531395.87329, -240.0
1574531395.970808, -240.0
1574531396.064015, -240.0
1574531396.156276, -240.0
1574531396.248819, -240.0
1574531396.341994, -240.0
1574531396.446796, -240.0
1574531396.55497, -240.0
1574531396.662755, -240.0
1574531396.756732, -240.0
1574531399.040337, -240.0
1574531400.515088, -240.0
1574531402.658467, -240.0
1574531402.755025, -240.0
1574531402.850263, -240.0
1574531402.944562, -240.0
1574531403.04, -240.0
1574531403.134699, -240.0
1574531405.672045, -240.0
1574531407.543481, -240.0
1574531409.599392, -240.0
1574531410.897791, -240.0
1574531412.192436, -240.0
1574531413.486997, -240.0
1574531414.80303, -240.0
1574531416.097001, -240.0
1574531417.313445, -240.0
1574531418.856262, -240.0
1574531420.506209, -240.0
1574531422.993038, -240.0
1574531423.08694, -240.0
1574531425.535256, -240.0
1574531425.629956, -240.0
1574531425.724486, -240.0
1574531425.818895, -240.0
1574531427.804355, -240.0
1574531430.141993, -240.0
1574531431.405527, -240.0
1574531432.715604, -240.0
1574531433.959858, -240.0
1574531435.433927, -240.0
1574531437.168015, -240.0
1574531438.513104, -240.0
