1574531458.877849, -286.0
1574531459.930076, -286.0
1574531460.906399, -286.0
1574531461.861789, -286.0
1574531462.833645, -286.0
1574531463.873088, -276.0
1574531464.811948, -276.0
1574531465.757101, -276.0
1574531466.679598, -276.0
1574531467.597342, -276.0
1574531468.521637, -274.0
1574531469.445007, -274.0
1574531470.377236, -274.0
1574531471.328116, -274.0
1574531475.102825, -273.0
1574531482.374615, -272.0
1574531484.769897, -272.0
1574531487.160326, -272.0
1574531488.152884, -272.0
1574531489.126363, -272.0
1574531491.482445, -272.0
1574531493.982118, -272.0
1574531494.902863, -272.0
1574531495.822056, -272.0
1574531498.467393, -272.0
1574531501.669766, -272.0
1574531505.091926, -269.0
1574531506.013417, -269.0
1574531506.943672, -269.0
1574531509.178891, -269.0
1574531510.149445, -269.0
1574531511.123135, -269.0
1574531512.049723, -269.0
1574531514.197831, -269.0
1574531518.73157, -269.0
1574531532.159268, -269.0
1574531545.178554, -269.0
1574531555.071406, -269.0
1574531564.380092, -269.0
1574531572.751064, -269.0
1574531582.359063, -269.0
1574531590.443415, -269.0
1574531602.549451, -269.0
1574531617.093625, -269.0
1574531627.852473, -269.0
1574531639.794439, -269.0
1574531648.816571, -269.0
1574531660.812275, -269.0
1574531667.663578, -269.0
1574531680.189012, -269.0
1574531456.320596, -286.0
1574531456.927655, -286.0
1574531457.478455, -286.0
1574531458.111499, -286.0
1574531463.535764, -276.0
1574531464.102301, -276.0
1574531466.022379, -276.0
1574531466.608884, -276.0
1574531472.229323, -273.0
1574531474.64147, -273.0
1574531475.262233, -273.0
1574531477.239927, -273.0
1574531481.214061, -272.0
1574531482.93654, -272.0
1574531484.412101, -272.0
1574531485.885455, -272.0
1574531487.305718, -272.0
1574531488.729393, -272.0
1574531490.250096, -272.0
1574531494.571236, -272.0
1574531499.970592, -272.0
1574531508.590641, -269.0
1574531513.06958, -269.0
1574531514.77065, -269.0
1574531518.065655, -269.0
1574531520.979899, -269.0
1574531524.432743, -269.0
1574531526.452882, -269.0
1574531532.007211, -269.0
1574531539.192573, -269.0
1574531545.734983, -269.0
1574531552.631172, -269.0
1574531559.686273, -269.0
1574531567.886747, -269.0
1574531574.669788, -269.0
1574531584.928308, -269.0
1574531594.296835, -269.0
1574531604.175059, -269.0
1574531614.739772, -269.0
1574531621.981564, -269.0
1574531625.969722, -269.0
1574531630.177152, -269.0
1574531632.789866, -269.0
1574531635.191137, -269.0
1574531641.218273, -269.0
1574531646.500524, -269.0
1574531651.608181, -269.0
1574531656.998436, -269.0
1574531662.488032, -269.0
1574531667.430434, -269.0
1574531454.641373, -286.0
1574531455.15634, -286.0
1574531455.642121, -286.0
1574531456.103864, -286.0
1574531456.599355, -286.0
1574531457.076476, -286.0
1574531457.538016, -286.0
1574531457.997648, -286.0
1574531458.461088, -286.0
1574531458.939803, -286.0
1574531465.501457, -276.0
1574531471.796721, -273.0
1574531478.263326, -272.0
1574531484.639911, -272.0
1574531491.271431, -272.0
1574531497.730884, -272.0
1574531504.204961, -269.0
1574531510.559503, -269.0
1574531517.069942, -269.0
1574531523.47576, -269.0
1574531529.835097, -269.0
1574531536.394142, -269.0
1574531542.814743, -269.0
1574531549.501858, -269.0
1574531555.996028, -269.0
1574531562.469545, -269.0
1574531568.958332, -269.0
1574531575.536869, -269.0
1574531582.215535, -269.0
1574531588.960394, -269.0
1574531595.477557, -269.0
1574531602.490781, -269.0
1574531609.301194, -269.0
1574531615.79223, -269.0
1574531622.242353, -269.0
1574531628.744535, -269.0
1574531635.188338, -269.0
1574531641.635796, -269.0
1574531648.314973, -269.0
1574531655.061899, -269.0
1574531661.412632, -269.0
1574531668.158961, -269.0
1574531674.601733, -269.0
1574531681.1325, -269.0
1574531687.640929, -269.0
1574531694.07374, -269.0
1574531700.42662, -269.0
1574531706.906266, -269.0
1574531713.225833, -269.0
1574531719.705319, -269.0
1574531454.570489, -286.0
1574531454.98527, -286.0
1574531455.377048, -286.0
1574531455.746017, -286.0
1574531456.114943, -286.0
1574531456.481823, -286.0
1574531456.849375, -286.0
1574531457.215909, -286.0
1574531457.59018, -286.0
1574531457.974326, -286.0
1574531463.106444, -276.0
1574531468.254598, -274.0
1574531473.356022, -273.0
1574531478.614533, -272.0
1574531483.91688, -272.0
1574531489.062033, -272.0
1574531494.532512, -272.0
1574531500.139889, -272.0
1574531505.344, -269.0
1574531510.789695, -269.0
1574531516.054002, -269.0
1574531521.451083, -269.0
1574531526.755226, -269.0
1574531531.961471, -269.0
1574531537.036593, -269.0
1574531542.231876, -269.0
1574531547.341555, -269.0
1574531552.501874, -269.0
1574531557.673789, -269.0
1574531562.928474, -269.0
1574531568.110201, -269.0
1574531573.395362, -269.0
1574531578.571691, -269.0
1574531583.690742, -269.0
1574531588.91687, -269.0
1574531593.943594, -269.0
1574531599.15851, -269.0
1574531604.506786, -269.0
1574531609.764149, -269.0
1574531614.960145, -269.0
1574531620.069325, -269.0
1574531625.200252, -269.0
1574531630.408724, -269.0
1574531635.65899, -269.0
1574531640.858475, -269.0
1574531646.188421, -269.0
1574531651.422928, -269.0
1574531656.740998, -269.0
1574531662.04222, -269.0
1574531667.342469, -269.0
1574531667.793715, -269.0
1574531668.175322, -269.0
1574531668.567116, -269.0
1574531668.934078, -269.0
1574531669.303287, -269.0
1574531669.700005, -269.0
1574531670.136537, -269.0
1574531670.542258, -269.0
1574531675.602978, -269.0
1574531680.371763, -269.0
1574531685.058818, -269.0
1574531689.664392, -269.0
1574531694.512261, -269.0
1574531699.215001, -269.0
1574531704.171154, -269.0
1574531707.918538, -269.0
1574531711.854814, -269.0
1574531714.545723, -269.0
1574531719.507958, -269.0
1574531722.121605, -269.0
1574531724.70889, -269.0
1574531727.210181, -269.0
1574531729.743942, -269.0
1574531733.785249, -269.0
1574531738.873818, -269.0
1574531743.603839, -269.0
1574531748.472042, -269.0
1574531753.226771, -269.0
1574531757.886659, -269.0
1574531762.656791, -269.0
1574531767.189639, -269.0
1574531771.722105, -269.0
1574531776.642641, -269.0
1574531781.644467, -269.0
1574531786.501503, -269.0
1574531791.294855, -269.0
1574531796.079001, -269.0
1574531801.062914, -269.0
1574531806.039907, -269.0
1574531810.87768, -269.0
1574531815.674091, -269.0
1574531820.671227, -269.0
1574531825.559983, -269.0
1574531830.30239, -269.0
1574531835.137207, -269.0
1574531839.787533, -267.0
1574531844.261276, -267.0
1574531849.013366, -267.0
1574531853.741831, -267.0
1574531858.399167, -267.0
1574531667.705015, -269.0
1574531667.90136, -269.0
1574531668.11018, -269.0
1574531668.315382, -269.0
1574531668.51262, -269.0
1574531668.732677, -269.0
1574531668.941899, -269.0
1574531669.151255, -269.0
1574531669.383678, -269.0
1574531669.584287, -269.0
1574531670.982989, -269.0
1574531672.006126, -269.0
1574531672.970697, -269.0
1574531673.959859, -269.0
1574531675.87546, -269.0
1574531677.563863, -269.0
1574531679.260361, -269.0
1574531681.012433, -269.0
1574531682.820564, -269.0
1574531684.69105, -269.0
1574531686.544896, -269.0
1574531688.275201, -269.0
1574531690.217225, -269.0
1574531692.524963, -269.0
1574531696.085334, -269.0
1574531696.294928, -269.0
1574531699.548352, -269.0
1574531701.356951, -269.0
1574531703.256043, -269.0
1574531705.059758, -269.0
1574531706.887278, -269.0
1574531708.69995, -269.0
1574531710.607289, -269.0
1574531712.48929, -269.0
1574531714.396806, -269.0
1574531716.19146, -269.0
1574531717.978081, -269.0
1574531719.75148, -269.0
1574531721.550244, -269.0
1574531723.428907, -269.0
1574531725.288855, -269.0
1574531727.543776, -269.0
1574531729.569282, -269.0
1574531732.085796, -269.0
1574531734.615006, -269.0
1574531736.392187, -269.0
1574531738.07754, -269.0
1574531739.846808, -269.0
1574531741.577676, -269.0
1574531743.302019, -269.0
1574531680.458991, -269.0
1574531680.644717, -269.0
1574531680.830353, -269.0
1574531681.018048, -269.0
1574531681.204322, -269.0
1574531681.390283, -269.0
1574531681.592137, -269.0
1574531681.7866, -269.0
1574531681.978078, -269.0
1574531682.180605, -269.0
1574531682.376792, -269.0
1574531682.57832, -269.0
1574531682.767283, -269.0
1574531682.956164, -269.0
1574531683.14406, -269.0
1574531683.329575, -269.0
1574531683.517501, -269.0
1574531683.706338, -269.0
1574531683.892096, -269.0
1574531684.095263, -269.0
1574531684.290173, -269.0
1574531684.478976, -269.0
1574531684.679526, -269.0
1574531684.874499, -269.0
1574531685.076019, -269.0
1574531685.263864, -269.0
1574531685.460131, -269.0
1574531685.663455, -269.0
1574531685.855813, -269.0
1574531686.050293, -269.0
1574531686.252198, -269.0
1574531686.446832, -269.0
1574531686.656831, -269.0
1574531686.845486, -269.0
1574531687.122898, -269.0
1574531687.319961, -269.0
1574531687.514689, -269.0
1574531687.711264, -269.0
1574531687.901075, -269.0
1574531688.103156, -269.0
1574531688.300557, -269.0
1574531688.496043, -269.0
1574531688.695901, -269.0
1574531688.889084, -269.0
1574531689.095086, -269.0
1574531689.285288, -269.0
1574531689.474792, -269.0
1574531689.679271, -269.0
1574531689.869487, -269.0
1574531690.058154, -269.0
1574531692.135094, -269.0
1574531692.535469, -269.0
1574531692.943284, -269.0
1574531697.111854, -269.0
1574531697.481781, -269.0
1574531699.566103, -269.0
1574531699.950056, -269.0
1574531700.334463, -269.0
1574531702.797941, -269.0
1574531703.177959, -269.0
1574531703.552885, -269.0
1574531703.940005, -269.0
1574531704.336633, -269.0
1574531704.708516, -269.0
1574531705.078734, -269.0
1574531705.449556, -269.0
1574531705.819441, -269.0
1574531706.199636, -269.0
1574531708.055875, -269.0
1574531708.443258, -269.0
1574531708.817105, -269.0
1574531709.193278, -269.0
1574531709.566111, -269.0
1574531709.949223, -269.0
1574531710.337777, -269.0
1574531710.733771, -269.0
1574531711.108822, -269.0
1574531714.624326, -269.0
1574531715.010935, -269.0
1574531715.410163, -269.0
1574531715.796606, -269.0
1574531716.185096, -269.0
1574531716.573438, -269.0
1574531716.974237, -269.0
1574531717.376688, -269.0
1574531717.764203, -269.0
1574531718.146359, -269.0
1574531718.516401, -269.0
1574531718.895119, -269.0
1574531719.283597, -269.0
1574531719.682841, -269.0
1574531720.051888, -269.0
1574531720.437841, -269.0
1574531720.826264, -269.0
1574531721.216767, -269.0
1574531721.599827, -269.0
1574531721.989133, -269.0
1574531722.379026, -269.0
1574531722.75198, -269.0
1574531723.12098, -269.0
1574531721.869843, -269.0
1574531722.275771, -269.0
1574531722.676466, -269.0
1574531723.067941, -269.0
1574531723.463609, -269.0
1574531723.832667, -269.0
1574531724.222964, -269.0
1574531724.618411, -269.0
1574531724.993376, -269.0
1574531725.362707, -269.0
1574531725.731147, -269.0
1574531726.099703, -269.0
1574531726.470575, -269.0
1574531728.45708, -269.0
1574531728.857878, -269.0
1574531729.225169, -269.0
1574531729.593567, -269.0
1574531729.961322, -269.0
1574531730.328739, -269.0
1574531730.698027, -269.0
1574531731.075669, -269.0
1574531737.452337, -269.0
1574531742.842741, -269.0
1574531747.365836, -269.0
1574531748.975148, -269.0
1574531753.974651, -269.0
1574531759.040147, -269.0
1574531764.10731, -269.0
1574531769.383175, -269.0
1574531773.409683, -269.0
1574531777.365506, -269.0
1574531781.296915, -269.0
1574531785.139368, -269.0
1574531787.851262, -269.0
1574531790.630371, -269.0
1574531793.334333, -269.0
1574531798.501451, -269.0
1574531803.647092, -269.0
1574531808.837499, -269.0
1574531813.799723, -269.0
1574531818.768874, -269.0
1574531824.013516, -269.0
1574531829.321874, -269.0
1574531834.65279, -269.0
1574531840.10463, -267.0
1574531845.480282, -267.0
1574531851.426354, -267.0
1574531856.6576, -267.0
1574531861.967747, -267.0
1574531866.191185, -267.0
1574531724.573388, -269.0
1574531724.787455, -269.0
1574531724.983831, -269.0
1574531725.196693, -269.0
1574531725.405244, -269.0
1574531725.597597, -269.0
1574531725.792019, -269.0
1574531725.979139, -269.0
1574531726.177255, -269.0
1574531726.371109, -269.0
1574531726.579297, -269.0
1574531726.784314, -269.0
1574531726.981747, -269.0
1574531727.19014, -269.0
1574531727.387397, -269.0
1574531727.592727, -269.0
1574531727.797098, -269.0
1574531727.989242, -269.0
1574531728.199327, -269.0
1574531728.39495, -269.0
1574531728.595305, -269.0
1574531728.801765, -269.0
1574531729.011685, -269.0
1574531729.219062, -269.0
1574531729.415178, -269.0
1574531729.62037, -269.0
1574531729.829629, -269.0
1574531730.031996, -269.0
1574531730.240231, -269.0
1574531730.443141, -269.0
1574531730.64975, -269.0
1574531730.864771, -269.0
1574531731.070094, -269.0
1574531731.283941, -269.0
1574531732.864584, -269.0
1574531733.062436, -269.0
1574531733.266401, -269.0
1574531733.464824, -269.0
1574531733.668374, -269.0
1574531733.869901, -269.0
1574531735.325635, -269.0
1574531736.677635, -269.0
1574531738.052185, -269.0
1574531739.450828, -269.0
1574531740.845728, -269.0
1574531742.20425, -269.0
1574531743.520767, -269.0
1574531746.656726, -269.0
1574531749.052395, -269.0
1574531751.642078, -269.0
1574531743.790735, -269.0
1574531744.163242, -269.0
1574531744.534246, -269.0
1574531744.921671, -269.0
1574531745.341377, -269.0
1574531745.72944, -269.0
1574531746.107911, -269.0
1574531746.499485, -269.0
1574531746.890979, -269.0
1574531747.27652, -269.0
1574531747.670119, -269.0
1574531748.061311, -269.0
1574531751.505825, -269.0
1574531756.890272, -269.0
1574531762.042574, -269.0
1574531767.152376, -269.0
1574531772.375002, -269.0
1574531777.396135, -269.0
1574531782.50675, -269.0
1574531787.585021, -269.0
1574531792.629441, -269.0
1574531797.780225, -269.0
1574531802.781824, -269.0
1574531808.024291, -269.0
1574531813.150976, -269.0
1574531818.488644, -269.0
1574531823.728539, -269.0
1574531828.802106, -269.0
1574531834.058332, -269.0
1574531839.16064, -269.0
1574531844.360642, -267.0
1574531849.536821, -267.0
1574531854.914537, -267.0
1574531860.160467, -267.0
1574531865.184923, -267.0
1574531870.288147, -267.0
1574531875.405499, -267.0
1574531880.302694, -267.0
1574531885.401771, -267.0
1574531890.525317, -267.0
1574531895.728836, -267.0
1574531900.739236, -267.0
1574531905.746154, -267.0
1574531910.722319, -267.0
1574531915.743191, -267.0
1574531920.770268, -267.0
1574531925.619797, -267.0
1574531930.552978, -267.0
1574531935.497258, -267.0
1574531940.532049, -267.0
1574531751.981339, -269.0
1574531752.277293, -269.0
1574531752.567101, -269.0
1574531752.866122, -269.0
1574531753.166497, -269.0
1574531753.467588, -269.0
1574531753.769102, -269.0
1574531754.071331, -269.0
1574531754.374548, -269.0
1574531754.680773, -269.0
1574531754.970298, -269.0
1574531755.270695, -269.0
1574531755.588562, -269.0
1574531755.883944, -269.0
1574531756.185059, -269.0
1574531756.486989, -269.0
1574531758.85809, -269.0
1574531762.976079, -269.0
1574531767.176346, -269.0
1574531771.46592, -269.0
1574531775.533314, -269.0
1574531779.41136, -269.0
1574531783.272494, -269.0
1574531787.236033, -269.0
1574531791.143776, -269.0
1574531795.269778, -269.0
1574531799.237911, -269.0
1574531803.211064, -269.0
1574531807.097657, -269.0
1574531811.14065, -269.0
1574531815.237307, -269.0
1574531819.393825, -269.0
1574531823.296014, -269.0
1574531827.273194, -269.0
1574531831.408731, -269.0
1574531835.234625, -269.0
1574531838.969353, -269.0
1574531842.619606, -267.0
1574531846.263542, -267.0
1574531849.975581, -267.0
1574531853.558419, -267.0
1574531857.242721, -267.0
1574531860.957973, -267.0
1574531864.447935, -267.0
1574531868.128481, -267.0
1574531871.647931, -267.0
1574531875.215486, -267.0
1574531878.661124, -267.0
1574531882.052032, -267.0
1574531885.649426, -267.0
1574531979.998061, -267.0
1574531980.098588, -267.0
1574531980.191224, -267.0
1574531980.289717, -267.0
1574531981.540175, -267.0
1574531982.693623, -267.0
1574531983.847561, -267.0
1574531983.945433, -267.0
1574531984.046966, -267.0
1574531984.153126, -267.0
1574531984.263329, -267.0
1574531984.370443, -267.0
1574531984.47818, -267.0
1574531984.584505, -267.0
1574531984.690938, -267.0
1574531984.798778, -267.0
1574531984.907112, -267.0
1574531985.016132, -267.0
1574531986.453425, -267.0
1574531987.540755, -267.0
1574531988.714612, -267.0
1574531989.901198, -267.0
1574531991.046034, -267.0
1574531992.192783, -267.0
1574531993.395071, -267.0
1574531994.658107, -267.0
1574531995.917239, -267.0
1574531997.143267, -267.0
1574531998.389223, -267.0
1574531999.595223, -267.0
1574532000.762594, -267.0
1574532001.938254, -267.0
1574532003.091675, -267.0
1574532004.240069, -267.0
1574532005.37692, -267.0
1574532006.593628, -267.0
1574532007.709447, -267.0
1574532008.845534, -267.0
1574532010.00358, -267.0
1574532011.265984, -267.0
1574532012.501634, -267.0
1574532013.619004, -267.0
1574532014.770158, -267.0
1574532015.972006, -267.0
1574532017.093502, -267.0
1574532018.260656, -267.0
1574532019.400674, -267.0
1574532020.477913, -267.0
1574532021.626609, -267.0
1574532022.775142, -267.0
1574532023.975728, -267.0
1574532025.114648, -267.0
1574532026.267815, -267.0
1574532027.43055, -267.0
1574532028.603443, -267.0
1574532029.728392, -267.0
1574532030.944913, -267.0
1574532032.074824, -267.0
1574532033.236625, -267.0
1574532034.485519, -267.0
1574532035.669851, -267.0
1574532036.864583, -267.0
1574532038.109654, -267.0
1574532039.254685, -267.0
1574532040.363022, -267.0
1574532041.570337, -267.0
1574532042.718381, -267.0
1574532043.93116, -267.0
1574532045.143216, -267.0
1574532046.431861, -267.0
1574532047.607381, -267.0
1574532048.783178, -267.0
1574532050.023534, -267.0
1574532051.334666, -267.0
1574532052.568296, -267.0
1574532053.868405, -267.0
1574532055.094302, -267.0
1574532056.334496, -267.0
1574532057.504462, -267.0
1574532058.651312, -267.0
1574532059.813454, -267.0
1574532061.043766, -267.0
1574532062.240611, -267.0
1574532063.427823, -267.0
1574532064.614693, -267.0
1574532065.83672, -267.0
1574532067.048885, -267.0
1574532068.305096, -267.0
1574532069.532995, -267.0
1574532070.796561, -267.0
1574532072.03025, -267.0
1574532073.248216, -267.0
1574532074.449966, -267.0
1574532075.68252, -267.0
1574532076.874732, -267.0
1574532078.07776, -267.0
1574532079.2942, -267.0
1574532080.555246, -267.0
1574532081.755084, -267.0
1574532083.031442, -267.0
1574532084.176494, -267.0
1574532085.335632, -267.0
1574532086.594516, -267.0
1574532087.697778, -267.0
1574532088.897565, -267.0
1574532090.032543, -267.0
1574532091.206274, -267.0
1574532092.446134, -267.0
1574532093.639773, -267.0
1574532094.796373, -267.0
1574532095.996027, -267.0
1574532097.148026, -267.0
1574532098.355801, -267.0
1574532099.523751, -267.0
1574532100.732558, -267.0
1574532101.901744, -267.0
1574532103.144793, -267.0
1574532104.365639, -267.0
1574532105.59845, -267.0
1574532106.845152, -267.0
1574532108.260205, -267.0
1574532109.792379, -267.0
1574532111.213939, -267.0
1574532112.296701, -267.0
1574532113.397493, -267.0
1574532114.52634, -267.0
1574532115.667497, -267.0
1574532116.8397, -267.0
1574532118.050835, -267.0
1574532119.292067, -267.0
1574532120.540605, -267.0
1574532121.693207, -267.0
1574532122.828053, -267.0
1574532123.974965, -267.0
1574532125.10447, -267.0
1574532126.314906, -267.0
1574532127.399781, -267.0
1574532128.549785, -267.0
1574532129.776381, -267.0
1574532130.954326, -267.0
1574532132.074916, -267.0
1574532133.328151, -267.0
1574532134.501291, -267.0
1574532135.597908, -267.0
1574532136.693218, -267.0
1574532137.895104, -267.0
1574532139.058637, -267.0
1574532140.278841, -267.0
1574532141.537698, -267.0
1574532142.813863, -267.0
1574532144.042251, -267.0
1574532145.295298, -267.0
1574532146.56592, -267.0
1574532147.754458, -267.0
1574532148.953443, -267.0
1574532150.109119, -267.0
1574532151.317548, -267.0
1574532152.525574, -267.0
1574532153.697144, -267.0
1574532154.828909, -267.0
1574532155.949405, -267.0
1574532157.095844, -267.0
1574532158.349951, -267.0
1574532159.476674, -267.0
1574532160.59963, -267.0
1574532161.694922, -267.0
1574532162.902679, -267.0
1574532164.156494, -267.0
1574532165.355731, -267.0
1574532166.470405, -267.0
1574532167.662421, -267.0
1574532168.853647, -267.0
1574532170.015223, -267.0
1574532171.155829, -267.0
1574532172.267214, -267.0
1574532173.471441, -267.0
1574532174.700998, -267.0
1574532175.814291, -267.0
1574532176.987651, -267.0
1574532178.162561, -267.0
1574532179.330813, -267.0
1574532180.534456, -267.0
1574532181.764419, -267.0
1574532182.903954, -267.0
1574532184.142993, -267.0
1574532185.292935, -267.0
1574532186.486659, -267.0
1574532187.616544, -267.0
1574532188.765896, -267.0
1574532189.979694, -267.0
1574532191.176762, -267.0
1574532192.352992, -267.0
1574532193.484119, -267.0
1574532194.654589, -267.0
1574532195.805931, -267.0
1574532196.989131, -267.0
1574532198.109933, -267.0
1574532199.228454, -267.0
1574532200.366924, -267.0
1574532201.556905, -267.0
1574532202.807514, -267.0
1574532204.102459, -267.0
1574532205.393578, -267.0
1574532206.711864, -267.0
1574532208.407572, -267.0
1574532209.702974, -267.0
1574532210.871474, -267.0
1574532212.157021, -267.0
1574532213.253266, -267.0
1574532214.432649, -267.0
1574532215.717814, -267.0
1574532216.926678, -267.0
1574532218.051083, -267.0
1574532219.113121, -267.0
1574532220.294337, -267.0
1574532221.514635, -267.0
1574532222.687421, -267.0
1574532223.778506, -267.0
1574532224.939605, -267.0
1574532226.087547, -267.0
1574532227.222747, -267.0
1574532228.364107, -267.0
1574532229.464177, -267.0
1574532230.706224, -267.0
1574532231.907013, -267.0
1574532233.113252, -267.0
1574532234.38556, -267.0
1574532235.573733, -267.0
1574532236.83462, -267.0
1574532238.034144, -267.0
1574532239.202341, -267.0
1574532240.457521, -267.0
1574532241.637668, -267.0
1574532242.818174, -267.0
1574532244.047519, -267.0
1574532245.227716, -267.0
1574532246.431133, -267.0
1574532247.648204, -267.0
1574532248.848553, -267.0
1574532250.047717, -267.0
1574532251.166777, -267.0
1574532252.283954, -267.0
1574532253.480715, -267.0
1574532254.658796, -267.0
1574532255.801227, -267.0
1574532256.924055, -267.0
1574532258.063061, -267.0
1574532259.249154, -267.0
1574532260.372253, -267.0
1574532261.495659, -267.0
1574531980.830542, -267.0
1574531981.781562, -267.0
1574531982.711846, -267.0
1574531983.610423, -267.0
1574531984.466319, -267.0
1574531985.399395, -267.0
1574531986.389925, -267.0
1574531987.321382, -267.0
1574531988.451073, -267.0
1574531989.549009, -267.0
1574531990.667788, -267.0
1574531991.570074, -267.0
1574531992.707824, -267.0
1574531993.785516, -267.0
1574531994.921458, -267.0
1574531996.066364, -267.0
1574531997.251565, -267.0
1574531998.439219, -267.0
1574531999.596237, -267.0
1574532000.728863, -267.0
1574532001.922705, -267.0
1574532003.067301, -267.0
1574532004.278434, -267.0
1574532005.45417, -267.0
1574532006.563091, -267.0
1574532007.778423, -267.0
1574532008.906014, -267.0
1574532010.111159, -267.0
1574532011.313531, -267.0
1574532012.56219, -267.0
1574532013.747754, -267.0
1574532015.03566, -267.0
1574532016.182686, -267.0
1574532017.410353, -267.0
1574532018.611996, -267.0
1574532019.823521, -267.0
1574532021.022887, -267.0
1574532022.25648, -267.0
1574532023.527979, -267.0
1574532024.7827, -267.0
1574532026.000041, -267.0
1574532027.234165, -267.0
1574532028.475975, -267.0
1574532029.696767, -267.0
1574532030.954654, -267.0
1574532032.161232, -267.0
1574532033.344906, -267.0
1574532034.4909, -267.0
1574532035.65882, -267.0
1574532036.831389, -267.0
1574532038.033288, -267.0
1574532039.224061, -267.0
1574532040.509599, -267.0
1574532041.660514, -267.0
1574532042.928576, -267.0
1574532044.170562, -267.0
1574532045.261092, -267.0
1574532046.479482, -267.0
1574532047.638422, -267.0
1574532048.831276, -267.0
1574532049.969148, -267.0
1574532051.165884, -267.0
1574532052.419941, -267.0
1574532053.681965, -267.0
1574532054.932108, -267.0
1574532056.081462, -267.0
1574532057.261335, -267.0
1574532058.485772, -267.0
1574532059.666362, -267.0
1574532060.824238, -267.0
1574532061.931255, -267.0
1574532063.103296, -267.0
1574532064.276367, -267.0
1574532065.456374, -267.0
1574532066.58997, -267.0
1574532067.790273, -267.0
1574532068.905752, -267.0
1574532070.06968, -267.0
1574532071.275032, -267.0
1574532072.344016, -267.0
1574532073.446504, -267.0
1574532074.556178, -267.0
1574532075.67686, -267.0
1574532076.839844, -267.0
1574532078.020054, -267.0
1574532079.121385, -267.0
1574532080.321159, -267.0
1574532081.520202, -267.0
1574532082.668631, -267.0
1574532083.86738, -267.0
1574532085.0108, -267.0
1574532086.139778, -267.0
1574532087.374075, -267.0
1574532088.625998, -267.0
1574532089.839284, -267.0
1574532091.074553, -267.0
1574532092.29605, -267.0
1574532093.44897, -267.0
1574532094.580497, -267.0
1574532095.730901, -267.0
1574532096.880979, -267.0
1574532098.01647, -267.0
1574532099.248747, -267.0
1574532100.419481, -267.0
1574532101.489322, -267.0
1574532102.625624, -267.0
1574532103.755341, -267.0
1574532104.95157, -267.0
1574532106.102892, -267.0
1574532107.239997, -267.0
1574532108.540679, -267.0
1574532109.991558, -267.0
1574532111.295458, -267.0
1574532112.452779, -267.0
1574532113.580951, -267.0
1574532114.745228, -267.0
1574532115.94655, -267.0
1574532117.136541, -267.0
1574532118.298899, -267.0
1574532119.472027, -267.0
1574532120.616482, -267.0
1574532121.681466, -267.0
1574532122.992614, -267.0
1574532124.101481, -267.0
1574532125.222991, -267.0
1574532126.346457, -267.0
1574532127.576945, -267.0
1574532128.715948, -267.0
1574532129.932931, -267.0
1574532131.164656, -267.0
1574532132.290465, -267.0
1574532133.494142, -267.0
1574532134.70828, -267.0
1574532135.8259, -267.0
1574532136.920358, -267.0
1574532138.041461, -267.0
1574532139.260182, -267.0
1574532140.43902, -267.0
1574532141.533886, -267.0
1574532142.746179, -267.0
1574532143.906769, -267.0
1574532145.073028, -267.0
1574532146.285648, -267.0
1574532147.412165, -267.0
1574532148.594713, -267.0
1574532149.682469, -267.0
1574532150.913958, -267.0
1574532152.099535, -267.0
1574532153.293737, -267.0
1574532154.572175, -267.0
1574532155.735678, -267.0
1574532156.978293, -267.0
1574532158.230663, -267.0
1574532159.440717, -267.0
1574532160.561149, -267.0
1574532161.759034, -267.0
1574532162.938166, -267.0
1574532164.094939, -267.0
1574532165.303081, -267.0
1574532166.486626, -267.0
1574532167.729174, -267.0
1574532168.842796, -267.0
1574532169.954606, -267.0
1574532171.129071, -267.0
1574532172.321612, -267.0
1574532173.573833, -267.0
1574532174.689242, -267.0
1574532175.868103, -267.0
1574532177.004236, -267.0
1574532178.177352, -267.0
1574532179.409679, -267.0
1574532180.554186, -267.0
1574532181.776113, -267.0
1574532182.999221, -267.0
1574532184.095731, -267.0
1574532185.292141, -267.0
1574532186.477295, -267.0
1574532187.638621, -267.0
1574532188.780001, -267.0
1574532189.892985, -267.0
1574532191.023909, -267.0
1574532192.108212, -267.0
1574532193.291618, -267.0
1574532194.456887, -267.0
1574532195.634384, -267.0
1574532196.777915, -267.0
1574532197.86285, -267.0
1574532198.946817, -267.0
1574532200.052889, -267.0
1574532201.208766, -267.0
1574532202.35313, -267.0
1574532203.522429, -267.0
1574532205.021363, -267.0
1574532206.438755, -267.0
1574532208.011051, -267.0
1574532209.463896, -267.0
1574532210.61926, -267.0
1574532211.787765, -267.0
1574532212.939843, -267.0
1574532214.210804, -267.0
1574532215.396141, -267.0
1574532216.509058, -267.0
1574532217.596748, -267.0
1574532218.751113, -267.0
1574532220.005391, -267.0
1574532221.093905, -267.0
1574532222.248839, -267.0
1574532223.381807, -267.0
1574532224.570024, -267.0
1574532225.75121, -267.0
1574532226.910728, -267.0
1574532228.017295, -267.0
1574532229.166817, -267.0
1574532230.34812, -267.0
1574532231.515714, -267.0
1574532232.584086, -267.0
1574532233.715471, -267.0
1574532234.916536, -267.0
1574532236.01562, -267.0
1574532237.174014, -267.0
1574532238.403466, -267.0
1574532239.642657, -267.0
1574532240.876218, -267.0
1574532242.090354, -267.0
1574532243.269503, -267.0
1574532244.357895, -267.0
1574532245.518883, -267.0
1574532246.676093, -267.0
1574532247.719436, -267.0
1574532248.918975, -267.0
1574532250.035965, -267.0
1574532251.284964, -267.0
1574532252.427771, -267.0
1574532253.539181, -267.0
1574532254.673473, -267.0
1574532255.869129, -267.0
1574532256.935629, -267.0
1574532258.164873, -267.0
1574532259.343667, -267.0
1574532260.483878, -267.0
1574532261.715348, -267.0
1574532262.950025, -267.0
1574532264.094543, -267.0
1574532265.181346, -267.0
1574532266.396407, -267.0
1574532267.635371, -267.0
1574532268.747589, -267.0
1574532269.888826, -267.0
1574532270.979075, -267.0
1574532272.10234, -267.0
1574531981.414646, -267.0
1574531982.846, -267.0
1574531984.082239, -267.0
1574531985.286297, -267.0
1574531986.511283, -267.0
1574531987.777979, -267.0
1574531989.134634, -267.0
1574531990.39848, -267.0
1574531991.557745, -267.0
1574531992.666623, -267.0
1574531993.825563, -267.0
1574531995.035645, -267.0
1574531996.295659, -267.0
1574531997.390133, -267.0
1574531998.555532, -267.0
1574531999.723392, -267.0
1574532000.91843, -267.0
1574532002.122195, -267.0
1574532003.318419, -267.0
1574532004.503294, -267.0
1574532005.676555, -267.0
1574532006.839539, -267.0
1574532008.063012, -267.0
1574532009.267496, -267.0
1574532010.402669, -267.0
1574532011.609112, -267.0
1574532012.747414, -267.0
1574532013.979464, -267.0
1574532015.194883, -267.0
1574532016.380475, -267.0
1574532017.504432, -267.0
1574532018.671584, -267.0
1574532019.730918, -267.0
1574532020.897644, -267.0
1574532022.052254, -267.0
1574532023.204446, -267.0
1574532024.339166, -267.0
1574532025.551783, -267.0
1574532026.776734, -267.0
1574532028.065328, -267.0
1574532029.223579, -267.0
1574532030.408897, -267.0
1574532031.63048, -267.0
1574532032.824142, -267.0
1574532034.01534, -267.0
1574532035.192968, -267.0
1574532036.383542, -267.0
1574532037.529096, -267.0
1574532038.738482, -267.0
1574532039.906514, -267.0
1574532041.082187, -267.0
1574532042.244194, -267.0
1574532043.475438, -267.0
1574532044.592357, -267.0
1574532045.801099, -267.0
1574532047.034765, -267.0
1574532048.136679, -267.0
1574532049.340751, -267.0
1574532050.486545, -267.0
1574532051.685587, -267.0
1574532052.819589, -267.0
1574532054.016322, -267.0
1574532055.26584, -267.0
1574532056.51876, -267.0
1574532057.72104, -267.0
1574532058.867297, -267.0
1574532059.979743, -267.0
1574532061.172681, -267.0
1574532062.304466, -267.0
1574532063.495932, -267.0
1574532064.597335, -267.0
1574532065.761704, -267.0
1574532066.9335, -267.0
1574532068.116238, -267.0
1574532069.247118, -267.0
1574532070.454336, -267.0
1574532071.533318, -267.0
1574532072.685181, -267.0
1574532073.892567, -267.0
1574532074.958654, -267.0
1574532076.041759, -267.0
1574532077.142618, -267.0
1574532078.215286, -267.0
1574532079.366261, -267.0
1574532080.563152, -267.0
1574532081.665154, -267.0
1574532082.863335, -267.0
1574532084.038116, -267.0
1574532085.177749, -267.0
1574532086.389487, -267.0
1574532087.517529, -267.0
1574532088.609247, -267.0
1574532089.813839, -267.0
1574532091.103062, -267.0
1574532092.369769, -267.0
1574532093.636604, -267.0
1574532094.885311, -267.0
1574532096.081544, -267.0
1574532097.26275, -267.0
1574532098.408066, -267.0
1574532099.551279, -267.0
1574532100.656281, -267.0
1574532101.811156, -267.0
1574532102.962667, -267.0
1574532104.08309, -267.0
1574532105.226563, -267.0
1574532106.3702, -267.0
1574532107.569649, -267.0
1574532109.115316, -267.0
1574532110.799702, -267.0
1574532112.042157, -267.0
1574532113.160832, -267.0
1574532114.262154, -267.0
1574532115.397065, -267.0
1574532116.580584, -267.0
1574532117.734847, -267.0
1574532118.946665, -267.0
1574532120.215752, -267.0
1574532121.398746, -267.0
1574532122.634829, -267.0
1574532123.765139, -267.0
1574532124.831646, -267.0
1574532126.075593, -267.0
1574532127.242504, -267.0
1574532128.411807, -267.0
1574532129.547928, -267.0
1574532130.798182, -267.0
1574532131.952529, -267.0
1574532133.164601, -267.0
1574532134.4006, -267.0
1574532135.519572, -267.0
1574532136.689465, -267.0
1574532137.869396, -267.0
1574532138.951776, -267.0
1574532140.060886, -267.0
1574532141.158342, -267.0
1574532142.390862, -267.0
1574532143.557275, -267.0
1574532144.650446, -267.0
1574532145.886206, -267.0
1574532147.062972, -267.0
1574532148.213148, -267.0
1574532149.379626, -267.0
1574532150.562594, -267.0
1574532151.744367, -267.0
1574532152.856441, -267.0
1574532154.107281, -267.0
1574532155.266751, -267.0
1574532156.446173, -267.0
1574532157.719487, -267.0
1574532158.938606, -267.0
1574532160.143809, -267.0
1574532161.399196, -267.0
1574532162.603821, -267.0
1574532163.726282, -267.0
1574532164.920158, -267.0
1574532166.103562, -267.0
1574532167.259888, -267.0
1574532168.441059, -267.0
1574532169.619587, -267.0
1574532170.869799, -267.0
1574532172.05602, -267.0
1574532173.181508, -267.0
1574532174.347516, -267.0
1574532175.541648, -267.0
1574532176.804396, -267.0
1574532177.894481, -267.0
1574532179.067224, -267.0
1574532180.232312, -267.0
1574532181.38926, -267.0
1574532182.629117, -267.0
1574532183.794844, -267.0
1574532184.957932, -267.0
1574532186.186136, -267.0
1574532187.311411, -267.0
1574532188.543129, -267.0
1574532189.722506, -267.0
1574532190.884081, -267.0
1574532192.026519, -267.0
1574532193.137344, -267.0
1574532194.268388, -267.0
1574532195.405121, -267.0
1574532196.541804, -267.0
1574532197.700659, -267.0
1574532198.878713, -267.0
1574532200.033086, -267.0
1574532201.14786, -267.0
1574532202.276831, -267.0
1574532203.537797, -267.0
1574532204.816029, -267.0
1574532206.27829, -267.0
1574532207.788624, -267.0
1574532209.242387, -267.0
1574532210.375547, -267.0
1574532211.585274, -267.0
1574532212.769181, -267.0
1574532213.919328, -267.0
1574532215.099143, -267.0
1574532216.243876, -267.0
1574532217.520488, -267.0
1574532218.707167, -267.0
1574532219.82985, -267.0
1574532220.924328, -267.0
1574532222.115879, -267.0
1574532223.296491, -267.0
1574532224.404804, -267.0
1574532225.557309, -267.0
1574532226.657326, -267.0
1574532227.840242, -267.0
1574532228.978958, -267.0
1574532230.155671, -267.0
1574532231.28116, -267.0
1574532232.44784, -267.0
1574532233.597439, -267.0
1574532234.750892, -267.0
1574532235.841418, -267.0
1574532236.96804, -267.0
1574532238.177641, -267.0
1574532239.284215, -267.0
1574532240.395866, -267.0
1574532241.618144, -267.0
1574532242.861186, -267.0
1574532244.079812, -267.0
1574532245.350559, -267.0
1574532246.520057, -267.0
1574532247.600931, -267.0
1574532248.802964, -267.0
1574532249.960114, -267.0
1574532251.037931, -267.0
1574532252.258942, -267.0
1574532253.390829, -267.0
1574532254.629163, -267.0
1574532255.835601, -267.0
1574532257.001805, -267.0
1574532258.123347, -267.0
1574532259.29836, -267.0
1574532260.375848, -267.0
1574532261.644008, -267.0
1574532262.820076, -267.0
1574532263.998463, -267.0
1574532265.247327, -267.0
1574532266.495805, -267.0
1574532267.624746, -267.0
1574532268.767693, -267.0
1574532269.972099, -267.0
1574532271.204719, -267.0
1574532272.378786, -267.0
1574532273.518735, -267.0
1574532274.627768, -267.0
1574532275.750421, -267.0
1574531981.428251, -267.0
1574531982.860948, -267.0
1574531984.198815, -267.0
1574531985.571252, -267.0
1574531986.811121, -267.0
1574531988.200883, -267.0
1574531989.670741, -267.0
1574531991.078451, -267.0
1574531992.327547, -267.0
1574531993.54118, -267.0
1574531994.833973, -267.0
1574531996.107338, -267.0
1574531997.439957, -267.0
1574531998.605812, -267.0
1574531999.83163, -267.0
1574532001.017427, -267.0
1574532002.182134, -267.0
1574532003.371254, -267.0
1574532004.519566, -267.0
1574532005.673764, -267.0
1574532006.81944, -267.0
1574532008.034193, -267.0
1574532009.248332, -267.0
1574532010.45, -267.0
1574532011.564792, -267.0
1574532012.729234, -267.0
1574532013.910928, -267.0
1574532015.123613, -267.0
1574532016.328668, -267.0
1574532017.504924, -267.0
1574532018.631493, -267.0
1574532019.842308, -267.0
1574532020.956317, -267.0
1574532022.157592, -267.0
1574532023.357056, -267.0
1574532024.544424, -267.0
1574532025.634247, -267.0
1574532026.791858, -267.0
1574532027.992249, -267.0
1574532029.21865, -267.0
1574532030.310981, -267.0
1574532031.507181, -267.0
1574532032.682438, -267.0
1574532033.796225, -267.0
1574532034.997089, -267.0
1574532036.207777, -267.0
1574532037.395916, -267.0
1574532038.543918, -267.0
1574532039.74459, -267.0
1574532040.919914, -267.0
1574532042.115258, -267.0
1574532043.286216, -267.0
1574532044.483811, -267.0
1574532045.643602, -267.0
1574532046.838917, -267.0
1574532048.016257, -267.0
1574532049.111523, -267.0
1574532050.312323, -267.0
1574532051.483017, -267.0
1574532052.676417, -267.0
1574532053.78978, -267.0
1574532055.016458, -267.0
1574532056.204108, -267.0
1574532057.403895, -267.0
1574532058.652483, -267.0
1574532059.799437, -267.0
1574532060.93513, -267.0
1574532062.164382, -267.0
1574532063.299986, -267.0
1574532064.527947, -267.0
1574532065.638558, -267.0
1574532066.819393, -267.0
1574532068.05391, -267.0
1574532069.211441, -267.0
1574532070.372434, -267.0
1574532071.576344, -267.0
1574532072.657004, -267.0
1574532073.831903, -267.0
1574532075.084295, -267.0
1574532076.230645, -267.0
1574532077.340801, -267.0
1574532078.470054, -267.0
1574532079.55338, -267.0
1574532080.70329, -267.0
1574532081.877168, -267.0
1574532083.018473, -267.0
1574532084.220752, -267.0
1574532085.40811, -267.0
1574532086.518071, -267.0
1574532087.815257, -267.0
1574532088.927985, -267.0
1574532090.064113, -267.0
1574532091.262215, -267.0
1574532092.47906, -267.0
1574532093.717332, -267.0
1574532094.958178, -267.0
1574532096.142016, -267.0
1574532097.237795, -267.0
1574532098.384069, -267.0
1574532099.52552, -267.0
1574532100.678748, -267.0
1574532101.817823, -267.0
1574532103.023736, -267.0
1574532104.240183, -267.0
1574532105.349742, -267.0
1574532106.554488, -267.0
1574532107.748537, -267.0
1574532109.618158, -267.0
1574532111.181935, -267.0
1574532112.45695, -267.0
1574532113.701174, -267.0
1574532114.911751, -267.0
1574532116.110329, -267.0
1574532117.294181, -267.0
1574532118.461081, -267.0
1574532119.614542, -267.0
1574532120.940652, -267.0
1574532122.185102, -267.0
1574532123.367922, -267.0
1574532124.672619, -267.0
1574532125.851381, -267.0
1574532126.955361, -267.0
1574532128.214635, -267.0
1574532129.413132, -267.0
1574532130.622464, -267.0
1574532131.787829, -267.0
1574532133.110752, -267.0
1574532134.327699, -267.0
1574532135.646931, -267.0
1574532136.949651, -267.0
1574532138.115589, -267.0
1574532139.35386, -267.0
1574532140.512898, -267.0
1574532141.672382, -267.0
1574532142.797469, -267.0
1574532143.924912, -267.0
1574532145.110596, -267.0
1574532146.310113, -267.0
1574532147.478746, -267.0
1574532148.752699, -267.0
1574532149.895454, -267.0
1574532151.03261, -267.0
1574532152.218068, -267.0
1574532153.426025, -267.0
1574532154.665917, -267.0
1574532155.880436, -267.0
1574532157.200016, -267.0
1574532158.443189, -267.0
1574532159.699641, -267.0
1574532161.008514, -267.0
1574532162.260325, -267.0
1574532163.584343, -267.0
1574532164.83253, -267.0
1574532166.082759, -267.0
1574532167.236901, -267.0
1574532168.454125, -267.0
1574532169.714801, -267.0
1574532170.894224, -267.0
1574532172.106176, -267.0
1574532173.367568, -267.0
1574532174.732109, -267.0
1574532175.909825, -267.0
1574532177.094468, -267.0
1574532178.329774, -267.0
1574532179.614541, -267.0
1574532180.90291, -267.0
1574532182.068281, -267.0
1574532183.328242, -267.0
1574532184.509249, -267.0
1574532185.750267, -267.0
1574532187.0326, -267.0
1574532188.217168, -267.0
1574532189.49129, -267.0
1574532190.826438, -267.0
1574532192.004084, -267.0
1574532193.291348, -267.0
1574532194.542993, -267.0
1574532195.748725, -267.0
1574532196.923943, -267.0
1574532198.147708, -267.0
1574532199.360272, -267.0
1574532200.548401, -267.0
1574532201.774679, -267.0
1574532203.02977, -267.0
1574532204.367591, -267.0
1574532205.897141, -267.0
1574532207.216047, -267.0
1574532208.639787, -267.0
1574532209.953407, -267.0
1574532211.216352, -267.0
1574532212.423414, -267.0
1574532213.640685, -267.0
1574532214.953391, -267.0
1574532216.109038, -267.0
1574532217.379451, -267.0
1574532218.643457, -267.0
1574532219.85448, -267.0
1574532221.079524, -267.0
1574532222.23793, -267.0
1574532223.590181, -267.0
1574532224.857909, -267.0
1574532226.086583, -267.0
1574532227.226371, -267.0
1574532228.480063, -267.0
1574532229.710273, -267.0
1574532230.853583, -267.0
1574532232.096761, -267.0
1574532233.284357, -267.0
1574532234.550222, -267.0
1574532235.73504, -267.0
1574532236.975929, -267.0
1574532238.217196, -267.0
1574532239.436515, -267.0
1574532240.637472, -267.0
1574532241.840658, -267.0
1574532242.964376, -267.0
1574532244.175563, -267.0
1574532245.39563, -267.0
1574532246.567234, -267.0
1574532247.742162, -267.0
1574532248.948794, -267.0
1574532250.257294, -267.0
1574532251.466725, -267.0
1574532252.78637, -267.0
1574532254.000072, -267.0
1574532255.158253, -267.0
1574532256.357815, -267.0
1574532257.588429, -267.0
1574532258.700281, -267.0
1574532259.969241, -267.0
1574532261.153971, -267.0
1574532262.450038, -267.0
1574532263.623025, -267.0
1574532264.837461, -267.0
1574532266.038354, -267.0
1574532267.343023, -267.0
1574532268.462125, -267.0
1574532269.735338, -267.0
1574532270.950525, -267.0
1574532272.1707, -267.0
1574532273.442496, -267.0
1574532274.805212, -267.0
1574532276.027181, -267.0
1574532277.197406, -267.0
1574532278.424258, -267.0
1574532279.704574, -267.0
1574532280.935511, -267.0
1574532282.111963, -267.0
1574532283.25236, -267.0
1574532284.435297, -267.0
1574532262.706999, -267.0
1574532263.823609, -267.0
1574532265.11052, -267.0
1574532266.285275, -267.0
1574532267.447531, -267.0
1574532268.587531, -267.0
1574532269.760679, -267.0
1574532270.950495, -267.0
1574532272.147796, -267.0
1574532273.36966, -267.0
1574532274.554822, -267.0
1574532275.839508, -267.0
1574532276.998791, -267.0
1574532278.132831, -267.0
1574532279.25319, -267.0
1574532280.359482, -267.0
1574532281.471251, -267.0
1574532282.771293, -267.0
1574532283.934455, -267.0
1574532285.126097, -267.0
1574532286.270935, -267.0
1574532287.417759, -267.0
1574532288.62406, -267.0
1574532289.721928, -267.0
1574532290.854878, -267.0
1574532292.037039, -267.0
1574532293.339306, -267.0
1574532294.57047, -267.0
1574532295.862472, -267.0
1574532297.092351, -267.0
1574532298.263526, -267.0
1574532299.399052, -267.0
1574532300.601471, -267.0
1574532301.732113, -267.0
1574532302.903597, -267.0
1574532304.039279, -267.0
1574532305.207864, -267.0
1574532306.375889, -267.0
1574532307.535887, -267.0
1574532308.747788, -267.0
1574532309.889938, -267.0
1574532311.08886, -267.0
1574532312.269863, -267.0
1574532313.382745, -267.0
1574532314.584288, -267.0
1574532315.69319, -267.0
1574532316.83859, -267.0
1574532317.937539, -267.0
1574532319.09525, -267.0
1574532320.252458, -267.0
1574532321.354577, -267.0
1574532322.515299, -267.0
1574532323.695319, -267.0
1574532324.919763, -267.0
1574532326.079626, -267.0
1574532327.209748, -267.0
1574532328.364318, -267.0
1574532329.517803, -267.0
1574532330.638634, -267.0
1574532331.723465, -267.0
1574532332.990062, -267.0
1574532334.097823, -267.0
1574532335.203613, -267.0
1574532336.432706, -267.0
1574532337.540776, -267.0
1574532338.610154, -267.0
1574532339.763209, -267.0
1574532340.902755, -267.0
1574532342.104685, -267.0
1574532343.236044, -267.0
1574532344.495278, -267.0
1574532345.70596, -267.0
1574532346.980925, -267.0
1574532348.147776, -267.0
1574532349.322511, -267.0
1574532350.441758, -267.0
1574532351.583914, -267.0
1574532352.775776, -267.0
1574532353.947181, -267.0
1574532355.149756, -267.0
1574532356.333654, -267.0
1574532357.507362, -267.0
1574532358.639901, -267.0
1574532359.778922, -267.0
1574532360.943846, -267.0
1574532362.034879, -267.0
1574532363.115675, -267.0
1574532364.312648, -267.0
1574532365.508232, -267.0
1574532366.648679, -267.0
1574532367.944964, -267.0
1574532369.120003, -267.0
1574532370.275806, -267.0
1574532371.441911, -267.0
1574532372.506296, -267.0
1574532373.594125, -267.0
1574532374.747267, -267.0
1574532375.948534, -267.0
1574532377.164342, -267.0
1574532378.363036, -267.0
1574532379.52795, -267.0
1574532380.71583, -267.0
1574532382.037489, -267.0
1574532383.252314, -267.0
1574532384.536426, -267.0
1574532385.714543, -267.0
1574532386.902631, -267.0
1574532388.126031, -267.0
1574532389.311222, -267.0
1574532390.520467, -267.0
1574532391.640267, -267.0
1574532392.80276, -267.0
1574532393.952643, -267.0
1574532395.188102, -267.0
1574532396.303895, -267.0
1574532397.461558, -267.0
1574532398.701184, -267.0
1574532399.824346, -267.0
1574532400.991862, -267.0
1574532402.179353, -267.0
1574532403.38936, -267.0
1574532404.618106, -267.0
1574532405.837983, -267.0
1574532407.089719, -267.0
1574532408.298559, -267.0
1574532409.582718, -267.0
1574532410.869545, -267.0
1574532412.257613, -267.0
1574532413.535438, -267.0
1574532414.797776, -267.0
1574532416.004218, -267.0
1574532417.207512, -267.0
1574532418.422425, -267.0
1574532419.615187, -267.0
1574532420.774188, -267.0
1574532421.9433, -267.0
1574532423.154524, -267.0
1574532424.315554, -267.0
1574532425.570561, -267.0
1574532426.878933, -267.0
1574532428.064331, -267.0
1574532429.285847, -267.0
1574532430.497561, -267.0
1574532431.766741, -267.0
1574532433.021198, -267.0
1574532434.229146, -267.0
1574532435.455998, -267.0
1574532436.664902, -267.0
1574532437.848946, -267.0
1574532439.047658, -267.0
1574532440.173942, -267.0
1574532441.368366, -267.0
1574532442.558446, -267.0
1574532443.825494, -267.0
1574532445.093368, -267.0
1574532446.381608, -267.0
1574532447.575843, -267.0
1574532448.785203, -267.0
1574532450.017235, -267.0
1574532451.21974, -267.0
1574532452.459556, -267.0
1574532453.751746, -267.0
1574532454.983383, -267.0
1574532456.297991, -267.0
1574532457.395903, -267.0
1574532458.625338, -267.0
1574532459.748564, -267.0
1574532460.976516, -267.0
1574532462.194012, -267.0
1574532463.38413, -267.0
1574532464.589641, -267.0
1574532465.823056, -267.0
1574532467.057907, -267.0
1574532468.401328, -267.0
1574532469.668256, -267.0
1574532470.912834, -267.0
1574532472.117433, -267.0
1574532473.348376, -267.0
1574532474.496637, -267.0
1574532475.828695, -267.0
1574532477.088019, -267.0
1574532478.315009, -267.0
1574532479.531891, -267.0
1574532480.752324, -267.0
1574532481.957569, -267.0
1574532483.083097, -267.0
1574532484.275929, -267.0
1574532485.491874, -267.0
1574532486.699097, -267.0
1574532487.900941, -267.0
1574532489.126758, -267.0
1574532490.349892, -267.0
1574532491.587502, -267.0
1574532492.813814, -267.0
1574532494.164943, -267.0
1574532495.330053, -267.0
1574532496.601409, -267.0
1574532497.710439, -267.0
1574532498.953691, -267.0
1574532500.240776, -267.0
1574532501.486758, -267.0
1574532502.801726, -267.0
1574532504.071853, -267.0
1574532505.23898, -267.0
1574532506.47311, -267.0
1574532507.844877, -267.0
1574532509.247181, -267.0
1574532510.572251, -267.0
1574532511.804643, -267.0
1574532513.078983, -267.0
1574532514.274742, -267.0
1574532515.542972, -267.0
1574532516.802694, -267.0
1574532518.041298, -267.0
1574532519.170342, -267.0
1574532520.380487, -267.0
1574532521.648456, -267.0
1574532522.967113, -267.0
1574532524.216082, -267.0
1574532525.521746, -267.0
1574532526.814399, -267.0
1574532528.103525, -267.0
1574532529.329087, -267.0
1574532530.500019, -267.0
1574532531.664692, -267.0
1574532532.86207, -267.0
1574532534.061734, -267.0
1574532535.194659, -267.0
1574532536.346036, -267.0
1574532537.477848, -267.0
1574532538.693942, -267.0
1574532539.803225, -267.0
1574532540.990687, -267.0
1574532542.095566, -267.0
1574532543.190693, -267.0
1574532544.405432, -267.0
1574532545.559544, -267.0
1574532546.73357, -267.0
1574532547.819887, -267.0
1574532548.964533, -267.0
1574532550.172783, -267.0
1574532551.451143, -267.0
1574532552.576553, -267.0
1574532553.74709, -267.0
1574532554.810675, -267.0
1574532555.996438, -267.0
1574532557.111143, -267.0
1574532558.33936, -267.0
1574532559.549574, -267.0
1574532560.773159, -267.0
1574532272.933343, -267.0
1574532273.800074, -267.0
1574532273.900756, -267.0
1574532273.993581, -267.0
1574532274.086056, -267.0
1574532274.177916, -267.0
1574532274.269878, -267.0
1574532274.372064, -267.0
1574532275.829832, -267.0
1574532277.077643, -267.0
1574532278.281957, -267.0
1574532279.487682, -267.0
1574532280.641216, -267.0
1574532281.837818, -267.0
1574532283.084366, -267.0
1574532284.254312, -267.0
1574532285.479182, -267.0
1574532286.712007, -267.0
1574532287.941743, -267.0
1574532289.087376, -267.0
1574532290.250237, -267.0
1574532291.337, -267.0
1574532292.380157, -267.0
1574532293.560829, -267.0
1574532294.708556, -267.0
1574532295.863653, -267.0
1574532297.068837, -267.0
1574532298.262065, -267.0
1574532299.394395, -267.0
1574532300.537834, -267.0
1574532301.694773, -267.0
1574532302.949848, -267.0
1574532304.095921, -267.0
1574532305.264949, -267.0
1574532306.455107, -267.0
1574532307.703956, -267.0
1574532308.843812, -267.0
1574532309.967837, -267.0
1574532311.064748, -267.0
1574532312.192871, -267.0
1574532313.40498, -267.0
1574532314.581217, -267.0
1574532315.806328, -267.0
1574532316.908067, -267.0
1574532318.125862, -267.0
1574532319.28432, -267.0
1574532320.416494, -267.0
1574532321.658154, -267.0
1574532322.816042, -267.0
1574532323.956082, -267.0
1574532325.085483, -267.0
1574532326.23371, -267.0
1574532327.39459, -267.0
1574532328.563156, -267.0
1574532329.708977, -267.0
1574532330.900718, -267.0
1574532332.052023, -267.0
1574532333.320974, -267.0
1574532334.57318, -267.0
1574532335.696634, -267.0
1574532336.857268, -267.0
1574532338.070041, -267.0
1574532339.260289, -267.0
1574532340.499977, -267.0
1574532341.664598, -267.0
1574532342.723183, -267.0
1574532343.940193, -267.0
1574532345.167567, -267.0
1574532346.26975, -267.0
1574532347.456845, -267.0
1574532348.588966, -267.0
1574532349.753075, -267.0
1574532350.979285, -267.0
1574532352.209194, -267.0
1574532353.455544, -267.0
1574532354.62305, -267.0
1574532355.854717, -267.0
1574532356.983738, -267.0
1574532358.157031, -267.0
1574532359.381272, -267.0
1574532360.510858, -267.0
1574532361.700724, -267.0
1574532362.910946, -267.0
1574532364.060678, -267.0
1574532365.253401, -267.0
1574532366.427995, -267.0
1574532367.63772, -267.0
1574532368.80776, -267.0
1574532369.878704, -267.0
1574532371.200561, -267.0
1574532372.455661, -267.0
1574532373.611647, -267.0
1574532374.779144, -267.0
1574532375.929704, -267.0
1574532377.090116, -267.0
1574532378.404717, -267.0
1574532379.637763, -267.0
1574532380.800977, -267.0
1574532381.908769, -267.0
1574532383.051611, -267.0
1574532384.227777, -267.0
1574532385.492683, -267.0
1574532386.638511, -267.0
1574532387.83746, -267.0
1574532389.013176, -267.0
1574532390.074831, -267.0
1574532391.177089, -267.0
1574532392.468145, -267.0
1574532393.592715, -267.0
1574532394.842977, -267.0
1574532396.07835, -267.0
1574532397.373561, -267.0
1574532398.584905, -267.0
1574532399.68689, -267.0
1574532400.945913, -267.0
1574532402.154671, -267.0
1574532403.290518, -267.0
1574532404.476476, -267.0
1574532405.624219, -267.0
1574532406.834437, -267.0
1574532407.96291, -267.0
1574532409.175213, -267.0
1574532410.300326, -267.0
1574532411.487712, -267.0
1574532412.728381, -267.0
1574532413.925885, -267.0
1574532415.087386, -267.0
1574532416.273553, -267.0
1574532417.49212, -267.0
1574532418.71741, -267.0
1574532419.982792, -267.0
1574532421.327198, -267.0
1574532422.453275, -267.0
1574532423.594015, -267.0
1574532424.79685, -267.0
1574532426.041141, -267.0
1574532427.212868, -267.0
1574532428.451842, -267.0
1574532429.598886, -267.0
1574532430.815743, -267.0
1574532431.977966, -267.0
1574532433.132437, -267.0
1574532434.218287, -267.0
1574532435.373847, -267.0
1574532436.559016, -267.0
1574532437.687653, -267.0
1574532438.854981, -267.0
1574532440.031366, -267.0
1574532441.184632, -267.0
1574532442.37957, -267.0
1574532443.604547, -267.0
1574532444.697326, -267.0
1574532445.932441, -267.0
1574532447.092519, -267.0
1574532448.302982, -267.0
1574532449.45462, -267.0
1574532450.583193, -267.0
1574532451.730499, -267.0
1574532452.924843, -267.0
1574532454.028633, -267.0
1574532455.13461, -267.0
1574532456.2838, -267.0
1574532457.464556, -267.0
1574532458.618624, -267.0
1574532459.841988, -267.0
1574532461.092138, -267.0
1574532462.259408, -267.0
1574532463.498377, -267.0
1574532464.783004, -267.0
1574532465.973988, -267.0
1574532467.162654, -267.0
1574532468.3637, -267.0
1574532469.552209, -267.0
1574532470.704902, -267.0
1574532471.835167, -267.0
1574532473.010776, -267.0
1574532474.17205, -267.0
1574532475.361702, -267.0
1574532476.579963, -267.0
1574532477.685482, -267.0
1574532478.774394, -267.0
1574532479.981695, -267.0
1574532481.191669, -267.0
1574532482.446685, -267.0
1574532483.701448, -267.0
1574532484.887363, -267.0
1574532486.178222, -267.0
1574532487.395092, -267.0
1574532488.599787, -267.0
1574532489.782817, -267.0
1574532490.97381, -267.0
1574532492.152025, -267.0
1574532493.304642, -267.0
1574532494.448053, -267.0
1574532495.581704, -267.0
1574532496.710167, -267.0
1574532497.919083, -267.0
1574532499.060398, -267.0
1574532500.206849, -267.0
1574532501.396235, -267.0
1574532502.631096, -267.0
1574532503.844717, -267.0
1574532505.042605, -267.0
1574532506.298869, -267.0
1574532507.532545, -267.0
1574532509.099734, -267.0
1574532510.480429, -267.0
1574532511.617746, -267.0
1574532512.808096, -267.0
1574532513.996685, -267.0
1574532515.158842, -267.0
1574532516.350669, -267.0
1574532517.605534, -267.0
1574532518.856685, -267.0
1574532520.042382, -267.0
1574532521.238624, -267.0
1574532522.364275, -267.0
1574532523.500579, -267.0
1574532524.743268, -267.0
1574532525.863762, -267.0
1574532526.992569, -267.0
1574532528.25455, -267.0
1574532529.459877, -267.0
1574532530.611122, -267.0
1574532531.773462, -267.0
1574532533.003559, -267.0
1574532534.159968, -267.0
1574532535.30363, -267.0
1574532536.581406, -267.0
1574532537.783738, -267.0
1574532539.074766, -267.0
1574532540.289132, -267.0
1574532541.414214, -267.0
1574532542.609508, -267.0
1574532543.805031, -267.0
1574532545.008927, -267.0
1574532546.161022, -267.0
1574532547.322598, -267.0
1574532548.512794, -267.0
1574532549.652895, -267.0
1574532550.825028, -267.0
1574532551.974206, -267.0
1574532553.050593, -267.0
1574532554.245566, -267.0
1574532555.452531, -267.0
1574532556.602396, -267.0
1574532557.753797, -267.0
1574532558.935607, -267.0
1574532560.069572, -267.0
1574532561.164702, -267.0
1574532275.932341, -267.0
1574532276.026123, -267.0
1574532277.148148, -267.0
1574532278.284909, -267.0
1574532279.370091, -267.0
1574532280.519077, -267.0
1574532281.80589, -267.0
1574532283.019428, -267.0
1574532284.186238, -267.0
1574532285.359956, -267.0
1574532286.563533, -267.0
1574532287.859446, -267.0
1574532289.00258, -267.0
1574532290.196611, -267.0
1574532291.312578, -267.0
1574532292.434766, -267.0
1574532293.548745, -267.0
1574532294.744181, -267.0
1574532295.897858, -267.0
1574532297.026334, -267.0
1574532298.242351, -267.0
1574532299.378514, -267.0
1574532300.651013, -267.0
1574532301.751469, -267.0
1574532302.951022, -267.0
1574532304.130618, -267.0
1574532305.295352, -267.0
1574532306.536421, -267.0
1574532307.705915, -267.0
1574532308.873833, -267.0
1574532310.107702, -267.0
1574532311.328463, -267.0
1574532312.519809, -267.0
1574532313.659008, -267.0
1574532314.740352, -267.0
1574532315.848229, -267.0
1574532316.899653, -267.0
1574532318.066364, -267.0
1574532319.184027, -267.0
1574532320.287117, -267.0
1574532321.515579, -267.0
1574532322.636648, -267.0
1574532323.793627, -267.0
1574532324.884325, -267.0
1574532326.043277, -267.0
1574532327.292732, -267.0
1574532328.420109, -267.0
1574532329.621629, -267.0
1574532330.786143, -267.0
1574532332.001098, -267.0
1574532333.188698, -267.0
1574532334.296244, -267.0
1574532335.431961, -267.0
1574532336.645091, -267.0
1574532337.725372, -267.0
1574532338.891241, -267.0
1574532339.966327, -267.0
1574532341.173479, -267.0
1574532342.225277, -267.0
1574532343.386451, -267.0
1574532344.553929, -267.0
1574532345.786803, -267.0
1574532346.9791, -267.0
1574532348.109674, -267.0
1574532349.197714, -267.0
1574532350.405666, -267.0
1574532351.575802, -267.0
1574532352.758061, -267.0
1574532353.9101, -267.0
1574532355.070515, -267.0
1574532356.275241, -267.0
1574532357.441176, -267.0
1574532358.610146, -267.0
1574532359.770122, -267.0
1574532360.849194, -267.0
1574532362.05976, -267.0
1574532363.22457, -267.0
1574532364.366761, -267.0
1574532365.509852, -267.0
1574532366.666634, -267.0
1574532367.812998, -267.0
1574532369.006349, -267.0
1574532370.144678, -267.0
1574532371.326538, -267.0
1574532372.447798, -267.0
1574532373.692782, -267.0
1574532374.951633, -267.0
1574532376.059307, -267.0
1574532377.219443, -267.0
1574532378.387336, -267.0
1574532379.62967, -267.0
1574532380.745151, -267.0
1574532381.852259, -267.0
1574532382.972539, -267.0
1574532384.097314, -267.0
1574532385.235346, -267.0
1574532386.425556, -267.0
1574532387.675987, -267.0
1574532388.843932, -267.0
1574532389.984557, -267.0
1574532391.154939, -267.0
1574532392.337981, -267.0
1574532393.574888, -267.0
1574532394.781922, -267.0
1574532395.917876, -267.0
1574532397.165344, -267.0
1574532398.349725, -267.0
1574532399.484459, -267.0
1574532400.725724, -267.0
1574532401.924488, -267.0
1574532403.212688, -267.0
1574532404.369479, -267.0
1574532405.525087, -267.0
1574532406.666586, -267.0
1574532407.828557, -267.0
1574532409.053739, -267.0
1574532410.31495, -267.0
1574532411.560108, -267.0
1574532412.839711, -267.0
1574532414.028134, -267.0
1574532415.289854, -267.0
1574532416.387924, -267.0
1574532417.629287, -267.0
1574532418.929948, -267.0
1574532420.099344, -267.0
1574532421.481302, -267.0
1574532422.62314, -267.0
1574532423.844089, -267.0
1574532425.019829, -267.0
1574532426.139419, -267.0
1574532427.319544, -267.0
1574532428.477178, -267.0
1574532429.663559, -267.0
1574532430.953919, -267.0
1574532432.087295, -267.0
1574532433.321181, -267.0
1574532434.441635, -267.0
1574532435.617686, -267.0
1574532436.792359, -267.0
1574532437.90671, -267.0
1574532439.048142, -267.0
1574532440.221278, -267.0
1574532441.34085, -267.0
1574532442.539707, -267.0
1574532443.658178, -267.0
1574532444.833144, -267.0
1574532446.023445, -267.0
1574532447.232987, -267.0
1574532448.388095, -267.0
1574532449.522931, -267.0
1574532450.737009, -267.0
1574532451.93448, -267.0
1574532453.008864, -267.0
1574532454.172152, -267.0
1574532455.372787, -267.0
1574532456.590499, -267.0
1574532457.744317, -267.0
1574532458.870482, -267.0
1574532460.095051, -267.0
1574532461.247537, -267.0
1574532462.452176, -267.0
1574532463.591368, -267.0
1574532464.74946, -267.0
1574532465.922187, -267.0
1574532467.079331, -267.0
1574532468.26642, -267.0
1574532469.465503, -267.0
1574532470.659027, -267.0
1574532471.859184, -267.0
1574532473.047159, -267.0
1574532474.240797, -267.0
1574532475.403353, -267.0
1574532476.585271, -267.0
1574532477.84015, -267.0
1574532478.991301, -267.0
1574532480.17749, -267.0
1574532481.373779, -267.0
1574532482.590082, -267.0
1574532483.761903, -267.0
1574532484.914308, -267.0
1574532486.096794, -267.0
1574532487.234557, -267.0
1574532488.424275, -267.0
1574532489.549131, -267.0
1574532490.701012, -267.0
1574532491.919545, -267.0
1574532493.065408, -267.0
1574532494.204978, -267.0
1574532495.385328, -267.0
1574532496.541462, -267.0
1574532497.736126, -267.0
1574532498.885364, -267.0
1574532500.055226, -267.0
1574532501.176191, -267.0
1574532502.357489, -267.0
1574532503.497755, -267.0
1574532504.733858, -267.0
1574532505.826531, -267.0
1574532506.979562, -267.0
1574532508.157695, -267.0
1574532509.670428, -267.0
1574532510.83381, -267.0
1574532511.955281, -267.0
1574532513.150994, -267.0
1574532514.386187, -267.0
1574532515.610647, -267.0
1574532516.740086, -267.0
1574532517.962299, -267.0
1574532519.176533, -267.0
1574532520.369824, -267.0
1574532521.505488, -267.0
1574532522.600579, -267.0
1574532523.801263, -267.0
1574532524.969098, -267.0
1574532526.176666, -267.0
1574532527.361369, -267.0
1574532528.699086, -267.0
1574532529.886156, -267.0
1574532531.119873, -267.0
1574532532.384228, -267.0
1574532533.593177, -267.0
1574532534.842482, -267.0
1574532536.047182, -267.0
1574532537.26437, -267.0
1574532538.483857, -267.0
1574532539.673418, -267.0
1574532540.822734, -267.0
1574532542.038249, -267.0
1574532543.21885, -267.0
1574532544.380127, -267.0
1574532545.589314, -267.0
1574532546.79158, -267.0
1574532548.04623, -267.0
1574532549.186611, -267.0
1574532550.33383, -267.0
1574532551.612124, -267.0
1574532552.871393, -267.0
1574532554.03663, -267.0
1574532555.248541, -267.0
1574532556.357153, -267.0
1574532557.619734, -267.0
1574532558.870243, -267.0
1574532560.07785, -267.0
1574532561.297829, -267.0
1574532562.455977, -267.0
1574532563.657043, -267.0
1574532564.804645, -267.0
1574532566.038021, -267.0
1574532567.27089, -267.0
1574532568.478978, -267.0
1574532284.62317, -267.0
1574532285.81543, -267.0
1574532287.09465, -267.0
1574532288.438982, -267.0
1574532289.692946, -267.0
1574532290.96937, -267.0
1574532292.197004, -267.0
1574532293.474157, -267.0
1574532294.735879, -267.0
1574532295.928686, -267.0
1574532297.199667, -267.0
1574532298.380317, -267.0
1574532299.549926, -267.0
1574532300.704345, -267.0
1574532302.008112, -267.0
1574532303.191191, -267.0
1574532304.453775, -267.0
1574532305.58725, -267.0
1574532306.826855, -267.0
1574532308.079443, -267.0
1574532309.303274, -267.0
1574532310.542634, -267.0
1574532311.75224, -267.0
1574532313.009431, -267.0
1574532314.19773, -267.0
1574532315.507368, -267.0
1574532316.713524, -267.0
1574532317.978497, -267.0
1574532319.199209, -267.0
1574532320.425121, -267.0
1574532321.622024, -267.0
1574532322.861363, -267.0
1574532324.038364, -267.0
1574532325.252127, -267.0
1574532326.450539, -267.0
1574532327.751017, -267.0
1574532328.970101, -267.0
1574532330.302882, -267.0
1574532331.543046, -267.0
1574532332.821224, -267.0
1574532333.980765, -267.0
1574532335.247243, -267.0
1574532336.45149, -267.0
1574532337.772124, -267.0
1574532339.046955, -267.0
1574532340.283037, -267.0
1574532341.504218, -267.0
1574532342.673955, -267.0
1574532343.880536, -267.0
1574532345.070879, -267.0
1574532346.316291, -267.0
1574532347.468121, -267.0
1574532348.697826, -267.0
1574532349.983943, -267.0
1574532351.190633, -267.0
1574532352.357865, -267.0
1574532353.556144, -267.0
1574532354.766566, -267.0
1574532356.054152, -267.0
1574532357.294834, -267.0
1574532358.401118, -267.0
1574532359.633644, -267.0
1574532360.906234, -267.0
1574532362.057044, -267.0
1574532363.329058, -267.0
1574532364.473186, -267.0
1574532365.61122, -267.0
1574532366.815551, -267.0
1574532368.057183, -267.0
1574532369.373055, -267.0
1574532370.643532, -267.0
1574532371.867248, -267.0
1574532372.998077, -267.0
1574532374.234149, -267.0
1574532375.517097, -267.0
1574532376.647548, -267.0
1574532377.825395, -267.0
1574532379.023372, -267.0
1574532380.214153, -267.0
1574532381.448551, -267.0
1574532382.615807, -267.0
1574532383.86191, -267.0
1574532385.083792, -267.0
1574532386.206811, -267.0
1574532387.479847, -267.0
1574532388.603772, -267.0
1574532389.848185, -267.0
1574532391.017178, -267.0
1574532392.157707, -267.0
1574532393.364851, -267.0
1574532394.580319, -267.0
1574532395.705904, -267.0
1574532396.856287, -267.0
1574532397.974117, -267.0
1574532399.107998, -267.0
1574532400.29515, -267.0
1574532401.506144, -267.0
1574532402.648656, -267.0
1574532403.820472, -267.0
1574532405.019567, -267.0
1574532406.089825, -267.0
1574532407.206144, -267.0
1574532408.517348, -267.0
1574532409.669483, -267.0
1574532410.890402, -267.0
1574532412.092098, -267.0
1574532413.350224, -267.0
1574532414.564171, -267.0
1574532415.718073, -267.0
1574532416.957688, -267.0
1574532418.208794, -267.0
1574532419.363281, -267.0
1574532420.500129, -267.0
1574532421.631347, -267.0
1574532422.834035, -267.0
1574532423.940892, -267.0
1574532425.129433, -267.0
1574532426.218235, -267.0
1574532427.341353, -267.0
1574532428.5491, -267.0
1574532429.747728, -267.0
1574532430.957344, -267.0
1574532432.100289, -267.0
1574532433.28682, -267.0
1574532434.451477, -267.0
1574532435.691885, -267.0
1574532436.941679, -267.0
1574532438.061191, -267.0
1574532439.258952, -267.0
1574532440.506194, -267.0
1574532441.804301, -267.0
1574532443.005567, -267.0
1574532444.195279, -267.0
1574532445.313565, -267.0
1574532446.4962, -267.0
1574532447.65148, -267.0
1574532448.792625, -267.0
1574532449.899821, -267.0
1574532451.021748, -267.0
1574532452.155539, -267.0
1574532453.332901, -267.0
1574532454.533294, -267.0
1574532455.72313, -267.0
1574532456.813125, -267.0
1574532457.968613, -267.0
1574532459.154665, -267.0
1574532460.232559, -267.0
1574532461.488655, -267.0
1574532462.693631, -267.0
1574532463.914446, -267.0
1574532465.078893, -267.0
1574532466.258551, -267.0
1574532467.400545, -267.0
1574532468.58109, -267.0
1574532469.665992, -267.0
1574532470.730203, -267.0
1574532471.899443, -267.0
1574532473.039169, -267.0
1574532474.199481, -267.0
1574532475.350267, -267.0
1574532476.551911, -267.0
1574532477.760107, -267.0
1574532478.944741, -267.0
1574532480.174586, -267.0
1574532481.362721, -267.0
1574532482.516047, -267.0
1574532483.710182, -267.0
1574532484.880093, -267.0
1574532486.081565, -267.0
1574532487.248024, -267.0
1574532488.403137, -267.0
1574532489.52335, -267.0
1574532490.76276, -267.0
1574532492.011184, -267.0
1574532493.079558, -267.0
1574532494.182715, -267.0
1574532495.360138, -267.0
1574532496.593818, -267.0
1574532497.845627, -267.0
1574532499.056957, -267.0
1574532500.205483, -267.0
1574532501.436718, -267.0
1574532502.714611, -267.0
1574532503.88381, -267.0
1574532505.017655, -267.0
1574532506.170068, -267.0
1574532507.399003, -267.0
1574532509.062394, -267.0
1574532510.363, -267.0
1574532511.51947, -267.0
1574532512.685441, -267.0
1574532513.921608, -267.0
1574532515.065662, -267.0
1574532516.208475, -267.0
1574532517.402291, -267.0
1574532518.489624, -267.0
1574532519.657343, -267.0
1574532520.782639, -267.0
1574532521.936544, -267.0
1574532523.096363, -267.0
1574532524.306323, -267.0
1574532525.497228, -267.0
1574532526.621933, -267.0
1574532527.829966, -267.0
1574532529.140383, -267.0
1574532530.281265, -267.0
1574532531.422498, -267.0
1574532532.640636, -267.0
1574532533.832764, -267.0
1574532534.999421, -267.0
1574532536.168745, -267.0
1574532537.292701, -267.0
1574532538.425055, -267.0
1574532539.705967, -267.0
1574532540.887462, -267.0
1574532542.049453, -267.0
1574532543.326963, -267.0
1574532544.551802, -267.0
1574532545.748685, -267.0
1574532546.977, -267.0
1574532548.197473, -267.0
1574532549.412963, -267.0
1574532550.570516, -267.0
1574532551.86057, -267.0
1574532553.06345, -267.0
1574532554.31615, -267.0
1574532555.514353, -267.0
1574532556.617785, -267.0
1574532557.80833, -267.0
1574532558.951865, -267.0
1574532560.151155, -267.0
1574532561.307178, -267.0
1574532562.49545, -267.0
1574532563.711092, -267.0
1574532564.849218, -267.0
1574532565.964192, -267.0
1574532567.099778, -267.0
1574532568.153999, -267.0
1574532569.382491, -267.0
1574532570.56014, -267.0
1574532571.703868, -267.0
1574532572.850861, -267.0
1574532573.97818, -267.0
1574532575.089131, -267.0
1574532576.165147, -267.0
1574532577.294363, -267.0
1574532578.468775, -267.0
1574532579.568719, -267.0
1574532580.731411, -267.0
1574532581.915856, -267.0
1574532562.170319, -267.0
1574532563.54766, -267.0
1574532565.482999, -267.0
1574532565.581745, -267.0
1574532565.677595, -267.0
1574532566.815494, -267.0
1574532568.036234, -267.0
1574532569.250628, -267.0
1574532570.461702, -267.0
1574532571.658634, -267.0
1574532572.898907, -267.0
1574532574.092315, -267.0
1574532575.244605, -267.0
1574532576.507616, -267.0
1574532577.805576, -267.0
1574532579.002519, -267.0
1574532580.151928, -267.0
1574532581.365756, -267.0
1574532582.533469, -267.0
1574532583.655066, -267.0
1574532584.842478, -267.0
1574532586.087611, -267.0
1574532587.226014, -267.0
1574532588.407494, -267.0
1574532589.594224, -267.0
1574532590.77049, -267.0
1574532591.997454, -267.0
1574532593.247189, -267.0
1574532594.487376, -267.0
1574532595.662516, -267.0
1574532596.914453, -267.0
1574532598.003971, -267.0
1574532599.131247, -267.0
1574532600.322613, -267.0
1574532601.476316, -267.0
1574532602.673066, -267.0
1574532603.726452, -267.0
1574532604.904435, -267.0
1574532606.055038, -267.0
1574532607.193982, -267.0
1574532608.416624, -267.0
1574532609.626116, -267.0
1574532610.809789, -267.0
1574532611.920332, -267.0
1574532613.216391, -267.0
1574532614.417014, -267.0
1574532615.536843, -267.0
1574532616.794236, -267.0
1574532617.939142, -267.0
1574532619.174673, -267.0
1574532620.317654, -267.0
1574532621.468408, -267.0
1574532622.687676, -267.0
1574532623.86506, -267.0
1574532625.159498, -267.0
1574532626.225051, -267.0
1574532627.463127, -267.0
1574532628.647451, -267.0
1574532629.813543, -267.0
1574532631.000966, -267.0
1574532632.267278, -267.0
1574532633.43275, -267.0
1574532634.573459, -267.0
1574532635.810996, -267.0
1574532636.970566, -267.0
1574532638.152751, -267.0
1574532639.425858, -267.0
1574532640.661321, -267.0
1574532641.843951, -267.0
1574532643.10551, -267.0
1574532644.322254, -267.0
1574532645.432275, -267.0
1574532646.621411, -267.0
1574532647.724097, -267.0
1574532648.979508, -267.0
1574532650.190039, -267.0
1574532651.339467, -267.0
1574532652.525823, -267.0
1574532653.760596, -267.0
1574532654.967464, -267.0
1574532656.204519, -267.0
1574532657.402491, -267.0
1574532658.544766, -267.0
1574532659.695552, -267.0
1574532660.932956, -267.0
1574532662.082107, -267.0
1574532663.237726, -267.0
1574532664.366846, -267.0
1574532665.616352, -267.0
1574532666.842288, -267.0
1574532668.010646, -267.0
1574532669.249331, -267.0
1574532670.41254, -267.0
1574532671.541746, -267.0
1574532672.696038, -267.0
1574532673.965248, -267.0
1574532675.164032, -267.0
1574532676.356478, -267.0
1574532677.468217, -267.0
1574532678.622163, -267.0
1574532679.726207, -267.0
1574532680.892255, -267.0
1574532682.137578, -267.0
1574532683.473281, -267.0
1574532684.662549, -266.0
1574532685.814174, -266.0
1574532687.002549, -266.0
1574532688.20756, -266.0
1574532689.413345, -266.0
1574532690.676789, -266.0
1574532691.963649, -266.0
1574532693.237457, -266.0
1574532694.375878, -266.0
1574532695.626213, -266.0
1574532696.886927, -266.0
1574532698.095133, -266.0
1574532699.319261, -266.0
1574532700.598167, -266.0
1574532701.820512, -266.0
1574532703.13484, -266.0
1574532704.429964, -266.0
1574532705.660383, -266.0
1574532706.895756, -266.0
1574532708.223667, -266.0
1574532709.441366, -266.0
1574532710.764198, -266.0
1574532712.023123, -266.0
1574532713.294197, -266.0
1574532714.57626, -266.0
1574532715.739121, -266.0
1574532716.891884, -266.0
1574532718.131933, -266.0
1574532719.416148, -266.0
1574532720.595201, -266.0
1574532721.71204, -266.0
1574532722.916324, -266.0
1574532724.104712, -266.0
1574532725.232951, -266.0
1574532726.494662, -266.0
1574532727.816355, -266.0
1574532729.169465, -266.0
1574532730.395784, -266.0
1574532731.689131, -266.0
1574532732.969079, -266.0
1574532734.274728, -266.0
1574532735.515154, -266.0
1574532736.735093, -266.0
1574532737.947072, -266.0
1574532739.236745, -266.0
1574532740.444022, -266.0
1574532741.619473, -266.0
1574532742.86402, -266.0
1574532744.097304, -266.0
1574532745.339563, -266.0
1574532746.586158, -266.0
1574532747.83102, -266.0
1574532749.103714, -266.0
1574532750.315691, -266.0
1574532751.50889, -266.0
1574532752.651253, -266.0
1574532753.915641, -266.0
1574532755.118369, -266.0
1574532756.256261, -266.0
1574532757.460563, -266.0
1574532758.655272, -266.0
1574532759.776504, -266.0
1574532760.972384, -266.0
1574532762.117174, -266.0
1574532763.235791, -266.0
1574532764.485516, -266.0
1574532765.604442, -266.0
1574532766.821401, -266.0
1574532767.963494, -266.0
1574532769.115891, -266.0
1574532770.31008, -266.0
1574532771.446485, -266.0
1574532772.676624, -266.0
1574532773.934396, -266.0
1574532775.190649, -266.0
1574532776.43961, -266.0
1574532777.621324, -266.0
1574532778.824437, -266.0
1574532779.990565, -266.0
1574532781.111107, -266.0
1574532782.292229, -266.0
1574532783.506312, -266.0
1574532784.617804, -266.0
1574532785.887562, -266.0
1574532786.979714, -266.0
1574532788.160678, -266.0
1574532789.33315, -266.0
1574532790.424248, -266.0
1574532791.531729, -266.0
1574532792.694464, -266.0
1574532793.892372, -266.0
1574532795.214513, -266.0
1574532796.396623, -266.0
1574532797.662659, -266.0
1574532798.823817, -266.0
1574532799.972506, -266.0
1574532801.221497, -266.0
1574532802.452236, -266.0
1574532803.550126, -266.0
1574532804.695533, -266.0
1574532805.871675, -266.0
1574532806.996609, -266.0
1574532808.097354, -266.0
1574532809.299105, -266.0
1574532810.509724, -266.0
1574532811.646899, -266.0
1574532813.011223, -266.0
1574532814.227598, -266.0
1574532815.336599, -266.0
1574532816.488068, -266.0
1574532817.600589, -266.0
1574532818.827328, -266.0
1574532820.035731, -266.0
1574532821.247892, -266.0
1574532822.442597, -266.0
1574532823.582731, -266.0
1574532824.782839, -266.0
1574532825.986173, -266.0
1574532827.154786, -266.0
1574532828.316706, -266.0
1574532829.524997, -266.0
1574532830.689826, -266.0
1574532831.962012, -266.0
1574532833.224007, -266.0
1574532834.398037, -266.0
1574532835.645988, -266.0
1574532836.834569, -266.0
1574532838.021439, -266.0
1574532839.136878, -266.0
1574532840.399263, -266.0
1574532841.676068, -266.0
1574532842.843961, -266.0
1574532844.019758, -266.0
1574532845.268226, -266.0
1574532846.424743, -266.0
1574532847.619452, -266.0
1574532848.749608, -266.0
1574532849.907425, -266.0
1574532851.130643, -266.0
1574532852.32767, -266.0
1574532853.480253, -266.0
1574532854.644389, -266.0
1574532855.882376, -266.0
1574532857.112122, -266.0
1574532858.266852, -266.0
1574532859.458209, -266.0
1574532562.882301, -267.0
1574532562.982776, -267.0
1574532563.07607, -267.0
1574532563.171357, -267.0
1574532563.267752, -267.0
1574532563.368924, -267.0
1574532565.043747, -267.0
1574532566.252104, -267.0
1574532567.469976, -267.0
1574532568.602799, -267.0
1574532569.734863, -267.0
1574532570.981742, -267.0
1574532572.185815, -267.0
1574532573.402989, -267.0
1574532574.689965, -267.0
1574532575.988279, -267.0
1574532577.269071, -267.0
1574532578.556105, -267.0
1574532579.852655, -267.0
1574532581.168861, -267.0
1574532582.443488, -267.0
1574532583.704513, -267.0
1574532585.032001, -267.0
1574532586.239219, -267.0
1574532587.524189, -267.0
1574532588.821396, -267.0
1574532590.002497, -267.0
1574532591.23515, -267.0
1574532592.442571, -267.0
1574532593.657492, -267.0
1574532594.913362, -267.0
1574532596.133944, -267.0
1574532597.393385, -267.0
1574532598.576987, -267.0
1574532599.841461, -267.0
1574532601.05642, -267.0
1574532602.340046, -267.0
1574532603.579428, -267.0
1574532604.843683, -267.0
1574532606.129363, -267.0
1574532607.472294, -267.0
1574532608.720836, -267.0
1574532610.050509, -267.0
1574532611.346116, -267.0
1574532612.600416, -267.0
1574532613.946538, -267.0
1574532615.236275, -267.0
1574532616.52258, -267.0
1574532617.789581, -267.0
1574532619.087418, -267.0
1574532620.371595, -267.0
1574532621.634885, -267.0
1574532622.941108, -267.0
1574532624.177419, -267.0
1574532625.412281, -267.0
1574532626.675008, -267.0
1574532627.958501, -267.0
1574532629.279925, -267.0
1574532630.566234, -267.0
1574532631.773132, -267.0
1574532633.012681, -267.0
1574532634.208861, -267.0
1574532635.48134, -267.0
1574532636.6697, -267.0
1574532637.973335, -267.0
1574532639.119511, -267.0
1574532640.306791, -267.0
1574532641.552064, -267.0
1574532642.813197, -267.0
1574532643.994113, -267.0
1574532645.244473, -267.0
1574532646.503558, -267.0
1574532647.778419, -267.0
1574532649.034718, -267.0
1574532650.323393, -267.0
1574532651.498157, -267.0
1574532652.772464, -267.0
1574532654.036684, -267.0
1574532655.24542, -267.0
1574532656.451592, -267.0
1574532657.650888, -267.0
1574532658.991334, -267.0
1574532660.299717, -267.0
1574532661.59196, -267.0
1574532662.876266, -267.0
1574532664.16286, -267.0
1574532665.436316, -267.0
1574532666.655261, -267.0
1574532667.834004, -267.0
1574532669.10884, -267.0
1574532670.343946, -267.0
1574532671.640019, -267.0
1574532672.899643, -267.0
1574532674.245545, -267.0
1574532675.527278, -267.0
1574532676.756888, -267.0
1574532678.121435, -267.0
1574532679.429216, -267.0
1574532680.705817, -267.0
1574532681.977629, -267.0
1574532683.231432, -267.0
1574532684.464614, -267.0
1574532685.70113, -266.0
1574532686.968233, -266.0
1574532688.38405, -266.0
1574532689.653503, -266.0
1574532690.970612, -266.0
1574532692.231383, -266.0
1574532693.477368, -266.0
1574532694.602575, -266.0
1574532695.810864, -266.0
1574532696.96762, -266.0
1574532698.103136, -266.0
1574532699.394919, -266.0
1574532700.673297, -266.0
1574532701.887372, -266.0
1574532703.085292, -266.0
1574532704.298592, -266.0
1574532705.482353, -266.0
1574532706.666322, -266.0
1574532707.828933, -266.0
1574532708.937334, -266.0
1574532710.240803, -266.0
1574532711.374156, -266.0
1574532712.580198, -266.0
1574532713.766164, -266.0
1574532714.935536, -266.0
1574532716.151142, -266.0
1574532717.41559, -266.0
1574532718.639039, -266.0
1574532719.885574, -266.0
1574532720.996903, -266.0
1574532722.201428, -266.0
1574532723.337139, -266.0
1574532724.453807, -266.0
1574532725.708349, -266.0
1574532726.961532, -266.0
1574532728.106324, -266.0
1574532729.377326, -266.0
1574532730.502942, -266.0
1574532731.719079, -266.0
1574532732.964779, -266.0
1574532734.20015, -266.0
1574532735.316178, -266.0
1574532736.455301, -266.0
1574532737.549949, -266.0
1574532738.673769, -266.0
1574532739.844434, -266.0
1574532741.084772, -266.0
1574532742.259378, -266.0
1574532743.483419, -266.0
1574532744.701765, -266.0
1574532745.89776, -266.0
1574532747.101308, -266.0
1574532748.306854, -266.0
1574532749.542625, -266.0
1574532750.830096, -266.0
1574532752.056567, -266.0
1574532753.242107, -266.0
1574532754.509411, -266.0
1574532755.780313, -266.0
1574532757.10804, -266.0
1574532758.37729, -266.0
1574532759.736103, -266.0
1574532760.997341, -266.0
1574532762.328327, -266.0
1574532763.522108, -266.0
1574532764.766255, -266.0
1574532766.157031, -266.0
1574532767.398221, -266.0
1574532768.676047, -266.0
1574532769.907117, -266.0
1574532771.121892, -266.0
1574532772.399564, -266.0
1574532773.555545, -266.0
1574532774.815452, -266.0
1574532776.052859, -266.0
1574532777.253371, -266.0
1574532778.478437, -266.0
1574532779.852989, -266.0
1574532780.982085, -266.0
1574532782.153994, -266.0
1574532783.410209, -266.0
1574532784.6761, -266.0
1574532785.874231, -266.0
1574532787.126211, -266.0
1574532788.453301, -266.0
1574532789.713092, -266.0
1574532791.067146, -266.0
1574532792.37083, -266.0
1574532793.655023, -266.0
1574532794.824138, -266.0
1574532796.098379, -266.0
1574532797.382596, -266.0
1574532798.599074, -266.0
1574532799.84059, -266.0
1574532801.063543, -266.0
1574532802.358716, -266.0
1574532803.500488, -266.0
1574532804.700714, -266.0
1574532805.911348, -266.0
1574532807.103342, -266.0
1574532808.334215, -266.0
1574532809.534514, -266.0
1574532810.737276, -266.0
1574532812.124021, -266.0
1574532813.420681, -266.0
1574532814.602955, -266.0
1574532815.803029, -266.0
1574532816.919508, -266.0
1574532818.206072, -266.0
1574532819.427315, -266.0
1574532820.654941, -266.0
1574532821.881045, -266.0
1574532823.057491, -266.0
1574532824.292742, -266.0
1574532825.527131, -266.0
1574532826.679025, -266.0
1574532827.905227, -266.0
1574532829.130192, -266.0
1574532830.381287, -266.0
1574532831.601693, -266.0
1574532832.857555, -266.0
1574532834.046327, -266.0
1574532835.235332, -266.0
1574532836.455178, -266.0
1574532837.675067, -266.0
1574532838.798082, -266.0
1574532840.055259, -266.0
1574532841.300292, -266.0
1574532842.513166, -266.0
1574532843.696046, -266.0
1574532844.916405, -266.0
1574532846.078142, -266.0
1574532847.228427, -266.0
1574532848.407624, -266.0
1574532849.523235, -266.0
1574532850.757301, -266.0
1574532851.95235, -266.0
1574532853.126556, -266.0
1574532854.326479, -266.0
1574532855.538796, -266.0
1574532856.738376, -266.0
1574532857.934256, -266.0
1574532859.107528, -266.0
1574532860.282507, -266.0
1574532861.463678, -266.0
1574532862.656825, -266.0
1574532863.881149, -266.0
1574532865.018754, -266.0
1574532569.897156, -267.0
1574532571.144846, -267.0
1574532572.517677, -267.0
1574532573.905032, -267.0
1574532575.283731, -267.0
1574532576.437041, -267.0
1574532577.728247, -267.0
1574532578.855285, -267.0
1574532580.016436, -267.0
1574532581.239733, -267.0
1574532582.413161, -267.0
1574532583.537657, -267.0
1574532584.719639, -267.0
1574532585.9631, -267.0
1574532587.178006, -267.0
1574532588.362509, -267.0
1574532589.478603, -267.0
1574532590.723799, -267.0
1574532591.877921, -267.0
1574532593.132638, -267.0
1574532594.415595, -267.0
1574532595.64271, -267.0
1574532596.812709, -267.0
1574532598.092808, -267.0
1574532599.367755, -267.0
1574532600.446617, -267.0
1574532601.540971, -267.0
1574532602.668551, -267.0
1574532603.884047, -267.0
1574532605.041874, -267.0
1574532606.178447, -267.0
1574532607.360082, -267.0
1574532608.575845, -267.0
1574532609.673836, -267.0
1574532610.78815, -267.0
1574532611.97173, -267.0
1574532613.206633, -267.0
1574532614.389285, -267.0
1574532615.641695, -267.0
1574532616.753016, -267.0
1574532617.888877, -267.0
1574532619.089929, -267.0
1574532620.222225, -267.0
1574532621.4226, -267.0
1574532622.61295, -267.0
1574532623.769994, -267.0
1574532624.963468, -267.0
1574532626.125445, -267.0
1574532627.366358, -267.0
1574532628.565105, -267.0
1574532629.739621, -267.0
1574532630.93663, -267.0
1574532632.121873, -267.0
1574532633.236999, -267.0
1574532634.348729, -267.0
1574532635.611602, -267.0
1574532636.917277, -267.0
1574532638.139919, -267.0
1574532639.338036, -267.0
1574532640.556306, -267.0
1574532641.780363, -267.0
1574532643.020134, -267.0
1574532644.105947, -267.0
1574532645.296583, -267.0
1574532646.499953, -267.0
1574532647.678058, -267.0
1574532648.921493, -267.0
1574532650.156222, -267.0
1574532651.299411, -267.0
1574532652.420418, -267.0
1574532653.591398, -267.0
1574532654.799222, -267.0
1574532655.898224, -267.0
1574532657.098154, -267.0
1574532658.277518, -267.0
1574532659.496494, -267.0
1574532660.728987, -267.0
1574532661.941748, -267.0
1574532663.139312, -267.0
1574532664.241782, -267.0
1574532665.463667, -267.0
1574532666.601737, -267.0
1574532667.748541, -267.0
1574532668.836254, -267.0
1574532670.084697, -267.0
1574532671.283823, -267.0
1574532672.440359, -267.0
1574532673.644524, -267.0
1574532674.809849, -267.0
1574532675.923737, -267.0
1574532677.138423, -267.0
1574532678.279478, -267.0
1574532679.449702, -267.0
1574532680.649308, -267.0
1574532681.796463, -267.0
1574532682.990544, -267.0
1574532684.110659, -267.0
1574532685.272271, -266.0
1574532686.504284, -266.0
1574532687.689476, -266.0
1574532688.944439, -266.0
1574532690.093276, -266.0
1574532691.268294, -266.0
1574532692.501354, -266.0
1574532693.727605, -266.0
1574532694.958884, -266.0
1574532696.221057, -266.0
1574532697.395739, -266.0
1574532698.503861, -266.0
1574532699.729233, -266.0
1574532700.973987, -266.0
1574532702.072011, -266.0
1574532703.297556, -266.0
1574532704.493755, -266.0
1574532705.728059, -266.0
1574532706.879252, -266.0
1574532708.015835, -266.0
1574532709.156985, -266.0
1574532710.242699, -266.0
1574532711.448573, -266.0
1574532712.653047, -266.0
1574532713.798126, -266.0
1574532714.983538, -266.0
1574532716.155332, -266.0
1574532717.246806, -266.0
1574532718.473126, -266.0
1574532719.699335, -266.0
1574532720.940036, -266.0
1574532722.120713, -266.0
1574532723.406179, -266.0
1574532724.650599, -266.0
1574532725.861341, -266.0
1574532727.069198, -266.0
1574532728.232369, -266.0
1574532729.409532, -266.0
1574532730.630347, -266.0
1574532731.769261, -266.0
1574532732.891852, -266.0
1574532734.069275, -266.0
1574532735.234137, -266.0
1574532736.324071, -266.0
1574532737.45949, -266.0
1574532738.682253, -266.0
1574532739.929015, -266.0
1574532741.031913, -266.0
1574532742.236392, -266.0
1574532743.465323, -266.0
1574532744.623229, -266.0
1574532745.711461, -266.0
1574532746.995232, -266.0
1574532748.154012, -266.0
1574532749.385225, -266.0
1574532750.578215, -266.0
1574532751.760532, -266.0
1574532752.97718, -266.0
1574532754.205272, -266.0
1574532755.395521, -266.0
1574532756.525128, -266.0
1574532757.717623, -266.0
1574532758.913883, -266.0
1574532760.164767, -266.0
1574532761.265443, -266.0
1574532762.420671, -266.0
1574532763.609273, -266.0
1574532764.756977, -266.0
1574532765.998421, -266.0
1574532767.211373, -266.0
1574532768.400931, -266.0
1574532769.606586, -266.0
1574532770.737701, -266.0
1574532771.988003, -266.0
1574532773.235917, -266.0
1574532774.495884, -266.0
1574532775.752418, -266.0
1574532776.999111, -266.0
1574532778.1712, -266.0
1574532779.349942, -266.0
1574532780.546688, -266.0
1574532781.697692, -266.0
1574532782.919422, -266.0
1574532784.088335, -266.0
1574532785.349717, -266.0
1574532786.479748, -266.0
1574532787.636986, -266.0
1574532788.837534, -266.0
1574532789.993567, -266.0
1574532791.17134, -266.0
1574532792.349461, -266.0
1574532793.562253, -266.0
1574532794.733412, -266.0
1574532795.888731, -266.0
1574532797.070163, -266.0
1574532798.177071, -266.0
1574532799.277052, -266.0
1574532800.397496, -266.0
1574532801.610779, -266.0
1574532802.803769, -266.0
1574532804.079615, -266.0
1574532805.274965, -266.0
1574532806.537278, -266.0
1574532807.858113, -266.0
1574532809.067056, -266.0
1574532810.283063, -266.0
1574532811.409193, -266.0
1574532812.609831, -266.0
1574532813.859418, -266.0
1574532815.182648, -266.0
1574532816.477559, -266.0
1574532817.746306, -266.0
1574532819.022131, -266.0
1574532820.253883, -266.0
1574532821.508266, -266.0
1574532822.752142, -266.0
1574532824.016003, -266.0
1574532825.18555, -266.0
1574532826.494751, -266.0
1574532827.830059, -266.0
1574532829.091562, -266.0
1574532830.37996, -266.0
1574532831.671907, -266.0
1574532832.923754, -266.0
1574532834.197195, -266.0
1574532835.410219, -266.0
1574532836.6228, -266.0
1574532837.899566, -266.0
1574532839.171202, -266.0
1574532840.476968, -266.0
1574532841.765285, -266.0
1574532842.929184, -266.0
1574532844.20241, -266.0
1574532845.436034, -266.0
1574532846.744024, -266.0
1574532847.986081, -266.0
1574532849.137539, -266.0
1574532850.507279, -266.0
1574532851.743905, -266.0
1574532852.991465, -266.0
1574532854.281566, -266.0
1574532855.448124, -266.0
1574532856.697687, -266.0
1574532857.903553, -266.0
1574532859.149514, -266.0
1574532860.469719, -266.0
1574532861.625556, -266.0
1574532862.787888, -266.0
1574532863.942424, -266.0
1574532865.024485, -266.0
1574532866.259772, -266.0
1574532867.41941, -266.0
1574532868.484903, -266.0
1574532583.807931, -267.0
1574532585.059232, -267.0
1574532586.366091, -267.0
1574532587.599716, -267.0
1574532588.913936, -267.0
1574532590.115906, -267.0
1574532591.323829, -267.0
1574532592.546673, -267.0
1574532593.772896, -267.0
1574532594.894743, -267.0
1574532596.07161, -267.0
1574532597.258362, -267.0
1574532598.431372, -267.0
1574532599.633747, -267.0
1574532600.782159, -267.0
1574532601.976112, -267.0
1574532603.123461, -267.0
1574532604.355974, -267.0
1574532605.628887, -267.0
1574532606.87373, -267.0
1574532608.034859, -267.0
1574532609.185985, -267.0
1574532610.376449, -267.0
1574532611.551518, -267.0
1574532612.713392, -267.0
1574532613.832855, -267.0
1574532614.995556, -267.0
1574532616.163122, -267.0
1574532617.320296, -267.0
1574532618.501928, -267.0
1574532619.741796, -267.0
1574532620.881483, -267.0
1574532622.176036, -267.0
1574532623.328897, -267.0
1574532624.530234, -267.0
1574532625.780649, -267.0
1574532626.987772, -267.0
1574532628.22371, -267.0
1574532629.449718, -267.0
1574532630.627286, -267.0
1574532631.765843, -267.0
1574532632.963683, -267.0
1574532634.139429, -267.0
1574532635.293843, -267.0
1574532636.491577, -267.0
1574532637.614639, -267.0
1574532638.762251, -267.0
1574532639.943718, -267.0
1574532641.176019, -267.0
1574532642.357254, -267.0
1574532643.473815, -267.0
1574532644.67026, -267.0
1574532645.92799, -267.0
1574532647.136088, -267.0
1574532648.421173, -267.0
1574532649.527513, -267.0
1574532650.734745, -267.0
1574532651.936815, -267.0
1574532653.159233, -267.0
1574532654.220591, -267.0
1574532655.307366, -267.0
1574532656.484576, -267.0
1574532657.658454, -267.0
1574532658.800715, -267.0
1574532659.947641, -267.0
1574532661.108236, -267.0
1574532662.297534, -267.0
1574532663.501167, -267.0
1574532664.701105, -267.0
1574532665.842609, -267.0
1574532666.959691, -267.0
1574532668.214777, -267.0
1574532669.431142, -267.0
1574532670.634245, -267.0
1574532671.821157, -267.0
1574532673.015426, -267.0
1574532674.25644, -267.0
1574532675.40532, -267.0
1574532676.563391, -267.0
1574532677.756606, -267.0
1574532678.905166, -267.0
1574532680.081576, -267.0
1574532681.20985, -267.0
1574532682.420589, -267.0
1574532683.643496, -267.0
1574532684.746509, -266.0
1574532685.993681, -266.0
1574532687.195659, -266.0
1574532688.364323, -266.0
1574532689.592034, -266.0
1574532690.799359, -266.0
1574532691.981203, -266.0
1574532693.148723, -266.0
1574532694.344268, -266.0
1574532695.660904, -266.0
1574532696.952139, -266.0
1574532698.19616, -266.0
1574532699.376992, -266.0
1574532700.572628, -266.0
1574532701.753894, -266.0
1574532702.932264, -266.0
1574532704.127003, -266.0
1574532705.292353, -266.0
1574532706.399995, -266.0
1574532707.671114, -266.0
1574532708.891463, -266.0
1574532710.010477, -266.0
1574532711.081968, -266.0
1574532712.302558, -266.0
1574532713.417372, -266.0
1574532714.548599, -266.0
1574532715.778107, -266.0
1574532716.984507, -266.0
1574532718.169554, -266.0
1574532719.413403, -266.0
1574532720.558602, -266.0
1574532721.760423, -266.0
1574532723.030337, -266.0
1574532724.234129, -266.0
1574532725.352734, -266.0
1574532726.496314, -266.0
1574532727.642842, -266.0
1574532728.787214, -266.0
1574532729.965734, -266.0
1574532731.159594, -266.0
1574532732.40938, -266.0
1574532733.493593, -266.0
1574532734.717593, -266.0
1574532735.883254, -266.0
1574532737.093489, -266.0
1574532738.394903, -266.0
1574532739.591994, -266.0
1574532740.786083, -266.0
1574532741.923211, -266.0
1574532743.052858, -266.0
1574532744.11679, -266.0
1574532745.197123, -266.0
1574532746.304481, -266.0
1574532747.475891, -266.0
1574532748.636625, -266.0
1574532749.881442, -266.0
1574532751.097728, -266.0
1574532752.273811, -266.0
1574532753.509229, -266.0
1574532754.662433, -266.0
1574532755.874652, -266.0
1574532757.123665, -266.0
1574532758.326707, -266.0
1574532759.462062, -266.0
1574532760.694423, -266.0
1574532761.904028, -266.0
1574532763.149381, -266.0
1574532764.264836, -266.0
1574532765.471741, -266.0
1574532766.648162, -266.0
1574532767.911167, -266.0
1574532769.105281, -266.0
1574532770.238081, -266.0
1574532771.519158, -266.0
1574532772.691646, -266.0
1574532773.873477, -266.0
1574532775.073782, -266.0
1574532776.220552, -266.0
1574532777.405826, -266.0
1574532778.575436, -266.0
1574532779.80108, -266.0
1574532780.934344, -266.0
1574532782.021154, -266.0
1574532783.177605, -266.0
1574532784.434865, -266.0
1574532785.55463, -266.0
1574532786.686948, -266.0
1574532787.9012, -266.0
1574532789.10559, -266.0
1574532790.272406, -266.0
1574532791.451335, -266.0
1574532792.643216, -266.0
1574532793.872907, -266.0
1574532795.13899, -266.0
1574532796.311789, -266.0
1574532797.561342, -266.0
1574532798.726086, -266.0
1574532799.948572, -266.0
1574532801.10633, -266.0
1574532802.257932, -266.0
1574532803.488986, -266.0
1574532804.692208, -266.0
1574532805.796978, -266.0
1574532806.954663, -266.0
1574532808.121882, -266.0
1574532809.249415, -266.0
1574532810.432995, -266.0
1574532811.666903, -266.0
1574532812.856753, -266.0
1574532813.985779, -266.0
1574532815.343158, -266.0
1574532816.584911, -266.0
1574532817.697246, -266.0
1574532818.873019, -266.0
1574532820.011144, -266.0
1574532821.262791, -266.0
1574532822.44902, -266.0
1574532823.634419, -266.0
1574532824.825088, -266.0
1574532825.951835, -266.0
1574532827.181829, -266.0
1574532828.386431, -266.0
1574532829.558137, -266.0
1574532830.706902, -266.0
1574532831.981441, -266.0
1574532833.171045, -266.0
1574532834.427661, -266.0
1574532835.642462, -266.0
1574532836.822781, -266.0
1574532838.044929, -266.0
1574532839.229419, -266.0
1574532840.453265, -266.0
1574532841.63872, -266.0
1574532842.886326, -266.0
1574532844.116472, -266.0
1574532845.321662, -266.0
1574532846.481149, -266.0
1574532847.73453, -266.0
1574532848.864985, -266.0
1574532850.061657, -266.0
1574532851.236682, -266.0
1574532852.355372, -266.0
1574532853.55877, -266.0
1574532854.709353, -266.0
1574532855.851619, -266.0
1574532857.061942, -266.0
1574532858.284135, -266.0
1574532859.496755, -266.0
1574532860.655671, -266.0
1574532861.836914, -266.0
1574532863.016627, -266.0
1574532864.170628, -266.0
1574532865.326321, -266.0
1574532866.564188, -266.0
1574532867.750778, -266.0
1574532868.881464, -266.0
1574532870.074888, -266.0
1574532871.338678, -266.0
1574532872.490388, -266.0
1574532873.63809, -266.0
1574532874.802109, -266.0
1574532875.976564, -266.0
1574532877.185547, -266.0
1574532878.286035, -266.0
1574532879.40298, -266.0
