1574532892.170779, -3505.0
1574532892.579206, -3140.0
1574532892.976749, -3140.0
1574532896.297508, -249.0
1574532899.197225, -249.0
1574532901.936437, -240.0
1574532907.624124, -240.0
1574532912.86811, -240.0
1574532918.010855, -240.0
1574532923.012401, -240.0
1574532928.125192, -240.0
1574532933.068723, -240.0
1574532937.933927, -240.0
1574532942.82181, -240.0
1574532948.107476, -233.0
1574532948.543796, -233.0
1574532948.957096, -233.0
1574532953.842285, -233.0
1574532958.845057, -233.0
1574532963.750046, -233.0
1574532968.464827, -233.0
1574532973.474596, -233.0
1574532978.399881, -233.0
1574532983.297627, -233.0
1574532988.166581, -233.0
1574532993.050071, -233.0
1574532997.885607, -233.0
1574533002.875172, -233.0
1574533007.608073, -233.0
1574533012.497064, -233.0
1574533017.259307, -233.0
1574533022.076467, -233.0
1574533026.865684, -231.0
1574533031.60433, -231.0
1574533036.444803, -231.0
1574533041.296678, -231.0
1574533046.064202, -231.0
1574533050.962826, -231.0
1574533055.786013, -231.0
1574533060.455025, -231.0
1574533065.227238, -231.0
1574533070.101535, -231.0
1574533074.817572, -231.0
1574533079.512208, -231.0
1574533084.358458, -231.0
1574533089.146399, -231.0
1574533093.936098, -231.0
1574533098.642353, -231.0
1574533103.786553, -231.0
1574533108.626427, -231.0
1574532894.484684, -249.0
1574532895.355815, -249.0
1574532896.185577, -249.0
1574532897.014058, -249.0
1574532897.851795, -249.0
1574532898.741475, -249.0
1574532899.576803, -240.0
1574532900.431256, -240.0
1574532901.289767, -240.0
1574532902.175197, -240.0
1574532903.043381, -240.0
1574532903.920449, -240.0
1574532904.773489, -240.0
1574532905.64117, -240.0
1574532906.504608, -240.0
1574532907.345364, -240.0
1574532908.200179, -240.0
1574532911.030762, -240.0
1574532913.447837, -240.0
1574532914.304764, -240.0
1574532915.170776, -240.0
1574532921.058455, -240.0
1574532930.594187, -240.0
1574532939.501934, -240.0
1574532948.40191, -233.0
1574532957.326357, -233.0
1574532964.637955, -233.0
1574532971.611915, -233.0
1574532981.562774, -233.0
1574532984.427888, -233.0
1574532988.73981, -233.0
1574532989.613531, -233.0
1574532990.499174, -233.0
1574532991.370312, -233.0
1574532992.212661, -233.0
1574532993.069575, -233.0
1574532993.90084, -233.0
1574532994.800302, -233.0
1574532997.509934, -233.0
1574532998.402818, -233.0
1574533003.729798, -233.0
1574533019.012281, -233.0
1574533033.708738, -231.0
1574533049.624286, -231.0
1574533061.162603, -231.0
1574533074.474061, -231.0
1574533082.881524, -231.0
1574533091.578317, -231.0
1574533101.957626, -231.0
1574533110.97177, -231.0
1574532894.002405, -249.0
1574532894.58449, -249.0
1574532895.135659, -249.0
1574532895.687972, -249.0
1574532896.244349, -249.0
1574532896.838385, -249.0
1574532898.720614, -249.0
1574532899.285565, -240.0
1574532899.837215, -240.0
1574532900.394939, -240.0
1574532900.951939, -240.0
1574532901.508426, -240.0
1574532902.064601, -240.0
1574532902.620755, -240.0
1574532903.173279, -240.0
1574532903.725169, -240.0
1574532904.277873, -240.0
1574532904.830206, -240.0
1574532905.383531, -240.0
1574532905.94292, -240.0
1574532906.495675, -240.0
1574532907.049804, -240.0
1574532907.602225, -240.0
1574532908.158217, -240.0
1574532908.727156, -240.0
1574532909.299323, -240.0
1574532917.466551, -240.0
1574532919.258942, -240.0
1574532923.607945, -240.0
1574532929.30296, -240.0
1574532937.482955, -240.0
1574532943.038555, -233.0
1574532947.426281, -233.0
1574532950.58944, -233.0
1574532957.460264, -233.0
1574532965.638664, -233.0
1574532973.661571, -233.0
1574532981.781722, -233.0
1574532989.842474, -233.0
1574532997.949719, -233.0
1574533006.155186, -233.0
1574533014.318651, -233.0
1574533022.309877, -231.0
1574533030.61976, -231.0
1574533038.769114, -231.0
1574533046.858575, -231.0
1574533055.103087, -231.0
1574533063.170914, -231.0
1574533071.182461, -231.0
1574533079.225832, -231.0
1574532892.358535, -3140.0
1574532892.769376, -3140.0
1574532893.179111, -3140.0
1574532896.435309, -249.0
1574532904.070827, -240.0
1574532911.588019, -240.0
1574532911.972087, -240.0
1574532912.360542, -240.0
1574532912.760135, -240.0
1574532916.781818, -240.0
1574532919.696784, -240.0
1574532927.138234, -240.0
1574532932.769655, -240.0
1574532937.91097, -240.0
1574532943.697117, -233.0
1574532950.711461, -233.0
1574532958.620169, -233.0
1574532964.788387, -233.0
1574532968.525522, -233.0
1574532972.01218, -233.0
1574532975.592958, -233.0
1574532979.115117, -233.0
1574532982.795394, -233.0
1574532990.538747, -233.0
1574532991.996371, -233.0
1574532993.423585, -233.0
1574532994.834104, -233.0
1574532996.192699, -233.0
1574532997.510836, -233.0
1574532998.904476, -233.0
1574533000.29718, -233.0
1574533001.698767, -233.0
1574533003.374783, -233.0
1574533011.967477, -233.0
1574533012.376881, -233.0
1574533012.824719, -233.0
1574533013.27199, -233.0
1574533013.712201, -233.0
1574533014.112941, -233.0
1574533014.480014, -233.0
1574533014.85358, -233.0
1574533015.240185, -233.0
1574533015.61527, -233.0
1574533015.981075, -233.0
1574533016.372232, -233.0
1574533024.868725, -231.0
1574533032.227351, -231.0
1574533039.5513, -231.0
1574533039.944224, -231.0
1574533040.364654, -231.0
1574533040.728484, -231.0
1574533046.57491, -231.0
1574533050.437679, -231.0
1574533053.176031, -231.0
1574533056.168463, -231.0
1574533059.325628, -231.0
1574533062.387781, -231.0
1574533066.322492, -231.0
1574533071.104315, -231.0
1574533076.158941, -231.0
1574533080.205789, -231.0
1574533084.034226, -231.0
1574533087.483527, -231.0
1574533090.334208, -231.0
1574533091.409664, -231.0
1574533092.545611, -231.0
1574533093.541683, -231.0
1574533094.590415, -231.0
1574533095.631814, -231.0
1574533096.703886, -231.0
1574533097.686812, -231.0
1574533098.727262, -231.0
1574533099.753485, -231.0
1574533100.756643, -231.0
1574533101.723602, -231.0
1574533102.859038, -231.0
1574533104.658427, -231.0
1574533106.949286, -231.0
1574533109.826231, -231.0
1574533115.811266, -231.0
1574533117.872804, -231.0
1574533119.637636, -231.0
1574533121.360969, -231.0
1574533122.895428, -231.0
1574533124.544039, -231.0
1574533126.176981, -231.0
1574533130.560106, -231.0
1574533133.400527, -231.0
1574533136.593779, -231.0
1574533141.136071, -231.0
1574533144.043112, -231.0
1574533149.043918, -231.0
1574533153.234845, -231.0
1574533156.045089, -231.0
1574533158.870904, -231.0
1574533161.841867, -231.0
1574533165.389814, -231.0
1574533168.920105, -231.0
1574533171.841481, -231.0
1574533175.680045, -231.0
1574533080.269614, -231.0
1574533081.207381, -231.0
1574533082.142691, -231.0
1574533083.089206, -231.0
1574533084.057103, -231.0
1574533085.094243, -231.0
1574533086.08313, -231.0
1574533087.044385, -231.0
1574533088.016397, -231.0
1574533088.982836, -231.0
1574533089.957176, -231.0
1574533090.941276, -231.0
1574533091.890772, -231.0
1574533092.831237, -231.0
1574533093.78505, -231.0
1574533094.735186, -231.0
1574533095.691072, -231.0
1574533096.631546, -231.0
1574533097.606465, -231.0
1574533098.583383, -231.0
1574533099.570828, -231.0
1574533100.54593, -231.0
1574533101.615859, -231.0
1574533105.740442, -231.0
1574533116.168267, -231.0
1574533125.527773, -231.0
1574533133.878927, -231.0
1574533142.058077, -231.0
1574533153.076606, -231.0
1574533160.324578, -231.0
1574533168.055146, -231.0
1574533173.054749, -231.0
1574533189.609642, -231.0
1574533198.574917, -231.0
1574533207.672194, -231.0
1574533215.631981, -231.0
1574533231.616433, -231.0
1574533248.16504, -231.0
1574533261.789571, -231.0
1574533274.423845, -231.0
1574533286.515526, -231.0
1574533299.543331, -231.0
1574533315.216419, -231.0
1574533329.463799, -231.0
1574533343.502758, -231.0
1574533356.607389, -231.0
1574533367.461893, -231.0
1574533378.015416, -231.0
1574533387.542414, -231.0
1574533396.291459, -231.0
1574533108.983985, -231.0
1574533109.261969, -231.0
1574533109.540442, -231.0
1574533109.840453, -231.0
1574533110.123859, -231.0
1574533110.418148, -231.0
1574533110.714647, -231.0
1574533111.006383, -231.0
1574533111.30268, -231.0
1574533111.58789, -231.0
1574533111.88722, -231.0
1574533112.169482, -231.0
1574533112.464884, -231.0
1574533112.761234, -231.0
1574533114.321364, -231.0
1574533118.265113, -231.0
1574533121.022856, -231.0
1574533123.812482, -231.0
1574533124.090433, -231.0
1574533128.089405, -231.0
1574533132.04998, -231.0
1574533136.094225, -231.0
1574533140.202645, -231.0
1574533144.352324, -231.0
1574533147.157084, -231.0
1574533149.871551, -231.0
1574533151.368625, -231.0
1574533152.930229, -231.0
1574533154.397001, -231.0
1574533155.908874, -231.0
1574533157.385364, -231.0
1574533158.861972, -231.0
1574533160.351936, -231.0
1574533161.872116, -231.0
1574533163.357581, -231.0
1574533164.837744, -231.0
1574533168.892827, -231.0
1574533171.620633, -231.0
1574533174.428601, -231.0
1574533176.019744, -231.0
1574533176.298901, -231.0
1574533177.840542, -231.0
1574533178.128458, -231.0
1574533178.414405, -231.0
1574533178.703283, -231.0
1574533178.989453, -231.0
1574533179.287145, -231.0
1574533179.569259, -231.0
1574533181.168402, -231.0
1574533181.456152, -231.0
1574533113.171301, -231.0
1574533113.682953, -231.0
1574533114.170057, -231.0
1574533114.750296, -231.0
1574533116.702809, -231.0
1574533117.177861, -231.0
1574533117.659736, -231.0
1574533118.132904, -231.0
1574533118.632969, -231.0
1574533119.123924, -231.0
1574533121.112125, -231.0
1574533121.606808, -231.0
1574533122.100471, -231.0
1574533122.586586, -231.0
1574533123.084929, -231.0
1574533123.57564, -231.0
1574533126.283969, -231.0
1574533126.755695, -231.0
1574533130.406896, -231.0
1574533132.11969, -231.0
1574533132.589925, -231.0
1574533133.067972, -231.0
1574533136.49017, -231.0
1574533141.326789, -231.0
1574533145.672326, -231.0
1574533153.006563, -231.0
1574533157.319363, -231.0
1574533161.644012, -231.0
1574533170.068225, -231.0
1574533177.31671, -231.0
1574533184.751762, -231.0
1574533193.337125, -231.0
1574533200.035339, -231.0
1574533204.432175, -231.0
1574533208.914718, -231.0
1574533213.708163, -231.0
1574533216.469164, -231.0
1574533219.153063, -231.0
1574533221.836475, -231.0
1574533224.515314, -231.0
1574533227.138312, -231.0
1574533229.831998, -231.0
1574533233.965706, -231.0
1574533240.721761, -231.0
1574533248.005875, -231.0
1574533254.105131, -231.0
1574533261.167871, -231.0
1574533268.307409, -231.0
1574533274.808242, -231.0
1574533281.404248, -231.0
1574533175.941847, -231.0
1574533176.148028, -231.0
1574533176.334554, -231.0
1574533176.540859, -231.0
1574533176.734032, -231.0
1574533180.118046, -231.0
1574533182.580514, -231.0
1574533184.769278, -231.0
1574533186.647265, -231.0
1574533188.479817, -231.0
1574533190.430233, -231.0
1574533192.424367, -231.0
1574533194.427651, -231.0
1574533196.234598, -231.0
1574533198.192308, -231.0
1574533200.132025, -231.0
1574533202.24667, -231.0
1574533203.798938, -231.0
1574533203.999879, -231.0
1574533204.203116, -231.0
1574533204.40934, -231.0
1574533204.606163, -231.0
1574533204.803224, -231.0
1574533204.998661, -231.0
1574533205.191457, -231.0
1574533205.391289, -231.0
1574533205.587466, -231.0
1574533205.787816, -231.0
1574533205.981124, -231.0
1574533206.179558, -231.0
1574533210.895049, -231.0
1574533213.861746, -231.0
1574533216.182717, -231.0
1574533221.075353, -231.0
1574533223.533485, -231.0
1574533223.738179, -231.0
1574533223.940813, -231.0
1574533224.141512, -231.0
1574533226.395402, -231.0
1574533229.512852, -231.0
1574533231.832794, -231.0
1574533234.571236, -231.0
1574533237.050849, -231.0
1574533239.140874, -231.0
1574533241.043259, -231.0
1574533242.841921, -231.0
1574533244.487454, -231.0
1574533246.135126, -231.0
1574533247.800891, -231.0
1574533249.490201, -231.0
1574533181.826435, -231.0
1574533182.104136, -231.0
1574533182.387732, -231.0
1574533182.665719, -231.0
1574533182.944342, -231.0
1574533183.223741, -231.0
1574533183.52149, -231.0
1574533183.812705, -231.0
1574533184.091376, -231.0
1574533184.381285, -231.0
1574533185.979792, -231.0
1574533189.844727, -231.0
1574533192.621769, -231.0
1574533195.349506, -231.0
1574533198.174742, -231.0
1574533200.950729, -231.0
1574533204.803948, -231.0
1574533207.584522, -231.0
1574533211.613772, -231.0
1574533215.767927, -231.0
1574533219.904106, -231.0
1574533223.972486, -231.0
1574533228.00209, -231.0
1574533232.189823, -231.0
1574533236.114626, -231.0
1574533240.070131, -231.0
1574533244.194931, -231.0
1574533248.138239, -231.0
1574533252.039712, -231.0
1574533256.135286, -231.0
1574533260.236683, -231.0
1574533264.203751, -231.0
1574533268.158152, -231.0
1574533272.303165, -231.0
1574533276.329853, -231.0
1574533280.41234, -231.0
1574533284.492181, -231.0
1574533288.446249, -231.0
1574533292.247171, -231.0
1574533296.133338, -231.0
1574533299.89591, -231.0
1574533303.673923, -231.0
1574533307.418861, -231.0
1574533311.259873, -231.0
1574533315.17726, -231.0
1574533318.966729, -231.0
1574533322.718015, -231.0
1574533326.623959, -231.0
1574533330.472149, -231.0
1574533334.270818, -231.0
1574533249.631209, -231.0
1574533249.73752, -231.0
1574533249.843633, -231.0
1574533249.940367, -231.0
1574533250.036554, -231.0
1574533250.135437, -231.0
1574533250.235932, -231.0
1574533250.34497, -231.0
1574533250.457436, -231.0
1574533250.570512, -231.0
1574533250.674266, -231.0
1574533250.77343, -231.0
1574533250.875161, -231.0
1574533250.967736, -231.0
1574533251.062598, -231.0
1574533251.160524, -231.0
1574533251.256983, -231.0
1574533251.357161, -231.0
1574533251.451289, -231.0
1574533251.544807, -231.0
1574533251.651387, -231.0
1574533253.87545, -231.0
1574533255.357096, -231.0
1574533256.693616, -231.0
1574533256.80433, -231.0
1574533256.897629, -231.0
1574533257.006193, -231.0
1574533258.613818, -231.0
1574533259.922431, -231.0
1574533261.334364, -231.0
1574533262.689637, -231.0
1574533264.01335, -231.0
1574533265.326523, -231.0
1574533266.553033, -231.0
1574533267.788795, -231.0
1574533269.171659, -231.0
1574533270.542534, -231.0
1574533271.989252, -231.0
1574533273.359222, -231.0
1574533274.689129, -231.0
1574533275.976834, -231.0
1574533277.358915, -231.0
1574533278.726362, -231.0
1574533280.107866, -231.0
1574533281.547524, -231.0
1574533282.91972, -231.0
1574533284.201001, -231.0
1574533285.562074, -231.0
1574533286.862891, -231.0
1574533288.12707, -231.0
1574533433.024372, -231.0
1574533434.253417, -231.0
1574533435.693096, -231.0
1574533437.287468, -231.0
1574533437.394366, -231.0
1574533437.487441, -231.0
1574533437.594571, -231.0
1574533439.2711, -231.0
1574533440.533421, -231.0
1574533441.841782, -231.0
1574533443.176058, -231.0
1574533444.5141, -231.0
1574533445.83546, -231.0
1574533447.134785, -231.0
1574533448.425135, -231.0
1574533449.800879, -231.0
1574533451.184599, -231.0
1574533452.50682, -231.0
1574533453.776346, -231.0
1574533455.167747, -231.0
1574533456.56092, -231.0
1574533457.741012, -231.0
1574533459.119212, -231.0
1574533460.472712, -231.0
1574533461.903618, -231.0
1574533463.274346, -231.0
1574533464.65306, -231.0
1574533466.029662, -231.0
1574533467.400848, -231.0
1574533468.70095, -231.0
1574533470.107447, -231.0
1574533471.483733, -231.0
1574533472.92864, -231.0
1574533474.242636, -231.0
1574533475.645508, -231.0
1574533477.039444, -231.0
1574533478.457621, -231.0
1574533479.820125, -231.0
1574533481.166989, -231.0
1574533482.624471, -231.0
1574533484.009013, -231.0
1574533485.420597, -231.0
1574533486.795264, -231.0
1574533488.172716, -231.0
1574533489.508085, -231.0
1574533490.880677, -231.0
1574533492.173844, -231.0
1574533493.61773, -231.0
1574533494.937565, -231.0
1574533496.325662, -231.0
1574533497.69887, -231.0
1574533499.035681, -231.0
1574533500.408693, -231.0
1574533501.70514, -231.0
1574533503.054755, -231.0
1574533504.457833, -231.0
1574533505.859882, -231.0
1574533507.268336, -231.0
1574533508.651642, -231.0
1574533510.053216, -231.0
1574533511.466959, -231.0
1574533512.854588, -231.0
1574533514.121923, -231.0
1574533515.441051, -231.0
1574533516.842042, -231.0
1574533518.237623, -231.0
1574533519.534269, -231.0
1574533520.867139, -231.0
1574533522.322856, -231.0
1574533523.72575, -231.0
1574533525.053547, -231.0
1574533526.455639, -231.0
1574533527.937346, -231.0
1574533529.244731, -231.0
1574533530.63868, -231.0
1574533532.074817, -231.0
1574533533.433158, -231.0
1574533534.839927, -231.0
1574533536.298729, -231.0
1574533537.662249, -231.0
1574533539.037122, -231.0
1574533540.382612, -231.0
1574533541.732626, -231.0
1574533543.079979, -231.0
1574533544.537792, -231.0
1574533545.90033, -231.0
1574533547.328792, -231.0
1574533548.710267, -231.0
1574533550.109366, -231.0
1574533551.532588, -231.0
1574533552.95416, -231.0
1574533554.32976, -231.0
1574533555.751539, -231.0
1574533557.108678, -231.0
1574533558.430259, -231.0
1574533559.829574, -231.0
1574533561.290409, -231.0
1574533562.733696, -231.0
1574533563.976113, -231.0
1574533565.395684, -231.0
1574533566.776753, -231.0
1574533568.181696, -231.0
1574533569.593026, -231.0
1574533571.048534, -231.0
1574533572.456582, -231.0
1574533573.901488, -231.0
1574533575.291455, -231.0
1574533576.692755, -231.0
1574533578.025679, -231.0
1574533579.460937, -231.0
1574533580.837026, -231.0
1574533582.202114, -231.0
1574533583.561792, -231.0
1574533584.921757, -231.0
1574533586.245699, -231.0
1574533587.704306, -231.0
1574533589.080769, -231.0
1574533590.496747, -231.0
1574533592.022267, -231.0
1574533593.325835, -231.0
1574533593.429968, -231.0
1574533594.964487, -231.0
1574533596.498908, -231.0
1574533597.967657, -231.0
1574533599.439057, -231.0
1574533599.543986, -231.0
1574533600.994253, -231.0
1574533602.40747, -231.0
1574533603.896291, -231.0
1574533605.354346, -231.0
1574533606.810872, -231.0
1574533608.268217, -231.0
1574533609.739436, -231.0
1574533609.842432, -231.0
1574533611.221706, -231.0
1574533612.580747, -231.0
1574533613.973967, -231.0
1574533615.430811, -231.0
1574533616.795663, -231.0
1574533618.226967, -231.0
1574533619.64382, -231.0
1574533621.069762, -231.0
1574533622.399212, -231.0
1574533623.814345, -231.0
1574533625.312554, -231.0
1574533626.784501, -231.0
1574533628.165398, -231.0
1574533629.516661, -231.0
1574533630.97234, -231.0
1574533632.415521, -231.0
1574533633.808985, -231.0
1574533635.18008, -231.0
1574533636.541986, -231.0
1574533637.941162, -231.0
1574533639.405025, -231.0
1574533640.837371, -231.0
1574533642.255454, -231.0
1574533643.632126, -231.0
1574533645.105415, -231.0
1574533646.535645, -231.0
1574533647.875548, -231.0
1574533649.278936, -231.0
1574533650.738673, -231.0
1574533652.115662, -231.0
1574533653.565455, -231.0
1574533654.9442, -231.0
1574533656.308031, -231.0
1574533657.63442, -231.0
1574533658.997056, -231.0
1574533660.330253, -231.0
1574533661.728161, -231.0
1574533663.141072, -231.0
1574533664.581721, -231.0
1574533665.948814, -231.0
1574533667.345545, -231.0
1574533668.732902, -231.0
1574533670.12893, -231.0
1574533671.500546, -231.0
1574533672.796305, -231.0
1574533674.192506, -231.0
1574533675.662333, -231.0
1574533676.985874, -231.0
1574533678.301288, -231.0
1574533679.681397, -231.0
1574533681.045923, -231.0
1574533682.451579, -231.0
1574533683.811233, -231.0
1574533685.0727, -231.0
1574533686.490385, -231.0
1574533687.814004, -231.0
1574533689.236237, -231.0
1574533690.639785, -231.0
1574533692.030954, -231.0
1574533693.3578, -231.0
1574533694.698553, -231.0
1574533696.098355, -231.0
1574533697.507099, -231.0
1574533698.86057, -231.0
1574533700.164756, -231.0
1574533701.549667, -231.0
1574533703.114066, -231.0
1574533704.463802, -231.0
1574533705.713241, -231.0
1574533707.029846, -231.0
1574533708.353994, -231.0
1574533709.56316, -231.0
1574533710.874943, -231.0
1574533712.224984, -231.0
1574533713.485103, -231.0
1574533714.824172, -231.0
1574533716.159495, -231.0
1574533717.464761, -231.0
1574533718.725264, -231.0
1574533720.065387, -231.0
1574533721.434648, -231.0
1574533722.730676, -231.0
1574533724.033149, -231.0
1574533725.39622, -231.0
1574533726.741981, -231.0
1574533728.083518, -231.0
1574533729.407604, -231.0
1574533730.802441, -231.0
1574533732.200864, -231.0
1574533733.59012, -231.0
1574533734.88156, -231.0
1574533736.202675, -231.0
1574533737.465665, -231.0
1574533738.797308, -231.0
1574533740.148231, -231.0
1574533741.509773, -231.0
1574533742.844547, -231.0
1574533744.176339, -231.0
1574533745.425225, -231.0
1574533746.788257, -231.0
1574533748.10674, -231.0
1574533749.389576, -231.0
1574533750.651446, -231.0
1574533751.879599, -231.0
1574533753.225105, -231.0
1574533754.543667, -231.0
1574533755.872341, -231.0
1574533757.238429, -231.0
1574533758.601347, -231.0
1574533759.945406, -231.0
1574533761.324915, -231.0
1574533762.645405, -231.0
1574533764.002016, -231.0
1574533765.358283, -231.0
1574533766.659565, -231.0
1574533767.978735, -231.0
1574533433.097694, -231.0
1574533434.422352, -231.0
1574533435.727269, -231.0
1574533437.063963, -231.0
1574533438.470299, -231.0
1574533439.809133, -231.0
1574533441.24565, -231.0
1574533442.662294, -231.0
1574533444.010411, -231.0
1574533445.331373, -231.0
1574533446.662617, -231.0
1574533447.96411, -231.0
1574533449.324468, -231.0
1574533450.662613, -231.0
1574533451.982019, -231.0
1574533453.277347, -231.0
1574533454.671457, -231.0
1574533455.965188, -231.0
1574533457.339172, -231.0
1574533458.681917, -231.0
1574533460.033022, -231.0
1574533461.389755, -231.0
1574533462.713836, -231.0
1574533464.080546, -231.0
1574533465.390631, -231.0
1574533466.754493, -231.0
1574533468.09163, -231.0
1574533469.491379, -231.0
1574533470.889857, -231.0
1574533472.329383, -231.0
1574533473.610719, -231.0
1574533474.922041, -231.0
1574533476.273758, -231.0
1574533477.515715, -231.0
1574533478.808937, -231.0
1574533480.129458, -231.0
1574533481.474091, -231.0
1574533482.80321, -231.0
1574533484.129663, -231.0
1574533485.379153, -231.0
1574533486.655857, -231.0
1574533488.046574, -231.0
1574533489.435843, -231.0
1574533490.756312, -231.0
1574533492.119726, -231.0
1574533493.327259, -231.0
1574533494.629432, -231.0
1574533496.027949, -231.0
1574533497.368506, -231.0
1574533498.677186, -231.0
1574533500.057342, -231.0
1574533501.325216, -231.0
1574533502.653387, -231.0
1574533503.96484, -231.0
1574533505.33336, -231.0
1574533506.71019, -231.0
1574533508.07064, -231.0
1574533509.407703, -231.0
1574533510.773633, -231.0
1574533512.066581, -231.0
1574533513.444597, -231.0
1574533514.807211, -231.0
1574533516.203056, -231.0
1574533517.580231, -231.0
1574533518.930474, -231.0
1574533520.262481, -231.0
1574533521.658236, -231.0
1574533523.003948, -231.0
1574533524.416958, -231.0
1574533525.727036, -231.0
1574533527.069877, -231.0
1574533528.368713, -231.0
1574533529.741494, -231.0
1574533531.096383, -231.0
1574533532.444938, -231.0
1574533533.73486, -231.0
1574533535.154588, -231.0
1574533536.46053, -231.0
1574533537.734244, -231.0
1574533539.112066, -231.0
1574533540.379664, -231.0
1574533541.739126, -231.0
1574533543.048545, -231.0
1574533544.390713, -231.0
1574533545.733946, -231.0
1574533547.044815, -231.0
1574533548.310896, -231.0
1574533549.581852, -231.0
1574533550.98374, -231.0
1574533552.459297, -231.0
1574533553.747524, -231.0
1574533555.023647, -231.0
1574533555.11854, -231.0
1574533556.468805, -231.0
1574533557.811546, -231.0
1574533559.094861, -231.0
1574533560.496325, -231.0
1574533561.845957, -231.0
1574533563.133254, -231.0
1574533564.4921, -231.0
1574533565.82527, -231.0
1574533567.158031, -231.0
1574533568.518871, -231.0
1574533569.78429, -231.0
1574533571.083273, -231.0
1574533572.345673, -231.0
1574533573.663717, -231.0
1574533575.039363, -231.0
1574533576.328656, -231.0
1574533577.635226, -231.0
1574533578.94522, -231.0
1574533580.313524, -231.0
1574533581.708252, -231.0
1574533583.025289, -231.0
1574533584.304759, -231.0
1574533585.681073, -231.0
1574533587.037563, -231.0
1574533588.31527, -231.0
1574533589.708185, -231.0
1574533591.052525, -231.0
1574533592.403554, -231.0
1574533593.799611, -231.0
1574533595.093307, -231.0
1574533596.386041, -231.0
1574533597.69773, -231.0
1574533598.946162, -231.0
1574533600.33154, -231.0
1574533601.670808, -231.0
1574533602.955855, -231.0
1574533604.279101, -231.0
1574533605.550459, -231.0
1574533606.820333, -231.0
1574533608.075593, -231.0
1574533609.423789, -231.0
1574533610.669224, -231.0
1574533611.942325, -231.0
1574533613.310119, -231.0
1574533614.536156, -231.0
1574533615.840272, -231.0
1574533617.14595, -231.0
1574533618.446484, -231.0
1574533619.741969, -231.0
1574533621.073927, -231.0
1574533622.488173, -231.0
1574533623.800261, -231.0
1574533625.136945, -231.0
1574533626.40982, -231.0
1574533627.718977, -231.0
1574533629.013057, -231.0
1574533630.368154, -231.0
1574533631.705677, -231.0
1574533633.04426, -231.0
1574533634.317878, -231.0
1574533635.683001, -231.0
1574533636.989336, -231.0
1574533638.327173, -231.0
1574533639.631052, -231.0
1574533640.909829, -231.0
1574533642.160139, -231.0
1574533643.428385, -231.0
1574533644.750625, -231.0
1574533646.086966, -231.0
1574533647.412249, -231.0
1574533648.702433, -231.0
1574533649.989035, -231.0
1574533651.308069, -231.0
1574533652.602552, -231.0
1574533653.931344, -231.0
1574533655.325573, -231.0
1574533656.646836, -231.0
1574533657.940417, -231.0
1574533659.273064, -231.0
1574533660.568364, -231.0
1574533661.854412, -231.0
1574533663.150219, -231.0
1574533664.444367, -231.0
1574533665.757818, -231.0
1574533667.059262, -231.0
1574533668.407429, -231.0
1574533669.701174, -231.0
1574533670.968754, -231.0
1574533672.344616, -231.0
1574533673.703697, -231.0
1574533674.953784, -231.0
1574533676.209628, -231.0
1574533677.515558, -231.0
1574533678.883882, -231.0
1574533680.194222, -231.0
1574533681.501128, -231.0
1574533682.926087, -231.0
1574533684.256993, -231.0
1574533685.639376, -231.0
1574533686.974163, -231.0
1574533688.412413, -231.0
1574533689.739966, -231.0
1574533691.036956, -231.0
1574533692.386862, -231.0
1574533693.687877, -231.0
1574533695.000525, -231.0
1574533696.413586, -231.0
1574533697.721097, -231.0
1574533699.034428, -231.0
1574533700.31758, -231.0
1574533701.614542, -231.0
1574533703.00392, -231.0
1574533704.324284, -231.0
1574533705.617387, -231.0
1574533706.953202, -231.0
1574533708.312328, -231.0
1574533709.580051, -231.0
1574533710.873406, -231.0
1574533712.147487, -231.0
1574533713.466364, -231.0
1574533714.821462, -231.0
1574533716.170462, -231.0
1574533717.422264, -231.0
1574533718.73154, -231.0
1574533720.056438, -231.0
1574533721.394343, -231.0
1574533722.730951, -231.0
1574533724.095406, -231.0
1574533725.452758, -231.0
1574533726.830037, -231.0
1574533728.287907, -231.0
1574533729.584657, -231.0
1574533730.858756, -231.0
1574533732.235981, -231.0
1574533733.594756, -231.0
1574533734.987165, -231.0
1574533736.357556, -231.0
1574533737.605481, -231.0
1574533738.877352, -231.0
1574533740.176825, -231.0
1574533741.441587, -231.0
1574533742.724105, -231.0
1574533743.998221, -231.0
1574533745.321921, -231.0
1574533746.65144, -231.0
1574533747.962955, -231.0
1574533749.284797, -231.0
1574533750.489611, -231.0
1574533751.785174, -231.0
1574533753.175633, -231.0
1574533754.476454, -231.0
1574533755.861641, -231.0
1574533757.117632, -231.0
1574533758.450311, -231.0
1574533759.790677, -231.0
1574533761.190087, -231.0
1574533762.524911, -231.0
1574533433.296591, -231.0
1574533434.645065, -231.0
1574533436.018685, -231.0
1574533437.550308, -231.0
1574533437.65658, -231.0
1574533437.750754, -231.0
1574533437.856427, -231.0
1574533439.530343, -231.0
1574533440.868575, -231.0
1574533442.11892, -231.0
1574533443.425821, -231.0
1574533444.801984, -231.0
1574533446.167688, -231.0
1574533447.556144, -231.0
1574533448.861083, -231.0
1574533450.198396, -231.0
1574533451.483347, -231.0
1574533452.78779, -231.0
1574533454.04041, -231.0
1574533455.440766, -231.0
1574533456.792404, -231.0
1574533458.005879, -231.0
1574533459.363333, -231.0
1574533460.747099, -231.0
1574533462.157162, -231.0
1574533463.50203, -231.0
1574533464.864684, -231.0
1574533466.196344, -231.0
1574533467.513563, -231.0
1574533468.768754, -231.0
1574533470.186258, -231.0
1574533471.549324, -231.0
1574533472.941654, -231.0
1574533474.216139, -231.0
1574533475.620702, -231.0
1574533476.952627, -231.0
1574533478.323454, -231.0
1574533479.653275, -231.0
1574533480.968405, -231.0
1574533482.322899, -231.0
1574533483.752875, -231.0
1574533485.076869, -231.0
1574533486.337937, -231.0
1574533487.632956, -231.0
1574533488.855529, -231.0
1574533490.224974, -231.0
1574533491.496872, -231.0
1574533492.926977, -231.0
1574533494.207517, -231.0
1574533495.614864, -231.0
1574533496.921275, -231.0
1574533498.203968, -231.0
1574533499.575747, -231.0
1574533500.833475, -231.0
1574533502.167769, -231.0
1574533503.473686, -231.0
1574533504.848104, -231.0
1574533506.186504, -231.0
1574533507.544902, -231.0
1574533508.970068, -231.0
1574533510.330834, -231.0
1574533511.654558, -231.0
1574533512.850392, -231.0
1574533514.141077, -231.0
1574533515.505393, -231.0
1574533516.851942, -231.0
1574533518.167069, -231.0
1574533519.480621, -231.0
1574533520.818226, -231.0
1574533522.156026, -231.0
1574533523.444199, -231.0
1574533524.710421, -231.0
1574533526.072895, -231.0
1574533527.364014, -231.0
1574533528.720942, -231.0
1574533530.034922, -231.0
1574533531.356853, -231.0
1574533532.647165, -231.0
1574533533.992049, -231.0
1574533535.251998, -231.0
1574533536.533739, -231.0
1574533537.798464, -231.0
1574533539.069218, -231.0
1574533540.363841, -231.0
1574533541.780182, -231.0
1574533543.031067, -231.0
1574533544.425352, -231.0
1574533545.758264, -231.0
1574533547.064883, -231.0
1574533548.400369, -231.0
1574533549.736512, -231.0
1574533551.053819, -231.0
1574533552.399958, -231.0
1574533553.83003, -231.0
1574533555.172424, -231.0
1574533556.491813, -231.0
1574533557.897027, -231.0
1574533559.225958, -231.0
1574533560.457334, -231.0
1574533561.760999, -231.0
1574533563.089509, -231.0
1574533564.453814, -231.0
1574533565.850873, -231.0
1574533567.231111, -231.0
1574533568.534427, -231.0
1574533569.875874, -231.0
1574533571.221165, -231.0
1574533572.571932, -231.0
1574533573.849624, -231.0
1574533575.207625, -231.0
1574533576.537654, -231.0
1574533577.864044, -231.0
1574533579.20606, -231.0
1574533580.500672, -231.0
1574533581.840949, -231.0
1574533583.257069, -231.0
1574533584.557625, -231.0
1574533585.931059, -231.0
1574533587.315227, -231.0
1574533588.585176, -231.0
1574533588.692036, -231.0
1574533590.064911, -231.0
1574533591.47766, -231.0
1574533592.855552, -231.0
1574533594.24871, -231.0
1574533594.344448, -231.0
1574533595.692554, -231.0
1574533597.069421, -231.0
1574533598.470289, -231.0
1574533599.777181, -231.0
1574533601.173236, -231.0
1574533602.579732, -231.0
1574533603.989692, -231.0
1574533605.351663, -231.0
1574533606.674353, -231.0
1574533608.018856, -231.0
1574533609.38041, -231.0
1574533610.706549, -231.0
1574533612.066265, -231.0
1574533613.319565, -231.0
1574533614.616508, -231.0
1574533615.960013, -231.0
1574533617.227011, -231.0
1574533618.507409, -231.0
1574533619.887899, -231.0
1574533621.191746, -231.0
1574533622.522025, -231.0
1574533623.838662, -231.0
1574533625.208575, -231.0
1574533626.447096, -231.0
1574533627.723658, -231.0
1574533629.011733, -231.0
1574533630.287468, -231.0
1574533631.60963, -231.0
1574533632.991273, -231.0
1574533634.317226, -231.0
1574533635.676852, -231.0
1574533637.071284, -231.0
1574533638.507845, -231.0
1574533639.91619, -231.0
1574533641.157236, -231.0
1574533642.503704, -231.0
1574533643.786379, -231.0
1574533645.08566, -231.0
1574533646.378599, -231.0
1574533647.616888, -231.0
1574533648.941352, -231.0
1574533650.190023, -231.0
1574533651.47721, -231.0
1574533652.796492, -231.0
1574533654.034955, -231.0
1574533655.339215, -231.0
1574533656.64231, -231.0
1574533657.996892, -231.0
1574533659.324906, -231.0
1574533660.627326, -231.0
1574533661.917157, -231.0
1574533663.250586, -231.0
1574533664.53577, -231.0
1574533665.902365, -231.0
1574533667.169493, -231.0
1574533668.455704, -231.0
1574533669.803972, -231.0
1574533671.114714, -231.0
1574533672.431129, -231.0
1574533673.757678, -231.0
1574533675.107918, -231.0
1574533676.426954, -231.0
1574533677.729459, -231.0
1574533679.014182, -231.0
1574533680.287193, -231.0
1574533681.604871, -231.0
1574533682.833746, -231.0
1574533684.20707, -231.0
1574533685.427396, -231.0
1574533686.792689, -231.0
1574533688.110048, -231.0
1574533689.496565, -231.0
1574533690.839661, -231.0
1574533692.171578, -231.0
1574533693.45628, -231.0
1574533694.796058, -231.0
1574533696.13212, -231.0
1574533697.414124, -231.0
1574533698.679245, -231.0
1574533699.981077, -231.0
1574533701.281396, -231.0
1574533702.738963, -231.0
1574533704.096104, -231.0
1574533705.428072, -231.0
1574533706.735186, -231.0
1574533708.093385, -231.0
1574533709.383742, -231.0
1574533710.740792, -231.0
1574533712.093938, -231.0
1574533713.348856, -231.0
1574533714.692894, -231.0
1574533716.111632, -231.0
1574533717.450032, -231.0
1574533718.744653, -231.0
1574533720.016264, -231.0
1574533721.421662, -231.0
1574533722.700175, -231.0
1574533723.995033, -231.0
1574533725.326932, -231.0
1574533726.665993, -231.0
1574533728.060233, -231.0
1574533729.369066, -231.0
1574533730.798594, -231.0
1574533732.100916, -231.0
1574533733.417537, -231.0
1574533734.713582, -231.0
1574533736.170341, -231.0
1574533737.441433, -231.0
1574533738.863077, -231.0
1574533740.226402, -231.0
1574533741.494239, -231.0
1574533742.851608, -231.0
1574533744.266109, -231.0
1574533745.71905, -231.0
1574533747.072398, -231.0
1574533748.517959, -231.0
1574533749.888884, -231.0
1574533751.254439, -231.0
1574533752.708271, -231.0
1574533754.095785, -231.0
1574533755.546678, -231.0
1574533756.964467, -231.0
1574533758.317107, -231.0
1574533759.596059, -231.0
1574533433.137507, -231.0
1574533434.344337, -231.0
1574533435.619277, -231.0
1574533436.928889, -231.0
1574533438.36089, -231.0
1574533439.677401, -231.0
1574533441.03263, -231.0
1574533442.392676, -231.0
1574533443.695265, -231.0
1574533444.996496, -231.0
1574533446.310235, -231.0
1574533447.66864, -231.0
1574533448.965777, -231.0
1574533450.271267, -231.0
1574533451.624071, -231.0
1574533452.871627, -231.0
1574533454.219962, -231.0
1574533455.547037, -231.0
1574533456.865345, -231.0
1574533458.185927, -231.0
1574533459.504507, -231.0
1574533460.876319, -231.0
1574533462.241632, -231.0
1574533463.628286, -231.0
1574533464.999099, -231.0
1574533466.322618, -231.0
1574533467.590648, -231.0
1574533468.964225, -231.0
1574533470.33763, -231.0
1574533471.756951, -231.0
1574533473.082711, -231.0
1574533474.442958, -231.0
1574533475.799866, -231.0
1574533477.030566, -231.0
1574533478.28617, -231.0
1574533479.623293, -231.0
1574533481.017262, -231.0
1574533482.388958, -231.0
1574533483.710349, -231.0
1574533484.998199, -231.0
1574533486.310453, -231.0
1574533487.624351, -231.0
1574533488.966164, -231.0
1574533490.285191, -231.0
1574533491.57111, -231.0
1574533492.815399, -231.0
1574533494.118304, -231.0
1574533495.556447, -231.0
1574533496.884738, -231.0
1574533498.194875, -231.0
1574533499.528419, -231.0
1574533500.804414, -231.0
1574533502.179848, -231.0
1574533503.467545, -231.0
1574533504.841262, -231.0
1574533506.252794, -231.0
1574533507.637587, -231.0
1574533509.019916, -231.0
1574533510.337432, -231.0
1574533511.606681, -231.0
1574533512.905787, -231.0
1574533514.181529, -231.0
1574533515.457568, -231.0
1574533516.751867, -231.0
1574533518.056203, -231.0
1574533519.348458, -231.0
1574533520.715167, -231.0
1574533522.09554, -231.0
1574533523.417865, -231.0
1574533524.730544, -231.0
1574533526.053099, -231.0
1574533527.416933, -231.0
1574533528.713412, -231.0
1574533530.049903, -231.0
1574533531.427527, -231.0
1574533532.740821, -231.0
1574533534.144969, -231.0
1574533535.45334, -231.0
1574533536.768559, -231.0
1574533538.109589, -231.0
1574533539.414537, -231.0
1574533540.725197, -231.0
1574533542.030375, -231.0
1574533543.385454, -231.0
1574533544.729885, -231.0
1574533546.015646, -231.0
1574533547.203001, -231.0
1574533548.505971, -231.0
1574533549.810324, -231.0
1574533551.203014, -231.0
1574533552.475005, -231.0
1574533553.732615, -231.0
1574533555.054672, -231.0
1574533556.381957, -231.0
1574533557.706632, -231.0
1574533559.122807, -231.0
1574533560.405485, -231.0
1574533561.787713, -231.0
1574533563.124649, -231.0
1574533564.398349, -231.0
1574533565.753477, -231.0
1574533567.073483, -231.0
1574533568.401222, -231.0
1574533569.753995, -231.0
1574533571.12148, -231.0
1574533572.546361, -231.0
1574533573.836852, -231.0
1574533575.153514, -231.0
1574533576.437621, -231.0
1574533577.821618, -231.0
1574533579.188093, -231.0
1574533580.46997, -231.0
1574533581.87043, -231.0
1574533583.163039, -231.0
1574533584.402798, -231.0
1574533585.701243, -231.0
1574533587.000898, -231.0
1574533588.288566, -231.0
1574533589.570532, -231.0
1574533590.966173, -231.0
1574533592.296654, -231.0
1574533593.567568, -231.0
1574533594.834846, -231.0
1574533596.187816, -231.0
1574533597.450682, -231.0
1574533598.746175, -231.0
1574533600.092593, -231.0
1574533601.527351, -231.0
1574533602.839971, -231.0
1574533604.175105, -231.0
1574533605.456554, -231.0
1574533606.878538, -231.0
1574533608.288099, -231.0
1574533609.625047, -231.0
1574533610.934151, -231.0
1574533612.226231, -231.0
1574533613.562693, -231.0
1574533614.975604, -231.0
1574533616.398165, -231.0
1574533617.764275, -231.0
1574533619.082384, -231.0
1574533620.343875, -231.0
1574533621.718999, -231.0
1574533623.009662, -231.0
1574533624.415191, -231.0
1574533625.744561, -231.0
1574533627.110303, -231.0
1574533628.549898, -231.0
1574533629.867241, -231.0
1574533631.187448, -231.0
1574533632.515965, -231.0
1574533633.890082, -231.0
1574533635.198258, -231.0
1574533636.585738, -231.0
1574533637.915739, -231.0
1574533639.314764, -231.0
1574533640.632204, -231.0
1574533641.945221, -231.0
1574533643.221839, -231.0
1574533644.487298, -231.0
1574533645.774096, -231.0
1574533647.040549, -231.0
1574533648.295112, -231.0
1574533649.574078, -231.0
1574533650.974492, -231.0
1574533652.378396, -231.0
1574533653.732492, -231.0
1574533655.100089, -231.0
1574533656.424577, -231.0
1574533657.72407, -231.0
1574533659.063181, -231.0
1574533660.452956, -231.0
1574533661.780885, -231.0
1574533663.186594, -231.0
1574533664.560092, -231.0
1574533665.867839, -231.0
1574533667.183728, -231.0
1574533668.504293, -231.0
1574533669.738869, -231.0
1574533671.156167, -231.0
1574533672.473336, -231.0
1574533673.840017, -231.0
1574533675.140127, -231.0
1574533676.423725, -231.0
1574533677.746522, -231.0
1574533679.188925, -231.0
1574533680.440714, -231.0
1574533681.800848, -231.0
1574533683.116189, -231.0
1574533684.337746, -231.0
1574533685.660954, -231.0
1574533686.871023, -231.0
1574533688.273448, -231.0
1574533689.590213, -231.0
1574533690.897825, -231.0
1574533692.239366, -231.0
1574533693.685156, -231.0
1574533694.94445, -231.0
1574533696.296257, -231.0
1574533697.598956, -231.0
1574533698.961342, -231.0
1574533700.434036, -231.0
1574533701.785237, -231.0
1574533703.167275, -231.0
1574533704.520166, -231.0
1574533705.856935, -231.0
1574533707.191909, -231.0
1574533708.645084, -231.0
1574533710.086292, -231.0
1574533711.432539, -231.0
1574533712.79095, -231.0
1574533714.177248, -231.0
1574533715.643943, -231.0
1574533717.065899, -231.0
1574533718.465521, -231.0
1574533719.908519, -231.0
1574533721.271536, -231.0
1574533722.764489, -231.0
1574533724.09237, -231.0
1574533725.398296, -231.0
1574533726.722192, -231.0
1574533728.038029, -231.0
1574533729.468895, -231.0
1574533730.828431, -231.0
1574533732.202984, -231.0
1574533733.511774, -231.0
1574533734.840843, -231.0
1574533736.182565, -231.0
1574533737.595417, -231.0
1574533738.982001, -231.0
1574533740.366712, -231.0
1574533741.680192, -231.0
1574533743.050137, -231.0
1574533744.389975, -231.0
1574533745.613619, -231.0
1574533746.949258, -231.0
1574533748.270241, -231.0
1574533749.574526, -231.0
1574533750.876366, -231.0
1574533752.233716, -231.0
1574533753.538927, -231.0
1574533754.840646, -231.0
1574533756.216055, -231.0
1574533757.562922, -231.0
1574533758.845355, -231.0
1574533760.248438, -231.0
1574533761.565717, -231.0
1574533762.822927, -231.0
1574533764.24539, -231.0
1574533765.585738, -231.0
1574533759.775556, -231.0
1574533759.874204, -231.0
1574533759.971191, -231.0
1574533760.066964, -231.0
1574533761.573016, -231.0
1574533762.95537, -231.0
1574533764.279852, -231.0
1574533765.666603, -231.0
1574533767.046199, -231.0
1574533768.444916, -231.0
1574533769.92181, -231.0
1574533771.265957, -231.0
1574533771.359886, -231.0
1574533772.728729, -231.0
1574533774.157396, -231.0
1574533775.508214, -231.0
1574533776.853761, -231.0
1574533778.191171, -231.0
1574533779.615091, -231.0
1574533780.960969, -231.0
1574533782.335164, -231.0
1574533783.700918, -231.0
1574533784.992255, -231.0
1574533786.352287, -231.0
1574533787.793363, -231.0
1574533789.146514, -231.0
1574533790.586863, -231.0
1574533791.87102, -231.0
1574533793.224582, -231.0
1574533794.60215, -231.0
1574533795.936892, -231.0
1574533797.330314, -231.0
1574533798.598701, -231.0
1574533799.967354, -231.0
1574533801.260369, -231.0
1574533802.674154, -231.0
1574533803.969069, -231.0
1574533805.290643, -231.0
1574533806.625091, -231.0
1574533807.928077, -231.0
1574533809.329585, -231.0
1574533810.624287, -231.0
1574533811.976504, -231.0
1574533813.330433, -231.0
1574533814.710027, -231.0
1574533816.030508, -231.0
1574533817.272518, -231.0
1574533818.559956, -231.0
1574533819.925489, -231.0
1574533821.236276, -231.0
1574533822.607675, -231.0
1574533823.986665, -231.0
1574533825.343485, -231.0
1574533826.745416, -231.0
1574533828.123319, -231.0
1574533829.481283, -231.0
1574533830.760978, -231.0
1574533832.10826, -231.0
1574533833.452289, -231.0
1574533834.805868, -231.0
1574533836.14368, -231.0
1574533837.401504, -231.0
1574533838.770592, -231.0
1574533840.13051, -231.0
1574533841.416785, -231.0
1574533842.751583, -231.0
1574533844.18225, -231.0
1574533845.5324, -231.0
1574533846.870923, -231.0
1574533848.164341, -231.0
1574533849.408319, -231.0
1574533850.709817, -231.0
1574533851.983016, -231.0
1574533853.352226, -231.0
1574533854.760622, -231.0
1574533856.002848, -231.0
1574533857.28814, -231.0
1574533858.615676, -231.0
1574533859.868902, -231.0
1574533861.153033, -231.0
1574533862.630397, -231.0
1574533864.026632, -231.0
1574533865.390106, -231.0
1574533866.664441, -231.0
1574533867.961937, -231.0
1574533869.327429, -231.0
1574533870.631476, -231.0
1574533872.017292, -231.0
1574533873.34798, -231.0
1574533874.732893, -231.0
1574533876.023167, -231.0
1574533877.354508, -231.0
1574533878.659685, -231.0
1574533879.977765, -231.0
1574533881.343259, -231.0
1574533882.679413, -231.0
1574533884.140287, -231.0
1574533885.464545, -231.0
1574533886.870994, -231.0
1574533888.147011, -231.0
1574533889.522653, -231.0
1574533890.858218, -231.0
1574533892.18327, -231.0
1574533893.51761, -231.0
1574533894.796185, -231.0
1574533896.18984, -231.0
1574533897.460812, -231.0
1574533898.773898, -231.0
1574533900.055153, -231.0
1574533901.383442, -231.0
1574533902.69683, -231.0
1574533904.090222, -231.0
1574533905.427509, -231.0
1574533906.851468, -231.0
1574533908.184935, -231.0
1574533909.538544, -231.0
1574533910.881126, -231.0
1574533912.250309, -231.0
1574533913.594471, -231.0
1574533914.969065, -231.0
1574533916.285461, -231.0
1574533917.667469, -231.0
1574533919.05126, -231.0
1574533920.438978, -231.0
1574533921.833765, -231.0
1574533923.145701, -231.0
1574533924.500416, -231.0
1574533925.861899, -231.0
1574533927.227202, -231.0
1574533928.485264, -231.0
1574533929.825896, -231.0
1574533931.192513, -231.0
1574533932.50481, -231.0
1574533933.822237, -231.0
1574533935.166501, -231.0
1574533936.554965, -231.0
1574533937.873201, -231.0
1574533939.158115, -231.0
1574533940.491711, -231.0
1574533941.75772, -231.0
1574533943.096894, -231.0
1574533944.411666, -231.0
1574533945.671693, -231.0
1574533947.011266, -231.0
1574533948.420346, -231.0
1574533949.735824, -231.0
1574533951.168361, -231.0
1574533952.519037, -231.0
1574533953.970768, -231.0
1574533955.356175, -231.0
1574533956.744407, -231.0
1574533958.227703, -231.0
1574533959.598352, -231.0
1574533960.928049, -231.0
1574533962.329426, -231.0
1574533963.618483, -231.0
1574533964.87788, -231.0
1574533966.150397, -231.0
1574533967.454789, -231.0
1574533968.76726, -231.0
1574533970.059513, -231.0
1574533971.356798, -231.0
1574533972.738169, -231.0
1574533974.137395, -231.0
1574533975.441314, -231.0
1574533976.702468, -231.0
1574533978.085767, -231.0
1574533979.372234, -231.0
1574533980.593404, -231.0
1574533981.906072, -231.0
1574533983.204738, -231.0
1574533984.470762, -231.0
1574533985.75999, -231.0
1574533987.115154, -231.0
1574533988.410229, -231.0
1574533989.790017, -231.0
1574533991.114433, -231.0
1574533992.455379, -231.0
1574533993.806396, -231.0
1574533995.170916, -231.0
1574533996.541258, -231.0
1574533997.831947, -231.0
1574533999.143358, -231.0
1574534000.484085, -231.0
1574534001.869182, -231.0
1574534003.355889, -231.0
1574534004.814743, -231.0
1574534006.221531, -231.0
1574534007.588191, -231.0
1574534008.928921, -231.0
1574534010.230929, -231.0
1574534011.584605, -231.0
1574534012.821901, -231.0
1574534014.151004, -231.0
1574534015.414286, -231.0
1574534016.784305, -231.0
1574534018.14971, -231.0
1574534019.422732, -231.0
1574534020.767411, -231.0
1574534022.096983, -231.0
1574534023.430648, -231.0
1574534024.715943, -231.0
1574534026.117981, -231.0
1574534027.49186, -231.0
1574534028.773607, -231.0
1574534030.135263, -231.0
1574534031.499638, -231.0
1574534032.870465, -231.0
1574534034.115704, -231.0
1574534035.434804, -231.0
1574534036.758205, -231.0
1574534037.99183, -231.0
1574534039.350091, -231.0
1574534040.64595, -231.0
1574534041.932952, -231.0
1574534043.233203, -231.0
1574534044.502388, -231.0
1574534045.847311, -231.0
1574534047.19026, -231.0
1574534048.534592, -231.0
1574534049.851079, -231.0
1574534051.242939, -231.0
1574534052.576756, -231.0
1574534053.903117, -231.0
1574534055.277626, -231.0
1574534056.602188, -231.0
1574534057.89993, -231.0
1574534059.24322, -231.0
1574534060.524706, -231.0
1574534061.81866, -231.0
1574534063.218241, -231.0
1574534064.49739, -231.0
1574534065.834591, -231.0
1574534067.284267, -231.0
1574534068.654205, -231.0
1574534070.03112, -231.0
1574534071.402236, -231.0
1574534072.781254, -231.0
1574534074.191514, -231.0
1574534075.519289, -231.0
1574534076.866849, -231.0
1574534078.301379, -231.0
1574534079.677389, -231.0
1574534081.147416, -231.0
1574534082.515561, -231.0
1574534083.880914, -231.0
1574534085.209144, -231.0
1574534086.572516, -231.0
1574534087.921657, -231.0
1574534089.228479, -231.0
1574533762.699257, -231.0
1574533765.485881, -231.0
1574533766.914544, -231.0
1574533768.357298, -231.0
1574533769.776953, -231.0
1574533771.193159, -231.0
1574533772.635403, -231.0
1574533774.036693, -231.0
1574533775.435468, -231.0
1574533776.719471, -231.0
1574533778.027346, -231.0
1574533779.460712, -231.0
1574533780.869432, -231.0
1574533782.289271, -231.0
1574533783.675493, -231.0
1574533785.15401, -231.0
1574533786.570631, -231.0
1574533787.975399, -231.0
1574533789.405632, -231.0
1574533790.755299, -231.0
1574533792.216541, -231.0
1574533793.713856, -231.0
1574533795.06424, -231.0
1574533796.428873, -231.0
1574533797.793096, -231.0
1574533799.255343, -231.0
1574533800.740654, -231.0
1574533802.093222, -231.0
1574533803.524089, -231.0
1574533804.948458, -231.0
1574533806.333613, -231.0
1574533807.657637, -231.0
1574533809.086942, -231.0
1574533810.413658, -231.0
1574533811.742111, -231.0
1574533813.048318, -231.0
1574533814.375986, -231.0
1574533815.672167, -231.0
1574533816.989359, -231.0
1574533818.366463, -231.0
1574533819.760289, -231.0
1574533821.25911, -231.0
1574533822.698174, -231.0
1574533824.193612, -231.0
1574533825.514552, -231.0
1574533826.870149, -231.0
1574533828.267905, -231.0
1574533829.686472, -231.0
1574533831.069353, -231.0
1574533832.485749, -231.0
1574533833.835794, -231.0
1574533835.191922, -231.0
1574533836.580347, -231.0
1574533838.001998, -231.0
1574533839.340841, -231.0
1574533840.816506, -231.0
1574533842.237328, -231.0
1574533843.650456, -231.0
1574533845.034253, -231.0
1574533846.490147, -231.0
1574533847.956351, -231.0
1574533849.362872, -231.0
1574533850.715559, -231.0
1574533852.107158, -231.0
1574533853.492382, -231.0
1574533854.851752, -231.0
1574533856.284926, -231.0
1574533857.676303, -231.0
1574533859.043551, -231.0
1574533860.40775, -231.0
1574533861.808966, -231.0
1574533863.140792, -231.0
1574533864.452791, -231.0
1574533865.810741, -231.0
1574533867.209427, -231.0
1574533868.606179, -231.0
1574533870.147427, -231.0
1574533871.650821, -231.0
1574533873.046307, -231.0
1574533874.486111, -231.0
1574533875.749623, -231.0
1574533877.155423, -231.0
1574533878.581424, -231.0
1574533879.880583, -231.0
1574533881.304507, -231.0
1574533882.710591, -231.0
1574533884.044882, -231.0
1574533885.430762, -231.0
1574533886.896156, -231.0
1574533888.315959, -231.0
1574533889.779831, -231.0
1574533891.134851, -231.0
1574533892.534737, -231.0
1574533893.878416, -231.0
1574533895.217737, -231.0
1574533896.734839, -231.0
1574533898.125681, -231.0
1574533899.354613, -231.0
1574533900.724654, -231.0
1574533902.033481, -231.0
1574533903.511548, -231.0
1574533904.893243, -231.0
1574533906.343116, -231.0
1574533907.756128, -231.0
1574533909.067131, -231.0
1574533910.344439, -231.0
1574533911.70568, -231.0
1574533912.989419, -231.0
1574533914.328316, -231.0
1574533915.722283, -231.0
1574533917.175387, -231.0
1574533918.613294, -231.0
1574533919.98506, -231.0
1574533921.378613, -231.0
1574533922.768218, -231.0
1574533924.239365, -231.0
1574533925.735583, -231.0
1574533927.175055, -231.0
1574533928.639844, -231.0
1574533930.055689, -231.0
1574533931.494928, -231.0
1574533932.986583, -231.0
1574533934.404844, -231.0
1574533935.879481, -231.0
1574533937.332064, -231.0
1574533938.712118, -231.0
1574533940.159202, -231.0
1574533941.550417, -231.0
1574533942.919512, -231.0
1574533944.263877, -231.0
1574533945.737722, -231.0
1574533947.090038, -231.0
1574533948.557079, -231.0
1574533949.935575, -231.0
1574533951.279869, -231.0
1574533952.641158, -231.0
1574533954.024105, -231.0
1574533955.373682, -231.0
1574533956.732253, -231.0
1574533958.102429, -231.0
1574533959.443433, -231.0
1574533960.823079, -231.0
1574533962.159724, -231.0
1574533963.593649, -231.0
1574533964.990793, -231.0
1574533966.459284, -231.0
1574533967.724797, -231.0
1574533969.067702, -231.0
1574533970.306888, -231.0
1574533971.647323, -231.0
1574533972.985433, -231.0
1574533974.386399, -231.0
1574533975.776964, -231.0
1574533977.190223, -231.0
1574533978.622698, -231.0
1574533979.985489, -231.0
1574533981.465958, -231.0
1574533982.879296, -231.0
1574533984.22728, -231.0
1574533985.654175, -231.0
1574533987.090396, -231.0
1574533988.518716, -231.0
1574533989.842076, -231.0
1574533991.232961, -231.0
1574533992.636786, -231.0
1574533993.89271, -231.0
1574533995.28928, -231.0
1574533996.605187, -231.0
1574533997.913794, -231.0
1574533999.301486, -231.0
1574534000.668204, -231.0
1574534002.002335, -231.0
1574534003.447613, -231.0
1574534004.81388, -231.0
1574534006.154311, -231.0
1574534007.482519, -231.0
1574534008.910777, -231.0
1574534010.247569, -231.0
1574534011.639675, -231.0
1574534012.950299, -231.0
1574534014.190917, -231.0
1574534015.57433, -231.0
1574534016.919791, -231.0
1574534018.230709, -231.0
1574534019.568273, -231.0
1574534020.859036, -231.0
1574534022.316008, -231.0
1574534023.715211, -231.0
1574534025.058705, -231.0
1574534026.399254, -231.0
1574534027.720528, -231.0
1574534029.090618, -231.0
1574534030.483861, -231.0
1574534031.86698, -231.0
1574534033.248989, -231.0
1574534034.716965, -231.0
1574534036.09025, -231.0
1574534037.460714, -231.0
1574534038.890172, -231.0
1574534040.376058, -231.0
1574534041.799941, -231.0
1574534043.231692, -231.0
1574534044.688756, -231.0
1574534046.107313, -231.0
1574534047.501073, -231.0
1574534048.847579, -231.0
1574534050.197351, -231.0
1574534051.564221, -231.0
1574534052.877978, -231.0
1574534054.280428, -231.0
1574534055.680394, -231.0
1574534057.036689, -231.0
1574534058.468162, -231.0
1574534059.944375, -231.0
1574534061.370746, -231.0
1574534062.844896, -231.0
1574534064.184121, -231.0
1574534065.515584, -231.0
1574534066.96634, -231.0
1574534068.403696, -231.0
1574534069.815338, -231.0
1574534071.212767, -231.0
1574534072.66739, -231.0
1574534073.938493, -231.0
1574534075.341337, -231.0
1574534076.653172, -231.0
1574534078.01893, -231.0
1574534079.444983, -231.0
1574534080.780615, -231.0
1574534082.162945, -231.0
1574534083.5612, -231.0
1574534084.992989, -231.0
1574534086.342062, -231.0
1574534087.76976, -231.0
1574534089.152749, -231.0
1574534090.584524, -231.0
1574534091.937816, -231.0
1574534093.391404, -231.0
1574534094.758867, -231.0
1574534096.147831, -231.0
1574534097.47858, -231.0
1574534098.762125, -231.0
1574534100.252846, -231.0
1574534101.681848, -231.0
1574534103.010568, -231.0
1574534104.360151, -231.0
1574534105.706931, -231.0
1574534107.065016, -231.0
1574534108.459341, -231.0
1574534109.978674, -231.0
1574533767.453428, -231.0
1574533767.559545, -231.0
1574533767.65588, -231.0
1574533767.747904, -231.0
1574533767.84342, -231.0
1574533767.936831, -231.0
1574533768.032515, -231.0
1574533768.127419, -231.0
1574533768.222041, -231.0
1574533768.316981, -231.0
1574533768.413059, -231.0
1574533768.507368, -231.0
1574533768.601565, -231.0
1574533768.696012, -231.0
1574533768.790428, -231.0
1574533768.886644, -231.0
1574533768.98129, -231.0
1574533769.075597, -231.0
1574533769.170162, -231.0
1574533769.26389, -231.0
1574533769.359751, -231.0
1574533769.453177, -231.0
1574533769.546501, -231.0
1574533769.639683, -231.0
1574533769.73315, -231.0
1574533769.828232, -231.0
1574533769.922362, -231.0
1574533770.031408, -231.0
1574533770.126646, -231.0
1574533770.223912, -231.0
1574533771.8268, -231.0
1574533773.073865, -231.0
1574533774.419609, -231.0
1574533775.818845, -231.0
1574533777.195475, -231.0
1574533778.45381, -231.0
1574533779.803403, -231.0
1574533781.162823, -231.0
1574533782.524324, -231.0
1574533783.847176, -231.0
1574533785.194695, -231.0
1574533786.523322, -231.0
1574533787.836015, -231.0
1574533789.161069, -231.0
1574533790.468389, -231.0
1574533791.741767, -231.0
1574533793.138042, -231.0
1574533794.500834, -231.0
1574533795.832477, -231.0
1574533797.152827, -231.0
1574533798.419449, -231.0
1574533798.513005, -231.0
1574533798.607078, -231.0
1574533799.899057, -231.0
1574533801.286604, -231.0
1574533802.618867, -231.0
1574533802.715357, -231.0
1574533804.055222, -231.0
1574533805.347936, -231.0
1574533806.726681, -231.0
1574533808.023649, -231.0
1574533809.436094, -231.0
1574533810.791751, -231.0
1574533812.056334, -231.0
1574533813.473209, -231.0
1574533814.773901, -231.0
1574533816.248504, -231.0
1574533817.608629, -231.0
1574533818.974478, -231.0
1574533820.379682, -231.0
1574533821.663188, -231.0
1574533823.052518, -231.0
1574533824.410447, -231.0
1574533825.772339, -231.0
1574533827.054776, -231.0
1574533828.414575, -231.0
1574533829.683384, -231.0
1574533831.052792, -231.0
1574533832.353241, -231.0
1574533833.705575, -231.0
1574533834.98949, -231.0
1574533836.294893, -231.0
1574533837.632012, -231.0
1574533838.927444, -231.0
1574533840.211091, -231.0
1574533841.538259, -231.0
1574533842.86492, -231.0
1574533844.155475, -231.0
1574533845.522542, -231.0
1574533846.859452, -231.0
1574533848.234742, -231.0
1574533849.527674, -231.0
1574533850.833091, -231.0
1574533852.160486, -231.0
1574533853.483031, -231.0
1574533854.821124, -231.0
1574533856.178678, -231.0
1574533857.463382, -231.0
1574533858.768295, -231.0
1574533860.091113, -231.0
1574533861.398961, -231.0
1574533862.752287, -231.0
1574533864.111212, -231.0
1574533865.365739, -231.0
1574533866.773266, -231.0
1574533868.11398, -231.0
1574533869.455506, -231.0
1574533870.799742, -231.0
1574533872.03156, -231.0
1574533873.46497, -231.0
1574533874.79597, -231.0
1574533876.107901, -231.0
1574533877.540857, -231.0
1574533878.852652, -231.0
1574533880.187255, -231.0
1574533881.485173, -231.0
1574533882.900392, -231.0
1574533884.254537, -231.0
1574533885.641517, -231.0
1574533886.96948, -231.0
1574533888.357422, -231.0
1574533889.649285, -231.0
1574533890.958808, -231.0
1574533892.335275, -231.0
1574533893.622485, -231.0
1574533894.806344, -231.0
1574533896.136634, -231.0
1574533897.420366, -231.0
1574533898.772759, -231.0
1574533900.093948, -231.0
1574533901.429816, -231.0
1574533902.785969, -231.0
1574533904.039812, -231.0
1574533905.246448, -231.0
1574533906.552094, -231.0
1574533907.781704, -231.0
1574533909.038588, -231.0
1574533910.271405, -231.0
1574533911.641209, -231.0
1574533912.951311, -231.0
1574533914.247502, -231.0
1574533915.557676, -231.0
1574533916.833853, -231.0
1574533918.128029, -231.0
1574533919.488103, -231.0
1574533920.757191, -231.0
1574533922.0925, -231.0
1574533923.402751, -231.0
1574533924.749496, -231.0
1574533926.11791, -231.0
1574533927.434922, -231.0
1574533928.809267, -231.0
1574533930.064654, -231.0
1574533931.40346, -231.0
1574533932.773984, -231.0
1574533934.053572, -231.0
1574533935.414869, -231.0
1574533936.757275, -231.0
1574533938.137507, -231.0
1574533939.440976, -231.0
1574533940.812068, -231.0
1574533942.163979, -231.0
1574533943.463862, -231.0
1574533944.809219, -231.0
1574533946.194383, -231.0
1574533947.554759, -231.0
1574533948.882605, -231.0
1574533950.209854, -231.0
1574533951.520761, -231.0
1574533952.838012, -231.0
1574533954.114516, -231.0
1574533955.470887, -231.0
1574533956.803393, -231.0
1574533958.135287, -231.0
1574533959.352081, -231.0
1574533960.634464, -231.0
1574533961.990673, -231.0
1574533963.337079, -231.0
1574533964.664481, -231.0
1574533965.99327, -231.0
1574533967.36854, -231.0
1574533968.64168, -231.0
1574533969.987976, -231.0
1574533971.39491, -231.0
1574533972.753385, -231.0
1574533974.023481, -231.0
1574533975.330826, -231.0
1574533976.603886, -231.0
1574533977.925304, -231.0
1574533979.339139, -231.0
1574533980.5915, -231.0
1574533981.912124, -231.0
1574533983.20174, -231.0
1574533984.498768, -231.0
1574533985.95045, -231.0
1574533987.21507, -231.0
1574533988.521955, -231.0
1574533989.844228, -231.0
1574533991.113786, -231.0
1574533992.450448, -231.0
1574533993.734204, -231.0
1574533995.067691, -231.0
1574533996.422858, -231.0
1574533997.742748, -231.0
1574533999.043309, -231.0
1574534000.396964, -231.0
1574534001.784143, -231.0
1574534003.262687, -231.0
1574534004.648792, -231.0
1574534006.031132, -231.0
1574534007.340079, -231.0
1574534008.730817, -231.0
1574534010.110404, -231.0
1574534011.40163, -231.0
1574534012.720958, -231.0
1574534014.08188, -231.0
1574534015.382813, -231.0
1574534016.747832, -231.0
1574534018.087672, -231.0
1574534019.494925, -231.0
1574534020.899305, -231.0
1574534022.234178, -231.0
1574534023.579297, -231.0
1574534024.919307, -231.0
1574534026.241515, -231.0
1574534027.59429, -231.0
1574534028.902917, -231.0
1574534030.182143, -231.0
1574534031.551049, -231.0
1574534032.919817, -231.0
1574534034.265408, -231.0
1574534035.652079, -231.0
1574534036.915725, -231.0
1574534038.209, -231.0
1574534039.565419, -231.0
1574534040.852069, -231.0
1574534042.153593, -231.0
1574534043.445254, -231.0
1574534044.818293, -231.0
1574534046.067292, -231.0
1574534047.439374, -231.0
1574534048.836653, -231.0
1574534050.181533, -231.0
1574534051.413925, -231.0
1574534052.733948, -231.0
1574534054.206234, -231.0
1574534055.636763, -231.0
1574534056.966083, -231.0
1574534057.062243, -231.0
1574534058.400111, -231.0
1574533768.165104, -231.0
1574533768.257373, -231.0
1574533768.358714, -231.0
1574533768.457557, -231.0
1574533768.548938, -231.0
1574533768.64037, -231.0
1574533768.732004, -231.0
1574533768.823593, -231.0
1574533768.914455, -231.0
1574533769.006405, -231.0
1574533769.101634, -231.0
1574533770.465893, -231.0
1574533771.82228, -231.0
1574533773.133747, -231.0
1574533774.449815, -231.0
1574533775.819763, -231.0
1574533777.218153, -231.0
1574533778.517213, -231.0
1574533779.81224, -231.0
1574533781.047144, -231.0
1574533782.323197, -231.0
1574533783.584721, -231.0
1574533784.834933, -231.0
1574533786.083219, -231.0
1574533787.368853, -231.0
1574533788.684926, -231.0
1574533789.961081, -231.0
1574533791.210571, -231.0
1574533792.531886, -231.0
1574533793.789116, -231.0
1574533795.069019, -231.0
1574533796.300129, -231.0
1574533797.629263, -231.0
1574533798.839232, -231.0
1574533800.123647, -231.0
1574533801.379082, -231.0
1574533802.741261, -231.0
1574533804.032709, -231.0
1574533805.270103, -231.0
1574533806.559413, -231.0
1574533807.860274, -231.0
1574533809.15569, -231.0
1574533810.477362, -231.0
1574533811.761359, -231.0
1574533813.092536, -231.0
1574533814.340818, -231.0
1574533815.523531, -231.0
1574533816.766821, -231.0
1574533817.997588, -231.0
1574533819.303579, -231.0
1574533820.649039, -231.0
1574533821.974465, -231.0
1574533823.203502, -231.0
1574533824.497762, -231.0
1574533825.777426, -231.0
1574533827.172627, -231.0
1574533828.516079, -231.0
1574533829.928067, -231.0
1574533831.209271, -231.0
1574533832.442229, -231.0
1574533833.819474, -231.0
1574533835.103047, -231.0
1574533836.433729, -231.0
1574533837.777935, -231.0
1574533838.996466, -231.0
1574533840.315216, -231.0
1574533841.684761, -231.0
1574533843.04651, -231.0
1574533844.34985, -231.0
1574533845.657601, -231.0
1574533847.015076, -231.0
1574533848.330279, -231.0
1574533849.642542, -231.0
1574533850.939673, -231.0
1574533852.259453, -231.0
1574533853.542397, -231.0
1574533854.8783, -231.0
1574533856.099138, -231.0
1574533857.340849, -231.0
1574533858.602208, -231.0
1574533859.892643, -231.0
1574533861.20146, -231.0
1574533862.532685, -231.0
1574533863.791716, -231.0
1574533865.199142, -231.0
1574533866.503981, -231.0
1574533867.794793, -231.0
1574533869.106403, -231.0
1574533870.36816, -231.0
1574533871.689861, -231.0
1574533873.006331, -231.0
1574533874.274399, -231.0
1574533875.645751, -231.0
1574533876.979217, -231.0
1574533878.239541, -231.0
1574533879.576663, -231.0
1574533880.822744, -231.0
1574533882.114961, -231.0
1574533883.403783, -231.0
1574533884.725578, -231.0
1574533886.115439, -231.0
1574533887.479326, -231.0
1574533888.924639, -231.0
1574533890.284583, -231.0
1574533891.621469, -231.0
1574533892.99073, -231.0
1574533894.355563, -231.0
1574533895.715871, -231.0
1574533897.020438, -231.0
1574533898.348758, -231.0
1574533899.665535, -231.0
1574533901.040522, -231.0
1574533902.396086, -231.0
1574533903.757113, -231.0
1574533905.041038, -231.0
1574533906.372113, -231.0
1574533907.658457, -231.0
1574533909.036117, -231.0
1574533910.375747, -231.0
1574533911.693688, -231.0
1574533913.051149, -231.0
1574533914.399118, -231.0
1574533915.706329, -231.0
1574533917.084757, -231.0
1574533918.520978, -231.0
1574533919.878431, -231.0
1574533921.199476, -231.0
1574533922.593294, -231.0
1574533923.861896, -231.0
1574533925.153771, -231.0
1574533926.481735, -231.0
1574533927.77778, -231.0
1574533929.082473, -231.0
1574533930.399691, -231.0
1574533931.708839, -231.0
1574533931.802802, -231.0
1574533933.074803, -231.0
1574533934.487629, -231.0
1574533935.811516, -231.0
1574533937.046213, -231.0
1574533938.377662, -231.0
1574533939.683254, -231.0
1574533941.036543, -231.0
1574533942.3145, -231.0
1574533943.607259, -231.0
1574533944.879009, -231.0
1574533946.16702, -231.0
1574533947.491963, -231.0
1574533948.852857, -231.0
1574533950.177393, -231.0
1574533951.584273, -231.0
1574533952.974233, -231.0
1574533954.312978, -231.0
1574533955.714688, -231.0
1574533957.10722, -231.0
1574533958.505274, -231.0
1574533959.803626, -231.0
1574533961.077287, -231.0
1574533962.456892, -231.0
1574533963.728205, -231.0
1574533965.096646, -231.0
1574533966.412694, -231.0
1574533967.84998, -231.0
1574533969.302656, -231.0
1574533970.671394, -231.0
1574533971.967808, -231.0
1574533973.33343, -231.0
1574533974.70156, -231.0
1574533976.08644, -231.0
1574533977.411973, -231.0
1574533978.844759, -231.0
1574533980.167957, -231.0
1574533981.479, -231.0
1574533982.896578, -231.0
1574533984.19198, -231.0
1574533985.518801, -231.0
1574533986.783523, -231.0
1574533988.099115, -231.0
1574533989.480676, -231.0
1574533990.731915, -231.0
1574533992.074329, -231.0
1574533993.339085, -231.0
1574533994.678277, -231.0
1574533996.026225, -231.0
1574533997.404263, -231.0
1574533998.75574, -231.0
1574534000.093621, -231.0
1574534001.491408, -231.0
1574534002.875234, -231.0
1574534004.136885, -231.0
1574534005.61067, -231.0
1574534006.936074, -231.0
1574534008.360465, -231.0
1574534009.669703, -231.0
1574534010.963656, -231.0
1574534012.291945, -231.0
1574534013.651809, -231.0
1574534015.005387, -231.0
1574534016.404881, -231.0
1574534017.882991, -231.0
1574534019.423643, -231.0
1574534020.744844, -231.0
1574534022.069228, -231.0
1574534023.405576, -231.0
1574534024.712839, -231.0
1574534026.005787, -231.0
1574534027.453888, -231.0
1574534028.76822, -231.0
1574534030.070562, -231.0
1574534031.412558, -231.0
1574534032.782599, -231.0
1574534034.030681, -231.0
1574534035.35174, -231.0
1574534036.652537, -231.0
1574534037.976309, -231.0
1574534039.254933, -231.0
1574534040.581467, -231.0
1574534041.889967, -231.0
1574534043.224223, -231.0
1574534044.434365, -231.0
1574534045.72803, -231.0
1574534047.094357, -231.0
1574534048.378348, -231.0
1574534049.72751, -231.0
1574534051.059132, -231.0
1574534052.510629, -231.0
1574534053.769541, -231.0
1574534055.138187, -231.0
1574534056.490901, -231.0
1574534057.849271, -231.0
1574534059.084883, -231.0
1574534060.382802, -231.0
1574534061.775401, -231.0
1574534063.195194, -231.0
1574534064.497284, -231.0
1574534065.836974, -231.0
1574534067.177804, -231.0
1574534068.580098, -231.0
1574534069.872658, -231.0
1574534071.166095, -231.0
1574534072.511446, -231.0
1574534073.88142, -231.0
1574534075.218866, -231.0
1574534076.533513, -231.0
1574534077.945217, -231.0
1574534079.264064, -231.0
1574534079.35819, -231.0
1574534080.772804, -231.0
1574534082.072867, -231.0
1574534083.358991, -231.0
1574534060.030091, -231.0
1574534061.933472, -231.0
1574534062.905188, -231.0
1574534064.072865, -231.0
1574534065.407233, -231.0
1574534066.767123, -231.0
1574534067.760203, -231.0
1574534068.729343, -231.0
1574534069.793389, -231.0
1574534070.873401, -231.0
1574534072.186209, -231.0
1574534073.521409, -231.0
1574534074.792479, -231.0
1574534076.095182, -231.0
1574534077.311155, -231.0
1574534078.449434, -231.0
1574534079.531857, -231.0
1574534080.783911, -231.0
1574534082.062033, -231.0
1574534083.321315, -231.0
1574534084.658174, -231.0
1574534085.990275, -231.0
1574534087.387995, -231.0
1574534088.705366, -231.0
1574534090.007678, -231.0
1574534091.346194, -231.0
1574534092.750638, -231.0
1574534094.058255, -231.0
1574534095.437132, -231.0
1574534096.824356, -231.0
1574534098.192306, -231.0
1574534099.529068, -231.0
1574534100.807, -231.0
1574534102.107323, -231.0
1574534103.463264, -231.0
1574534104.835549, -231.0
1574534106.249802, -231.0
1574534107.573377, -231.0
1574534108.964391, -231.0
1574534110.300044, -231.0
1574534111.593222, -231.0
1574534112.822828, -231.0
1574534114.159139, -231.0
1574534115.417864, -231.0
1574534116.710145, -231.0
1574534117.981971, -231.0
1574534119.343454, -231.0
1574534120.642084, -231.0
1574534121.943752, -231.0
1574534123.253528, -231.0
1574534124.636124, -231.0
1574534125.954275, -231.0
1574534127.259958, -231.0
1574534128.522685, -231.0
1574534129.840176, -231.0
1574534131.240155, -231.0
1574534132.608569, -231.0
1574534133.882566, -231.0
1574534135.260879, -231.0
1574534136.538937, -231.0
1574534137.832999, -231.0
1574534139.174559, -231.0
1574534140.501776, -231.0
1574534141.800652, -231.0
1574534143.133193, -231.0
1574534144.526947, -231.0
1574534145.825989, -231.0
1574534147.104541, -231.0
1574534148.405806, -231.0
1574534149.715314, -231.0
1574534151.012225, -231.0
1574534152.399026, -231.0
1574534153.770858, -231.0
1574534155.149267, -231.0
1574534156.476775, -231.0
1574534157.892731, -231.0
1574534159.183505, -231.0
1574534160.413403, -231.0
1574534161.805557, -231.0
1574534163.126825, -231.0
1574534164.383661, -231.0
1574534165.656782, -231.0
1574534167.001538, -231.0
1574534168.326287, -231.0
1574534169.598554, -231.0
1574534170.813629, -231.0
1574534172.239727, -231.0
1574534173.496919, -231.0
1574534174.836536, -231.0
1574534176.149783, -231.0
1574534177.45754, -231.0
1574534177.549677, -231.0
1574534178.949234, -231.0
1574534179.041692, -231.0
1574534180.419171, -231.0
1574534180.511512, -231.0
1574534181.84555, -231.0
1574534183.085979, -231.0
1574534184.395026, -231.0
1574534185.706939, -231.0
1574534185.798728, -231.0
1574534187.225959, -231.0
1574534188.559171, -231.0
1574534189.862656, -231.0
1574534191.176596, -231.0
1574534192.49106, -231.0
1574534193.786609, -231.0
1574534195.11554, -231.0
1574534196.399953, -231.0
1574534197.711579, -231.0
1574534198.976193, -231.0
1574534200.23959, -231.0
1574534201.467973, -231.0
1574534202.761466, -231.0
1574534204.161644, -231.0
1574534205.447876, -231.0
1574534206.733374, -231.0
1574534208.060836, -231.0
1574534209.321034, -231.0
1574534210.533244, -231.0
1574534211.917443, -231.0
1574534213.216024, -231.0
1574534214.572316, -231.0
1574534215.864584, -231.0
1574534217.180412, -231.0
1574534218.503164, -231.0
1574534219.833835, -231.0
1574534221.259941, -231.0
1574534222.528807, -231.0
1574534223.888049, -231.0
1574534225.280508, -231.0
1574534226.603086, -231.0
1574534227.867951, -231.0
1574534229.2232, -231.0
1574534230.608461, -231.0
1574534231.893822, -231.0
1574534233.203666, -231.0
1574534234.536067, -231.0
1574534235.836337, -231.0
1574534237.239055, -231.0
1574534238.531962, -231.0
1574534239.788633, -231.0
1574534241.195533, -231.0
1574534242.485604, -231.0
1574534243.79692, -231.0
1574534245.114149, -231.0
1574534246.413507, -231.0
1574534247.677069, -231.0
1574534249.042436, -231.0
1574534250.495765, -231.0
1574534251.854152, -231.0
1574534253.151103, -231.0
1574534254.383074, -231.0
1574534255.637058, -231.0
1574534256.98672, -231.0
1574534258.283599, -231.0
1574534259.622161, -231.0
1574534260.961385, -231.0
1574534262.280002, -231.0
1574534263.573208, -231.0
1574534264.869135, -231.0
1574534266.126414, -231.0
1574534267.434731, -231.0
1574534268.667046, -231.0
1574534269.997673, -231.0
1574534271.417172, -231.0
1574534272.696934, -231.0
1574534274.072837, -231.0
1574534275.403822, -231.0
1574534276.675221, -231.0
1574534278.007895, -231.0
1574534279.299461, -231.0
1574534280.638311, -231.0
1574534282.00797, -231.0
1574534283.284397, -231.0
1574534284.644799, -231.0
1574534285.985163, -231.0
1574534287.361767, -231.0
1574534288.65541, -231.0
1574534289.952654, -231.0
1574534291.218278, -231.0
1574534292.496743, -231.0
1574534293.832664, -231.0
1574534295.213927, -231.0
1574534296.523349, -231.0
1574534297.778334, -231.0
1574534299.086312, -231.0
1574534300.335876, -231.0
1574534301.659305, -231.0
1574534303.004426, -231.0
1574534304.3492, -231.0
1574534305.627333, -231.0
1574534307.041566, -231.0
1574534308.432959, -231.0
1574534309.752356, -231.0
1574534311.095786, -231.0
1574534312.461411, -231.0
1574534313.782183, -231.0
1574534315.073321, -231.0
1574534316.336233, -231.0
1574534317.703638, -231.0
1574534319.027804, -231.0
1574534320.353608, -231.0
1574534321.672411, -231.0
1574534322.985633, -231.0
1574534324.34994, -231.0
1574534325.685625, -231.0
1574534327.02577, -231.0
1574534328.330766, -231.0
1574534329.554004, -231.0
1574534330.839437, -231.0
1574534332.179863, -231.0
1574534333.510875, -231.0
1574534334.773181, -231.0
1574534336.103836, -231.0
1574534337.38737, -231.0
1574534338.762546, -231.0
1574534340.068372, -231.0
1574534341.401892, -231.0
1574534342.78902, -231.0
1574534344.132763, -231.0
1574534345.399161, -231.0
1574534346.71205, -231.0
1574534348.042097, -231.0
1574534349.413452, -231.0
1574534350.782502, -231.0
1574534352.085173, -231.0
1574534353.35045, -231.0
1574534354.624251, -231.0
1574534355.96758, -231.0
1574534357.376179, -231.0
1574534358.601222, -231.0
1574534359.998735, -231.0
1574534361.309763, -231.0
1574534362.672379, -231.0
1574534363.969636, -231.0
1574534365.235777, -231.0
1574534366.592955, -231.0
1574534367.931791, -231.0
1574534369.254074, -231.0
1574534370.570047, -231.0
1574534371.888258, -231.0
1574534373.129563, -231.0
1574534374.452805, -231.0
1574534375.687844, -231.0
1574534376.973356, -231.0
1574534378.286606, -231.0
1574534379.598491, -231.0
1574534380.848117, -231.0
1574534382.090273, -231.0
1574534084.709851, -231.0
1574534085.852063, -231.0
1574534087.386237, -231.0
1574534087.481239, -231.0
1574534087.581003, -231.0
1574534087.68165, -231.0
1574534087.78147, -231.0
1574534087.883276, -231.0
1574534087.98268, -231.0
1574534089.687861, -231.0
1574534089.786941, -231.0
1574534091.72116, -231.0
1574534093.150405, -231.0
1574534094.474536, -231.0
1574534095.671576, -231.0
1574534097.016466, -231.0
1574534098.344383, -231.0
1574534099.652579, -231.0
1574534100.91438, -231.0
1574534102.300063, -231.0
1574534103.559887, -231.0
1574534104.917509, -231.0
1574534106.373528, -231.0
1574534107.751387, -231.0
1574534109.087509, -231.0
1574534110.376813, -231.0
1574534111.725349, -231.0
1574534113.05097, -231.0
1574534114.345745, -231.0
1574534115.626767, -231.0
1574534116.974661, -231.0
1574534118.227217, -231.0
1574534119.554285, -231.0
1574534120.898581, -231.0
1574534122.171864, -231.0
1574534123.481875, -231.0
1574534124.785134, -231.0
1574534126.121716, -231.0
1574534127.41448, -231.0
1574534128.756333, -231.0
1574534130.082408, -231.0
1574534131.409483, -231.0
1574534132.710517, -231.0
1574534134.022027, -231.0
1574534135.316456, -231.0
1574534136.537165, -231.0
1574534137.884034, -231.0
1574534139.265717, -231.0
1574534140.61049, -231.0
1574534141.950732, -231.0
1574534143.324887, -231.0
1574534144.558929, -231.0
1574534145.856766, -231.0
1574534147.122895, -231.0
1574534148.408786, -231.0
1574534149.72071, -231.0
1574534151.049456, -231.0
1574534152.337728, -231.0
1574534153.708069, -231.0
1574534154.991554, -231.0
1574534156.323421, -231.0
1574534157.588138, -231.0
1574534158.879438, -231.0
1574534160.249873, -231.0
1574534161.626273, -231.0
1574534163.028441, -231.0
1574534164.352684, -231.0
1574534165.693582, -231.0
1574534167.0539, -231.0
1574534168.353604, -231.0
1574534169.685697, -231.0
1574534170.974255, -231.0
1574534172.341125, -231.0
1574534173.590947, -231.0
1574534174.98018, -231.0
1574534176.337457, -231.0
1574534177.598067, -231.0
1574534178.924821, -231.0
1574534180.202494, -231.0
1574534181.522305, -231.0
1574534182.810801, -231.0
1574534184.105876, -231.0
1574534185.472843, -231.0
1574534186.806885, -231.0
1574534188.145905, -231.0
1574534189.451827, -231.0
1574534190.80888, -231.0
1574534192.111689, -231.0
1574534193.422543, -231.0
1574534194.652337, -231.0
1574534196.055475, -231.0
1574534197.384858, -231.0
1574534198.697156, -231.0
1574534200.079358, -231.0
1574534201.448495, -231.0
1574534202.747594, -231.0
1574534203.984129, -231.0
1574534205.279479, -231.0
1574534206.587662, -231.0
1574534207.92428, -231.0
1574534209.179549, -231.0
1574534210.491847, -231.0
1574534211.786394, -231.0
1574534213.061029, -231.0
1574534214.453477, -231.0
1574534215.682414, -231.0
1574534216.920362, -231.0
1574534218.239261, -231.0
1574534219.53705, -231.0
1574534220.82813, -231.0
1574534222.088762, -231.0
1574534223.395691, -231.0
1574534224.68207, -231.0
1574534225.993461, -231.0
1574534227.283379, -231.0
1574534228.584519, -231.0
1574534229.935538, -231.0
1574534231.277646, -231.0
1574534232.547936, -231.0
1574534233.914104, -231.0
1574534235.252333, -231.0
1574534236.449744, -231.0
1574534237.708292, -231.0
1574534239.026701, -231.0
1574534240.331122, -231.0
1574534241.654988, -231.0
1574534242.930324, -231.0
1574534244.139815, -231.0
1574534245.412181, -231.0
1574534246.72381, -231.0
1574534248.093031, -231.0
1574534249.429174, -231.0
1574534250.716744, -231.0
1574534252.027432, -231.0
1574534253.282002, -231.0
1574534254.571379, -231.0
1574534255.89332, -231.0
1574534257.199361, -231.0
1574534258.515696, -231.0
1574534259.730034, -231.0
1574534261.046046, -231.0
1574534262.378363, -231.0
1574534263.650973, -231.0
1574534264.885262, -231.0
1574534266.15813, -231.0
1574534267.427754, -231.0
1574534268.68197, -231.0
1574534269.986762, -231.0
1574534271.236141, -231.0
1574534272.558846, -231.0
1574534273.817515, -231.0
1574534275.069805, -231.0
1574534276.382834, -231.0
1574534277.693763, -231.0
1574534279.028713, -231.0
1574534280.24596, -231.0
1574534281.635461, -231.0
1574534282.959893, -231.0
1574534284.405696, -231.0
1574534285.749562, -231.0
1574534287.122264, -231.0
1574534288.449003, -231.0
1574534289.808603, -231.0
1574534291.170011, -231.0
1574534292.475139, -231.0
1574534293.832978, -231.0
1574534295.175721, -231.0
1574534296.394098, -231.0
1574534297.743354, -231.0
1574534299.032408, -231.0
1574534300.319419, -231.0
1574534301.606388, -231.0
1574534302.958082, -231.0
1574534304.34018, -231.0
1574534305.755343, -231.0
1574534307.046792, -231.0
1574534308.378941, -231.0
1574534309.782262, -231.0
1574534311.067288, -231.0
1574534312.40161, -231.0
1574534313.644412, -231.0
1574534314.981057, -231.0
1574534316.316598, -231.0
1574534317.613671, -231.0
1574534318.925164, -231.0
1574534320.281164, -231.0
1574534321.560158, -231.0
1574534322.945852, -231.0
1574534324.228942, -231.0
1574534325.568219, -231.0
1574534326.811087, -231.0
1574534328.104516, -231.0
1574534329.341553, -231.0
1574534330.615117, -231.0
1574534331.9609, -231.0
1574534333.289909, -231.0
1574534334.577606, -231.0
1574534335.92483, -231.0
1574534337.220662, -231.0
1574534338.534707, -231.0
1574534339.893364, -231.0
1574534341.197757, -231.0
1574534342.467274, -231.0
1574534343.800194, -231.0
1574534345.098766, -231.0
1574534346.39674, -231.0
1574534347.738277, -231.0
1574534349.012268, -231.0
1574534350.330215, -231.0
1574534351.643914, -231.0
1574534353.08606, -231.0
1574534354.393924, -231.0
1574534355.704121, -231.0
1574534357.026919, -231.0
1574534358.383729, -231.0
1574534359.674195, -231.0
1574534360.983507, -231.0
1574534362.293033, -231.0
1574534363.701932, -231.0
1574534365.034161, -231.0
1574534366.302667, -231.0
1574534367.61439, -231.0
1574534368.963627, -231.0
1574534370.256911, -231.0
1574534371.557605, -231.0
1574534372.830389, -231.0
1574534374.117834, -231.0
1574534375.497975, -231.0
1574534376.777527, -231.0
1574534378.106313, -231.0
1574534379.458386, -231.0
1574534380.830129, -231.0
1574534382.19312, -231.0
1574534383.447288, -231.0
1574534384.758405, -231.0
1574534386.080201, -231.0
1574534387.444145, -231.0
1574534388.711802, -231.0
1574534389.938738, -231.0
1574534391.168625, -231.0
1574534392.513327, -231.0
1574534393.732189, -231.0
1574534395.014337, -231.0
1574534396.313285, -231.0
1574534397.531946, -231.0
1574534398.905963, -231.0
1574534400.346005, -231.0
1574534401.677342, -231.0
1574534402.969477, -231.0
1574534404.296227, -231.0
1574534089.394503, -231.0
1574534089.493898, -231.0
1574534089.592989, -231.0
1574534089.702676, -231.0
1574534089.801328, -231.0
1574534089.898676, -231.0
1574534089.994764, -231.0
1574534090.091657, -231.0
1574534091.427224, -231.0
1574534092.694204, -231.0
1574534094.069891, -231.0
1574534095.390438, -231.0
1574534096.635699, -231.0
1574534098.015793, -231.0
1574534099.39225, -231.0
1574534100.797912, -231.0
1574534102.068516, -231.0
1574534103.473204, -231.0
1574534104.836072, -231.0
1574534106.1218, -231.0
1574534107.483002, -231.0
1574534108.830107, -231.0
1574534110.239508, -231.0
1574534111.644423, -231.0
1574534112.99718, -231.0
1574534114.354658, -231.0
1574534115.659017, -231.0
1574534116.968252, -231.0
1574534118.302898, -231.0
1574534119.560085, -231.0
1574534120.929583, -231.0
1574534122.269023, -231.0
1574534123.504908, -231.0
1574534124.821487, -231.0
1574534126.157504, -231.0
1574534127.487559, -231.0
1574534128.780926, -231.0
1574534130.157089, -231.0
1574534131.481286, -231.0
1574534132.797706, -231.0
1574534134.111381, -231.0
1574534135.41386, -231.0
1574534136.776845, -231.0
1574534138.048058, -231.0
1574534139.364166, -231.0
1574534140.782423, -231.0
1574534142.063303, -231.0
1574534143.403607, -231.0
1574534144.690499, -231.0
1574534145.964398, -231.0
1574534147.285948, -231.0
1574534148.513862, -231.0
1574534149.856312, -231.0
1574534151.127432, -231.0
1574534152.430121, -231.0
1574534153.653225, -231.0
1574534154.963729, -231.0
1574534156.307999, -231.0
1574534157.721369, -231.0
1574534159.040595, -231.0
1574534160.342457, -231.0
1574534161.662019, -231.0
1574534162.937371, -231.0
1574534164.229923, -231.0
1574534165.583534, -231.0
1574534166.92531, -231.0
1574534168.248801, -231.0
1574534169.576892, -231.0
1574534170.911605, -231.0
1574534172.162691, -231.0
1574534173.498837, -231.0
1574534174.82999, -231.0
1574534176.214025, -231.0
1574534177.526586, -231.0
1574534178.790232, -231.0
1574534180.008191, -231.0
1574534181.345179, -231.0
1574534182.605103, -231.0
1574534183.925172, -231.0
1574534185.299651, -231.0
1574534186.663034, -231.0
1574534188.003409, -231.0
1574534189.178656, -231.0
1574534190.479324, -231.0
1574534191.782207, -231.0
1574534193.079948, -231.0
1574534194.414844, -231.0
1574534195.743386, -231.0
1574534197.027886, -231.0
1574534198.327306, -231.0
1574534199.665773, -231.0
1574534201.067748, -231.0
1574534202.446639, -231.0
1574534203.86009, -231.0
1574534205.083525, -231.0
1574534206.372104, -231.0
1574534207.666706, -231.0
1574534208.931444, -231.0
1574534210.284543, -231.0
1574534211.539414, -231.0
1574534212.836018, -231.0
1574534214.109355, -231.0
1574534215.413647, -231.0
1574534216.696165, -231.0
1574534217.963828, -231.0
1574534219.338673, -231.0
1574534220.621463, -231.0
1574534221.843054, -231.0
1574534223.221221, -231.0
1574534224.545653, -231.0
1574534225.821062, -231.0
1574534227.230202, -231.0
1574534228.516068, -231.0
1574534229.840371, -231.0
1574534231.189268, -231.0
1574534232.56914, -231.0
1574534233.946077, -231.0
1574534235.196004, -231.0
1574534236.618268, -231.0
1574534237.956208, -231.0
1574534239.206645, -231.0
1574534240.509436, -231.0
1574534241.788546, -231.0
1574534243.183497, -231.0
1574534244.487132, -231.0
1574534245.749076, -231.0
1574534247.050438, -231.0
1574534248.379241, -231.0
1574534249.711828, -231.0
1574534251.053379, -231.0
1574534252.406883, -231.0
1574534253.702526, -231.0
1574534255.057071, -231.0
1574534256.422104, -231.0
1574534257.707549, -231.0
1574534259.002034, -231.0
1574534260.282807, -231.0
1574534261.546587, -231.0
1574534262.892583, -231.0
1574534264.262322, -231.0
1574534265.631924, -231.0
1574534266.980843, -231.0
1574534268.308206, -231.0
1574534269.636462, -231.0
1574534270.934679, -231.0
1574534272.302408, -231.0
1574534273.565733, -231.0
1574534274.861193, -231.0
1574534276.16482, -231.0
1574534277.52427, -231.0
1574534278.90767, -231.0
1574534280.183125, -231.0
1574534281.491172, -231.0
1574534282.862656, -231.0
1574534284.215848, -231.0
1574534285.579202, -231.0
1574534286.926501, -231.0
1574534288.326276, -231.0
1574534289.568612, -231.0
1574534290.935406, -231.0
1574534292.20122, -231.0
1574534293.532917, -231.0
1574534294.884959, -231.0
1574534296.191522, -231.0
1574534297.529759, -231.0
1574534298.806681, -231.0
1574534300.179121, -231.0
1574534301.527347, -231.0
1574534302.901564, -231.0
1574534304.293128, -231.0
1574534305.745196, -231.0
1574534307.072308, -231.0
1574534308.404017, -231.0
1574534309.660517, -231.0
1574534311.014109, -231.0
1574534312.349271, -231.0
1574534313.710844, -231.0
1574534315.01013, -231.0
1574534316.366979, -231.0
1574534317.752497, -231.0
1574534319.024397, -231.0
1574534320.371817, -231.0
1574534321.697193, -231.0
1574534323.103554, -231.0
1574534324.489979, -231.0
1574534325.762694, -231.0
1574534327.043736, -231.0
1574534328.434348, -231.0
1574534329.710428, -231.0
1574534331.003483, -231.0
1574534331.097621, -231.0
1574534332.394956, -231.0
1574534333.723725, -231.0
1574534335.117043, -231.0
1574534336.405187, -231.0
1574534337.677592, -231.0
1574534338.984901, -231.0
1574534340.289666, -231.0
1574534341.599736, -231.0
1574534343.025076, -231.0
1574534344.305038, -231.0
1574534345.725102, -231.0
1574534347.072391, -231.0
1574534348.364762, -231.0
1574534349.673194, -231.0
1574534351.046228, -231.0
1574534352.312256, -231.0
1574534353.620915, -231.0
1574534354.955533, -231.0
1574534356.279055, -231.0
1574534357.627523, -231.0
1574534359.007492, -231.0
1574534360.433643, -231.0
1574534361.71089, -231.0
1574534363.030008, -231.0
1574534364.343013, -231.0
1574534365.576528, -231.0
1574534366.890817, -231.0
1574534368.275066, -231.0
1574534369.591638, -231.0
1574534370.857089, -231.0
1574534372.241034, -231.0
1574534373.589715, -231.0
1574534374.903948, -231.0
1574534376.159695, -231.0
1574534377.508423, -231.0
1574534378.831513, -231.0
1574534380.128911, -231.0
1574534381.430486, -231.0
1574534382.766054, -231.0
1574534384.05655, -231.0
1574534385.407665, -231.0
1574534386.682572, -231.0
1574534387.99722, -231.0
1574534389.343751, -231.0
1574534390.744589, -231.0
1574534392.119302, -231.0
1574534393.510269, -231.0
1574534394.852234, -231.0
1574534396.126366, -231.0
1574534397.433041, -231.0
1574534398.765897, -231.0
1574534400.02839, -231.0
1574534401.338883, -231.0
1574534402.651788, -231.0
1574534403.902755, -231.0
1574534405.147756, -231.0
1574534406.415573, -231.0
1574534407.671889, -231.0
1574534408.914288, -231.0
