1574802665.761698, -259.0
1574802665.853888, -253.0
1574802665.938823, -253.0
1574802666.02656, -253.0
1574802666.125538, -253.0
1574802666.223884, -253.0
1574802666.310488, -253.0
1574802666.399731, -253.0
1574802666.488171, -253.0
1574802666.575455, -253.0
1574802666.670996, -253.0
1574802666.757662, -253.0
1574802666.843058, -253.0
1574802666.931754, -253.0
1574802667.026749, -253.0
1574802667.116051, -253.0
1574802667.202867, -253.0
1574802667.292069, -253.0
1574802667.378057, -253.0
1574802667.472836, -253.0
1574802667.557833, -253.0
1574802667.643229, -253.0
1574802667.730711, -253.0
1574802667.817868, -253.0
1574802667.903733, -253.0
1574802667.989614, -253.0
1574802668.076736, -253.0
1574802668.16819, -253.0
1574802668.264455, -253.0
1574802668.354212, -253.0
1574802668.441196, -240.0
1574802668.531457, -240.0
1574802668.620928, -240.0
1574802668.718545, -240.0
1574802668.804139, -240.0
1574802668.893937, -240.0
1574802668.983472, -240.0
1574802670.368037, -240.0
1574802670.456881, -240.0
1574802671.779039, -240.0
1574802671.864994, -240.0
1574802671.949829, -240.0
1574802672.031886, -240.0
1574802672.125495, -240.0
1574802672.210631, -240.0
1574802672.295385, -240.0
1574802673.50111, -240.0
1574802674.832159, -240.0
1574802675.99863, -240.0
1574802677.244517, -240.0
1574802665.749961, -263.0
1574802665.824333, -253.0
1574802665.894529, -253.0
1574802665.966588, -253.0
1574802666.034565, -253.0
1574802666.110717, -253.0
1574802666.179279, -253.0
1574802666.250139, -253.0
1574802666.318702, -253.0
1574802666.387632, -253.0
1574802666.456128, -253.0
1574802666.523574, -253.0
1574802666.591428, -253.0
1574802666.658848, -253.0
1574802666.726316, -253.0
1574802666.794338, -253.0
1574802666.862273, -253.0
1574802666.931208, -253.0
1574802666.99775, -253.0
1574802667.071988, -253.0
1574802667.140575, -253.0
1574802667.207235, -253.0
1574802667.275353, -253.0
1574802667.344099, -253.0
1574802667.410571, -253.0
1574802667.478944, -253.0
1574802667.5501, -253.0
1574802667.618805, -253.0
1574802667.687941, -253.0
1574802667.756939, -253.0
1574802667.829174, -253.0
1574802667.899885, -253.0
1574802667.968704, -253.0
1574802668.037838, -253.0
1574802668.124057, -253.0
1574802668.189977, -253.0
1574802668.256431, -253.0
1574802668.323927, -253.0
1574802668.390857, -240.0
1574802668.457843, -240.0
1574802668.525828, -240.0
1574802668.595243, -240.0
1574802668.665415, -240.0
1574802668.735701, -240.0
1574802668.804935, -240.0
1574802668.873498, -240.0
1574802668.942295, -240.0
1574802669.01194, -240.0
1574802670.283975, -240.0
1574802670.354519, -240.0
1574802665.768327, -253.0
1574802665.852966, -253.0
1574802665.93242, -253.0
1574802666.012403, -253.0
1574802666.106084, -253.0
1574802666.194368, -253.0
1574802666.28094, -253.0
1574802666.370142, -253.0
1574802666.460775, -253.0
1574802666.548137, -253.0
1574802666.639283, -253.0
1574802666.732696, -253.0
1574802666.826446, -253.0
1574802666.92191, -253.0
1574802667.012658, -253.0
1574802667.106029, -253.0
1574802667.195086, -253.0
1574802667.285624, -253.0
1574802667.371864, -253.0
1574802667.461781, -253.0
1574802667.552105, -253.0
1574802667.638661, -253.0
1574802667.729765, -253.0
1574802667.819787, -253.0
1574802667.90578, -253.0
1574802667.997384, -253.0
1574802668.084066, -253.0
1574802668.176993, -253.0
1574802668.264388, -253.0
1574802668.353584, -253.0
1574802668.440018, -240.0
1574802668.529911, -240.0
1574802668.61576, -240.0
1574802668.706297, -240.0
1574802668.794512, -240.0
1574802668.88081, -240.0
1574802668.973825, -240.0
1574802671.541541, -240.0
1574802674.240828, -240.0
1574802675.5416, -240.0
1574802678.092153, -240.0
1574802682.809332, -240.0
1574802688.039022, -240.0
1574802693.36448, -237.0
1574802698.469171, -237.0
1574802703.423577, -237.0
1574802707.89575, -237.0
1574802712.18691, -237.0
1574802716.327142, -237.0
1574802720.261381, -237.0
1574802665.791192, -253.0
1574802665.86727, -253.0
1574802665.945318, -253.0
1574802666.028976, -253.0
1574802666.101189, -253.0
1574802666.168408, -253.0
1574802666.236704, -253.0
1574802666.307905, -253.0
1574802666.379889, -253.0
1574802666.45528, -253.0
1574802666.527834, -253.0
1574802666.603713, -253.0
1574802666.676105, -253.0
1574802666.751975, -253.0
1574802666.825641, -253.0
1574802666.898095, -253.0
1574802666.972334, -253.0
1574802667.042362, -253.0
1574802667.12507, -253.0
1574802667.202361, -253.0
1574802667.275369, -253.0
1574802667.350236, -253.0
1574802667.425338, -253.0
1574802667.499883, -253.0
1574802667.57575, -253.0
1574802667.65141, -253.0
1574802667.727542, -253.0
1574802667.804669, -253.0
1574802667.877925, -253.0
1574802667.955199, -253.0
1574802668.031623, -253.0
1574802668.107055, -253.0
1574802668.180222, -253.0
1574802668.257353, -253.0
1574802668.331062, -253.0
1574802668.405539, -240.0
1574802668.484268, -240.0
1574802669.814478, -240.0
1574802669.884954, -240.0
1574802669.954818, -240.0
1574802670.025474, -240.0
1574802670.121691, -240.0
1574802670.194524, -240.0
1574802670.268058, -240.0
1574802670.339414, -240.0
1574802670.423286, -240.0
1574802670.501037, -240.0
1574802670.580372, -240.0
1574802670.665183, -240.0
1574802670.743617, -240.0
1574802670.478926, -240.0
1574802670.547994, -240.0
1574802670.616599, -240.0
1574802670.684945, -240.0
1574802670.755369, -240.0
1574802670.826265, -240.0
1574802670.896355, -240.0
1574802670.967542, -240.0
1574802671.037842, -240.0
1574802671.10826, -240.0
1574802671.177937, -240.0
1574802671.250493, -240.0
1574802671.321027, -240.0
1574802671.391273, -240.0
1574802671.460665, -240.0
1574802671.531181, -240.0
1574802671.600255, -240.0
1574802671.670324, -240.0
1574802671.740918, -240.0
1574802671.811819, -240.0
1574802671.883809, -240.0
1574802671.954112, -240.0
1574802672.024516, -240.0
1574802672.095736, -240.0
1574802672.167662, -240.0
1574802672.237507, -240.0
1574802672.308045, -240.0
1574802672.375082, -240.0
1574802672.442762, -240.0
1574802672.5096, -240.0
1574802672.577678, -240.0
1574802672.644994, -240.0
1574802672.714908, -240.0
1574802672.781903, -240.0
1574802672.850176, -240.0
1574802672.917753, -240.0
1574802672.985637, -240.0
1574802673.056738, -240.0
1574802673.125276, -240.0
1574802673.193544, -240.0
1574802673.261777, -240.0
1574802673.330828, -240.0
1574802673.398329, -240.0
1574802673.470012, -240.0
1574802673.54672, -240.0
1574802673.625079, -240.0
1574802673.700085, -240.0
1574802673.773878, -240.0
1574802673.852763, -240.0
1574802673.931757, -240.0
1574802671.007615, -240.0
1574802681.169276, -240.0
1574802681.320157, -240.0
1574802681.476755, -240.0
1574802681.632007, -240.0
1574802681.793108, -240.0
1574802681.956102, -240.0
1574802682.12164, -240.0
1574802682.279109, -240.0
1574802692.198527, -237.0
1574802700.364174, -237.0
1574802708.600082, -237.0
1574802717.232213, -237.0
1574802725.189175, -237.0
1574802732.568951, -237.0
1574802740.217038, -237.0
1574802747.921237, -237.0
1574802755.10821, -237.0
1574802761.140598, -237.0
1574802766.919197, -237.0
1574802769.424146, -237.0
1574802769.564517, -237.0
1574802775.181622, -237.0
1574802781.137638, -237.0
1574802788.097038, -235.0
1574802793.779984, -235.0
1574802799.253639, -235.0
1574802803.839518, -235.0
1574802811.596858, -235.0
1574802815.703908, -235.0
1574802817.933257, -235.0
1574802818.061455, -235.0
1574802819.193856, -235.0
1574802821.432411, -235.0
1574802824.446767, -235.0
1574802831.75435, -235.0
1574802837.648704, -235.0
1574802841.908195, -235.0
1574802846.821697, -235.0
1574802852.925823, -235.0
1574802859.567194, -235.0
1574802865.864994, -235.0
1574802872.650878, -235.0
1574802879.679528, -235.0
1574802884.722477, -235.0
1574802890.598148, -235.0
1574802895.228174, -235.0
1574802899.411352, -235.0
1574802903.482708, -235.0
1574802907.708912, -235.0
1574802674.061366, -240.0
1574802678.785696, -240.0
1574802678.856571, -240.0
1574802678.924352, -240.0
1574802678.991838, -240.0
1574802681.318527, -240.0
1574802682.469994, -240.0
1574802682.53834, -240.0
1574802683.735484, -240.0
1574802683.802224, -240.0
1574802683.870385, -240.0
1574802683.94054, -240.0
1574802684.009694, -240.0
1574802688.136673, -240.0
1574802692.012048, -240.0
1574802695.023029, -237.0
1574802698.17762, -237.0
1574802700.889026, -237.0
1574802704.084008, -237.0
1574802707.26387, -237.0
1574802710.965591, -237.0
1574802714.302086, -237.0
1574802717.714771, -237.0
1574802720.8278, -237.0
1574802724.454938, -237.0
1574802727.489335, -237.0
1574802730.565619, -237.0
1574802733.513438, -237.0
1574802736.299664, -237.0
1574802738.930226, -237.0
1574802741.430344, -237.0
1574802743.631322, -237.0
1574802745.827924, -237.0
1574802748.047446, -237.0
1574802750.270221, -237.0
1574802752.316485, -237.0
1574802754.507385, -237.0
1574802756.792498, -237.0
1574802758.964732, -237.0
1574802761.36929, -237.0
1574802763.705796, -237.0
1574802766.055205, -237.0
1574802768.228738, -237.0
1574802770.378396, -237.0
1574802772.392389, -237.0
1574802774.529217, -237.0
1574802776.811797, -237.0
1574802779.107826, -237.0
1574802781.540968, -237.0
1574802783.678957, -235.0
1574802677.362768, -240.0
1574802680.856294, -240.0
1574802680.924288, -240.0
1574802680.992683, -240.0
1574802681.091306, -240.0
1574802681.160373, -240.0
1574802681.228185, -240.0
1574802681.298314, -240.0
1574802681.370183, -240.0
1574802681.439944, -240.0
1574802684.825022, -240.0
1574802684.892777, -240.0
1574802684.96117, -240.0
1574802685.029389, -240.0
1574802685.09926, -240.0
1574802685.16783, -240.0
1574802685.236066, -240.0
1574802685.305044, -240.0
1574802689.167799, -240.0
1574802690.396941, -240.0
1574802693.925111, -237.0
1574802697.402041, -237.0
1574802699.557809, -237.0
1574802699.624606, -237.0
1574802699.691733, -237.0
1574802700.777226, -237.0
1574802701.995314, -237.0
1574802702.076344, -237.0
1574802704.421562, -237.0
1574802704.488869, -237.0
1574802704.557194, -237.0
1574802704.649624, -237.0
1574802704.720434, -237.0
1574802704.79058, -237.0
1574802706.015122, -237.0
1574802706.084845, -237.0
1574802706.152476, -237.0
1574802706.218486, -237.0
1574802706.292426, -237.0
1574802706.361504, -237.0
1574802707.60385, -237.0
1574802707.669082, -237.0
1574802707.735392, -237.0
1574802707.80178, -237.0
1574802707.868673, -237.0
1574802707.936311, -237.0
1574802708.003566, -237.0
1574802708.073923, -237.0
1574802709.290133, -237.0
1574802709.35806, -237.0
1574802709.480581, -237.0
1574802709.556686, -237.0
1574802709.628627, -237.0
1574802709.700278, -237.0
1574802709.770203, -237.0
1574802709.840079, -237.0
1574802709.909029, -237.0
1574802709.993361, -237.0
1574802710.072451, -237.0
1574802710.142681, -237.0
1574802710.214782, -237.0
1574802710.28538, -237.0
1574802710.356684, -237.0
1574802710.433266, -237.0
1574802710.502841, -237.0
1574802710.573023, -237.0
1574802710.644222, -237.0
1574802710.714807, -237.0
1574802710.78292, -237.0
1574802710.859966, -237.0
1574802710.932497, -237.0
1574802711.002608, -237.0
1574802711.074179, -237.0
1574802711.152225, -237.0
1574802711.22503, -237.0
1574802711.303196, -237.0
1574802711.380535, -237.0
1574802711.459782, -237.0
1574802711.5394, -237.0
1574802711.617205, -237.0
1574802711.69084, -237.0
1574802711.770336, -237.0
1574802711.839494, -237.0
1574802711.909645, -237.0
1574802711.977982, -237.0
1574802712.045344, -237.0
1574802712.111571, -237.0
1574802712.18461, -237.0
1574802712.250986, -237.0
1574802712.318447, -237.0
1574802712.38613, -237.0
1574802712.456, -237.0
1574802712.52513, -237.0
1574802712.626185, -237.0
1574802712.6962, -237.0
1574802712.767875, -237.0
1574802712.837123, -237.0
1574802712.905388, -237.0
1574802712.972358, -237.0
1574802713.044887, -237.0
1574802713.183332, -237.0
1574802713.277156, -237.0
1574802713.375974, -237.0
1574802713.476698, -237.0
1574802713.550659, -237.0
1574802713.622485, -237.0
1574802713.698017, -237.0
1574802713.773436, -237.0
1574802713.849927, -237.0
1574802713.94305, -237.0
1574802724.478997, -237.0
1574802734.495633, -237.0
1574802744.802266, -237.0
1574802751.984214, -237.0
1574802761.895215, -237.0
1574802771.666238, -237.0
1574802778.819285, -237.0
1574802785.543086, -235.0
1574802787.535164, -235.0
1574802791.092419, -235.0
1574802796.693143, -235.0
1574802805.196282, -235.0
1574802813.933404, -235.0
1574802822.740312, -235.0
1574802830.458454, -235.0
1574802835.054043, -235.0
1574802837.087485, -235.0
1574802839.771542, -235.0
1574802846.779552, -235.0
1574802849.487971, -235.0
1574802851.484466, -235.0
1574802853.454151, -235.0
1574802856.317426, -235.0
1574802858.226837, -235.0
1574802861.074341, -235.0
1574802863.087129, -235.0
1574802865.054698, -235.0
1574802867.070228, -235.0
1574802869.049012, -235.0
1574802871.029912, -235.0
1574802872.917534, -235.0
1574802874.956521, -235.0
1574802876.90752, -235.0
1574802878.915319, -235.0
1574802880.800952, -235.0
1574802882.777372, -235.0
1574802884.750261, -235.0
1574802886.718987, -235.0
1574802888.671762, -235.0
1574802890.70983, -235.0
1574802720.394145, -237.0
1574802722.811304, -237.0
1574802725.524581, -237.0
1574802725.599602, -237.0
1574802726.900659, -237.0
1574802726.969113, -237.0
1574802727.037906, -237.0
1574802729.367288, -237.0
1574802730.802053, -237.0
1574802730.875637, -237.0
1574802730.956914, -237.0
1574802731.03231, -237.0
1574802731.108602, -237.0
1574802731.188772, -237.0
1574802731.269077, -237.0
1574802733.02068, -237.0
1574802735.982414, -237.0
1574802736.066374, -237.0
1574802736.144451, -237.0
1574802736.229352, -237.0
1574802736.303547, -237.0
1574802736.375165, -237.0
1574802736.450972, -237.0
1574802736.527505, -237.0
1574802737.806119, -237.0
1574802739.022159, -237.0
1574802740.266986, -237.0
1574802742.888217, -237.0
1574802745.850905, -237.0
1574802748.498188, -237.0
1574802751.943509, -237.0
1574802755.548556, -237.0
1574802756.732177, -237.0
1574802760.332484, -237.0
1574802763.38904, -237.0
1574802766.526249, -237.0
1574802769.321544, -237.0
1574802772.275434, -237.0
1574802776.468119, -237.0
1574802781.748765, -235.0
1574802786.795939, -235.0
1574802791.593526, -235.0
1574802794.256655, -235.0
1574802797.068742, -235.0
1574802800.870582, -235.0
1574802805.438453, -235.0
1574802809.769292, -235.0
1574802814.070465, -235.0
1574802819.007582, -235.0
1574802823.942753, -235.0
1574802926.536095, -235.0
1574802927.783292, -235.0
1574802929.212279, -235.0
1574802929.228957, -235.0
1574802930.525901, -235.0
1574802931.970534, -235.0
1574802933.287988, -235.0
1574802934.745719, -235.0
1574802936.09555, -235.0
1574802937.57798, -235.0
1574802938.959117, -235.0
1574802940.296987, -235.0
1574802941.714716, -235.0
1574802943.136029, -235.0
1574802944.526022, -235.0
1574802945.906602, -235.0
1574802947.216813, -235.0
1574802948.571164, -235.0
1574802949.926627, -235.0
1574802951.262747, -235.0
1574802952.705667, -235.0
1574802954.069256, -235.0
1574802955.330573, -235.0
1574802956.732808, -235.0
1574802958.141665, -235.0
1574802959.500646, -235.0
1574802961.035572, -235.0
1574802962.545918, -235.0
1574802963.919364, -235.0
1574802965.257712, -235.0
1574802966.623614, -235.0
1574802968.090148, -235.0
1574802969.43747, -235.0
1574802970.819819, -235.0
1574802972.085928, -235.0
1574802973.415786, -235.0
1574802974.829478, -235.0
1574802976.225342, -235.0
1574802977.616628, -235.0
1574802978.892089, -235.0
1574802980.261876, -235.0
1574802981.587503, -235.0
1574802982.955359, -235.0
1574802984.305101, -235.0
1574802985.606453, -235.0
1574802986.903312, -235.0
1574802988.253616, -235.0
1574802989.490384, -235.0
1574802990.882229, -235.0
1574802992.213563, -235.0
1574802993.461954, -235.0
1574802994.830792, -235.0
1574802996.139272, -235.0
1574802997.450732, -235.0
1574802998.712118, -235.0
1574803000.171477, -235.0
1574803001.562416, -235.0
1574803002.863035, -235.0
1574803004.207421, -235.0
1574803005.641049, -235.0
1574803007.089615, -235.0
1574803008.414904, -235.0
1574803009.753261, -235.0
1574803011.120646, -235.0
1574803012.621976, -235.0
1574803013.897709, -235.0
1574803015.256852, -235.0
1574803016.470707, -235.0
1574803017.069493, -235.0
1574803017.648324, -235.0
1574803018.230836, -235.0
1574803018.797888, -235.0
1574803019.355937, -235.0
1574803019.974573, -235.0
1574803021.153201, -235.0
1574803022.541492, -235.0
1574803023.973207, -235.0
1574803025.386906, -235.0
1574803026.836112, -235.0
1574803027.595162, -235.0
1574803028.196639, -235.0
1574803028.826026, -235.0
1574803029.441318, -235.0
1574803030.001608, -235.0
1574803030.519546, -235.0
1574803031.053874, -235.0
1574803031.566796, -235.0
1574803032.104353, -235.0
1574803032.64094, -235.0
1574803033.175753, -235.0
1574803033.679987, -235.0
1574803034.197395, -235.0
1574803034.749941, -235.0
1574803035.349363, -235.0
1574803035.875865, -235.0
1574803036.408905, -235.0
1574803037.296454, -235.0
1574803038.673974, -235.0
1574803039.97802, -235.0
1574803040.999035, -235.0
1574803041.539639, -235.0
1574803042.141975, -235.0
1574803042.71991, -235.0
1574803043.30653, -235.0
1574803043.919888, -235.0
1574803044.534792, -235.0
1574803045.126238, -235.0
1574803045.689557, -235.0
1574803046.304235, -235.0
1574803046.862067, -235.0
1574803047.441869, -235.0
1574803048.003903, -235.0
1574803048.562425, -235.0
1574803049.126074, -235.0
1574803049.677219, -235.0
1574803050.268196, -235.0
1574803050.884888, -235.0
1574803051.397256, -235.0
1574803052.018235, -235.0
1574803052.667897, -235.0
1574803053.219736, -235.0
1574803053.808252, -235.0
1574803054.344053, -235.0
1574803054.888807, -235.0
1574803055.482923, -235.0
1574803056.843291, -235.0
1574803058.160982, -235.0
1574803059.460604, -235.0
1574803060.721059, -235.0
1574803061.764267, -235.0
1574803063.203743, -235.0
1574803064.307634, -235.0
1574803065.735033, -235.0
1574803067.086727, -235.0
1574803068.527309, -235.0
1574803069.940839, -235.0
1574803071.425643, -235.0
1574803072.880807, -235.0
1574803074.203621, -235.0
1574803075.530915, -235.0
1574803076.863723, -235.0
1574803078.185775, -235.0
1574803079.45732, -235.0
1574803080.772011, -235.0
1574803082.089347, -235.0
1574803083.473412, -235.0
1574803084.823721, -235.0
1574803086.166437, -235.0
1574803087.449508, -235.0
1574803088.700668, -235.0
1574803090.124816, -235.0
1574803091.387073, -235.0
1574803092.639639, -235.0
1574803093.947897, -235.0
1574803095.270312, -235.0
1574803096.524668, -235.0
1574803097.923583, -235.0
1574803099.221313, -235.0
1574803100.526476, -235.0
1574803101.567657, -235.0
1574803102.798228, -235.0
1574803103.939355, -235.0
1574803105.239702, -235.0
1574803106.583134, -235.0
1574803107.901974, -235.0
1574803109.274903, -235.0
1574803110.674882, -235.0
1574803112.040998, -235.0
1574803113.311114, -235.0
1574803114.211017, -235.0
1574803114.902902, -235.0
1574803115.478562, -235.0
1574803116.789446, -235.0
1574803118.138344, -235.0
1574803119.473368, -235.0
1574803120.792236, -235.0
1574803122.197748, -235.0
1574803123.527878, -235.0
1574803124.982683, -235.0
1574803126.51801, -235.0
1574803127.844429, -235.0
1574803129.136017, -235.0
1574803130.460086, -235.0
1574803131.833717, -235.0
1574803133.182052, -235.0
1574803134.506336, -235.0
1574803135.862024, -235.0
1574803137.160713, -235.0
1574803138.510464, -235.0
1574803140.108293, -235.0
1574803141.485081, -235.0
1574803142.861935, -235.0
1574803144.195376, -235.0
1574803145.567439, -235.0
1574803147.01693, -235.0
1574803148.463198, -235.0
1574803149.789181, -235.0
1574803151.245998, -235.0
1574803152.677164, -235.0
1574803154.13184, -235.0
1574803155.466096, -235.0
1574803156.792544, -235.0
1574803158.254083, -235.0
1574803159.648285, -235.0
1574803160.948924, -235.0
1574803162.351081, -235.0
1574803163.759929, -235.0
1574803165.187346, -235.0
1574803166.446662, -235.0
1574803167.77154, -235.0
1574803169.110713, -235.0
1574803170.400392, -235.0
1574803171.634782, -235.0
1574803172.990471, -235.0
1574803174.314877, -235.0
1574803175.58592, -235.0
1574803176.915175, -235.0
1574803178.289108, -235.0
1574803179.637493, -235.0
1574803180.957119, -235.0
1574803182.206928, -235.0
1574803183.472122, -235.0
1574803184.734996, -235.0
1574803186.06074, -235.0
1574803187.400057, -235.0
1574803188.692115, -235.0
1574803190.054002, -235.0
1574803191.45896, -235.0
1574803192.743136, -235.0
1574803194.140465, -235.0
1574803195.437628, -235.0
1574803196.679919, -235.0
1574803197.958324, -235.0
1574803199.361011, -235.0
1574803201.097931, -235.0
1574803202.35227, -235.0
1574803203.795837, -235.0
1574803205.273868, -235.0
1574803206.625876, -235.0
1574803207.949943, -235.0
1574803209.242485, -235.0
1574803210.662855, -235.0
1574803212.146069, -235.0
1574803213.563028, -235.0
1574803214.920793, -235.0
1574803216.321313, -235.0
1574803217.613067, -235.0
1574803219.059697, -235.0
1574803220.356297, -235.0
1574803221.764204, -235.0
1574802926.545487, -235.0
1574802926.565995, -235.0
1574802926.592198, -235.0
1574802926.618151, -235.0
1574802926.635183, -235.0
1574802926.652013, -235.0
1574802927.988603, -235.0
1574802929.319903, -235.0
1574802930.668187, -235.0
1574802932.043313, -235.0
1574802933.392366, -235.0
1574802934.707192, -235.0
1574802936.03934, -235.0
1574802937.42835, -235.0
1574802938.761308, -235.0
1574802940.175623, -235.0
1574802941.571601, -235.0
1574802942.905259, -235.0
1574802944.316681, -235.0
1574802945.555447, -235.0
1574802946.846345, -235.0
1574802948.178246, -235.0
1574802949.610687, -235.0
1574802950.987903, -235.0
1574802952.378896, -235.0
1574802953.702989, -235.0
1574802955.100829, -235.0
1574802956.428725, -235.0
1574802957.844196, -235.0
1574802959.146556, -235.0
1574802960.457007, -235.0
1574802961.797043, -235.0
1574802963.167768, -235.0
1574802964.424855, -235.0
1574802965.991739, -235.0
1574802968.183639, -235.0
1574802970.43351, -235.0
1574802972.958325, -235.0
1574802975.390904, -235.0
1574802978.082948, -235.0
1574802980.817203, -235.0
1574802983.579777, -235.0
1574802986.236303, -235.0
1574802988.950687, -235.0
1574802991.089884, -235.0
1574802992.458572, -235.0
1574802993.852179, -235.0
1574802995.198223, -235.0
1574802996.482887, -235.0
1574802997.763436, -235.0
1574802999.120502, -235.0
1574803000.432169, -235.0
1574803001.810724, -235.0
1574803003.112545, -235.0
1574803004.394154, -235.0
1574803005.768167, -235.0
1574803007.125113, -235.0
1574803008.457388, -235.0
1574803009.754267, -235.0
1574803011.111572, -235.0
1574803012.577478, -235.0
1574803013.907049, -235.0
1574803015.257973, -235.0
1574803016.691572, -235.0
1574803018.095044, -235.0
1574803019.394188, -235.0
1574803020.731084, -235.0
1574803022.087298, -235.0
1574803023.49738, -235.0
1574803024.790898, -235.0
1574803026.108303, -235.0
1574803027.331441, -235.0
1574803027.923755, -235.0
1574803028.510922, -235.0
1574803029.102925, -235.0
1574803029.629266, -235.0
1574803030.197819, -235.0
1574803030.786329, -235.0
1574803032.067456, -235.0
1574803033.408296, -235.0
1574803034.759798, -235.0
1574803036.126587, -235.0
1574803037.426472, -235.0
1574803038.303414, -235.0
1574803038.899218, -235.0
1574803039.503736, -235.0
1574803040.107808, -235.0
1574803040.695413, -235.0
1574803041.239174, -235.0
1574803041.816947, -235.0
1574803042.386765, -235.0
1574803042.935112, -235.0
1574803043.49788, -235.0
1574803044.047695, -235.0
1574803044.601611, -235.0
1574803045.232759, -235.0
1574803045.835644, -235.0
1574803046.369411, -235.0
1574803047.704486, -235.0
1574803049.001867, -235.0
1574803050.323891, -235.0
1574803051.665431, -235.0
1574803052.938035, -235.0
1574803054.269048, -235.0
1574803054.832915, -235.0
1574803055.39419, -235.0
1574803056.538972, -235.0
1574803057.776449, -235.0
1574803058.36982, -235.0
1574803058.932487, -235.0
1574803059.487625, -235.0
1574803060.045046, -235.0
1574803060.582695, -235.0
1574803061.154762, -235.0
1574803061.707645, -235.0
1574803062.2356, -235.0
1574803062.793057, -235.0
1574803063.332935, -235.0
1574803063.92479, -235.0
1574803064.461137, -235.0
1574803065.039232, -235.0
1574803065.967936, -235.0
1574803067.318243, -235.0
1574803068.688846, -235.0
1574803069.562647, -235.0
1574803070.087425, -235.0
1574803070.621468, -235.0
1574803071.146851, -235.0
1574803071.66851, -235.0
1574803072.19184, -235.0
1574803072.755516, -235.0
1574803073.36097, -235.0
1574803073.902979, -235.0
1574803074.480242, -235.0
1574803075.097809, -235.0
1574803075.885198, -235.0
1574803076.420688, -235.0
1574803076.944849, -235.0
1574803077.444139, -235.0
1574803077.983437, -235.0
1574803079.177764, -235.0
1574803079.706715, -235.0
1574803080.268236, -235.0
1574803080.790306, -235.0
1574803081.341631, -235.0
1574803081.941731, -235.0
1574803082.483872, -235.0
1574803082.982904, -235.0
1574803083.526854, -235.0
1574803084.060007, -235.0
1574803084.625639, -235.0
1574803085.187553, -235.0
1574803086.423594, -235.0
1574803087.71356, -235.0
1574803089.000177, -235.0
1574803090.278242, -235.0
1574803091.641359, -235.0
1574803093.106593, -235.0
1574803094.34393, -235.0
1574803095.649933, -235.0
1574803097.019785, -235.0
1574803098.278866, -235.0
1574803099.541819, -235.0
1574803100.737291, -235.0
1574803102.132232, -235.0
1574803103.382957, -235.0
1574803104.794797, -235.0
1574803106.082948, -235.0
1574803107.396775, -235.0
1574803108.598196, -235.0
1574803109.843194, -235.0
1574803111.185343, -235.0
1574803112.496243, -235.0
1574803113.853206, -235.0
1574803115.157499, -235.0
1574803116.438488, -235.0
1574803117.679203, -235.0
1574803118.961938, -235.0
1574803120.360882, -235.0
1574803121.694106, -235.0
1574803122.938276, -235.0
1574803124.244683, -235.0
1574803125.684247, -235.0
1574803127.052272, -235.0
1574803128.334394, -235.0
1574803129.759735, -235.0
1574803131.122449, -235.0
1574803132.578451, -235.0
1574803133.96115, -235.0
1574803135.365488, -235.0
1574803136.740291, -235.0
1574803138.199502, -235.0
1574803139.544072, -235.0
1574803140.966881, -235.0
1574803142.153773, -235.0
1574803143.533388, -235.0
1574803144.893186, -235.0
1574803146.318118, -235.0
1574803147.747123, -235.0
1574803149.183827, -235.0
1574803150.473403, -235.0
1574803151.626657, -235.0
1574803152.958871, -235.0
1574803154.225777, -235.0
1574803155.652903, -235.0
1574803156.968448, -235.0
1574803158.255884, -235.0
1574803159.531144, -235.0
1574803160.835105, -235.0
1574803162.112345, -235.0
1574803163.314638, -235.0
1574803164.800962, -235.0
1574803166.172042, -235.0
1574803167.589648, -235.0
1574803169.01068, -235.0
1574803170.363912, -235.0
1574803171.727331, -235.0
1574803173.119722, -235.0
1574803174.495455, -235.0
1574803175.851899, -235.0
1574803177.180803, -235.0
1574803178.41176, -235.0
1574803179.755747, -235.0
1574803181.148783, -235.0
1574803182.508172, -235.0
1574803183.832883, -235.0
1574803185.243374, -235.0
1574803186.635392, -235.0
1574803188.052826, -235.0
1574803189.445209, -235.0
1574803190.700143, -235.0
1574803192.139372, -235.0
1574803193.479728, -235.0
1574803194.73503, -235.0
1574803196.011542, -235.0
1574803197.401407, -235.0
1574803198.79846, -235.0
1574803200.733631, -235.0
1574803202.035174, -235.0
1574803203.716183, -235.0
1574803205.061385, -235.0
1574803206.401427, -235.0
1574803207.744457, -235.0
1574803209.034187, -235.0
1574803210.456154, -235.0
1574803212.140373, -235.0
1574803213.531139, -235.0
1574803214.996533, -235.0
1574803216.67279, -235.0
1574803219.42054, -235.0
1574802927.567333, -235.0
1574802929.006695, -235.0
1574802930.477182, -235.0
1574802931.377778, -235.0
1574802932.719033, -235.0
1574802934.137566, -235.0
1574802935.634228, -235.0
1574802937.043735, -235.0
1574802938.475634, -235.0
1574802939.910125, -235.0
1574802941.343003, -235.0
1574802942.664144, -235.0
1574802943.9545, -235.0
1574802945.256161, -235.0
1574802946.597265, -235.0
1574802948.02418, -235.0
1574802949.407286, -235.0
1574802950.760461, -235.0
1574802952.197708, -235.0
1574802953.612064, -235.0
1574802955.016383, -235.0
1574802956.453424, -235.0
1574802957.914345, -235.0
1574802959.334431, -235.0
1574802960.848809, -235.0
1574802962.386829, -235.0
1574802963.791128, -235.0
1574802965.145333, -235.0
1574802966.547635, -235.0
1574802968.059402, -235.0
1574802969.437618, -235.0
1574802970.867625, -235.0
1574802972.141928, -235.0
1574802973.48033, -235.0
1574802974.925285, -235.0
1574802976.343403, -235.0
1574802977.750845, -235.0
1574802979.126917, -235.0
1574802980.560102, -235.0
1574802981.987431, -235.0
1574802983.398789, -235.0
1574802984.740997, -235.0
1574802986.099688, -235.0
1574802987.434085, -235.0
1574802988.849816, -235.0
1574802990.121169, -235.0
1574802991.59305, -235.0
1574802992.97783, -235.0
1574802994.253029, -235.0
1574802995.740098, -235.0
1574802997.167212, -235.0
1574802998.618921, -235.0
1574802999.966435, -235.0
1574803001.380286, -235.0
1574803002.790389, -235.0
1574803004.074302, -235.0
1574803005.356126, -235.0
1574803006.772056, -235.0
1574803008.120839, -235.0
1574803009.420852, -235.0
1574803010.790352, -235.0
1574803012.150841, -235.0
1574803013.601531, -235.0
1574803014.82632, -235.0
1574803016.129296, -235.0
1574803017.280715, -235.0
1574803017.897328, -235.0
1574803018.461676, -235.0
1574803019.015847, -235.0
1574803019.586828, -235.0
1574803020.114607, -235.0
1574803020.71234, -235.0
1574803021.88264, -235.0
1574803023.293314, -235.0
1574803024.706583, -235.0
1574803026.143383, -235.0
1574803027.595723, -235.0
1574803028.354537, -235.0
1574803028.993242, -235.0
1574803029.609515, -235.0
1574803030.231871, -235.0
1574803030.811893, -235.0
1574803031.373947, -235.0
1574803031.942469, -235.0
1574803032.479502, -235.0
1574803032.999708, -235.0
1574803033.543858, -235.0
1574803034.078863, -235.0
1574803034.607747, -235.0
1574803035.203074, -235.0
1574803035.777748, -235.0
1574803036.346563, -235.0
1574803037.67634, -235.0
1574803038.710599, -235.0
1574803040.007884, -235.0
1574803041.39954, -235.0
1574803042.651016, -235.0
1574803043.647761, -235.0
1574803044.227906, -235.0
1574803044.853882, -235.0
1574803045.44719, -235.0
1574803046.013704, -235.0
1574803046.615169, -235.0
1574803047.238441, -235.0
1574803047.802407, -235.0
1574803048.357293, -235.0
1574803048.949533, -235.0
1574803049.497675, -235.0
1574803050.077618, -235.0
1574803050.633548, -235.0
1574803051.210624, -235.0
1574803051.795919, -235.0
1574803052.345709, -235.0
1574803052.912885, -235.0
1574803053.517332, -235.0
1574803054.012931, -235.0
1574803054.567171, -235.0
1574803055.180704, -235.0
1574803055.717676, -235.0
1574803056.271356, -235.0
1574803056.781062, -235.0
1574803057.306232, -235.0
1574803057.875246, -235.0
1574803059.183371, -235.0
1574803060.474603, -235.0
1574803061.741832, -235.0
1574803062.93964, -235.0
1574803063.909145, -235.0
1574803065.250544, -235.0
1574803066.387038, -235.0
1574803067.686987, -235.0
1574803068.949272, -235.0
1574803070.301135, -235.0
1574803071.63634, -235.0
1574803073.011224, -235.0
1574803074.434874, -235.0
1574803075.74365, -235.0
1574803077.082978, -235.0
1574803078.401299, -235.0
1574803079.728839, -235.0
1574803081.009409, -235.0
1574803082.312884, -235.0
1574803083.645342, -235.0
1574803085.017976, -235.0
1574803086.367513, -235.0
1574803087.728675, -235.0
1574803089.047607, -235.0
1574803090.302666, -235.0
1574803091.748606, -235.0
1574803092.97017, -235.0
1574803094.220402, -235.0
1574803095.493628, -235.0
1574803096.808781, -235.0
1574803098.079677, -235.0
1574803099.416586, -235.0
1574803100.638553, -235.0
1574803101.982186, -235.0
1574803103.07133, -235.0
1574803104.365643, -235.0
1574803105.608715, -235.0
1574803106.923828, -235.0
1574803108.220646, -235.0
1574803109.544929, -235.0
1574803110.874626, -235.0
1574803112.218714, -235.0
1574803113.549861, -235.0
1574803114.822299, -235.0
1574803115.578686, -235.0
1574803116.255466, -235.0
1574803116.826575, -235.0
1574803118.131736, -235.0
1574803119.463316, -235.0
1574803120.800844, -235.0
1574803122.176679, -235.0
1574803123.542423, -235.0
1574803124.950564, -235.0
1574803126.299152, -235.0
1574803127.639103, -235.0
1574803129.03516, -235.0
1574803130.432642, -235.0
1574803132.019457, -235.0
1574803133.440959, -235.0
1574803134.714377, -235.0
1574803136.008722, -235.0
1574803137.377565, -235.0
1574803138.739288, -235.0
1574803140.216593, -235.0
1574803141.591685, -235.0
1574803142.990232, -235.0
1574803144.470834, -235.0
1574803145.88654, -235.0
1574803147.305696, -235.0
1574803148.824829, -235.0
1574803150.274406, -235.0
1574803151.63711, -235.0
1574803153.118742, -235.0
1574803154.512358, -235.0
1574803155.976471, -235.0
1574803157.358579, -235.0
1574803158.721767, -235.0
1574803160.131099, -235.0
1574803161.536649, -235.0
1574803162.871013, -235.0
1574803164.307049, -235.0
1574803165.821134, -235.0
1574803167.1801, -235.0
1574803168.492641, -235.0
1574803169.875968, -235.0
1574803171.333215, -235.0
1574803172.676476, -235.0
1574803173.971407, -235.0
1574803175.354818, -235.0
1574803176.741725, -235.0
1574803178.120801, -235.0
1574803179.506816, -235.0
1574803180.970563, -235.0
1574803182.425295, -235.0
1574803183.874099, -235.0
1574803185.246931, -235.0
1574803186.645729, -235.0
1574803188.061823, -235.0
1574803189.476532, -235.0
1574803190.898546, -235.0
1574803192.220797, -235.0
1574803193.577626, -235.0
1574803194.885227, -235.0
1574803196.250898, -235.0
1574803197.674913, -235.0
1574803199.090153, -235.0
1574803200.634616, -235.0
1574803202.040854, -235.0
1574803203.456215, -235.0
1574803204.840394, -235.0
1574803206.057896, -235.0
1574803207.428094, -235.0
1574803208.863744, -235.0
1574803210.207404, -235.0
1574803211.561732, -235.0
1574803212.802581, -235.0
1574803214.434683, -235.0
1574803215.856773, -235.0
1574803217.298643, -235.0
1574803218.630906, -235.0
1574803219.921813, -235.0
1574803221.186438, -235.0
1574803222.610445, -235.0
1574803223.927357, -235.0
1574803225.294711, -235.0
1574803226.644621, -235.0
1574803228.1433, -235.0
1574802926.590376, -235.0
1574802926.608425, -235.0
1574802926.625515, -235.0
1574802926.642358, -235.0
1574802926.660261, -235.0
1574802926.677124, -235.0
1574802928.071724, -235.0
1574802929.433262, -235.0
1574802930.790609, -235.0
1574802932.201436, -235.0
1574802933.52553, -235.0
1574802934.886332, -235.0
1574802936.23888, -235.0
1574802937.61654, -235.0
1574802938.852937, -235.0
1574802940.167289, -235.0
1574802941.515088, -235.0
1574802942.837544, -235.0
1574802944.240006, -235.0
1574802945.496694, -235.0
1574802946.761071, -235.0
1574802948.047013, -235.0
1574802949.403434, -235.0
1574802950.672339, -235.0
1574802952.000065, -235.0
1574802953.289739, -235.0
1574802954.672557, -235.0
1574802956.023186, -235.0
1574802957.457709, -235.0
1574802958.822541, -235.0
1574802960.135551, -235.0
1574802961.45696, -235.0
1574802962.780982, -235.0
1574802964.144183, -235.0
1574802965.833004, -235.0
1574802968.151886, -235.0
1574802970.528881, -235.0
1574802970.54741, -235.0
1574802970.567508, -235.0
1574802970.587789, -235.0
1574802970.605406, -235.0
1574802970.623721, -235.0
1574802970.642003, -235.0
1574802970.67283, -235.0
1574802972.074895, -235.0
1574802973.390723, -235.0
1574802974.842556, -235.0
1574802976.16064, -235.0
1574802977.485697, -235.0
1574802978.892481, -235.0
1574802980.268777, -235.0
1574802981.461645, -235.0
1574802982.856856, -235.0
1574802984.128486, -235.0
1574802985.504169, -235.0
1574802986.64654, -235.0
1574802987.745568, -235.0
1574802988.89822, -235.0
1574802989.97193, -235.0
1574802991.11221, -235.0
1574802992.134286, -235.0
1574802993.173028, -235.0
1574802994.13625, -235.0
1574802995.149002, -235.0
1574802996.502132, -235.0
1574802997.796361, -235.0
1574802999.179417, -235.0
1574803000.507654, -235.0
1574803001.824074, -235.0
1574803003.154308, -235.0
1574803004.541992, -235.0
1574803005.936895, -235.0
1574803007.420068, -235.0
1574803008.713705, -235.0
1574803009.993019, -235.0
1574803011.334627, -235.0
1574803012.685611, -235.0
1574803013.939398, -235.0
1574803015.262657, -235.0
1574803016.506153, -235.0
1574803017.857736, -235.0
1574803019.939891, -235.0
1574803022.21962, -235.0
1574803022.238514, -235.0
1574803024.335165, -235.0
1574803026.351167, -235.0
1574803027.644222, -235.0
1574803029.745128, -235.0
1574803031.922597, -235.0
1574803033.869754, -235.0
1574803035.379803, -235.0
1574803036.31937, -235.0
1574803036.893454, -235.0
1574803037.857247, -235.0
1574803039.170207, -235.0
1574803040.2417, -235.0
1574803041.027321, -235.0
1574803042.536163, -235.0
1574803043.42328, -235.0
1574803044.429638, -235.0
1574803045.790092, -235.0
1574803047.16054, -235.0
1574803048.540749, -235.0
1574803050.023148, -235.0
1574803051.366896, -235.0
1574803052.753044, -235.0
1574803054.016698, -235.0
1574803055.289625, -235.0
1574803056.658237, -235.0
1574803057.967365, -235.0
1574803059.233575, -235.0
1574803060.524448, -235.0
1574803061.78573, -235.0
1574803062.949937, -235.0
1574803064.230909, -235.0
1574803065.419117, -235.0
1574803066.737421, -235.0
1574803068.082213, -235.0
1574803069.369616, -235.0
1574803070.679402, -235.0
1574803071.974384, -235.0
1574803073.340317, -235.0
1574803074.654452, -235.0
1574803075.92919, -235.0
1574803077.339347, -235.0
1574803078.650857, -235.0
1574803079.94106, -235.0
1574803081.325713, -235.0
1574803082.693828, -235.0
1574803084.10894, -235.0
1574803085.460271, -235.0
1574803086.491934, -235.0
1574803087.073373, -235.0
1574803087.611181, -235.0
1574803088.209056, -235.0
1574803088.740283, -235.0
1574803089.313653, -235.0
1574803089.865194, -235.0
1574803090.435891, -235.0
1574803091.078609, -235.0
1574803092.23612, -235.0
1574803093.444087, -235.0
1574803094.48161, -235.0
1574803095.076286, -235.0
1574803096.071092, -235.0
1574803097.328932, -235.0
1574803098.642524, -235.0
1574803099.934405, -235.0
1574803101.35895, -235.0
1574803102.846164, -235.0
1574803104.224986, -235.0
1574803105.477495, -235.0
1574803106.740794, -235.0
1574803108.039003, -235.0
1574803109.323583, -235.0
1574803110.58129, -235.0
1574803111.903167, -235.0
1574803113.241477, -235.0
1574803114.587571, -235.0
1574803115.414176, -235.0
1574803116.710684, -235.0
1574803117.99516, -235.0
1574803119.424937, -235.0
1574803120.638793, -235.0
1574803121.860077, -235.0
1574803122.709363, -235.0
1574803123.564778, -235.0
1574803124.427228, -235.0
1574803125.324403, -235.0
1574803126.143626, -235.0
1574803127.263483, -235.0
1574803128.000311, -235.0
1574803128.870032, -235.0
1574803129.71433, -235.0
1574803130.772663, -235.0
1574803132.262151, -235.0
1574803133.624049, -235.0
1574803134.899409, -235.0
1574803136.197234, -235.0
1574803137.56314, -235.0
1574803139.013161, -235.0
1574803140.270857, -235.0
1574803141.241309, -235.0
1574803142.103714, -235.0
1574803143.37307, -235.0
1574803144.785385, -235.0
1574803146.32176, -235.0
1574803147.779913, -235.0
1574803149.257975, -235.0
1574803150.657015, -235.0
1574803152.180569, -235.0
1574803153.537718, -235.0
1574803154.892849, -235.0
1574803156.173127, -235.0
1574803157.573335, -235.0
1574803158.922265, -235.0
1574803160.213119, -235.0
1574803161.53987, -235.0
1574803162.865938, -235.0
1574803164.141335, -235.0
1574803165.540109, -235.0
1574803166.941572, -235.0
1574803168.347211, -235.0
1574803169.696656, -235.0
1574803171.034183, -235.0
1574803172.407563, -235.0
1574803173.756709, -235.0
1574803175.130712, -235.0
1574803176.458104, -235.0
1574803177.870601, -235.0
1574803179.274881, -235.0
1574803180.699481, -235.0
1574803182.189158, -235.0
1574803183.552237, -235.0
1574803185.038898, -235.0
1574803186.592416, -235.0
1574803187.979077, -235.0
1574803189.413235, -235.0
1574803190.869767, -235.0
1574803192.363917, -235.0
1574803193.707706, -235.0
1574803195.096514, -235.0
1574803196.524398, -235.0
1574803197.896274, -235.0
1574803199.137734, -235.0
1574803200.830351, -235.0
1574803202.268992, -235.0
1574803203.670998, -235.0
1574803205.007926, -235.0
1574803206.414606, -235.0
1574803207.879973, -235.0
1574803209.33537, -235.0
1574803210.701789, -235.0
1574803212.056998, -235.0
1574803213.430332, -235.0
1574803214.829171, -235.0
1574803216.392737, -235.0
1574803217.643258, -235.0
1574803218.988268, -235.0
1574803220.245413, -235.0
1574803221.783868, -235.0
1574803223.19606, -235.0
1574803224.548947, -235.0
1574803225.88281, -235.0
1574803227.225966, -235.0
1574803228.613058, -235.0
1574803229.988348, -235.0
1574803231.247748, -235.0
1574803232.62095, -235.0
1574803234.005759, -235.0
1574803219.451997, -235.0
1574803219.469603, -235.0
1574803219.486384, -235.0
1574803219.503933, -235.0
1574803220.727151, -235.0
1574803221.986005, -235.0
1574803222.005715, -235.0
1574803222.025328, -235.0
1574803223.395105, -235.0
1574803224.817873, -235.0
1574803226.140095, -235.0
1574803227.548899, -235.0
1574803228.895257, -235.0
1574803230.171954, -235.0
1574803231.509631, -235.0
1574803232.908627, -235.0
1574803234.358256, -235.0
1574803235.693664, -235.0
1574803237.118725, -235.0
1574803238.559104, -235.0
1574803239.913985, -235.0
1574803241.291901, -235.0
1574803242.560795, -235.0
1574803243.939123, -235.0
1574803245.304119, -235.0
1574803246.612511, -235.0
1574803247.975762, -235.0
1574803249.273221, -235.0
1574803250.670306, -235.0
1574803252.112506, -235.0
1574803253.511877, -235.0
1574803254.986887, -235.0
1574803256.383539, -235.0
1574803257.764159, -235.0
1574803259.095044, -235.0
1574803260.438051, -235.0
1574803261.700574, -235.0
1574803263.010083, -235.0
1574803264.329893, -235.0
1574803265.654678, -235.0
1574803266.887522, -235.0
1574803268.415407, -235.0
1574803269.747526, -235.0
1574803271.198084, -235.0
1574803272.677046, -235.0
1574803274.122533, -235.0
1574803275.541615, -235.0
1574803276.904819, -235.0
1574803278.208056, -235.0
1574803279.660741, -235.0
1574803281.217017, -235.0
1574803282.734583, -235.0
1574803284.230235, -235.0
1574803285.838345, -235.0
1574803287.233536, -235.0
1574803288.685309, -235.0
1574803289.942295, -235.0
1574803291.213944, -235.0
1574803292.580246, -235.0
1574803293.866026, -235.0
1574803295.168255, -235.0
1574803296.49559, -235.0
1574803297.832428, -235.0
1574803299.327755, -235.0
1574803300.73987, -235.0
1574803302.062625, -235.0
1574803303.491833, -235.0
1574803305.044221, -235.0
1574803306.357256, -235.0
1574803307.754152, -235.0
1574803309.131309, -235.0
1574803310.451868, -235.0
1574803311.857689, -235.0
1574803313.118436, -235.0
1574803314.470115, -235.0
1574803315.777673, -235.0
1574803317.073976, -235.0
1574803318.471038, -235.0
1574803320.788095, -235.0
1574803322.305476, -235.0
1574803323.625676, -235.0
1574803324.313198, -235.0
1574803324.981147, -235.0
1574803325.582123, -235.0
1574803326.098626, -235.0
1574803326.794666, -235.0
1574803327.580186, -235.0
1574803328.36273, -235.0
1574803328.939307, -235.0
1574803329.668175, -235.0
1574803330.301602, -235.0
1574803330.983023, -235.0
1574803331.664985, -235.0
1574803332.40717, -235.0
1574803333.112543, -235.0
1574803333.829843, -235.0
1574803334.744862, -235.0
1574803335.978382, -235.0
1574803337.015211, -235.0
1574803337.857009, -235.0
1574803338.617996, -235.0
1574803339.910315, -235.0
1574803340.470455, -235.0
1574803341.011427, -235.0
1574803341.775204, -235.0
1574803342.47391, -235.0
1574803343.229421, -235.0
1574803343.920553, -235.0
1574803344.696253, -235.0
1574803345.3753, -235.0
1574803346.15398, -235.0
1574803346.977665, -235.0
1574803347.625562, -235.0
1574803348.89676, -235.0
1574803350.226999, -235.0
1574803351.548264, -235.0
1574803352.85134, -235.0
1574803354.17327, -235.0
1574803355.40721, -235.0
1574803356.886592, -235.0
1574803358.687877, -235.0
1574803360.786265, -235.0
1574803362.589616, -235.0
1574803363.951022, -235.0
1574803365.468487, -235.0
1574803367.083827, -235.0
1574803368.723695, -235.0
1574803370.738216, -235.0
1574803372.738201, -235.0
1574803374.829712, -235.0
1574803376.957955, -235.0
1574803379.002392, -235.0
1574803381.187194, -235.0
1574803383.188276, -235.0
1574803385.526872, -235.0
1574803387.58704, -235.0
1574803389.552038, -235.0
1574803391.580691, -235.0
1574803393.550167, -235.0
1574803395.452355, -235.0
1574803397.464032, -235.0
1574803398.836341, -235.0
1574803400.279811, -235.0
1574803401.98401, -235.0
1574803403.466188, -235.0
1574803404.586291, -235.0
1574803405.807495, -235.0
1574803407.145343, -235.0
1574803408.401758, -235.0
1574803409.697623, -235.0
1574803411.003513, -235.0
1574803412.407807, -235.0
1574803413.642262, -235.0
1574803414.953642, -235.0
1574803416.284244, -235.0
1574803417.667536, -235.0
1574803419.04384, -235.0
1574803420.398747, -235.0
1574803421.817277, -235.0
1574803423.124886, -235.0
1574803425.404003, -235.0
1574803425.422453, -235.0
1574803427.741284, -235.0
1574803429.055916, -235.0
1574803430.370871, -235.0
1574803431.686118, -235.0
1574803433.196759, -235.0
1574803434.555567, -235.0
1574803435.814178, -235.0
1574803437.112303, -235.0
1574803438.415689, -235.0
1574803439.624398, -235.0
1574803440.906802, -235.0
1574803442.230226, -235.0
1574803443.423725, -235.0
1574803444.595505, -235.0
1574803445.874814, -235.0
1574803447.138815, -235.0
1574803448.336922, -235.0
1574803449.5648, -235.0
1574803450.806263, -235.0
1574803452.113761, -235.0
1574803453.426924, -235.0
1574803454.635783, -235.0
1574803456.040934, -235.0
1574803457.23294, -235.0
1574803458.51344, -235.0
1574803459.738453, -235.0
1574803461.105101, -235.0
1574803462.470518, -235.0
1574803463.664012, -235.0
1574803464.779752, -235.0
1574803466.071123, -235.0
1574803467.40324, -235.0
1574803468.582959, -235.0
1574803469.827186, -235.0
1574803471.049656, -235.0
1574803472.363378, -235.0
1574803473.66954, -235.0
1574803475.060963, -235.0
1574803476.48317, -235.0
1574803477.876721, -235.0
1574803479.302367, -235.0
1574803480.865591, -235.0
1574803482.164968, -235.0
1574803483.554885, -235.0
1574803484.928646, -235.0
1574803486.281544, -235.0
1574803487.650766, -235.0
1574803488.959602, -235.0
1574803490.289354, -235.0
1574803491.68139, -235.0
1574803493.06855, -235.0
1574803494.449159, -235.0
1574803495.806029, -235.0
1574803496.495989, -235.0
1574803497.071819, -235.0
1574803497.964655, -235.0
1574803498.610312, -235.0
1574803499.496012, -235.0
1574803500.085819, -235.0
1574803500.689505, -235.0
1574803501.293895, -235.0
1574803501.991749, -235.0
1574803502.630752, -235.0
1574803503.202331, -235.0
1574803503.975724, -235.0
1574803504.733994, -235.0
1574803505.402753, -235.0
1574803506.024584, -235.0
1574803506.706983, -235.0
1574803507.954876, -235.0
1574803508.575207, -235.0
1574803509.25109, -235.0
1574803510.363376, -235.0
1574803511.675011, -235.0
1574803512.351089, -235.0
1574803512.924233, -235.0
1574803513.511487, -235.0
1574803514.039206, -235.0
1574803514.950141, -235.0
1574803515.473844, -235.0
1574803516.037681, -235.0
1574803516.612343, -235.0
1574803517.169455, -235.0
1574803517.769617, -235.0
1574803518.709824, -235.0
1574803519.279674, -235.0
1574803519.839068, -235.0
1574803520.407985, -235.0
1574803222.868652, -235.0
1574803222.887064, -235.0
1574803223.912903, -235.0
1574803225.054694, -235.0
1574803226.390575, -235.0
1574803227.714603, -235.0
1574803228.998947, -235.0
1574803230.355404, -235.0
1574803231.87499, -235.0
1574803233.158929, -235.0
1574803233.176952, -235.0
1574803234.561308, -235.0
1574803235.90033, -235.0
1574803237.137823, -235.0
1574803238.511106, -235.0
1574803239.816847, -235.0
1574803241.143116, -235.0
1574803242.530736, -235.0
1574803243.864318, -235.0
1574803245.175051, -235.0
1574803246.525992, -235.0
1574803247.909489, -235.0
1574803249.244072, -235.0
1574803250.592129, -235.0
1574803252.119653, -235.0
1574803253.578028, -235.0
1574803254.933637, -235.0
1574803256.35802, -235.0
1574803257.847699, -235.0
1574803259.153623, -235.0
1574803260.466666, -235.0
1574803261.781507, -235.0
1574803263.111954, -235.0
1574803264.428935, -235.0
1574803265.941827, -235.0
1574803267.24192, -235.0
1574803268.687251, -235.0
1574803270.145003, -235.0
1574803271.528876, -235.0
1574803272.837732, -235.0
1574803274.17708, -235.0
1574803275.513837, -235.0
1574803276.857626, -235.0
1574803278.383597, -235.0
1574803279.741873, -235.0
1574803281.147097, -235.0
1574803282.597188, -235.0
1574803283.847231, -235.0
1574803285.187175, -235.0
1574803286.437939, -235.0
1574803287.780502, -235.0
1574803289.137651, -235.0
1574803290.46287, -235.0
1574803291.745569, -235.0
1574803293.147686, -235.0
1574803294.503808, -235.0
1574803295.908893, -235.0
1574803297.258497, -235.0
1574803298.608876, -235.0
1574803299.978677, -235.0
1574803301.513045, -235.0
1574803302.890906, -235.0
1574803304.313806, -235.0
1574803305.65832, -235.0
1574803307.070457, -235.0
1574803308.651398, -235.0
1574803309.879331, -235.0
1574803311.098875, -235.0
1574803312.410847, -235.0
1574803313.699152, -235.0
1574803315.251763, -235.0
1574803317.276403, -235.0
1574803318.892836, -235.0
1574803320.274517, -235.0
1574803320.83727, -235.0
1574803321.440484, -235.0
1574803321.941265, -235.0
1574803323.216704, -235.0
1574803324.629752, -235.0
1574803326.037071, -235.0
1574803327.278134, -235.0
1574803328.575826, -235.0
1574803329.269994, -235.0
1574803329.863985, -235.0
1574803330.851694, -235.0
1574803331.427925, -235.0
1574803332.007606, -235.0
1574803332.563029, -235.0
1574803333.209817, -235.0
1574803333.805023, -235.0
1574803334.359353, -235.0
1574803334.925024, -235.0
1574803335.45284, -235.0
1574803336.063985, -235.0
1574803336.655676, -235.0
1574803337.24613, -235.0
1574803337.797, -235.0
1574803338.318836, -235.0
1574803338.882882, -235.0
1574803339.424067, -235.0
1574803340.002537, -235.0
1574803340.952322, -235.0
1574803341.567648, -235.0
1574803342.143803, -235.0
1574803342.668445, -235.0
1574803343.27268, -235.0
1574803343.791578, -235.0
1574803344.317874, -235.0
1574803344.835661, -235.0
1574803345.416285, -235.0
1574803345.988782, -235.0
1574803346.553747, -235.0
1574803347.124623, -235.0
1574803347.6786, -235.0
1574803348.214721, -235.0
1574803348.75778, -235.0
1574803349.37281, -235.0
1574803349.990315, -235.0
1574803350.575085, -235.0
1574803351.157469, -235.0
1574803351.735, -235.0
1574803352.360858, -235.0
1574803352.938126, -235.0
1574803353.505395, -235.0
1574803354.078076, -235.0
1574803354.676885, -235.0
1574803355.262435, -235.0
1574803355.829221, -235.0
1574803356.38203, -235.0
1574803356.925425, -235.0
1574803357.474757, -235.0
1574803358.011985, -235.0
1574803358.548852, -235.0
1574803359.144885, -235.0
1574803359.722859, -235.0
1574803360.740297, -235.0
1574803362.057563, -235.0
1574803363.432055, -235.0
1574803364.320155, -235.0
1574803365.640588, -235.0
1574803366.244861, -235.0
1574803367.695418, -235.0
1574803368.244492, -235.0
1574803368.779013, -235.0
1574803369.348239, -235.0
1574803369.884707, -235.0
1574803370.461706, -235.0
1574803371.021338, -235.0
1574803371.587368, -235.0
1574803372.211402, -235.0
1574803372.756777, -235.0
1574803373.336698, -235.0
1574803373.859566, -235.0
1574803374.445194, -235.0
1574803374.992682, -235.0
1574803375.567364, -235.0
1574803376.099718, -235.0
1574803376.683473, -235.0
1574803377.335656, -235.0
1574803377.930708, -235.0
1574803378.506099, -235.0
1574803379.125953, -235.0
1574803379.689092, -235.0
1574803380.266032, -235.0
1574803380.787635, -235.0
1574803381.386162, -235.0
1574803381.948714, -235.0
1574803382.568404, -235.0
1574803383.15069, -235.0
1574803384.06384, -235.0
1574803385.406069, -235.0
1574803386.766336, -235.0
1574803388.12878, -235.0
1574803389.569349, -235.0
1574803390.16205, -235.0
1574803390.746522, -235.0
1574803391.343536, -235.0
1574803391.9019, -235.0
1574803392.686611, -235.0
1574803393.205977, -235.0
1574803394.604505, -235.0
1574803395.995239, -235.0
1574803397.261918, -235.0
1574803397.957391, -235.0
1574803398.799821, -235.0
1574803399.828714, -235.0
1574803400.384082, -235.0
1574803400.954714, -235.0
1574803401.52821, -235.0
1574803402.093702, -235.0
1574803402.685356, -235.0
1574803403.262857, -235.0
1574803403.876975, -235.0
1574803404.430688, -235.0
1574803405.036503, -235.0
1574803405.583764, -235.0
1574803406.168764, -235.0
1574803406.776923, -235.0
1574803407.397413, -235.0
1574803407.974703, -235.0
1574803408.52793, -235.0
1574803409.424327, -235.0
1574803410.815762, -235.0
1574803412.22945, -235.0
1574803413.704399, -235.0
1574803415.074459, -235.0
1574803416.565719, -235.0
1574803417.923777, -235.0
1574803419.430989, -235.0
1574803421.138127, -235.0
1574803422.503267, -235.0
1574803423.309533, -235.0
1574803423.844652, -235.0
1574803424.461332, -235.0
1574803425.104749, -235.0
1574803425.694786, -235.0
1574803426.30233, -235.0
1574803426.944344, -235.0
1574803427.609993, -235.0
1574803428.265867, -235.0
1574803428.928363, -235.0
1574803429.560433, -235.0
1574803430.152608, -235.0
1574803431.035664, -235.0
1574803431.686152, -235.0
1574803432.32433, -235.0
1574803432.946929, -235.0
1574803433.655613, -235.0
1574803434.230255, -235.0
1574803434.827267, -235.0
1574803435.447476, -235.0
1574803436.069554, -235.0
1574803436.725354, -235.0
1574803437.363089, -235.0
1574803438.759979, -235.0
1574803439.39682, -235.0
1574803439.949997, -235.0
1574803440.531535, -235.0
1574803441.087211, -235.0
1574803441.721597, -235.0
1574803442.285232, -235.0
1574803442.965743, -235.0
1574803443.626294, -235.0
1574803444.203896, -235.0
1574803444.893692, -235.0
1574803445.585741, -235.0
1574803446.215226, -235.0
1574803446.894029, -235.0
1574803447.583765, -235.0
1574803448.243502, -235.0
1574803229.078303, -235.0
1574803230.229511, -235.0
1574803231.431714, -235.0
1574803231.449303, -235.0
1574803232.537858, -235.0
1574803233.974471, -235.0
1574803235.276089, -235.0
1574803236.544299, -235.0
1574803237.9485, -235.0
1574803239.258305, -235.0
1574803240.574092, -235.0
1574803241.82445, -235.0
1574803243.185218, -235.0
1574803244.456423, -235.0
1574803245.830565, -235.0
1574803247.218081, -235.0
1574803248.498191, -235.0
1574803249.839875, -235.0
1574803251.169056, -235.0
1574803252.607817, -235.0
1574803254.052897, -235.0
1574803255.352526, -235.0
1574803256.005892, -235.0
1574803257.429996, -235.0
1574803257.958374, -235.0
1574803259.315321, -235.0
1574803260.610357, -235.0
1574803261.947663, -235.0
1574803263.223109, -235.0
1574803263.90435, -235.0
1574803264.491367, -235.0
1574803265.091637, -235.0
1574803265.646576, -235.0
1574803266.227398, -235.0
1574803266.805621, -235.0
1574803267.405891, -235.0
1574803268.038259, -235.0
1574803268.644585, -235.0
1574803269.582678, -235.0
1574803270.246851, -235.0
1574803270.874719, -235.0
1574803271.468053, -235.0
1574803272.120654, -235.0
1574803272.67485, -235.0
1574803273.263817, -235.0
1574803273.885084, -235.0
1574803274.469258, -235.0
1574803275.027976, -235.0
1574803275.607678, -235.0
1574803276.15169, -235.0
1574803276.728629, -235.0
1574803277.313915, -235.0
1574803277.983764, -235.0
1574803278.563494, -235.0
1574803279.12355, -235.0
1574803279.662411, -235.0
1574803280.23234, -235.0
1574803280.765651, -235.0
1574803281.292708, -235.0
1574803281.842457, -235.0
1574803282.379699, -235.0
1574803282.927882, -235.0
1574803283.483407, -235.0
1574803284.461898, -235.0
1574803285.022511, -235.0
1574803285.608515, -235.0
1574803286.150651, -235.0
1574803286.708208, -235.0
1574803287.270309, -235.0
1574803287.840584, -235.0
1574803288.394595, -235.0
1574803288.954376, -235.0
1574803289.472519, -235.0
1574803289.976094, -235.0
1574803290.522862, -235.0
1574803291.021492, -235.0
1574803291.617295, -235.0
1574803292.137272, -235.0
1574803292.654499, -235.0
1574803293.570534, -235.0
1574803294.13564, -235.0
1574803294.68861, -235.0
1574803295.195758, -235.0
1574803295.733936, -235.0
1574803296.300142, -235.0
1574803296.847036, -235.0
1574803297.41015, -235.0
1574803297.994124, -235.0
1574803298.545018, -235.0
1574803299.069371, -235.0
1574803299.67925, -235.0
1574803300.27139, -235.0
1574803300.8246, -235.0
1574803301.395097, -235.0
1574803301.929934, -235.0
1574803302.456894, -235.0
1574803303.014328, -235.0
1574803303.580416, -235.0
1574803304.496251, -235.0
1574803305.100035, -235.0
1574803305.675517, -235.0
1574803306.205958, -235.0
1574803306.828183, -235.0
1574803307.431424, -235.0
1574803308.248958, -235.0
1574803310.930868, -235.0
1574803311.590253, -235.0
1574803312.182043, -235.0
1574803312.785008, -235.0
1574803314.015237, -235.0
1574803315.358569, -235.0
1574803316.741659, -235.0
1574803318.039517, -235.0
1574803319.383468, -235.0
1574803320.706671, -235.0
1574803322.086731, -235.0
1574803323.429131, -235.0
1574803324.881211, -235.0
1574803326.24913, -235.0
1574803327.63806, -235.0
1574803328.962625, -235.0
1574803330.348009, -235.0
1574803331.74777, -235.0
1574803333.060274, -235.0
1574803334.449088, -235.0
1574803335.728209, -235.0
1574803337.099052, -235.0
1574803338.441165, -235.0
1574803339.838566, -235.0
1574803341.16489, -235.0
1574803342.606072, -235.0
1574803344.007293, -235.0
1574803345.432534, -235.0
1574803346.670547, -235.0
1574803348.096745, -235.0
1574803349.372586, -235.0
1574803350.746272, -235.0
1574803351.994031, -235.0
1574803353.269819, -235.0
1574803354.555621, -235.0
1574803355.819398, -235.0
1574803357.131374, -235.0
1574803358.421722, -235.0
1574803359.686503, -235.0
1574803360.962001, -235.0
1574803362.222222, -235.0
1574803363.486626, -235.0
1574803364.759039, -235.0
1574803365.985854, -235.0
1574803367.277405, -235.0
1574803368.626664, -235.0
1574803369.953507, -235.0
1574803371.175342, -235.0
1574803372.487914, -235.0
1574803373.802036, -235.0
1574803375.131747, -235.0
1574803376.457345, -235.0
1574803377.887269, -235.0
1574803379.111628, -235.0
1574803379.775372, -235.0
1574803380.343992, -235.0
1574803380.881303, -235.0
1574803381.408288, -235.0
1574803381.970938, -235.0
1574803383.248449, -235.0
1574803384.422716, -235.0
1574803384.952777, -235.0
1574803385.48027, -235.0
1574803386.060522, -235.0
1574803386.60536, -235.0
1574803387.159599, -235.0
1574803387.677898, -235.0
1574803388.187728, -235.0
1574803388.691193, -235.0
1574803389.293216, -235.0
1574803390.661506, -235.0
1574803391.255724, -235.0
1574803391.797564, -235.0
1574803393.143956, -235.0
1574803394.022039, -235.0
1574803394.556889, -235.0
1574803395.130748, -235.0
1574803395.679378, -235.0
1574803396.245183, -235.0
1574803396.808701, -235.0
1574803397.364917, -235.0
1574803397.955901, -235.0
1574803398.498449, -235.0
1574803399.054014, -235.0
1574803399.595384, -235.0
1574803400.15707, -235.0
1574803400.69362, -235.0
1574803401.276734, -235.0
1574803401.790739, -235.0
1574803402.475225, -235.0
1574803403.073541, -235.0
1574803403.649888, -235.0
1574803404.206227, -235.0
1574803404.759457, -235.0
1574803405.764378, -235.0
1574803407.140308, -235.0
1574803408.422034, -235.0
1574803409.782721, -235.0
1574803411.124171, -235.0
1574803412.513024, -235.0
1574803413.832863, -235.0
1574803415.15819, -235.0
1574803416.564597, -235.0
1574803417.834637, -235.0
1574803419.172816, -235.0
1574803420.424329, -235.0
1574803421.759016, -235.0
1574803423.067758, -235.0
1574803424.259081, -235.0
1574803425.688301, -235.0
1574803427.113614, -235.0
1574803428.440151, -235.0
1574803429.8727, -235.0
1574803431.181711, -235.0
1574803432.647313, -235.0
1574803434.158199, -235.0
1574803435.59713, -235.0
1574803436.986484, -235.0
1574803438.420028, -235.0
1574803439.811986, -235.0
1574803441.194724, -235.0
1574803442.507997, -235.0
1574803443.868206, -235.0
1574803445.240598, -235.0
1574803446.495063, -235.0
1574803447.913499, -235.0
1574803449.251572, -235.0
1574803450.623072, -235.0
1574803451.945623, -235.0
1574803453.192599, -235.0
1574803454.4845, -235.0
1574803455.813657, -235.0
1574803457.151078, -235.0
1574803458.361477, -235.0
1574803459.71199, -235.0
1574803461.002264, -235.0
1574803462.263324, -235.0
1574803463.623913, -235.0
1574803464.890879, -235.0
1574803466.285942, -235.0
1574803467.615381, -235.0
1574803468.912985, -235.0
1574803470.224342, -235.0
1574803471.532391, -235.0
1574803472.888061, -235.0
1574803235.144871, -235.0
1574803235.162693, -235.0
1574803235.183195, -235.0
1574803236.47891, -235.0
1574803237.852306, -235.0
1574803237.871889, -235.0
1574803239.148875, -235.0
1574803240.386877, -235.0
1574803241.758208, -235.0
1574803242.983613, -235.0
1574803244.159137, -235.0
1574803245.240865, -235.0
1574803246.435549, -235.0
1574803247.577669, -235.0
1574803248.744731, -235.0
1574803249.868788, -235.0
1574803251.059242, -235.0
1574803252.344042, -235.0
1574803253.574557, -235.0
1574803254.742068, -235.0
1574803256.025401, -235.0
1574803257.196537, -235.0
1574803258.412442, -235.0
1574803259.54169, -235.0
1574803260.695835, -235.0
1574803261.988207, -235.0
1574803263.188456, -235.0
1574803264.344186, -235.0
1574803265.525102, -235.0
1574803266.312583, -235.0
1574803267.380098, -235.0
1574803268.523103, -235.0
1574803269.734251, -235.0
1574803270.871921, -235.0
1574803272.164315, -235.0
1574803273.468847, -235.0
1574803274.845091, -235.0
1574803276.191921, -235.0
1574803277.63546, -235.0
1574803278.992403, -235.0
1574803280.315804, -235.0
1574803281.627318, -235.0
1574803282.895835, -235.0
1574803283.457149, -235.0
1574803283.951565, -235.0
1574803284.510604, -235.0
1574803285.057885, -235.0
1574803285.57848, -235.0
1574803286.123994, -235.0
1574803286.685819, -235.0
1574803287.222456, -235.0
1574803287.796595, -235.0
1574803288.430652, -235.0
1574803289.057924, -235.0
1574803289.647268, -235.0
1574803290.243105, -235.0
1574803290.831404, -235.0
1574803291.497809, -235.0
1574803292.139824, -235.0
1574803292.777266, -235.0
1574803293.436299, -235.0
1574803294.053374, -235.0
1574803294.648949, -235.0
1574803295.285149, -235.0
1574803295.880378, -235.0
1574803296.489718, -235.0
1574803297.125335, -235.0
1574803298.278871, -235.0
1574803299.640756, -235.0
1574803300.992236, -235.0
1574803302.162211, -235.0
1574803303.498273, -235.0
1574803304.700371, -235.0
1574803305.348863, -235.0
1574803305.966375, -235.0
1574803306.552928, -235.0
1574803307.28338, -235.0
1574803308.522984, -235.0
1574803309.913848, -235.0
1574803311.347734, -235.0
1574803312.70294, -235.0
1574803314.070178, -235.0
1574803315.459458, -235.0
1574803316.908771, -235.0
1574803318.22083, -235.0
1574803319.685555, -235.0
1574803321.097556, -235.0
1574803322.428224, -235.0
1574803323.827123, -235.0
1574803325.188789, -235.0
1574803326.597548, -235.0
1574803327.942112, -235.0
1574803329.311596, -235.0
1574803330.796999, -235.0
1574803331.934277, -235.0
1574803332.987194, -235.0
1574803334.347232, -235.0
1574803335.683432, -235.0
1574803337.130269, -235.0
1574803338.54163, -235.0
1574803340.043672, -235.0
1574803341.441115, -235.0
1574803342.754833, -235.0
1574803343.746821, -235.0
1574803345.100822, -235.0
1574803346.448713, -235.0
1574803347.901579, -235.0
1574803349.294709, -235.0
1574803350.54218, -235.0
1574803351.918913, -235.0
1574803353.216321, -235.0
1574803354.546374, -235.0
1574803355.862488, -235.0
1574803357.165339, -235.0
1574803358.434816, -235.0
1574803359.809356, -235.0
1574803361.180865, -235.0
1574803362.49275, -235.0
1574803363.773336, -235.0
1574803365.100295, -235.0
1574803366.380023, -235.0
1574803368.119123, -235.0
1574803368.140365, -235.0
1574803368.163552, -235.0
1574803368.185147, -235.0
1574803368.205087, -235.0
1574803368.227946, -235.0
1574803368.248618, -235.0
1574803368.272798, -235.0
1574803371.018364, -235.0
1574803373.803407, -235.0
1574803373.824669, -235.0
1574803376.838471, -235.0
1574803376.858939, -235.0
1574803376.880174, -235.0
1574803376.901434, -235.0
1574803376.920813, -235.0
1574803376.941762, -235.0
1574803376.962404, -235.0
1574803379.710328, -235.0
1574803380.648834, -235.0
1574803382.017113, -235.0
1574803382.658083, -235.0
1574803383.405241, -235.0
1574803384.101219, -235.0
1574803385.354191, -235.0
1574803386.709147, -235.0
1574803388.023104, -235.0
1574803389.223883, -235.0
1574803390.64891, -235.0
1574803391.962665, -235.0
1574803393.258168, -235.0
1574803394.637338, -235.0
1574803396.290638, -235.0
1574803397.840664, -235.0
1574803399.221381, -235.0
1574803400.775207, -235.0
1574803402.225147, -235.0
1574803403.788077, -235.0
1574803405.293067, -235.0
1574803406.761921, -235.0
1574803408.261967, -235.0
1574803409.710673, -235.0
1574803411.211898, -235.0
1574803412.696218, -235.0
1574803414.134902, -235.0
1574803415.530735, -235.0
1574803417.060947, -235.0
1574803418.480938, -235.0
1574803419.737695, -235.0
1574803421.296618, -235.0
1574803422.746991, -235.0
1574803424.290727, -235.0
1574803425.501174, -235.0
1574803426.802988, -235.0
1574803428.161303, -235.0
1574803429.217772, -235.0
1574803430.431706, -235.0
1574803431.406181, -235.0
1574803432.480963, -235.0
1574803433.032307, -235.0
1574803433.620973, -235.0
1574803434.149621, -235.0
1574803434.752286, -235.0
1574803435.305715, -235.0
1574803435.901412, -235.0
1574803436.411523, -235.0
1574803437.431722, -235.0
1574803437.915263, -235.0
1574803438.581158, -235.0
1574803439.177859, -235.0
1574803439.751492, -235.0
1574803441.19457, -235.0
1574803442.70941, -235.0
1574803444.117055, -235.0
1574803445.501849, -235.0
1574803446.773393, -235.0
1574803448.149093, -235.0
1574803449.472323, -235.0
1574803450.885017, -235.0
1574803452.350791, -235.0
1574803453.713585, -235.0
1574803454.936919, -235.0
1574803456.381284, -235.0
1574803457.763659, -235.0
1574803459.06636, -235.0
1574803460.283252, -235.0
1574803461.611162, -235.0
1574803462.937011, -235.0
1574803464.397761, -235.0
1574803465.831341, -235.0
1574803467.258779, -235.0
1574803468.628173, -235.0
1574803469.94023, -235.0
1574803471.254535, -235.0
1574803472.414454, -235.0
1574803473.456062, -235.0
1574803474.682176, -235.0
1574803476.842854, -235.0
1574803479.411906, -235.0
1574803480.579039, -235.0
1574803481.649737, -235.0
1574803482.811867, -235.0
1574803484.318683, -235.0
1574803485.56948, -235.0
1574803487.001001, -235.0
1574803488.360711, -235.0
1574803489.413694, -235.0
1574803490.445164, -235.0
1574803491.049344, -235.0
1574803491.638707, -235.0
1574803492.268435, -235.0
1574803492.859487, -235.0
1574803493.466135, -235.0
1574803494.044577, -235.0
1574803494.655104, -235.0
1574803495.276266, -235.0
1574803495.842486, -235.0
1574803496.408946, -235.0
1574803496.98702, -235.0
1574803497.576221, -235.0
1574803498.178652, -235.0
1574803498.879027, -235.0
1574803499.442792, -235.0
1574803500.039853, -235.0
1574803500.593343, -235.0
1574803501.319623, -235.0
1574803502.540671, -235.0
1574803503.937537, -235.0
1574803505.462541, -235.0
1574803448.28401, -235.0
1574803449.618601, -235.0
1574803449.639686, -235.0
1574803449.660579, -235.0
1574803449.67814, -235.0
1574803449.699876, -235.0
1574803449.716388, -235.0
1574803449.739388, -235.0
1574803451.199858, -235.0
1574803452.695754, -235.0
1574803454.204498, -235.0
1574803455.668518, -235.0
1574803457.131947, -235.0
1574803458.601448, -235.0
1574803460.282508, -235.0
1574803461.907413, -235.0
1574803463.515343, -235.0
1574803465.207414, -235.0
1574803466.876428, -235.0
1574803468.491793, -235.0
1574803470.186405, -235.0
1574803471.886885, -235.0
1574803473.683069, -235.0
1574803475.393057, -235.0
1574803477.017867, -235.0
1574803478.382728, -235.0
1574803479.714674, -235.0
1574803481.141356, -235.0
1574803482.574945, -235.0
1574803484.192425, -235.0
1574803485.541903, -235.0
1574803486.92751, -235.0
1574803488.309167, -235.0
1574803489.681836, -235.0
1574803490.991004, -235.0
1574803492.276733, -235.0
1574803493.737621, -235.0
1574803495.13424, -235.0
1574803496.572049, -235.0
1574803497.982638, -235.0
1574803499.470845, -235.0
1574803500.875311, -235.0
1574803502.278465, -235.0
1574803503.634083, -235.0
1574803504.977095, -235.0
1574803506.395158, -235.0
1574803507.779873, -235.0
1574803508.999734, -235.0
1574803510.547775, -235.0
1574803511.874902, -235.0
1574803513.212214, -235.0
1574803514.509704, -235.0
1574803515.873012, -235.0
1574803517.193251, -235.0
1574803518.465858, -235.0
1574803519.857154, -235.0
1574803521.170602, -235.0
1574803522.466921, -235.0
1574803523.70679, -235.0
1574803524.99076, -235.0
1574803526.22127, -235.0
1574803527.492081, -235.0
1574803528.817396, -235.0
1574803530.141075, -235.0
1574803531.51281, -235.0
1574803533.519466, -235.0
1574803535.540122, -235.0
1574803537.461916, -235.0
1574803539.518064, -235.0
1574803541.428394, -235.0
1574803543.4413, -235.0
1574803545.047981, -235.0
1574803546.952348, -235.0
1574803548.950389, -235.0
1574803550.986847, -235.0
1574803552.909415, -235.0
1574803554.831909, -235.0
1574803556.80485, -235.0
1574803558.746212, -235.0
1574803560.730872, -235.0
1574803562.611452, -235.0
1574803564.520864, -235.0
1574803566.413256, -235.0
1574803568.43065, -235.0
1574803570.404411, -235.0
1574803572.304212, -235.0
1574803574.195843, -235.0
1574803576.175785, -235.0
1574803578.133521, -235.0
1574803580.181364, -235.0
1574803582.253952, -235.0
1574803583.832233, -235.0
1574803585.737495, -235.0
1574803587.623545, -235.0
1574803589.459668, -235.0
1574803591.518077, -235.0
1574803593.514926, -235.0
1574803595.041509, -235.0
1574803596.248413, -235.0
1574803597.431258, -235.0
1574803598.673729, -235.0
1574803599.936088, -235.0
1574803601.176662, -235.0
1574803602.427372, -235.0
1574803603.597596, -235.0
1574803604.921941, -235.0
1574803606.115054, -235.0
1574803607.373098, -235.0
1574803608.601732, -235.0
1574803609.804227, -235.0
1574803611.013859, -235.0
1574803612.233795, -235.0
1574803613.535155, -235.0
1574803614.639819, -235.0
1574803615.892021, -235.0
1574803617.14007, -235.0
1574803618.412761, -235.0
1574803619.582425, -235.0
1574803620.821672, -235.0
1574803622.008803, -235.0
1574803623.263458, -235.0
1574803624.465925, -235.0
1574803625.656259, -235.0
1574803626.892631, -235.0
1574803628.108671, -235.0
1574803629.351952, -235.0
1574803630.602284, -235.0
1574803631.881739, -235.0
1574803633.116023, -235.0
1574803634.343571, -235.0
1574803634.917817, -235.0
1574803636.129029, -235.0
1574803636.630567, -235.0
1574803637.156107, -235.0
1574803637.717152, -235.0
1574803638.239032, -235.0
1574803638.776965, -235.0
1574803639.273712, -235.0
1574803639.812949, -235.0
1574803640.319867, -235.0
1574803640.788188, -235.0
1574803641.324361, -235.0
1574803641.830011, -235.0
1574803642.34652, -235.0
1574803643.454242, -235.0
1574803643.967336, -235.0
1574803644.462933, -235.0
1574803644.966412, -235.0
1574803645.489613, -235.0
1574803646.021984, -235.0
1574803647.332539, -235.0
1574803648.596799, -235.0
1574803649.819545, -235.0
1574803651.155446, -235.0
1574803652.421044, -235.0
1574803653.780654, -235.0
1574803655.038016, -235.0
1574803656.27718, -235.0
1574803657.582115, -235.0
1574803658.84206, -235.0
1574803659.916898, -235.0
1574803661.136677, -235.0
1574803661.927513, -235.0
1574803662.848391, -235.0
1574803663.368527, -235.0
1574803663.89087, -235.0
1574803664.403073, -235.0
1574803664.935685, -235.0
1574803665.462342, -235.0
1574803665.989538, -235.0
1574803666.898564, -235.0
1574803667.39538, -235.0
1574803668.373988, -235.0
1574803668.966308, -235.0
1574803669.488283, -235.0
1574803670.016787, -235.0
1574803670.572769, -235.0
1574803671.155109, -235.0
1574803671.726109, -235.0
1574803672.279892, -235.0
1574803672.814968, -235.0
1574803673.460664, -235.0
1574803674.728732, -235.0
1574803676.077343, -235.0
1574803677.329383, -235.0
1574803678.498158, -235.0
1574803679.036486, -235.0
1574803679.56983, -235.0
1574803680.079505, -235.0
1574803680.582552, -235.0
1574803681.093535, -235.0
1574803681.62091, -235.0
1574803682.151091, -235.0
1574803682.680162, -235.0
1574803683.202486, -235.0
1574803683.730987, -235.0
1574803684.326392, -235.0
1574803684.899741, -235.0
1574803685.456762, -235.0
1574803685.977355, -235.0
1574803686.507346, -235.0
1574803687.031379, -235.0
1574803687.588298, -235.0
1574803688.127079, -235.0
1574803688.648679, -235.0
1574803689.177239, -235.0
1574803689.706913, -235.0
1574803690.189156, -235.0
1574803690.710967, -235.0
1574803691.636971, -235.0
1574803692.854135, -235.0
1574803693.785562, -235.0
1574803694.404805, -235.0
1574803695.549068, -235.0
1574803696.829674, -235.0
1574803698.02114, -235.0
1574803699.210266, -235.0
1574803700.00442, -235.0
1574803700.535874, -235.0
1574803701.299449, -235.0
1574803701.809212, -235.0
1574803702.332712, -235.0
1574803702.842458, -235.0
1574803703.367081, -235.0
1574803703.867549, -235.0
1574803704.342261, -235.0
1574803704.848015, -235.0
1574803705.936255, -235.0
1574803706.49123, -235.0
1574803707.535286, -235.0
1574803708.066596, -235.0
1574803708.563958, -235.0
1574803709.095457, -235.0
1574803709.65898, -235.0
1574803710.132674, -235.0
1574803710.639464, -235.0
1574803711.145304, -235.0
1574803711.645071, -235.0
1574803712.156279, -235.0
1574803712.676793, -235.0
1574803713.553665, -235.0
1574803714.089779, -235.0
1574803714.619889, -235.0
1574803715.158669, -235.0
1574803715.659001, -235.0
1574803716.170218, -235.0
1574803716.728213, -235.0
1574803717.259181, -235.0
1574803718.240187, -235.0
1574803719.533228, -235.0
1574803475.513737, -235.0
1574803478.391282, -235.0
1574803481.340408, -235.0
1574803481.361307, -235.0
1574803481.380121, -235.0
1574803481.39824, -235.0
1574803481.425562, -235.0
1574803482.947521, -235.0
1574803484.224005, -235.0
1574803485.508441, -235.0
1574803486.76318, -235.0
1574803488.049694, -235.0
1574803489.362164, -235.0
1574803490.619212, -235.0
1574803491.929288, -235.0
1574803492.900472, -235.0
1574803494.254976, -235.0
1574803495.576075, -235.0
1574803496.83222, -235.0
1574803498.039441, -235.0
1574803499.534564, -235.0
1574803500.871706, -235.0
1574803502.368824, -235.0
1574803503.732681, -235.0
1574803505.05713, -235.0
1574803506.467663, -235.0
1574803507.858274, -235.0
1574803509.280133, -235.0
1574803510.639034, -235.0
1574803511.971526, -235.0
1574803513.274914, -235.0
1574803514.54914, -235.0
1574803515.886476, -235.0
1574803517.243422, -235.0
1574803518.635438, -235.0
1574803519.895564, -235.0
1574803521.161493, -235.0
1574803522.427869, -235.0
1574803523.672268, -235.0
1574803525.002582, -235.0
1574803526.132881, -235.0
1574803527.379071, -235.0
1574803528.635006, -235.0
1574803529.800472, -235.0
1574803530.983516, -235.0
1574803532.083826, -235.0
1574803533.368572, -235.0
1574803534.597925, -235.0
1574803535.86928, -235.0
1574803537.083666, -235.0
1574803538.277215, -235.0
1574803539.551297, -235.0
1574803540.829409, -235.0
1574803542.111866, -235.0
1574803543.377168, -235.0
1574803544.662742, -235.0
1574803545.897292, -235.0
1574803547.162777, -235.0
1574803548.466745, -235.0
1574803549.109097, -235.0
1574803549.609663, -235.0
1574803550.163656, -235.0
1574803550.721673, -235.0
1574803551.240649, -235.0
1574803551.735739, -235.0
1574803552.251374, -235.0
1574803552.767024, -235.0
1574803553.274942, -235.0
1574803553.800163, -235.0
1574803554.301509, -235.0
1574803554.812253, -235.0
1574803555.336628, -235.0
1574803555.853768, -235.0
1574803556.401479, -235.0
1574803557.574329, -235.0
1574803558.790877, -235.0
1574803559.969844, -235.0
1574803561.21069, -235.0
1574803562.443897, -235.0
1574803562.460673, -235.0
1574803562.476448, -235.0
1574803562.492607, -235.0
1574803563.756955, -235.0
1574803564.938925, -235.0
1574803566.225298, -235.0
1574803567.476735, -235.0
1574803568.659767, -235.0
1574803569.902629, -235.0
1574803571.092156, -235.0
1574803572.349204, -235.0
1574803573.593982, -235.0
1574803574.855679, -235.0
1574803576.049441, -235.0
1574803577.309111, -235.0
1574803578.513999, -235.0
1574803579.756646, -235.0
1574803580.942555, -235.0
1574803582.195947, -235.0
1574803583.423752, -235.0
1574803584.67606, -235.0
1574803585.892718, -235.0
1574803587.053565, -235.0
1574803588.250742, -235.0
1574803589.46852, -235.0
1574803590.664288, -235.0
1574803591.95482, -235.0
1574803593.214104, -235.0
1574803594.391747, -235.0
1574803594.982765, -235.0
1574803595.712524, -235.0
1574803596.247536, -235.0
1574803596.770362, -235.0
1574803597.239804, -235.0
1574803597.79477, -235.0
1574803598.278603, -235.0
1574803598.791717, -235.0
1574803599.321668, -235.0
1574803599.788933, -235.0
1574803600.310362, -235.0
1574803600.821659, -235.0
1574803601.358512, -235.0
1574803601.888475, -235.0
1574803602.392285, -235.0
1574803602.932419, -235.0
1574803603.784838, -235.0
1574803604.319527, -235.0
1574803604.87792, -235.0
1574803605.392451, -235.0
1574803605.899285, -235.0
1574803606.419845, -235.0
1574803607.489775, -235.0
1574803608.679066, -235.0
1574803609.990195, -235.0
1574803611.179431, -235.0
1574803612.338676, -235.0
1574803613.616148, -235.0
1574803614.820749, -235.0
1574803616.065483, -235.0
1574803617.374947, -235.0
1574803618.614308, -235.0
1574803619.861857, -235.0
1574803621.103661, -235.0
1574803622.406603, -235.0
1574803623.675152, -235.0
1574803624.953775, -235.0
1574803626.247912, -235.0
1574803627.418963, -235.0
1574803628.689421, -235.0
1574803629.997966, -235.0
1574803631.347615, -235.0
1574803632.578437, -235.0
1574803633.767832, -235.0
1574803635.045362, -235.0
1574803636.32374, -235.0
1574803637.636712, -235.0
1574803638.837914, -235.0
1574803640.107641, -235.0
1574803641.385727, -235.0
1574803642.687366, -235.0
1574803643.855293, -235.0
1574803645.076767, -235.0
1574803646.342736, -235.0
1574803647.448812, -235.0
1574803648.442582, -235.0
1574803648.957449, -235.0
1574803649.468001, -235.0
1574803649.991315, -235.0
1574803650.516425, -235.0
1574803651.034897, -235.0
1574803651.893148, -235.0
1574803652.386473, -235.0
1574803653.301163, -235.0
1574803653.924555, -235.0
1574803654.402654, -235.0
1574803655.042121, -235.0
1574803655.58646, -235.0
1574803656.083127, -235.0
1574803656.581764, -235.0
1574803657.127287, -235.0
1574803657.955452, -235.0
1574803658.516588, -235.0
1574803659.788133, -235.0
1574803661.110898, -235.0
1574803662.355106, -235.0
1574803663.54963, -235.0
1574803664.732938, -235.0
1574803666.004569, -235.0
1574803667.164091, -235.0
1574803668.375494, -235.0
1574803669.561392, -235.0
1574803670.099508, -235.0
1574803670.591394, -235.0
1574803671.753202, -235.0
1574803672.229567, -235.0
1574803672.760392, -235.0
1574803673.273343, -235.0
1574803673.782281, -235.0
1574803674.311228, -235.0
1574803674.86139, -235.0
1574803675.539402, -235.0
1574803676.184087, -235.0
1574803676.761816, -235.0
1574803677.249886, -235.0
1574803677.723694, -235.0
1574803678.269815, -235.0
1574803679.489401, -235.0
1574803680.709072, -235.0
1574803681.909592, -235.0
1574803683.005991, -235.0
1574803683.951954, -235.0
1574803685.203594, -235.0
1574803685.851802, -235.0
1574803686.532908, -235.0
1574803687.364026, -235.0
1574803688.216127, -235.0
1574803688.799533, -235.0
1574803689.310085, -235.0
1574803689.902442, -235.0
1574803690.396404, -235.0
1574803690.999323, -235.0
1574803691.566994, -235.0
1574803692.132571, -235.0
1574803692.654508, -235.0
1574803693.252953, -235.0
1574803693.82643, -235.0
1574803694.357933, -235.0
1574803694.939562, -235.0
1574803695.499365, -235.0
1574803696.045065, -235.0
1574803696.576378, -235.0
1574803697.095792, -235.0
1574803697.676534, -235.0
1574803698.283471, -235.0
1574803698.822068, -235.0
1574803699.392189, -235.0
1574803700.027551, -235.0
1574803700.613138, -235.0
1574803701.242005, -235.0
1574803701.796028, -235.0
1574803702.370954, -235.0
1574803702.900331, -235.0
1574803703.494034, -235.0
1574803704.051359, -235.0
1574803704.615803, -235.0
1574803705.158833, -235.0
1574803705.680589, -235.0
1574803706.185413, -235.0
1574803706.770413, -235.0
1574803707.286712, -235.0
1574803707.824458, -235.0
1574803506.841852, -235.0
1574803508.220545, -235.0
1574803508.239712, -235.0
1574803508.258826, -235.0
1574803508.277023, -235.0
1574803508.294908, -235.0
1574803508.314122, -235.0
1574803508.335735, -235.0
1574803508.358202, -235.0
1574803508.378905, -235.0
1574803510.473432, -235.0
1574803511.082342, -235.0
1574803511.789169, -235.0
1574803511.808799, -235.0
1574803511.826326, -235.0
1574803511.846051, -235.0
1574803511.863822, -235.0
1574803513.456696, -235.0
1574803514.025278, -235.0
1574803514.630983, -235.0
1574803515.197158, -235.0
1574803515.729125, -235.0
1574803516.476055, -235.0
1574803517.697175, -235.0
1574803519.019282, -235.0
1574803520.301978, -235.0
1574803521.694993, -235.0
1574803522.961248, -235.0
1574803523.99387, -235.0
1574803524.470525, -235.0
1574803525.680865, -235.0
1574803526.839641, -235.0
1574803528.132067, -235.0
1574803529.377749, -235.0
1574803530.615837, -235.0
1574803531.684412, -235.0
1574803532.504307, -235.0
1574803533.008094, -235.0
1574803533.495891, -235.0
1574803534.036608, -235.0
1574803534.541054, -235.0
1574803535.064377, -235.0
1574803535.547452, -235.0
1574803536.069906, -235.0
1574803536.557567, -235.0
1574803537.033077, -235.0
1574803537.553221, -235.0
1574803538.151276, -235.0
1574803538.673053, -235.0
1574803539.776505, -235.0
1574803540.330389, -235.0
1574803540.848591, -235.0
1574803541.718883, -235.0
1574803542.235889, -235.0
1574803542.995457, -235.0
1574803543.826186, -235.0
1574803545.084045, -235.0
1574803546.31078, -235.0
1574803547.485853, -235.0
1574803548.661441, -235.0
1574803549.917254, -235.0
1574803551.142028, -235.0
1574803552.334031, -235.0
1574803553.594116, -235.0
1574803554.852925, -235.0
1574803556.088169, -235.0
1574803557.254212, -235.0
1574803558.379595, -235.0
1574803559.665553, -235.0
1574803560.909523, -235.0
1574803562.175808, -235.0
1574803563.473527, -235.0
1574803564.718096, -235.0
1574803565.964572, -235.0
1574803567.205497, -235.0
1574803568.46467, -235.0
1574803569.603414, -235.0
1574803570.832258, -235.0
1574803572.078932, -235.0
1574803573.229958, -235.0
1574803574.333729, -235.0
1574803575.368938, -235.0
1574803576.618711, -235.0
1574803577.839013, -235.0
1574803579.114156, -235.0
1574803580.312215, -235.0
1574803581.49477, -235.0
1574803582.746898, -235.0
1574803584.004554, -235.0
1574803585.292285, -235.0
1574803586.502475, -235.0
1574803587.751515, -235.0
1574803588.950338, -235.0
1574803590.213726, -235.0
1574803591.507815, -235.0
1574803592.733555, -235.0
1574803592.750341, -235.0
1574803592.767225, -235.0
1574803594.439932, -235.0
1574803595.632439, -235.0
1574803596.833806, -235.0
1574803597.391893, -235.0
1574803597.911819, -235.0
1574803598.446515, -235.0
1574803598.960595, -235.0
1574803599.482871, -235.0
1574803599.991051, -235.0
1574803600.526768, -235.0
1574803601.010198, -235.0
1574803601.855533, -235.0
1574803603.169014, -235.0
1574803604.337238, -235.0
1574803605.516224, -235.0
1574803606.752959, -235.0
1574803607.332338, -235.0
1574803608.623604, -235.0
1574803609.877404, -235.0
1574803611.157495, -235.0
1574803612.42449, -235.0
1574803612.958663, -235.0
1574803613.489555, -235.0
1574803613.999039, -235.0
1574803614.565839, -235.0
1574803615.790914, -235.0
1574803616.927858, -235.0
1574803618.197985, -235.0
1574803619.426247, -235.0
1574803620.646008, -235.0
1574803621.806549, -235.0
1574803623.071882, -235.0
1574803624.372696, -235.0
1574803625.571084, -235.0
1574803626.766254, -235.0
1574803627.929272, -235.0
1574803629.127941, -235.0
1574803630.37059, -235.0
1574803631.440877, -235.0
1574803632.31658, -235.0
1574803632.834212, -235.0
1574803633.360988, -235.0
1574803633.881889, -235.0
1574803634.396579, -235.0
1574803634.892528, -235.0
1574803635.415675, -235.0
1574803635.921305, -235.0
1574803636.41213, -235.0
1574803636.960482, -235.0
1574803637.483702, -235.0
1574803638.019156, -235.0
1574803638.534301, -235.0
1574803639.063472, -235.0
1574803639.573339, -235.0
1574803640.094765, -235.0
1574803640.575609, -235.0
1574803641.100283, -235.0
1574803641.62794, -235.0
1574803642.47574, -235.0
1574803643.674667, -235.0
1574803644.969082, -235.0
1574803645.550739, -235.0
1574803646.061921, -235.0
1574803646.589869, -235.0
1574803647.087253, -235.0
1574803647.598019, -235.0
1574803648.143923, -235.0
1574803649.313623, -235.0
1574803649.797832, -235.0
1574803650.328213, -235.0
1574803650.892478, -235.0
1574803651.420902, -235.0
1574803652.612805, -235.0
1574803653.120134, -235.0
1574803654.306313, -235.0
1574803655.520496, -235.0
1574803656.783182, -235.0
1574803657.362557, -235.0
1574803658.521698, -235.0
1574803659.043603, -235.0
1574803660.254681, -235.0
1574803661.44126, -235.0
1574803662.585052, -235.0
1574803663.79495, -235.0
1574803664.935783, -235.0
1574803666.138892, -235.0
1574803667.361757, -235.0
1574803668.607088, -235.0
1574803669.830495, -235.0
1574803671.088532, -235.0
1574803672.246668, -235.0
1574803673.548771, -235.0
1574803674.805647, -235.0
1574803676.059712, -235.0
1574803677.301598, -235.0
1574803678.617273, -235.0
1574803679.839133, -235.0
1574803681.027938, -235.0
1574803682.278253, -235.0
1574803683.451525, -235.0
1574803684.692044, -235.0
1574803685.9381, -235.0
1574803687.192341, -235.0
1574803688.310281, -235.0
1574803689.530649, -235.0
1574803690.763393, -235.0
1574803690.779757, -235.0
1574803693.193141, -235.0
1574803694.447978, -235.0
1574803695.641977, -235.0
1574803696.828959, -235.0
1574803698.062984, -235.0
1574803699.255458, -235.0
1574803700.468227, -235.0
1574803701.743869, -235.0
1574803702.979599, -235.0
1574803704.216738, -235.0
1574803705.363404, -235.0
1574803706.627641, -235.0
1574803707.876416, -235.0
1574803709.134936, -235.0
1574803710.458623, -235.0
1574803711.688051, -235.0
1574803712.953418, -235.0
1574803714.165056, -235.0
1574803715.421568, -235.0
1574803716.629183, -235.0
1574803717.835636, -235.0
1574803719.148522, -235.0
1574803720.427537, -235.0
1574803721.659622, -235.0
1574803722.847885, -235.0
1574803724.12629, -235.0
1574803725.36267, -235.0
1574803726.343961, -235.0
1574803727.195407, -235.0
1574803728.095508, -235.0
1574803729.328875, -235.0
1574803730.518765, -235.0
1574803731.395457, -235.0
1574803732.60279, -235.0
1574803733.822582, -235.0
1574803735.012067, -235.0
1574803736.177806, -235.0
1574803737.456694, -235.0
1574803738.701955, -235.0
1574803739.877713, -235.0
1574803741.142177, -235.0
1574803742.35757, -235.0
1574803743.549433, -235.0
1574803744.789262, -235.0
1574803746.093172, -235.0
