1574805937.997425, -589.0
1574805939.065244, -548.0
1574805939.082384, -540.0
1574805939.100514, -540.0
1574805939.117302, -540.0
1574805939.13382, -540.0
1574805939.150203, -540.0
1574805939.166684, -540.0
1574805939.185004, -540.0
1574805941.656647, -530.0
1574805943.483467, -530.0
1574805945.177143, -530.0
1574805946.603593, -529.0
1574805948.16283, -529.0
1574805949.439196, -526.0
1574805950.163136, -526.0
1574805950.79698, -526.0
1574805951.547538, -526.0
1574805952.226217, -526.0
1574805952.881332, -526.0
1574805953.580368, -526.0
1574805954.545891, -526.0
1574805955.626818, -526.0
1574805956.925843, -526.0
1574805958.268462, -526.0
1574805959.360713, -526.0
1574805960.548598, -526.0
1574805961.905444, -522.0
1574805963.269001, -522.0
1574805964.622055, -522.0
1574805965.934563, -522.0
1574805967.005707, -522.0
1574805967.91974, -522.0
1574805968.853501, -522.0
1574805969.741489, -522.0
1574805970.654499, -522.0
1574805971.591342, -522.0
1574805972.527951, -522.0
1574805973.398087, -522.0
1574805974.289963, -522.0
1574805975.239695, -522.0
1574805976.145055, -522.0
1574805977.101513, -521.0
1574805977.974667, -521.0
1574805978.98032, -521.0
1574805979.903176, -521.0
1574805980.786848, -521.0
1574805981.748963, -521.0
1574805982.68448, -521.0
1574805983.580406, -521.0
1574805937.999538, -589.0
1574805939.399649, -540.0
1574805939.416675, -540.0
1574805939.43308, -540.0
1574805939.449265, -540.0
1574805939.465916, -540.0
1574805939.483969, -540.0
1574805940.504314, -540.0
1574805940.521462, -540.0
1574805940.539663, -540.0
1574805940.556449, -540.0
1574805940.572934, -540.0
1574805940.589299, -540.0
1574805941.943064, -530.0
1574805941.960116, -530.0
1574805941.978246, -530.0
1574805941.994547, -530.0
1574805942.010976, -530.0
1574805942.028409, -530.0
1574805942.407109, -530.0
1574805943.488726, -530.0
1574805943.505776, -530.0
1574805943.523988, -530.0
1574805943.887846, -530.0
1574805944.250299, -530.0
1574805944.267425, -530.0
1574805944.284089, -530.0
1574805944.300526, -530.0
1574805944.317267, -530.0
1574805944.333991, -530.0
1574805944.352572, -530.0
1574805945.85313, -530.0
1574805946.953665, -529.0
1574805948.301821, -529.0
1574805949.44942, -526.0
1574805950.443224, -526.0
1574805951.36559, -526.0
1574805952.222706, -526.0
1574805953.077588, -526.0
1574805953.891616, -526.0
1574805954.803406, -526.0
1574805955.752664, -526.0
1574805956.682389, -526.0
1574805957.541347, -526.0
1574805958.493024, -526.0
1574805959.463989, -526.0
1574805960.344018, -526.0
1574805961.19678, -522.0
1574805961.981701, -522.0
1574805962.830501, -522.0
1574805938.067402, -565.0
1574805940.907263, -530.0
1574805943.831043, -530.0
1574805945.876478, -529.0
1574805948.087342, -529.0
1574805950.134263, -526.0
1574805953.351949, -526.0
1574805955.51719, -526.0
1574805957.333089, -526.0
1574805958.805495, -526.0
1574805960.593646, -526.0
1574805963.108006, -522.0
1574805965.935608, -522.0
1574805969.419406, -522.0
1574805974.841886, -522.0
1574805980.479198, -521.0
1574805983.887062, -521.0
1574805987.368434, -521.0
1574805990.205054, -521.0
1574805992.765871, -521.0
1574805995.248804, -518.0
1574805997.580106, -518.0
1574805999.882398, -518.0
1574806002.184226, -518.0
1574806004.43798, -518.0
1574806008.762896, -518.0
1574806015.691328, -518.0
1574806022.692546, -518.0
1574806027.917006, -518.0
1574806031.317712, -518.0
1574806033.336406, -518.0
1574806036.648577, -518.0
1574806038.739174, -518.0
1574806040.732877, -518.0
1574806042.754391, -518.0
1574806044.784825, -518.0
1574806046.778083, -518.0
1574806048.74472, -518.0
1574806050.76304, -518.0
1574806052.746269, -518.0
1574806054.777405, -518.0
1574806056.787402, -518.0
1574806058.811723, -518.0
1574806060.861156, -518.0
1574806062.85996, -518.0
1574806064.892922, -518.0
1574806066.98435, -518.0
1574806068.978008, -518.0
1574806070.985396, -518.0
1574806072.956232, -518.0
1574805938.01992, -589.0
1574805939.120216, -540.0
1574805939.140783, -540.0
1574805939.161578, -540.0
1574805939.182682, -540.0
1574805939.203501, -540.0
1574805939.224133, -540.0
1574805939.244631, -540.0
1574805939.265477, -540.0
1574805942.297113, -530.0
1574805944.110636, -530.0
1574805945.41566, -530.0
1574805946.411973, -529.0
1574805947.356085, -529.0
1574805948.293099, -529.0
1574805949.202425, -529.0
1574805950.046083, -526.0
1574805950.894209, -526.0
1574805951.777186, -526.0
1574805952.619374, -526.0
1574805953.443318, -526.0
1574805954.252964, -526.0
1574805955.086034, -526.0
1574805955.92163, -526.0
1574805956.731816, -526.0
1574805957.556167, -526.0
1574805958.407844, -526.0
1574805959.260369, -526.0
1574805960.105438, -526.0
1574805960.936805, -522.0
1574805961.775621, -522.0
1574805962.586114, -522.0
1574805963.410918, -522.0
1574805964.258139, -522.0
1574805965.081989, -522.0
1574805965.949648, -522.0
1574805966.780534, -522.0
1574805967.597658, -522.0
1574805968.449933, -522.0
1574805969.264529, -522.0
1574805970.108644, -522.0
1574805970.965679, -522.0
1574805971.810833, -522.0
1574805972.639739, -522.0
1574805973.493084, -522.0
1574805974.325987, -522.0
1574805975.144964, -522.0
1574805976.000448, -522.0
1574805976.821398, -521.0
1574805977.641324, -521.0
1574805962.866325, -522.0
1574805962.882569, -522.0
1574805962.899182, -522.0
1574805962.915404, -522.0
1574805962.932039, -522.0
1574805962.951007, -522.0
1574805962.967504, -522.0
1574805962.984102, -522.0
1574805963.000402, -522.0
1574805963.01689, -522.0
1574805963.033992, -522.0
1574805963.052478, -522.0
1574805963.06897, -522.0
1574805963.085548, -522.0
1574805963.102028, -522.0
1574805963.118875, -522.0
1574805963.135457, -522.0
1574805963.153562, -522.0
1574805963.170089, -522.0
1574805963.186379, -522.0
1574805963.202958, -522.0
1574805963.219766, -522.0
1574805963.236793, -522.0
1574805963.255162, -522.0
1574805963.271742, -522.0
1574805963.288194, -522.0
1574805963.304552, -522.0
1574805963.321129, -522.0
1574805963.337393, -522.0
1574805963.35578, -522.0
1574805963.372119, -522.0
1574805963.388633, -522.0
1574805963.405045, -522.0
1574805963.421555, -522.0
1574805963.437948, -522.0
1574805963.846693, -522.0
1574805964.155943, -522.0
1574805964.422737, -522.0
1574805964.655747, -522.0
1574805964.877527, -522.0
1574805966.570855, -522.0
1574805967.97295, -522.0
1574805968.901415, -522.0
1574805969.827082, -522.0
1574805970.80552, -522.0
1574805971.673678, -522.0
1574805972.581321, -522.0
1574805974.171355, -522.0
1574805974.18894, -522.0
1574805975.643292, -522.0
1574805975.67902, -522.0
1574805977.118969, -521.0
1574805977.137064, -521.0
1574805977.153222, -521.0
1574805977.169734, -521.0
1574805977.186059, -521.0
1574805977.202571, -521.0
1574805978.259076, -521.0
1574805978.962855, -521.0
1574805980.315719, -521.0
1574805981.002295, -521.0
1574805981.699069, -521.0
1574805983.004929, -521.0
1574805984.253344, -521.0
1574805985.378483, -521.0
1574805986.100442, -521.0
1574805986.766533, -521.0
1574805987.430037, -521.0
1574805988.391203, -521.0
1574805989.071572, -521.0
1574805989.740131, -521.0
1574805990.450274, -521.0
1574805991.117612, -521.0
1574805991.793129, -521.0
1574805992.453964, -521.0
1574805993.224202, -518.0
1574805993.893905, -518.0
1574805994.561778, -518.0
1574805995.220428, -518.0
1574805995.879149, -518.0
1574805996.531525, -518.0
1574805997.183811, -518.0
1574805997.852645, -518.0
1574805998.512441, -518.0
1574805999.166726, -518.0
1574805999.833942, -518.0
1574806000.511216, -518.0
1574806001.198622, -518.0
1574806001.872762, -518.0
1574806002.559873, -518.0
1574806003.251468, -518.0
1574806003.926647, -518.0
1574806004.612279, -518.0
1574806005.278398, -518.0
1574806005.933496, -518.0
1574806006.624447, -518.0
1574806007.290716, -518.0
1574806007.955311, -518.0
1574806008.626906, -518.0
1574806009.304244, -518.0
1574805977.677148, -521.0
1574805977.693506, -521.0
1574805977.710056, -521.0
1574805977.726247, -521.0
1574805977.742759, -521.0
1574805977.761151, -521.0
1574805977.77742, -521.0
1574805977.793917, -521.0
1574805977.810219, -521.0
1574805977.827001, -521.0
1574805977.843224, -521.0
1574805977.861591, -521.0
1574805977.877838, -521.0
1574805977.894313, -521.0
1574805977.91063, -521.0
1574805977.927449, -521.0
1574805977.943736, -521.0
1574805977.962207, -521.0
1574805977.97872, -521.0
1574805977.994996, -521.0
1574805978.011478, -521.0
1574805978.027697, -521.0
1574805978.045037, -521.0
1574805978.064169, -521.0
1574805978.080813, -521.0
1574805978.097052, -521.0
1574805978.113695, -521.0
1574805978.130132, -521.0
1574805978.146387, -521.0
1574805978.164787, -521.0
1574805978.18109, -521.0
1574805978.197634, -521.0
1574805978.215542, -521.0
1574805978.232198, -521.0
1574805978.248517, -521.0
1574805978.266834, -521.0
1574805978.283369, -521.0
1574805978.299623, -521.0
1574805978.316086, -521.0
1574805978.332447, -521.0
1574805978.348983, -521.0
1574805978.367168, -521.0
1574805978.383713, -521.0
1574805978.399939, -521.0
1574805978.41655, -521.0
1574805978.432845, -521.0
1574805978.449436, -521.0
1574805978.467774, -521.0
1574805978.484108, -521.0
1574805978.500598, -521.0
1574805978.533973, -521.0
1574805978.550306, -521.0
1574805978.568729, -521.0
1574805978.585049, -521.0
1574805978.601627, -521.0
1574805978.61791, -521.0
1574805978.634423, -521.0
1574805978.652763, -521.0
1574805978.669232, -521.0
1574805978.685837, -521.0
1574805978.702104, -521.0
1574805978.718459, -521.0
1574805978.734689, -521.0
1574805978.753185, -521.0
1574805978.769553, -521.0
1574805978.786359, -521.0
1574805978.802653, -521.0
1574805978.819203, -521.0
1574805978.8358, -521.0
1574805978.853856, -521.0
1574805978.870472, -521.0
1574805978.88676, -521.0
1574805978.903268, -521.0
1574805978.919536, -521.0
1574805978.936067, -521.0
1574805978.954132, -521.0
1574805978.970748, -521.0
1574805978.987193, -521.0
1574805979.003759, -521.0
1574805979.020047, -521.0
1574805979.036542, -521.0
1574805979.055394, -521.0
1574805979.071723, -521.0
1574805979.088273, -521.0
1574805979.104621, -521.0
1574805979.121131, -521.0
1574805979.137482, -521.0
1574805979.155808, -521.0
1574805979.17215, -521.0
1574805979.188658, -521.0
1574805979.205196, -521.0
1574805979.2215, -521.0
1574805979.238012, -521.0
1574805979.256085, -521.0
1574805979.272644, -521.0
1574805979.288972, -521.0
1574805979.305411, -521.0
1574805979.321715, -521.0
1574805979.338225, -521.0
1574805979.356249, -521.0
1574805979.397257, -521.0
1574805981.161676, -521.0
1574805981.182716, -521.0
1574805981.203284, -521.0
1574805981.225654, -521.0
1574805981.246183, -521.0
1574805981.267744, -521.0
1574805981.289493, -521.0
1574805981.309894, -521.0
1574805981.332283, -521.0
1574805981.35288, -521.0
1574805981.373363, -521.0
1574805981.39363, -521.0
1574805981.415883, -521.0
1574805981.43627, -521.0
1574805981.456729, -521.0
1574805981.477588, -521.0
1574805981.498797, -521.0
1574805981.521331, -521.0
1574805981.542022, -521.0
1574805981.562853, -521.0
1574805981.583673, -521.0
1574805982.069051, -521.0
1574805982.841755, -521.0
1574805983.227021, -521.0
1574805983.936884, -521.0
1574805985.502732, -521.0
1574805987.055162, -521.0
1574805988.703541, -521.0
1574805990.315284, -521.0
1574805991.839897, -521.0
1574805993.221978, -518.0
1574805994.341957, -518.0
1574805995.199321, -518.0
1574805996.054555, -518.0
1574805996.897223, -518.0
1574805997.760062, -518.0
1574805998.607609, -518.0
1574805999.429072, -518.0
1574806000.295724, -518.0
1574806001.195573, -518.0
1574806002.0671, -518.0
1574806002.91532, -518.0
1574806003.849346, -518.0
1574806004.772638, -518.0
1574806005.670549, -518.0
1574806006.588467, -518.0
1574806007.483003, -518.0
1574806008.417455, -518.0
1574806009.307995, -518.0
1574805983.614929, -521.0
1574805984.704791, -521.0
1574805984.721865, -521.0
1574805984.740259, -521.0
1574805984.75667, -521.0
1574805984.773063, -521.0
1574805984.78945, -521.0
1574805984.806467, -521.0
1574805984.825267, -521.0
1574805984.841826, -521.0
1574805984.858548, -521.0
1574805984.874689, -521.0
1574805984.891272, -521.0
1574805984.907563, -521.0
1574805984.925926, -521.0
1574805984.942225, -521.0
1574805984.958889, -521.0
1574805984.975084, -521.0
1574805984.991705, -521.0
1574805985.008416, -521.0
1574805985.460235, -521.0
1574805985.956821, -521.0
1574805985.974377, -521.0
1574805986.735329, -521.0
1574805987.118126, -521.0
1574805987.136278, -521.0
1574805987.153058, -521.0
1574805987.171605, -521.0
1574805987.587977, -521.0
1574805987.605159, -521.0
1574805987.622006, -521.0
1574805987.638556, -521.0
1574805987.655336, -521.0
1574805988.046674, -521.0
1574805988.431681, -521.0
1574805989.552789, -521.0
1574805990.687936, -521.0
1574805992.268038, -521.0
1574805993.672491, -518.0
1574805994.675762, -518.0
1574805995.700798, -518.0
1574805996.702826, -518.0
1574805997.752885, -518.0
1574805998.795106, -518.0
1574805999.871666, -518.0
1574806000.95872, -518.0
1574806002.05126, -518.0
1574806003.142735, -518.0
1574806004.222538, -518.0
1574806005.30102, -518.0
1574806078.547754, -518.0
1574806078.717774, -518.0
1574806078.913687, -518.0
1574806079.134645, -518.0
1574806079.380015, -518.0
1574806079.605531, -518.0
1574806079.783333, -518.0
1574806080.102444, -518.0
1574806080.418635, -518.0
1574806080.760957, -518.0
1574806081.09154, -518.0
1574806081.407905, -518.0
1574806081.74414, -518.0
1574806082.092288, -518.0
1574806082.42173, -518.0
1574806082.748196, -518.0
1574806082.926927, -518.0
1574806083.234804, -518.0
1574806083.402775, -518.0
1574806083.686757, -518.0
1574806084.005635, -518.0
1574806084.010007, -518.0
1574806084.014373, -518.0
1574806084.0189, -518.0
1574806084.023228, -518.0
1574806084.399614, -518.0
1574806084.773148, -518.0
1574806085.130546, -516.0
1574806085.485017, -516.0
1574806085.840175, -516.0
1574806086.199869, -516.0
1574806086.562384, -516.0
1574806086.909123, -516.0
1574806087.244283, -516.0
1574806087.611858, -516.0
1574806087.947206, -516.0
1574806088.310424, -516.0
1574806088.503971, -516.0
1574806088.679191, -516.0
1574806088.947062, -516.0
1574806089.241466, -516.0
1574806089.402912, -516.0
1574806089.576688, -516.0
1574806089.750043, -516.0
1574806089.922436, -516.0
1574806090.099031, -516.0
1574806090.269199, -516.0
1574806090.455741, -516.0
1574806090.624775, -516.0
1574806090.796898, -516.0
1574806090.969423, -516.0
1574806091.140331, -516.0
1574806091.308371, -516.0
1574806091.494261, -516.0
1574806091.666579, -516.0
1574806092.006208, -516.0
1574806092.339247, -516.0
1574806092.687293, -516.0
1574806092.860605, -516.0
1574806093.02644, -516.0
1574806093.193902, -516.0
1574806093.365981, -516.0
1574806093.537185, -516.0
1574806093.712631, -516.0
1574806093.874736, -516.0
1574806094.052126, -516.0
1574806094.213594, -516.0
1574806094.383283, -516.0
1574806094.565952, -516.0
1574806094.750636, -516.0
1574806094.928083, -516.0
1574806095.093392, -516.0
1574806095.251408, -516.0
1574806095.425929, -516.0
1574806095.580304, -516.0
1574806095.749906, -516.0
1574806095.91848, -516.0
1574806096.086222, -516.0
1574806096.269308, -516.0
1574806096.42766, -516.0
1574806096.583298, -516.0
1574806096.767998, -516.0
1574806096.935943, -516.0
1574806097.108006, -516.0
1574806097.27491, -516.0
1574806097.443734, -516.0
1574806097.602842, -516.0
1574806097.782367, -514.0
1574806097.949639, -514.0
1574806098.120296, -514.0
1574806098.293633, -514.0
1574806098.480029, -514.0
1574806098.650219, -514.0
1574806098.820387, -514.0
1574806098.998467, -514.0
1574806099.174772, -514.0
1574806099.329869, -514.0
1574806099.502638, -514.0
1574806099.683305, -514.0
1574806099.848687, -514.0
1574806100.020155, -514.0
1574806100.200219, -514.0
1574806100.361407, -514.0
1574806100.51299, -514.0
1574806100.683267, -514.0
1574806100.855799, -514.0
1574806101.032426, -514.0
1574806101.194993, -514.0
1574806101.369042, -514.0
1574806101.548353, -514.0
1574806101.726144, -514.0
1574806101.896651, -514.0
1574806102.135778, -514.0
1574806102.316449, -514.0
1574806102.502956, -514.0
1574806102.670162, -514.0
1574806102.838387, -514.0
1574806103.024376, -514.0
1574806103.199729, -514.0
1574806103.373296, -514.0
1574806103.554745, -514.0
1574806103.717985, -514.0
1574806103.897497, -514.0
1574806104.065372, -514.0
1574806104.230583, -514.0
1574806104.399685, -514.0
1574806104.574706, -514.0
1574806104.760248, -514.0
1574806104.934696, -514.0
1574806105.107757, -514.0
1574806105.279237, -514.0
1574806105.454521, -514.0
1574806105.624075, -514.0
1574806105.799205, -514.0
1574806105.987718, -514.0
1574806106.200674, -514.0
1574806106.405795, -514.0
1574806106.609052, -514.0
1574806106.812222, -514.0
1574806106.993404, -514.0
1574806107.187262, -514.0
1574806107.385767, -514.0
1574806107.576223, -514.0
1574806107.763849, -514.0
1574806108.120493, -514.0
1574806108.313757, -514.0
1574806108.513591, -514.0
1574806108.706304, -514.0
1574806108.914948, -514.0
1574806109.140515, -514.0
1574806109.351612, -514.0
1574806109.561499, -514.0
1574806109.750965, -514.0
1574806109.936319, -514.0
1574806110.130533, -514.0
1574806110.317692, -514.0
1574806110.50487, -514.0
1574806110.696551, -514.0
1574806110.87918, -514.0
1574806111.072962, -514.0
1574806111.297814, -514.0
1574806111.507535, -514.0
1574806111.704798, -514.0
1574806111.890653, -514.0
1574806112.102731, -514.0
1574806112.284096, -514.0
1574806112.475101, -514.0
1574806112.67336, -514.0
1574806112.851084, -514.0
1574806113.051665, -514.0
1574806113.240925, -514.0
1574806113.420819, -514.0
1574806113.614162, -514.0
1574806113.815045, -514.0
1574806114.006616, -514.0
1574806114.207623, -514.0
1574806114.403461, -514.0
1574806114.787474, -514.0
1574806114.968844, -514.0
1574806115.162197, -514.0
1574806115.343156, -514.0
1574806115.64631, -514.0
1574806116.055853, -514.0
1574806116.421118, -514.0
1574806116.775659, -514.0
1574806117.14261, -514.0
1574806117.508121, -514.0
1574806117.85528, -514.0
1574806118.211447, -514.0
1574806118.527719, -514.0
1574806118.767056, -514.0
1574806118.952912, -514.0
1574806119.299572, -514.0
1574806119.677348, -514.0
1574806120.072331, -514.0
1574806120.439991, -514.0
1574806120.775071, -514.0
1574806121.134614, -514.0
1574806121.384048, -514.0
1574806121.72473, -514.0
1574806121.94311, -514.0
1574806122.12447, -514.0
1574806122.309123, -514.0
1574806122.495923, -514.0
1574806122.695946, -514.0
1574806122.890084, -514.0
1574806123.085453, -514.0
1574806123.278219, -514.0
1574806123.469282, -514.0
1574806123.652147, -514.0
1574806123.839188, -514.0
1574806124.03519, -514.0
1574806124.215276, -514.0
1574806124.403074, -514.0
1574806124.592345, -514.0
1574806124.768196, -514.0
1574806124.953884, -514.0
1574806125.146199, -514.0
1574806125.344817, -514.0
1574806125.530049, -514.0
1574806125.712038, -514.0
1574806125.903593, -514.0
1574806126.107535, -514.0
1574806126.296998, -514.0
1574806126.472833, -514.0
1574806126.668061, -514.0
1574806126.855999, -514.0
1574806127.035544, -514.0
1574806127.216317, -514.0
1574806127.407298, -514.0
1574806127.5973, -514.0
1574806127.783765, -514.0
1574806127.977297, -514.0
1574806128.173766, -514.0
1574806128.366242, -514.0
1574806128.562328, -514.0
1574806128.753341, -514.0
1574806128.935902, -514.0
1574806129.138481, -514.0
1574806129.347777, -514.0
1574806129.529065, -514.0
1574806129.722738, -514.0
1574806129.898286, -514.0
1574806130.083968, -514.0
1574806130.277276, -514.0
1574806130.45611, -514.0
1574806130.653242, -514.0
1574806130.847336, -514.0
1574806131.043622, -514.0
1574806131.237283, -514.0
1574806078.572617, -518.0
1574806078.953724, -518.0
1574806079.307666, -518.0
1574806079.663757, -518.0
1574806079.668132, -518.0
1574806079.672486, -518.0
1574806079.676887, -518.0
1574806079.68131, -518.0
1574806079.685727, -518.0
1574806079.690097, -518.0
1574806080.093359, -518.0
1574806080.34212, -518.0
1574806080.596402, -518.0
1574806080.873082, -518.0
1574806081.042017, -518.0
1574806081.289485, -518.0
1574806081.548024, -518.0
1574806081.796867, -518.0
1574806082.041081, -518.0
1574806082.270795, -518.0
1574806082.511983, -518.0
1574806082.737587, -518.0
1574806082.920462, -518.0
1574806083.091394, -518.0
1574806083.321632, -518.0
1574806083.5716, -518.0
1574806083.750073, -518.0
1574806083.933211, -518.0
1574806084.10442, -518.0
1574806084.279206, -518.0
1574806084.443325, -518.0
1574806084.607978, -518.0
1574806084.768917, -518.0
1574806084.94684, -518.0
1574806085.122731, -516.0
1574806085.287113, -516.0
1574806085.450439, -516.0
1574806085.62501, -516.0
1574806085.806213, -516.0
1574806085.976721, -516.0
1574806086.143581, -516.0
1574806086.317662, -516.0
1574806086.486782, -516.0
1574806086.644265, -516.0
1574806086.816258, -516.0
1574806086.985536, -516.0
1574806087.154164, -516.0
1574806087.325224, -516.0
1574806087.49201, -516.0
1574806087.673834, -516.0
1574806087.846229, -516.0
1574806088.007404, -516.0
1574806088.176718, -516.0
1574806088.35204, -516.0
1574806088.520501, -516.0
1574806088.707976, -516.0
1574806088.879716, -516.0
1574806089.04391, -516.0
1574806089.216013, -516.0
1574806089.382905, -516.0
1574806089.552728, -516.0
1574806089.726513, -516.0
1574806089.917457, -516.0
1574806090.077202, -516.0
1574806090.243395, -516.0
1574806090.413297, -516.0
1574806090.57715, -516.0
1574806090.738477, -516.0
1574806090.894025, -516.0
1574806091.065466, -516.0
1574806091.245471, -516.0
1574806091.42182, -516.0
1574806091.592027, -516.0
1574806091.758441, -516.0
1574806091.920061, -516.0
1574806092.095355, -516.0
1574806092.24544, -516.0
1574806092.417418, -516.0
1574806092.602822, -516.0
1574806092.780922, -516.0
1574806092.95464, -516.0
1574806093.12502, -516.0
1574806093.286901, -516.0
1574806093.465488, -516.0
1574806093.632035, -516.0
1574806093.802835, -516.0
1574806093.9675, -516.0
1574806094.144036, -516.0
1574806094.299451, -516.0
1574806094.483384, -516.0
1574806094.650896, -516.0
1574806094.825048, -516.0
1574806095.006719, -516.0
1574806095.197985, -516.0
1574806095.371993, -516.0
1574806095.542597, -516.0
1574806095.722532, -516.0
1574806095.899186, -516.0
1574806096.061703, -516.0
1574806096.237881, -516.0
1574806096.418106, -516.0
1574806096.596008, -516.0
1574806096.771998, -516.0
1574806096.95752, -516.0
1574806097.123339, -516.0
1574806097.281061, -516.0
1574806097.456768, -516.0
1574806097.625679, -516.0
1574806097.799581, -514.0
1574806097.968229, -514.0
1574806098.153431, -514.0
1574806098.340886, -514.0
1574806098.507931, -514.0
1574806098.669068, -514.0
1574806098.84336, -514.0
1574806099.012759, -514.0
1574806099.186677, -514.0
1574806099.353616, -514.0
1574806099.525489, -514.0
1574806099.709736, -514.0
1574806099.876844, -514.0
1574806100.041685, -514.0
1574806100.223576, -514.0
1574806100.382953, -514.0
1574806100.563049, -514.0
1574806100.731201, -514.0
1574806100.899448, -514.0
1574806101.066027, -514.0
1574806101.237877, -514.0
1574806101.430285, -514.0
1574806101.605171, -514.0
1574806101.77646, -514.0
1574806101.954357, -514.0
1574806102.160398, -514.0
1574806102.340849, -514.0
1574806102.524006, -514.0
1574806102.697423, -514.0
1574806102.861577, -514.0
1574806103.032737, -514.0
1574806103.205349, -514.0
1574806103.376336, -514.0
1574806103.546134, -514.0
1574806103.721997, -514.0
1574806103.898624, -514.0
1574806104.069373, -514.0
1574806104.234716, -514.0
1574806104.559009, -514.0
1574806104.728587, -514.0
1574806104.89656, -514.0
1574806105.07321, -514.0
1574806105.247639, -514.0
1574806105.421623, -514.0
1574806105.584539, -514.0
1574806105.772087, -514.0
1574806105.94808, -514.0
1574806106.143044, -514.0
1574806106.390734, -514.0
1574806106.589704, -514.0
1574806106.793761, -514.0
1574806106.972608, -514.0
1574806107.162272, -514.0
1574806107.355297, -514.0
1574806107.557904, -514.0
1574806107.734868, -514.0
1574806107.909405, -514.0
1574806108.105036, -514.0
1574806108.316448, -514.0
1574806108.484454, -514.0
1574806108.682984, -514.0
1574806108.873592, -514.0
1574806109.09394, -514.0
1574806109.291683, -514.0
1574806109.475887, -514.0
1574806109.671374, -514.0
1574806109.87141, -514.0
1574806110.054767, -514.0
1574806110.232857, -514.0
1574806110.425734, -514.0
1574806110.621562, -514.0
1574806110.998318, -514.0
1574806111.17212, -514.0
1574806111.431947, -514.0
1574806111.631689, -514.0
1574806111.900843, -514.0
1574806112.152239, -514.0
1574806112.510934, -514.0
1574806112.846123, -514.0
1574806113.184888, -514.0
1574806113.535234, -514.0
1574806113.859096, -514.0
1574806114.050843, -514.0
1574806114.279181, -514.0
1574806114.62169, -514.0
1574806114.987083, -514.0
1574806115.335289, -514.0
1574806115.686647, -514.0
1574806116.071715, -514.0
1574806116.449296, -514.0
1574806116.79837, -514.0
1574806117.16706, -514.0
1574806117.495993, -514.0
1574806117.82079, -514.0
1574806118.149126, -514.0
1574806118.487111, -514.0
1574806118.807105, -514.0
1574806119.156817, -514.0
1574806119.555463, -514.0
1574806119.736943, -514.0
1574806119.91661, -514.0
1574806120.290253, -514.0
1574806120.660849, -514.0
1574806120.866046, -514.0
1574806121.259072, -514.0
1574806121.602281, -514.0
1574806121.971049, -514.0
1574806122.346419, -514.0
1574806122.696817, -514.0
1574806123.061835, -514.0
1574806123.434482, -514.0
1574806123.809002, -514.0
1574806124.098611, -514.0
1574806124.293962, -514.0
1574806124.601011, -514.0
1574806124.966589, -514.0
1574806125.288138, -514.0
1574806125.534926, -514.0
1574806125.896271, -514.0
1574806126.267397, -514.0
1574806126.473263, -514.0
1574806126.675139, -514.0
1574806126.874221, -514.0
1574806127.070704, -514.0
1574806127.272698, -514.0
1574806127.487591, -514.0
1574806127.669567, -514.0
1574806127.875359, -514.0
1574806128.088908, -514.0
1574806128.292914, -514.0
1574806128.499142, -514.0
1574806128.690316, -514.0
1574806128.893192, -514.0
1574806129.108836, -514.0
1574806129.312042, -514.0
1574806129.506657, -514.0
1574806129.699713, -514.0
1574806129.901864, -514.0
1574806130.091967, -514.0
1574806130.296521, -514.0
1574806130.504615, -514.0
1574806130.697371, -514.0
1574806078.910346, -518.0
1574806079.325592, -518.0
1574806079.635279, -518.0
1574806079.973434, -518.0
1574806080.312988, -518.0
1574806080.665762, -518.0
1574806080.992832, -518.0
1574806081.315045, -518.0
1574806081.631635, -518.0
1574806081.970621, -518.0
1574806082.295649, -518.0
1574806082.60047, -518.0
1574806082.933587, -518.0
1574806083.26485, -518.0
1574806083.587633, -518.0
1574806083.910599, -518.0
1574806084.241825, -518.0
1574806084.562989, -518.0
1574806084.797952, -518.0
1574806084.976555, -518.0
1574806085.164876, -516.0
1574806085.361377, -516.0
1574806085.555076, -516.0
1574806085.75829, -516.0
1574806085.949728, -516.0
1574806086.128476, -516.0
1574806086.332139, -516.0
1574806086.528488, -516.0
1574806086.715544, -516.0
1574806086.901846, -516.0
1574806087.1102, -516.0
1574806087.302791, -516.0
1574806087.459357, -516.0
1574806087.651702, -516.0
1574806087.847685, -516.0
1574806088.051629, -516.0
1574806088.238686, -516.0
1574806088.439516, -516.0
1574806088.632809, -516.0
1574806088.812375, -516.0
1574806088.979993, -516.0
1574806089.146169, -516.0
1574806089.326925, -516.0
1574806089.625473, -516.0
1574806089.903439, -516.0
1574806090.067539, -516.0
1574806090.350885, -516.0
1574806090.665274, -516.0
1574806090.971008, -516.0
1574806091.268218, -516.0
1574806091.599082, -516.0
1574806091.895578, -516.0
1574806092.201603, -516.0
1574806092.364097, -516.0
1574806092.548546, -516.0
1574806092.720847, -516.0
1574806092.881271, -516.0
1574806093.048845, -516.0
1574806093.222972, -516.0
1574806093.386504, -516.0
1574806093.565987, -516.0
1574806093.721903, -516.0
1574806093.89445, -516.0
1574806094.080844, -516.0
1574806094.419358, -516.0
1574806094.757029, -516.0
1574806095.073623, -516.0
1574806095.383583, -516.0
1574806095.643983, -516.0
1574806095.988233, -516.0
1574806096.325874, -516.0
1574806096.49241, -516.0
1574806096.663431, -516.0
1574806096.836111, -516.0
1574806097.004572, -516.0
1574806097.172864, -516.0
1574806097.346314, -516.0
1574806097.514552, -516.0
1574806097.671525, -514.0
1574806097.846509, -514.0
1574806098.026173, -514.0
1574806098.189875, -514.0
1574806098.35849, -514.0
1574806098.519032, -514.0
1574806098.68758, -514.0
1574806098.843304, -514.0
1574806099.003137, -514.0
1574806099.182806, -514.0
1574806099.33781, -514.0
1574806099.529269, -514.0
1574806099.768554, -514.0
1574806099.942329, -514.0
1574806100.118187, -514.0
1574806100.298166, -514.0
1574806100.460474, -514.0
1574806100.644489, -514.0
1574806100.816072, -514.0
1574806100.999252, -514.0
1574806101.171033, -514.0
1574806101.33816, -514.0
1574806101.512409, -514.0
1574806101.694636, -514.0
1574806101.866816, -514.0
1574806102.039821, -514.0
1574806102.215922, -514.0
1574806102.38592, -514.0
1574806102.569746, -514.0
1574806102.738053, -514.0
1574806102.912038, -514.0
1574806103.089827, -514.0
1574806103.258429, -514.0
1574806103.427984, -514.0
1574806103.599019, -514.0
1574806103.770845, -514.0
1574806103.945301, -514.0
1574806104.100224, -514.0
1574806104.276617, -514.0
1574806104.460853, -514.0
1574806104.631108, -514.0
1574806104.806743, -514.0
1574806104.976972, -514.0
1574806105.147228, -514.0
1574806105.311278, -514.0
1574806105.494795, -514.0
1574806105.671785, -514.0
1574806105.838699, -514.0
1574806106.035312, -514.0
1574806106.22999, -514.0
1574806106.431002, -514.0
1574806106.63146, -514.0
1574806106.828514, -514.0
1574806107.015911, -514.0
1574806107.226148, -514.0
1574806107.430571, -514.0
1574806107.623563, -514.0
1574806107.830867, -514.0
1574806108.040145, -514.0
1574806108.24049, -514.0
1574806108.426072, -514.0
1574806108.628857, -514.0
1574806108.839366, -514.0
1574806109.033393, -514.0
1574806109.224785, -514.0
1574806109.399169, -514.0
1574806109.567591, -514.0
1574806109.726552, -514.0
1574806109.891008, -514.0
1574806110.057349, -514.0
1574806110.21637, -514.0
1574806110.387364, -514.0
1574806110.557663, -514.0
1574806110.722438, -514.0
1574806110.890537, -514.0
1574806111.056002, -514.0
1574806111.245226, -514.0
1574806111.449604, -514.0
1574806111.629735, -514.0
1574806111.807344, -514.0
1574806111.977468, -514.0
1574806112.171622, -514.0
1574806112.354905, -514.0
1574806112.52248, -514.0
1574806112.706186, -514.0
1574806112.878179, -514.0
1574806113.064017, -514.0
1574806113.246993, -514.0
1574806113.426402, -514.0
1574806113.606435, -514.0
1574806113.862223, -514.0
1574806114.033399, -514.0
1574806114.228874, -514.0
1574806114.411474, -514.0
1574806114.571368, -514.0
1574806114.743336, -514.0
1574806114.913701, -514.0
1574806115.083391, -514.0
1574806115.251364, -514.0
1574806115.413303, -514.0
1574806115.586128, -514.0
1574806115.750162, -514.0
1574806115.918699, -514.0
1574806116.103134, -514.0
1574806116.292715, -514.0
1574806116.483046, -514.0
1574806116.668657, -514.0
1574806116.860213, -514.0
1574806117.073918, -514.0
1574806117.259692, -514.0
1574806117.446078, -514.0
1574806117.645844, -514.0
1574806117.829497, -514.0
1574806118.023482, -514.0
1574806118.191564, -514.0
1574806118.383291, -514.0
1574806118.591466, -514.0
1574806118.762666, -514.0
1574806118.939002, -514.0
1574806119.116962, -514.0
1574806119.294811, -514.0
1574806119.531398, -514.0
1574806119.700417, -514.0
1574806119.896083, -514.0
1574806120.079639, -514.0
1574806120.307521, -514.0
1574806120.504689, -514.0
1574806120.702098, -514.0
1574806120.892253, -514.0
1574806121.088127, -514.0
1574806121.277172, -514.0
1574806121.455654, -514.0
1574806121.646633, -514.0
1574806121.818596, -514.0
1574806121.999189, -514.0
1574806122.185004, -514.0
1574806122.373745, -514.0
1574806122.554067, -514.0
1574806122.734593, -514.0
1574806122.930002, -514.0
1574806123.128471, -514.0
1574806123.315077, -514.0
1574806123.485644, -514.0
1574806123.677274, -514.0
1574806123.869373, -514.0
1574806124.043173, -514.0
1574806124.234559, -514.0
1574806124.418825, -514.0
1574806124.610383, -514.0
1574806124.796863, -514.0
1574806124.989996, -514.0
1574806125.187577, -514.0
1574806125.384504, -514.0
1574806125.575952, -514.0
1574806125.772944, -514.0
1574806125.946137, -514.0
1574806126.154982, -514.0
1574806126.355519, -514.0
1574806126.53589, -514.0
1574806126.736821, -514.0
1574806126.911578, -514.0
1574806127.103501, -514.0
1574806127.296225, -514.0
1574806127.485578, -514.0
1574806127.678834, -514.0
1574806127.866967, -514.0
1574806128.059299, -514.0
1574806128.258259, -514.0
1574806128.445287, -514.0
1574806128.63511, -514.0
1574806128.821765, -514.0
1574806129.027608, -514.0
1574806078.491818, -518.0
1574806078.662393, -518.0
1574806078.823441, -518.0
1574806078.990287, -518.0
1574806079.170117, -518.0
1574806079.415819, -518.0
1574806079.750794, -518.0
1574806080.102576, -518.0
1574806080.430343, -518.0
1574806080.788933, -518.0
1574806081.13215, -518.0
1574806081.469024, -518.0
1574806081.822148, -518.0
1574806082.17893, -518.0
1574806082.530193, -518.0
1574806082.872553, -518.0
1574806083.067986, -518.0
1574806083.369863, -518.0
1574806083.532788, -518.0
1574806083.807144, -518.0
1574806084.114743, -518.0
1574806084.43001, -518.0
1574806084.727425, -518.0
1574806084.899219, -518.0
1574806085.060864, -516.0
1574806085.230372, -516.0
1574806085.400213, -516.0
1574806085.566742, -516.0
1574806085.723293, -516.0
1574806085.891069, -516.0
1574806086.059256, -516.0
1574806086.237633, -516.0
1574806086.400532, -516.0
1574806086.574549, -516.0
1574806086.74588, -516.0
1574806086.929221, -516.0
1574806087.088856, -516.0
1574806087.262061, -516.0
1574806087.434481, -516.0
1574806087.603122, -516.0
1574806087.768913, -516.0
1574806087.936673, -516.0
1574806088.101804, -516.0
1574806088.277731, -516.0
1574806088.446839, -516.0
1574806088.618942, -516.0
1574806088.786359, -516.0
1574806088.963243, -516.0
1574806089.123792, -516.0
1574806089.293335, -516.0
1574806089.46622, -516.0
1574806089.627896, -516.0
1574806089.80877, -516.0
1574806089.986795, -516.0
1574806090.16818, -516.0
1574806090.348847, -516.0
1574806090.514772, -516.0
1574806090.679429, -516.0
1574806090.85086, -516.0
1574806091.022685, -516.0
1574806091.187698, -516.0
1574806091.350439, -516.0
1574806091.51777, -516.0
1574806091.664482, -516.0
1574806091.834963, -516.0
1574806092.004701, -516.0
1574806092.169614, -516.0
1574806092.340778, -516.0
1574806092.509998, -516.0
1574806092.717943, -516.0
1574806092.891803, -516.0
1574806093.05899, -516.0
1574806093.226432, -516.0
1574806093.398563, -516.0
1574806093.564815, -516.0
1574806093.736004, -516.0
1574806093.908624, -516.0
1574806094.08322, -516.0
1574806094.247621, -516.0
1574806094.401323, -516.0
1574806094.570847, -516.0
1574806094.729064, -516.0
1574806094.903537, -516.0
1574806095.086399, -516.0
1574806095.262156, -516.0
1574806095.447661, -516.0
1574806095.610633, -516.0
1574806095.778009, -516.0
1574806095.946582, -516.0
1574806096.113992, -516.0
1574806096.287795, -516.0
1574806096.46601, -516.0
1574806096.63109, -516.0
1574806096.795119, -516.0
1574806096.971746, -516.0
1574806097.143239, -516.0
1574806097.31932, -516.0
1574806097.490139, -516.0
1574806097.662489, -516.0
1574806097.832221, -514.0
1574806098.00173, -514.0
1574806098.173292, -514.0
1574806098.338106, -514.0
1574806098.506108, -514.0
1574806098.679923, -514.0
1574806098.85725, -514.0
1574806099.021236, -514.0
1574806099.188998, -514.0
1574806099.366877, -514.0
1574806099.532293, -514.0
1574806099.710251, -514.0
1574806099.885422, -514.0
1574806100.073524, -514.0
1574806100.250935, -514.0
1574806100.419433, -514.0
1574806100.596653, -514.0
1574806100.76856, -514.0
1574806100.951568, -514.0
1574806101.11747, -514.0
1574806101.301448, -514.0
1574806101.472969, -514.0
1574806101.647347, -514.0
1574806101.817055, -514.0
1574806101.995087, -514.0
1574806102.203465, -514.0
1574806102.477486, -514.0
1574806102.643956, -514.0
1574806102.810952, -514.0
1574806102.979728, -514.0
1574806103.148531, -514.0
1574806103.317706, -514.0
1574806103.485127, -514.0
1574806103.644449, -514.0
1574806103.826811, -514.0
1574806104.010315, -514.0
1574806104.190263, -514.0
1574806104.356768, -514.0
1574806104.529012, -514.0
1574806104.702843, -514.0
1574806104.868167, -514.0
1574806105.03444, -514.0
1574806105.218111, -514.0
1574806105.388392, -514.0
1574806105.556726, -514.0
1574806105.734384, -514.0
1574806105.904282, -514.0
1574806106.165492, -514.0
1574806106.390618, -514.0
1574806106.596271, -514.0
1574806106.791699, -514.0
1574806106.991297, -514.0
1574806107.184081, -514.0
1574806107.392134, -514.0
1574806107.594368, -514.0
1574806107.794835, -514.0
1574806107.972991, -514.0
1574806108.187755, -514.0
1574806108.386828, -514.0
1574806108.588064, -514.0
1574806108.789713, -514.0
1574806109.014138, -514.0
1574806109.250588, -514.0
1574806109.435646, -514.0
1574806109.652884, -514.0
1574806109.871941, -514.0
1574806110.08502, -514.0
1574806110.31802, -514.0
1574806110.540839, -514.0
1574806110.744511, -514.0
1574806110.960366, -514.0
1574806111.187214, -514.0
1574806111.465789, -514.0
1574806111.684087, -514.0
1574806111.899403, -514.0
1574806112.119348, -514.0
1574806112.340897, -514.0
1574806112.543344, -514.0
1574806112.757509, -514.0
1574806112.988298, -514.0
1574806113.189591, -514.0
1574806113.397218, -514.0
1574806113.617837, -514.0
1574806113.822323, -514.0
1574806114.067056, -514.0
1574806114.282605, -514.0
1574806114.499749, -514.0
1574806114.724897, -514.0
1574806114.952812, -514.0
1574806115.17346, -514.0
1574806115.386987, -514.0
1574806115.619928, -514.0
1574806115.816198, -514.0
1574806116.042119, -514.0
1574806116.271762, -514.0
1574806116.460981, -514.0
1574806116.661112, -514.0
1574806116.834656, -514.0
1574806117.049283, -514.0
1574806117.260125, -514.0
1574806117.480496, -514.0
1574806117.693795, -514.0
1574806117.918807, -514.0
1574806118.140793, -514.0
1574806118.338024, -514.0
1574806118.552453, -514.0
1574806118.775245, -514.0
1574806118.980705, -514.0
1574806119.189732, -514.0
1574806119.39697, -514.0
1574806119.623217, -514.0
1574806119.829064, -514.0
1574806120.070141, -514.0
1574806120.284831, -514.0
1574806120.463922, -514.0
1574806120.653657, -514.0
1574806120.843112, -514.0
1574806121.010594, -514.0
1574806121.226628, -514.0
1574806121.407465, -514.0
1574806121.602289, -514.0
1574806121.793953, -514.0
1574806121.978796, -514.0
1574806122.168184, -514.0
1574806122.347263, -514.0
1574806122.536729, -514.0
1574806122.723889, -514.0
1574806122.909043, -514.0
1574806123.096549, -514.0
1574806123.2945, -514.0
1574806123.487278, -514.0
1574806123.67217, -514.0
1574806123.874584, -514.0
1574806124.06329, -514.0
1574806124.245329, -514.0
1574806124.439632, -514.0
1574806124.643553, -514.0
1574806124.825558, -514.0
1574806125.014288, -514.0
1574806125.200806, -514.0
1574806125.389938, -514.0
1574806125.587253, -514.0
1574806125.780985, -514.0
1574806125.973821, -514.0
1574806126.164203, -514.0
1574806126.357892, -514.0
1574806126.54593, -514.0
1574806126.741018, -514.0
1574806126.925915, -514.0
1574806127.116864, -514.0
1574806127.312843, -514.0
1574806127.696736, -514.0
1574806127.702189, -514.0
1574806128.070914, -514.0
1574806128.439872, -514.0
1574806128.641471, -514.0
1574806128.857192, -514.0
1574806129.064155, -514.0
1574806129.275289, -514.0
1574806129.483263, -514.0
1574806129.683319, -514.0
1574806129.907038, -514.0
1574806130.109397, -514.0
1574806130.318638, -514.0
1574806130.51793, -514.0
1574806130.703945, -514.0
1574806130.897421, -514.0
1574806131.091284, -514.0
1574806131.285023, -514.0
1574806131.464325, -514.0
1574806131.67299, -514.0
1574806131.998523, -514.0
1574806132.346063, -514.0
1574806132.683933, -514.0
1574806133.039548, -514.0
1574806133.391434, -514.0
1574806133.767496, -514.0
1574806134.096377, -514.0
1574806134.372748, -514.0
1574806134.55494, -514.0
1574806134.740225, -514.0
1574806134.91847, -514.0
1574806135.102688, -514.0
1574806135.293543, -514.0
1574806135.465696, -514.0
1574806135.657547, -514.0
1574806135.840425, -514.0
1574806136.020291, -514.0
1574806136.204829, -514.0
1574806136.388825, -514.0
1574806136.578799, -514.0
1574806136.763803, -514.0
1574806136.94571, -514.0
1574806137.141656, -514.0
1574806137.323018, -514.0
1574806137.489817, -514.0
1574806137.674245, -514.0
1574806137.861202, -514.0
1574806138.040815, -514.0
1574806138.236111, -514.0
1574806138.410077, -514.0
1574806138.596283, -514.0
1574806138.77718, -514.0
1574806138.958586, -514.0
1574806139.170815, -514.0
1574806139.455218, -514.0
1574806139.807008, -514.0
1574806140.091421, -514.0
1574806140.321133, -514.0
1574806140.500868, -514.0
1574806140.686919, -514.0
1574806140.869826, -514.0
1574806141.039767, -514.0
1574806141.220884, -514.0
1574806141.397256, -514.0
1574806141.580599, -514.0
1574806141.769375, -514.0
1574806141.95008, -514.0
1574806142.136874, -514.0
1574806142.330193, -514.0
1574806142.522599, -514.0
1574806142.716056, -514.0
1574806142.912625, -514.0
1574806143.10207, -514.0
1574806143.280847, -514.0
1574806143.458435, -514.0
1574806143.643909, -514.0
1574806143.820266, -514.0
1574806143.997526, -514.0
1574806144.189645, -514.0
1574806144.365123, -514.0
1574806144.535764, -514.0
1574806144.701764, -514.0
1574806144.863126, -514.0
1574806145.032687, -514.0
1574806145.18832, -514.0
1574806145.356792, -514.0
1574806145.520909, -514.0
1574806145.690603, -514.0
1574806145.846719, -514.0
1574806146.019979, -514.0
1574806146.193743, -514.0
1574806146.382109, -514.0
1574806146.572249, -514.0
1574806146.760547, -514.0
1574806146.937879, -514.0
1574806147.107033, -514.0
1574806147.292861, -514.0
1574806147.474755, -514.0
1574806147.668321, -514.0
1574806147.846741, -514.0
1574806148.030344, -514.0
1574806148.217023, -514.0
1574806148.395096, -514.0
1574806148.582365, -514.0
1574806148.782256, -514.0
1574806148.989167, -514.0
1574806149.19394, -514.0
1574806149.406498, -514.0
1574806149.630409, -514.0
1574806149.831798, -514.0
1574806150.036922, -514.0
1574806150.257216, -514.0
1574806150.47592, -514.0
1574806150.695744, -514.0
1574806150.881674, -514.0
1574806151.080054, -514.0
1574806151.270421, -514.0
1574806151.465725, -514.0
1574806151.666622, -514.0
1574806151.856431, -514.0
1574806152.049059, -514.0
1574806152.255362, -514.0
1574806152.442436, -514.0
1574806152.641573, -514.0
1574806152.834528, -514.0
1574806153.011114, -514.0
1574806153.223074, -514.0
1574806153.429786, -514.0
1574806153.615696, -514.0
1574806153.823603, -514.0
1574806153.997873, -514.0
1574806154.204977, -514.0
1574806154.40134, -514.0
1574806154.600796, -514.0
1574806154.771033, -514.0
1574806154.970901, -514.0
1574806155.165649, -514.0
1574806155.356158, -514.0
1574806155.555198, -514.0
1574806155.763164, -514.0
1574806155.970893, -514.0
1574806156.185891, -514.0
1574806156.395522, -514.0
1574806156.581277, -514.0
1574806156.78497, -514.0
1574806156.97584, -514.0
1574806157.170867, -514.0
1574806157.379598, -514.0
1574806157.571234, -514.0
1574806157.763743, -514.0
1574806157.972449, -514.0
1574806158.17381, -514.0
1574806158.37318, -514.0
1574806158.574658, -514.0
1574806158.781076, -514.0
1574806158.966621, -514.0
1574806159.154504, -514.0
1574806159.350167, -514.0
1574806159.533133, -514.0
1574806159.744217, -514.0
1574806159.92354, -514.0
1574806160.113762, -514.0
1574806160.314408, -514.0
1574806160.50453, -514.0
1574806160.687374, -514.0
1574806160.871594, -514.0
1574806161.05766, -514.0
1574806161.260021, -514.0
1574806161.456893, -514.0
1574806161.660823, -514.0
1574806161.862648, -514.0
1574806162.076393, -514.0
1574806162.257071, -514.0
1574806162.45063, -514.0
1574806162.649289, -514.0
1574806162.84331, -514.0
1574806163.028913, -514.0
1574806163.237465, -514.0
1574806163.426557, -514.0
1574806163.636011, -514.0
1574806163.832897, -514.0
1574806164.034414, -514.0
1574806164.220281, -514.0
1574806164.397067, -514.0
1574806164.578571, -514.0
1574806164.757278, -514.0
1574806164.943132, -514.0
1574806165.136261, -514.0
1574806165.327159, -514.0
1574806165.510723, -514.0
1574806165.697234, -514.0
1574806165.888166, -514.0
1574806166.092046, -514.0
1574806166.285839, -514.0
1574806166.476644, -514.0
1574806166.668038, -514.0
1574806166.852831, -514.0
1574806167.042489, -514.0
1574806167.254707, -514.0
1574806167.473769, -514.0
1574806167.705262, -514.0
1574806167.914714, -514.0
1574806168.122369, -514.0
1574806168.332942, -514.0
1574806168.553957, -514.0
1574806168.773107, -514.0
1574806168.965551, -514.0
1574806169.189731, -514.0
1574806169.394213, -514.0
1574806169.596783, -514.0
1574806169.815039, -514.0
1574806170.023438, -514.0
1574806170.23291, -514.0
1574806170.460836, -514.0
1574806170.67727, -514.0
1574806170.87199, -514.0
1574806171.083007, -514.0
1574806171.277205, -514.0
1574806171.489213, -514.0
1574806171.690054, -514.0
1574806171.896034, -514.0
1574806172.114472, -514.0
1574806172.326914, -514.0
1574806172.550552, -514.0
1574806172.755146, -514.0
1574806172.954719, -514.0
1574806173.175623, -514.0
1574806173.393785, -514.0
1574806173.617563, -514.0
1574806173.814883, -514.0
1574806174.043256, -514.0
1574806174.233089, -514.0
1574806174.428221, -514.0
1574806174.650262, -514.0
1574806174.844014, -514.0
1574806175.056108, -514.0
1574806175.245104, -514.0
1574806175.464416, -514.0
1574806175.684673, -514.0
1574806175.894737, -514.0
1574806176.090961, -514.0
1574806176.29513, -514.0
1574806176.493686, -514.0
1574806176.693179, -514.0
1574806176.896976, -514.0
1574806177.097579, -514.0
1574806177.302734, -514.0
1574806177.512315, -514.0
1574806177.707505, -514.0
1574806177.914274, -514.0
1574806129.22661, -514.0
1574806129.539796, -514.0
1574806129.544199, -514.0
1574806129.550207, -514.0
1574806129.932922, -514.0
1574806130.135499, -514.0
1574806130.316982, -514.0
1574806130.494453, -514.0
1574806130.683803, -514.0
1574806130.866719, -514.0
1574806131.04686, -514.0
1574806131.24426, -514.0
1574806131.45342, -514.0
1574806131.65443, -514.0
1574806131.86154, -514.0
1574806132.052876, -514.0
1574806132.247193, -514.0
1574806132.443548, -514.0
1574806132.645127, -514.0
1574806132.881958, -514.0
1574806133.22512, -514.0
1574806133.574675, -514.0
1574806133.895174, -514.0
1574806134.239875, -514.0
1574806134.601383, -514.0
1574806134.968815, -514.0
1574806135.33675, -514.0
1574806135.696532, -514.0
1574806136.024864, -514.0
1574806136.257433, -514.0
1574806136.434535, -514.0
1574806136.612045, -514.0
1574806136.797593, -514.0
1574806136.980202, -514.0
1574806137.16716, -514.0
1574806137.355117, -514.0
1574806137.555215, -514.0
1574806137.736532, -514.0
1574806137.922035, -514.0
1574806138.101114, -514.0
1574806138.295467, -514.0
1574806138.497105, -514.0
1574806138.684593, -514.0
1574806138.879218, -514.0
1574806139.084575, -514.0
1574806139.264659, -514.0
1574806139.456001, -514.0
1574806139.647402, -514.0
1574806139.836801, -514.0
1574806140.029114, -514.0
1574806140.20824, -514.0
1574806140.429924, -514.0
1574806140.609572, -514.0
1574806140.801111, -514.0
1574806141.000058, -514.0
1574806141.26876, -514.0
1574806141.563948, -514.0
1574806141.759169, -514.0
1574806141.940717, -514.0
1574806142.14301, -514.0
1574806142.350758, -514.0
1574806142.540698, -514.0
1574806142.728822, -514.0
1574806142.917271, -514.0
1574806143.095757, -514.0
1574806143.287958, -514.0
1574806143.486057, -514.0
1574806143.680406, -514.0
1574806143.874678, -514.0
1574806144.076588, -514.0
1574806144.287339, -514.0
1574806144.493279, -514.0
1574806144.71196, -514.0
1574806144.937708, -514.0
1574806145.146513, -514.0
1574806145.364391, -514.0
1574806145.578642, -514.0
1574806145.794792, -514.0
1574806146.003329, -514.0
1574806146.226947, -514.0
1574806146.454097, -514.0
1574806146.667157, -514.0
1574806146.883193, -514.0
1574806147.088987, -514.0
1574806147.301162, -514.0
1574806147.502143, -514.0
1574806147.713183, -514.0
1574806147.934653, -514.0
1574806148.155895, -514.0
1574806148.355135, -514.0
1574806148.570982, -514.0
1574806148.780075, -514.0
1574806148.979466, -514.0
1574806149.171571, -514.0
1574806149.365715, -514.0
1574806149.552219, -514.0
1574806149.731261, -514.0
1574806149.92752, -514.0
1574806150.113986, -514.0
1574806150.303395, -514.0
1574806150.49732, -514.0
1574806150.685417, -514.0
1574806150.878104, -514.0
1574806151.072693, -514.0
1574806151.273831, -514.0
1574806151.477704, -514.0
1574806151.66397, -514.0
1574806151.851778, -514.0
1574806152.046858, -514.0
1574806152.251631, -514.0
1574806152.440638, -514.0
1574806152.631501, -514.0
1574806152.842137, -514.0
1574806153.054683, -514.0
1574806153.268089, -514.0
1574806153.452415, -514.0
1574806153.644362, -514.0
1574806153.851689, -514.0
1574806154.030017, -514.0
1574806154.219842, -514.0
1574806154.395968, -514.0
1574806154.583694, -514.0
1574806154.773774, -514.0
1574806154.942087, -514.0
1574806155.118219, -514.0
1574806155.294194, -514.0
1574806155.463254, -514.0
1574806155.64909, -514.0
1574806155.828286, -514.0
1574806155.990239, -514.0
1574806156.163972, -514.0
1574806156.330349, -514.0
1574806156.515778, -514.0
1574806156.693717, -514.0
1574806156.876473, -514.0
1574806157.040975, -514.0
1574806157.235207, -514.0
1574806157.407048, -514.0
1574806157.58815, -514.0
1574806157.773152, -514.0
1574806157.966173, -514.0
1574806158.14506, -514.0
1574806158.330423, -514.0
1574806158.517201, -514.0
1574806158.683511, -514.0
1574806158.864073, -514.0
1574806159.029958, -514.0
1574806159.210337, -514.0
1574806159.395548, -514.0
1574806159.575719, -514.0
1574806159.756885, -514.0
1574806159.944063, -514.0
1574806160.134331, -514.0
1574806160.315239, -514.0
1574806160.501295, -514.0
1574806160.700538, -514.0
1574806160.873917, -514.0
1574806161.052197, -514.0
1574806161.249653, -514.0
1574806161.429572, -514.0
1574806161.639434, -514.0
1574806161.819642, -514.0
1574806162.010518, -514.0
1574806162.202693, -514.0
1574806162.39275, -514.0
1574806162.57732, -514.0
1574806162.760175, -514.0
1574806162.940807, -514.0
1574806163.148194, -514.0
1574806163.326531, -514.0
1574806163.50621, -514.0
1574806163.688102, -514.0
1574806163.876746, -514.0
1574806164.047151, -514.0
1574806164.236396, -514.0
1574806164.430583, -514.0
1574806164.614001, -514.0
1574806164.784931, -514.0
1574806164.977109, -514.0
1574806165.176693, -514.0
1574806165.371932, -514.0
1574806165.559245, -514.0
1574806165.751029, -514.0
1574806165.938735, -514.0
1574806166.122252, -514.0
1574806166.292161, -514.0
1574806166.478147, -514.0
1574806166.653809, -514.0
1574806166.843706, -514.0
1574806167.041934, -514.0
1574806167.221936, -514.0
1574806167.406796, -514.0
1574806167.584869, -514.0
1574806167.773502, -514.0
1574806167.966947, -514.0
1574806168.155215, -514.0
1574806168.351071, -514.0
1574806168.533677, -514.0
1574806168.722646, -514.0
1574806168.918579, -514.0
1574806169.104947, -514.0
1574806169.30494, -514.0
1574806169.490381, -514.0
1574806169.677368, -514.0
1574806169.868282, -514.0
1574806170.075547, -514.0
1574806170.270739, -514.0
1574806170.461048, -514.0
1574806170.669286, -514.0
1574806170.850404, -514.0
1574806171.049999, -514.0
1574806171.242778, -514.0
1574806171.435704, -514.0
1574806171.620907, -514.0
1574806171.829051, -514.0
1574806172.017903, -514.0
1574806172.190266, -514.0
1574806172.390324, -514.0
1574806172.56109, -514.0
1574806172.769292, -514.0
1574806172.95051, -514.0
1574806173.140171, -514.0
1574806173.341497, -514.0
1574806173.542755, -514.0
1574806173.741013, -514.0
1574806173.926165, -514.0
1574806174.105824, -514.0
1574806174.308536, -514.0
1574806174.504198, -514.0
1574806174.688829, -514.0
1574806174.858432, -514.0
1574806175.051381, -514.0
1574806175.228302, -514.0
1574806175.390971, -514.0
1574806175.577403, -514.0
1574806175.756582, -514.0
1574806175.940893, -514.0
1574806176.107552, -514.0
1574806176.303603, -514.0
1574806176.496877, -514.0
1574806176.6801, -514.0
1574806176.857639, -514.0
1574806177.032822, -514.0
1574806177.209829, -514.0
1574806177.38353, -514.0
1574806177.561718, -514.0
1574806177.740429, -514.0
1574806177.923184, -514.0
1574806178.111161, -514.0
1574806178.279903, -514.0
1574806130.706693, -514.0
1574806130.711387, -514.0
1574806130.715895, -514.0
1574806130.724987, -514.0
1574806130.729989, -514.0
1574806130.734702, -514.0
1574806130.73906, -514.0
1574806130.743856, -514.0
1574806131.060014, -514.0
1574806131.253975, -514.0
1574806131.450306, -514.0
1574806131.648903, -514.0
1574806131.846529, -514.0
1574806132.045794, -514.0
1574806132.226673, -514.0
1574806132.428405, -514.0
1574806132.638411, -514.0
1574806132.845768, -514.0
1574806133.051603, -514.0
1574806133.23366, -514.0
1574806133.426432, -514.0
1574806133.627853, -514.0
1574806133.815427, -514.0
1574806134.01529, -514.0
1574806134.204355, -514.0
1574806134.389816, -514.0
1574806134.589771, -514.0
1574806134.780168, -514.0
1574806134.981599, -514.0
1574806135.189511, -514.0
1574806135.376818, -514.0
1574806135.614253, -514.0
1574806135.802422, -514.0
1574806135.985052, -514.0
1574806136.156958, -514.0
1574806136.343785, -514.0
1574806136.520329, -514.0
1574806136.70634, -514.0
1574806136.894742, -514.0
1574806137.102862, -514.0
1574806137.275487, -514.0
1574806137.43964, -514.0
1574806137.617173, -514.0
1574806137.793295, -514.0
1574806137.970281, -514.0
1574806138.151894, -514.0
1574806138.345993, -514.0
1574806138.509155, -514.0
1574806138.681711, -514.0
1574806138.857959, -514.0
1574806139.030126, -514.0
1574806139.225604, -514.0
1574806139.39559, -514.0
1574806139.567013, -514.0
1574806139.734433, -514.0
1574806139.923438, -514.0
1574806140.132551, -514.0
1574806140.303382, -514.0
1574806140.476768, -514.0
1574806140.653847, -514.0
1574806140.834592, -514.0
1574806140.997136, -514.0
1574806141.161228, -514.0
1574806141.336689, -514.0
1574806141.496001, -514.0
1574806141.669452, -514.0
1574806141.852449, -514.0
1574806142.027791, -514.0
1574806142.197044, -514.0
1574806142.374556, -514.0
1574806142.549413, -514.0
1574806142.742682, -514.0
1574806142.911399, -514.0
1574806143.072359, -514.0
1574806143.256378, -514.0
1574806143.424847, -514.0
1574806143.590855, -514.0
1574806143.774102, -514.0
1574806143.957336, -514.0
1574806144.1458, -514.0
1574806144.341882, -514.0
1574806144.531193, -514.0
1574806144.717915, -514.0
1574806144.909487, -514.0
1574806145.101955, -514.0
1574806145.279622, -514.0
1574806145.458784, -514.0
1574806145.647393, -514.0
1574806145.836231, -514.0
1574806146.016872, -514.0
1574806146.208361, -514.0
1574806146.395367, -514.0
1574806146.582337, -514.0
1574806146.762214, -514.0
1574806146.929374, -514.0
1574806147.107688, -514.0
1574806147.275454, -514.0
1574806147.45367, -514.0
1574806147.629807, -514.0
1574806147.813875, -514.0
1574806147.977045, -514.0
1574806148.152845, -514.0
1574806148.330528, -514.0
1574806148.515, -514.0
1574806148.694231, -514.0
1574806148.882842, -514.0
1574806149.054575, -514.0
1574806149.220702, -514.0
1574806149.408666, -514.0
1574806149.593228, -514.0
1574806149.77291, -514.0
1574806149.954615, -514.0
1574806150.135372, -514.0
1574806150.325967, -514.0
1574806150.501359, -514.0
1574806150.696033, -514.0
1574806150.899538, -514.0
1574806151.090172, -514.0
1574806151.267331, -514.0
1574806151.461914, -514.0
1574806151.656222, -514.0
1574806151.837589, -514.0
1574806152.032843, -514.0
1574806152.231753, -514.0
1574806152.424072, -514.0
1574806152.610067, -514.0
1574806152.789168, -514.0
1574806152.984081, -514.0
1574806153.185696, -514.0
1574806153.366151, -514.0
1574806153.574617, -514.0
1574806153.815162, -514.0
1574806154.011291, -514.0
1574806154.236032, -514.0
1574806154.424196, -514.0
1574806154.61801, -514.0
1574806154.825754, -514.0
1574806155.008845, -514.0
1574806155.213047, -514.0
1574806155.428157, -514.0
1574806155.628952, -514.0
1574806155.825004, -514.0
1574806156.010472, -514.0
1574806156.216445, -514.0
1574806156.41679, -514.0
1574806156.625371, -514.0
1574806156.806041, -514.0
1574806157.020011, -514.0
1574806157.208355, -514.0
1574806157.396595, -514.0
1574806157.594573, -514.0
1574806157.811145, -514.0
1574806158.013988, -514.0
1574806158.223362, -514.0
1574806158.420609, -514.0
1574806158.606008, -514.0
1574806158.812179, -514.0
1574806158.990225, -514.0
1574806159.186135, -514.0
1574806159.393754, -514.0
1574806159.589041, -514.0
1574806159.79093, -514.0
1574806159.995131, -514.0
1574806160.200414, -514.0
1574806160.394425, -514.0
1574806160.599361, -514.0
1574806160.806213, -514.0
1574806160.995948, -514.0
1574806161.197355, -514.0
1574806161.3953, -514.0
1574806161.590851, -514.0
1574806161.800392, -514.0
1574806161.998993, -514.0
1574806162.210884, -514.0
1574806162.412123, -514.0
1574806162.614328, -514.0
1574806162.814813, -514.0
1574806163.011395, -514.0
1574806163.202893, -514.0
1574806163.404416, -514.0
1574806163.610563, -514.0
1574806163.814942, -514.0
1574806164.023544, -514.0
1574806164.24078, -514.0
1574806164.424627, -514.0
1574806164.622618, -514.0
1574806164.832134, -514.0
1574806165.032787, -514.0
1574806165.228478, -514.0
1574806165.43044, -514.0
1574806165.630005, -514.0
1574806165.847733, -514.0
1574806166.04883, -514.0
1574806166.255591, -514.0
1574806166.457036, -514.0
1574806166.65411, -514.0
1574806166.84487, -514.0
1574806167.03691, -514.0
1574806167.223952, -514.0
1574806167.401564, -514.0
1574806167.584716, -514.0
1574806167.757237, -514.0
1574806167.919419, -514.0
1574806168.094171, -514.0
1574806168.279587, -514.0
1574806168.449149, -514.0
1574806168.624428, -514.0
1574806168.792402, -514.0
1574806168.963519, -514.0
1574806169.145136, -514.0
1574806169.326726, -514.0
1574806169.502319, -514.0
1574806169.685517, -514.0
1574806169.85728, -514.0
1574806170.022612, -514.0
1574806170.195943, -514.0
1574806170.388823, -514.0
1574806170.571304, -514.0
1574806170.735783, -514.0
1574806170.925074, -514.0
1574806171.120862, -514.0
1574806171.291381, -514.0
1574806171.459458, -514.0
1574806171.631577, -514.0
1574806171.807126, -514.0
1574806171.98807, -514.0
1574806172.168473, -514.0
1574806172.329913, -514.0
1574806172.502596, -514.0
1574806172.661775, -514.0
1574806172.837962, -514.0
1574806173.003198, -514.0
1574806173.171542, -514.0
1574806173.352509, -514.0
1574806173.528702, -514.0
1574806173.705569, -514.0
1574806173.87446, -514.0
1574806174.05758, -514.0
1574806174.254987, -514.0
1574806174.427351, -514.0
1574806174.616349, -514.0
1574806174.802281, -514.0
1574806174.96714, -514.0
1574806175.159276, -514.0
1574806175.355309, -514.0
1574806175.542743, -514.0
1574806175.731743, -514.0
1574806175.901214, -514.0
1574806176.088644, -514.0
1574806176.267072, -514.0
1574806131.244824, -514.0
1574806131.541201, -514.0
1574806131.732982, -514.0
1574806131.924853, -514.0
1574806132.112692, -514.0
1574806132.298028, -514.0
1574806132.470427, -514.0
1574806132.664838, -514.0
1574806132.863555, -514.0
1574806133.064403, -514.0
1574806133.2554, -514.0
1574806133.433955, -514.0
1574806133.625111, -514.0
1574806133.846984, -514.0
1574806134.034, -514.0
1574806134.238993, -514.0
1574806134.419479, -514.0
1574806134.596304, -514.0
1574806134.784613, -514.0
1574806134.983596, -514.0
1574806135.195816, -514.0
1574806135.422286, -514.0
1574806135.628873, -514.0
1574806135.877581, -514.0
1574806136.129225, -514.0
1574806136.373567, -514.0
1574806136.626186, -514.0
1574806136.847771, -514.0
1574806137.095245, -514.0
1574806137.336313, -514.0
1574806137.559343, -514.0
1574806137.772636, -514.0
1574806137.977084, -514.0
1574806138.204918, -514.0
1574806138.433104, -514.0
1574806138.662778, -514.0
1574806138.902452, -514.0
1574806139.131735, -514.0
1574806139.374316, -514.0
1574806139.608177, -514.0
1574806139.827617, -514.0
1574806140.042971, -514.0
1574806140.441017, -514.0
1574806140.833398, -514.0
1574806141.222432, -514.0
1574806141.607495, -514.0
1574806141.979967, -514.0
1574806142.371068, -514.0
1574806142.745503, -514.0
1574806143.116228, -514.0
1574806143.4667, -514.0
1574806143.840871, -514.0
1574806144.229692, -514.0
1574806144.532495, -514.0
1574806144.873428, -514.0
1574806145.223118, -514.0
1574806145.418245, -514.0
1574806145.601097, -514.0
1574806145.799701, -514.0
1574806145.980691, -514.0
1574806146.174437, -514.0
1574806146.358592, -514.0
1574806146.563187, -514.0
1574806146.776937, -514.0
1574806146.992851, -514.0
1574806147.211947, -514.0
1574806147.405547, -514.0
1574806147.588431, -514.0
1574806147.78061, -514.0
1574806147.976426, -514.0
1574806148.176675, -514.0
1574806148.354665, -514.0
1574806148.535835, -514.0
1574806148.720006, -514.0
1574806148.90424, -514.0
1574806149.090795, -514.0
1574806149.288536, -514.0
1574806149.477384, -514.0
1574806149.677259, -514.0
1574806149.855616, -514.0
1574806150.060081, -514.0
1574806150.250682, -514.0
1574806150.441694, -514.0
1574806150.636859, -514.0
1574806150.812215, -514.0
1574806150.998726, -514.0
1574806151.167506, -514.0
1574806151.368681, -514.0
1574806151.562796, -514.0
1574806151.754061, -514.0
1574806151.933403, -514.0
1574806152.134941, -514.0
1574806152.336476, -514.0
1574806152.546729, -514.0
1574806152.732955, -514.0
1574806152.918899, -514.0
1574806153.141093, -514.0
1574806153.34055, -514.0
1574806153.533985, -514.0
1574806153.747799, -514.0
1574806153.962736, -514.0
1574806154.15931, -514.0
1574806154.340378, -514.0
1574806154.533623, -514.0
1574806154.721794, -514.0
1574806154.902421, -514.0
1574806155.093586, -514.0
1574806155.277632, -514.0
1574806155.476116, -514.0
1574806155.677213, -514.0
1574806155.868192, -514.0
1574806156.05378, -514.0
1574806156.236315, -514.0
1574806156.431966, -514.0
1574806156.71699, -514.0
1574806156.906906, -514.0
1574806157.098459, -514.0
1574806157.283561, -514.0
1574806157.459816, -514.0
1574806157.654569, -514.0
1574806157.846472, -514.0
1574806158.038215, -514.0
1574806158.237093, -514.0
1574806158.444028, -514.0
1574806158.633834, -514.0
1574806158.820053, -514.0
1574806159.011026, -514.0
1574806159.206997, -514.0
1574806159.397744, -514.0
1574806159.603822, -514.0
1574806159.793645, -514.0
1574806159.970365, -514.0
1574806160.1523, -514.0
1574806160.336307, -514.0
1574806160.524259, -514.0
1574806160.710947, -514.0
1574806160.898416, -514.0
1574806161.091604, -514.0
1574806161.261921, -514.0
1574806161.450629, -514.0
1574806161.629195, -514.0
1574806161.808781, -514.0
1574806161.975458, -514.0
1574806162.151324, -514.0
1574806162.338705, -514.0
1574806162.524337, -514.0
1574806162.69386, -514.0
1574806162.868949, -514.0
1574806163.055901, -514.0
1574806163.26944, -514.0
1574806163.449141, -514.0
1574806163.633386, -514.0
1574806163.810295, -514.0
1574806163.988328, -514.0
1574806164.17123, -514.0
1574806164.359936, -514.0
1574806164.539926, -514.0
1574806164.727755, -514.0
1574806164.927144, -514.0
1574806165.131352, -514.0
1574806165.332438, -514.0
1574806165.526765, -514.0
1574806165.709548, -514.0
1574806165.898793, -514.0
1574806166.076512, -514.0
1574806166.265635, -514.0
1574806166.435873, -514.0
1574806166.608223, -514.0
1574806166.788463, -514.0
1574806166.96968, -514.0
1574806167.150193, -514.0
1574806167.339421, -514.0
1574806167.510429, -514.0
1574806167.69752, -514.0
1574806167.883279, -514.0
1574806168.080835, -514.0
1574806168.271264, -514.0
1574806168.468181, -514.0
1574806168.657274, -514.0
1574806168.832673, -514.0
1574806169.001835, -514.0
1574806169.175301, -514.0
1574806169.349115, -514.0
1574806169.550909, -514.0
1574806169.735435, -514.0
1574806169.924585, -514.0
1574806170.10734, -514.0
1574806170.290977, -514.0
1574806170.478529, -514.0
1574806170.671292, -514.0
1574806170.841249, -514.0
1574806171.034245, -514.0
1574806171.216196, -514.0
1574806171.409268, -514.0
1574806171.598793, -514.0
1574806171.790629, -514.0
1574806171.983003, -514.0
1574806172.167493, -514.0
1574806172.359978, -514.0
1574806172.5403, -514.0
1574806172.734632, -514.0
1574806172.923873, -514.0
1574806173.127617, -514.0
1574806173.323817, -514.0
1574806173.511602, -514.0
1574806173.687765, -514.0
1574806173.861765, -514.0
1574806174.038762, -514.0
1574806174.223547, -514.0
1574806174.425153, -514.0
1574806174.628928, -514.0
1574806174.837103, -514.0
1574806175.031974, -514.0
1574806175.210573, -514.0
1574806175.398172, -514.0
1574806175.573151, -514.0
1574806175.763252, -514.0
1574806175.943488, -514.0
1574806176.122995, -514.0
1574806176.303794, -514.0
1574806176.500729, -514.0
1574806176.676622, -514.0
1574806176.874677, -514.0
1574806177.058484, -514.0
1574806177.26568, -514.0
1574806177.445326, -514.0
1574806177.636387, -514.0
1574806177.81787, -514.0
1574806178.009889, -514.0
1574806178.192585, -514.0
1574806178.378132, -514.0
1574806178.551329, -514.0
1574806178.730446, -514.0
1574806178.903833, -514.0
1574806179.073848, -514.0
1574806179.257568, -514.0
1574806179.44522, -514.0
1574806179.614418, -514.0
1574806179.783899, -514.0
1574806179.963012, -514.0
1574806180.126903, -514.0
1574806180.294977, -514.0
1574806180.466207, -514.0
1574806180.628698, -514.0
1574806180.797494, -514.0
1574806180.978095, -514.0
1574806181.163051, -514.0
1574806181.34064, -514.0
1574806181.516417, -514.0
1574806181.683914, -514.0
1574806176.602941, -514.0
1574806176.939343, -514.0
1574806177.251693, -514.0
1574806177.616625, -514.0
1574806177.894482, -514.0
1574806177.899956, -514.0
1574806177.904533, -514.0
1574806177.909686, -514.0
1574806177.914068, -514.0
1574806177.919153, -514.0
1574806177.924431, -514.0
1574806178.204559, -514.0
1574806178.209073, -514.0
1574806178.213871, -514.0
1574806178.218593, -514.0
1574806178.22412, -514.0
1574806178.47505, -514.0
1574806178.662281, -514.0
1574806178.830451, -514.0
1574806179.00033, -514.0
1574806179.177441, -514.0
1574806179.347798, -514.0
1574806179.524922, -514.0
1574806179.699375, -514.0
1574806179.864451, -514.0
1574806180.053771, -514.0
1574806180.238469, -514.0
1574806180.410818, -514.0
1574806180.576677, -514.0
1574806180.754744, -514.0
1574806180.942716, -514.0
1574806181.108595, -514.0
1574806181.281433, -514.0
1574806181.451809, -514.0
1574806181.613266, -514.0
1574806181.789987, -514.0
1574806181.966036, -514.0
1574806182.131348, -514.0
1574806182.309418, -514.0
1574806182.475746, -514.0
1574806182.644918, -514.0
1574806182.819241, -514.0
1574806182.990827, -514.0
1574806183.155719, -514.0
1574806183.316212, -514.0
1574806183.495513, -514.0
1574806183.653641, -514.0
1574806183.822048, -514.0
1574806183.991505, -514.0
1574806184.16654, -514.0
1574806184.330245, -514.0
1574806184.48177, -514.0
1574806184.641312, -514.0
1574806184.8043, -514.0
1574806184.976226, -514.0
1574806185.139486, -514.0
1574806185.3073, -514.0
1574806185.472413, -514.0
1574806185.640368, -514.0
1574806185.813412, -514.0
1574806185.97353, -514.0
1574806186.143774, -514.0
1574806186.308484, -514.0
1574806186.482494, -514.0
1574806186.651382, -514.0
1574806186.836043, -514.0
1574806187.00023, -514.0
1574806187.160879, -514.0
1574806187.324678, -514.0
1574806187.486061, -514.0
1574806187.651025, -514.0
1574806187.820778, -514.0
1574806187.984936, -514.0
1574806188.16658, -514.0
1574806188.340218, -514.0
1574806188.513525, -514.0
1574806188.699651, -514.0
1574806188.870829, -514.0
1574806189.049546, -514.0
1574806189.219239, -514.0
1574806189.388799, -514.0
1574806189.554546, -514.0
1574806189.72067, -514.0
1574806189.897625, -514.0
1574806190.063798, -514.0
1574806190.229549, -514.0
1574806190.398986, -514.0
1574806190.560519, -514.0
1574806190.730468, -514.0
1574806190.890821, -514.0
1574806191.060142, -514.0
1574806191.233003, -514.0
1574806191.406982, -514.0
1574806191.584023, -514.0
1574806191.771015, -514.0
1574806191.947421, -514.0
1574806192.115302, -514.0
1574806192.290313, -514.0
1574806192.471218, -514.0
1574806192.635391, -514.0
1574806192.815238, -514.0
1574806192.987778, -514.0
1574806193.164447, -514.0
1574806193.334746, -514.0
1574806193.507674, -514.0
1574806193.671224, -514.0
1574806193.838333, -514.0
1574806194.011155, -514.0
1574806194.180884, -514.0
1574806194.34213, -514.0
1574806194.512478, -514.0
1574806194.674248, -514.0
1574806194.842315, -514.0
1574806195.020703, -514.0
1574806195.196242, -514.0
1574806195.356737, -514.0
1574806195.51791, -514.0
1574806195.68676, -514.0
1574806195.862251, -514.0
1574806196.028371, -514.0
1574806196.18815, -514.0
1574806196.375617, -514.0
1574806196.547612, -514.0
1574806196.717475, -514.0
1574806196.897283, -514.0
1574806197.063071, -514.0
1574806197.239887, -514.0
1574806197.401528, -514.0
1574806197.58246, -514.0
1574806197.734032, -514.0
1574806197.923721, -514.0
1574806198.097842, -514.0
1574806198.268457, -514.0
1574806198.43448, -514.0
1574806198.599235, -514.0
1574806198.77237, -514.0
1574806198.955656, -514.0
1574806199.128632, -514.0
1574806199.303428, -514.0
1574806199.470122, -514.0
1574806199.748845, -514.0
1574806200.072856, -514.0
1574806200.25521, -514.0
1574806200.52422, -514.0
1574806200.839837, -514.0
1574806201.151312, -514.0
1574806201.486887, -514.0
1574806201.792734, -514.0
1574806202.105268, -514.0
1574806202.396166, -514.0
1574806202.721795, -514.0
1574806202.939174, -514.0
1574806203.112001, -514.0
1574806203.289195, -514.0
1574806203.458538, -514.0
1574806203.629111, -514.0
1574806203.793671, -514.0
1574806203.956719, -514.0
1574806204.139692, -514.0
1574806204.315651, -514.0
1574806204.485014, -514.0
1574806204.660491, -514.0
1574806204.819262, -514.0
1574806204.999255, -514.0
1574806205.16217, -514.0
1574806205.350622, -514.0
1574806205.518993, -514.0
1574806205.693483, -514.0
1574806205.859971, -514.0
1574806206.03489, -514.0
1574806206.208729, -514.0
1574806206.374976, -514.0
1574806206.560685, -514.0
1574806206.734832, -514.0
1574806206.902401, -514.0
1574806207.074459, -514.0
1574806207.250675, -514.0
1574806207.42296, -514.0
1574806207.598598, -514.0
1574806207.768778, -514.0
1574806207.93857, -514.0
1574806208.126246, -514.0
1574806208.30503, -514.0
1574806208.475041, -514.0
1574806208.638504, -514.0
1574806208.806566, -514.0
1574806208.975888, -514.0
1574806209.140553, -514.0
1574806209.307759, -514.0
1574806209.482955, -514.0
1574806209.657946, -514.0
1574806209.823285, -514.0
1574806209.990647, -514.0
1574806210.174898, -514.0
1574806210.342921, -514.0
1574806210.510306, -514.0
1574806210.69045, -514.0
1574806210.858738, -514.0
1574806211.02687, -514.0
1574806211.184401, -514.0
1574806211.351317, -514.0
1574806211.513112, -514.0
1574806211.688912, -514.0
1574806211.849468, -514.0
1574806212.026864, -514.0
1574806212.192984, -514.0
1574806212.368008, -514.0
1574806212.52993, -514.0
1574806212.690433, -514.0
1574806212.855718, -514.0
1574806213.022365, -514.0
1574806213.196822, -514.0
1574806213.364183, -514.0
1574806213.534339, -514.0
1574806213.711973, -514.0
1574806213.872945, -514.0
1574806214.031802, -514.0
1574806214.211015, -514.0
1574806214.371169, -514.0
1574806214.539775, -514.0
1574806214.70298, -514.0
1574806214.945027, -514.0
1574806215.107936, -514.0
1574806215.284492, -514.0
1574806215.599029, -514.0
1574806215.92589, -514.0
1574806216.262482, -514.0
1574806216.587349, -514.0
1574806216.905074, -514.0
1574806217.22049, -514.0
1574806217.558396, -514.0
1574806217.886265, -514.0
1574806218.199187, -514.0
1574806218.52937, -514.0
1574806218.846755, -514.0
1574806219.164683, -514.0
1574806219.483554, -514.0
1574806219.659306, -514.0
1574806219.830715, -514.0
1574806219.999624, -514.0
1574806220.177453, -514.0
1574806220.342127, -514.0
1574806220.505858, -514.0
1574806220.680388, -514.0
1574806220.855462, -514.0
1574806221.029428, -514.0
1574806221.193493, -514.0
1574806221.362486, -514.0
1574806221.518658, -514.0
1574806221.690629, -514.0
1574806178.376333, -514.0
1574806178.801629, -514.0
1574806178.806019, -514.0
1574806178.810375, -514.0
1574806178.814815, -514.0
1574806178.819394, -514.0
1574806178.823757, -514.0
1574806178.828176, -514.0
1574806179.14353, -514.0
1574806179.314287, -514.0
1574806179.476596, -514.0
1574806179.643284, -514.0
1574806179.81371, -514.0
1574806179.983048, -514.0
1574806180.146504, -514.0
1574806180.302357, -514.0
1574806180.467301, -514.0
1574806180.636133, -514.0
1574806180.804382, -514.0
1574806180.966508, -514.0
1574806181.137224, -514.0
1574806181.314219, -514.0
1574806181.474288, -514.0
1574806181.634722, -514.0
1574806181.793722, -514.0
1574806181.959088, -514.0
1574806182.12906, -514.0
1574806182.306478, -514.0
1574806182.474347, -514.0
1574806182.650907, -514.0
1574806182.816442, -514.0
1574806182.996597, -514.0
1574806183.170947, -514.0
1574806183.337764, -514.0
1574806183.51099, -514.0
1574806183.676872, -514.0
1574806183.833416, -514.0
1574806183.99998, -514.0
1574806184.162175, -514.0
1574806184.321593, -514.0
1574806184.497268, -514.0
1574806184.669479, -514.0
1574806184.840408, -514.0
1574806184.995179, -514.0
1574806185.14384, -514.0
1574806185.315142, -514.0
1574806185.482838, -514.0
1574806185.646614, -514.0
1574806185.819607, -514.0
1574806185.981743, -514.0
1574806186.151875, -514.0
1574806186.311961, -514.0
1574806186.482475, -514.0
1574806186.662635, -514.0
1574806186.829665, -514.0
1574806186.99365, -514.0
1574806187.157256, -514.0
1574806187.337866, -514.0
1574806187.507466, -514.0
1574806187.686901, -514.0
1574806187.859237, -514.0
1574806188.035954, -514.0
1574806188.202321, -514.0
1574806188.377944, -514.0
1574806188.550928, -514.0
1574806188.717806, -514.0
1574806188.888693, -514.0
1574806189.067386, -514.0
1574806189.240305, -514.0
1574806189.417369, -514.0
1574806189.585208, -514.0
1574806189.763006, -514.0
1574806189.927098, -514.0
1574806190.084324, -514.0
1574806190.249679, -514.0
1574806190.42028, -514.0
1574806190.59676, -514.0
1574806190.766883, -514.0
1574806190.927707, -514.0
1574806191.088466, -514.0
1574806191.256431, -514.0
1574806191.415239, -514.0
1574806191.584979, -514.0
1574806191.761091, -514.0
1574806191.927655, -514.0
1574806192.095572, -514.0
1574806192.284003, -514.0
1574806192.454391, -514.0
1574806192.629164, -514.0
1574806192.800613, -514.0
1574806192.959023, -514.0
1574806193.12425, -514.0
1574806193.292418, -514.0
1574806193.460585, -514.0
1574806193.62468, -514.0
1574806193.791483, -514.0
1574806193.958967, -514.0
1574806194.133129, -514.0
1574806194.296265, -514.0
1574806194.472538, -514.0
1574806194.62565, -514.0
1574806194.790904, -514.0
1574806194.959422, -514.0
1574806195.128265, -514.0
1574806195.309224, -514.0
1574806195.469395, -514.0
1574806195.637147, -514.0
1574806195.804869, -514.0
1574806195.969471, -514.0
1574806196.136174, -514.0
1574806196.308124, -514.0
1574806196.48462, -514.0
1574806196.643801, -514.0
1574806196.806673, -514.0
1574806196.971655, -514.0
1574806197.134425, -514.0
1574806197.312865, -514.0
1574806197.47175, -514.0
1574806197.650263, -514.0
1574806197.822343, -514.0
1574806197.9858, -514.0
1574806198.160967, -514.0
1574806198.326063, -514.0
1574806198.492546, -514.0
1574806198.671403, -514.0
1574806198.835199, -514.0
1574806198.994301, -514.0
1574806199.16021, -514.0
1574806199.33877, -514.0
1574806199.505719, -514.0
1574806199.679744, -514.0
1574806199.847969, -514.0
1574806200.008869, -514.0
1574806200.180824, -514.0
1574806200.353402, -514.0
1574806200.511126, -514.0
1574806200.704601, -514.0
1574806200.86971, -514.0
1574806201.029142, -514.0
1574806201.197993, -514.0
1574806201.374691, -514.0
1574806201.530593, -514.0
1574806201.692538, -514.0
1574806201.860743, -514.0
1574806202.036548, -514.0
1574806202.211492, -514.0
1574806202.385295, -514.0
1574806202.564304, -514.0
1574806202.731986, -514.0
1574806202.903319, -514.0
1574806203.087433, -514.0
1574806203.270084, -514.0
1574806203.43872, -514.0
1574806203.601109, -514.0
1574806203.779934, -514.0
1574806203.942026, -514.0
1574806204.104059, -514.0
1574806204.261787, -514.0
1574806204.423018, -514.0
1574806204.593383, -514.0
1574806204.760085, -514.0
1574806204.94674, -514.0
1574806205.113953, -514.0
1574806205.278192, -514.0
1574806205.443226, -514.0
1574806205.619453, -514.0
1574806205.794514, -514.0
1574806205.962214, -514.0
1574806206.136569, -514.0
1574806206.304947, -514.0
1574806206.471389, -514.0
1574806206.644842, -514.0
1574806206.809872, -514.0
1574806206.976672, -514.0
1574806207.152016, -514.0
1574806207.325564, -514.0
1574806207.492614, -514.0
1574806207.665315, -514.0
1574806207.832958, -514.0
1574806207.997988, -514.0
1574806208.155793, -514.0
1574806208.328137, -514.0
1574806208.505969, -514.0
1574806208.671697, -514.0
1574806208.844941, -514.0
1574806209.013218, -514.0
1574806209.177473, -514.0
1574806209.356984, -514.0
1574806209.522775, -514.0
1574806209.683112, -514.0
1574806209.852639, -514.0
1574806210.029944, -514.0
1574806210.208742, -514.0
1574806210.372127, -514.0
1574806210.541596, -514.0
1574806210.721529, -514.0
1574806210.876463, -514.0
1574806211.041167, -514.0
1574806211.212026, -514.0
1574806211.392377, -514.0
1574806211.562102, -514.0
1574806211.74173, -514.0
1574806211.898473, -514.0
1574806212.076686, -514.0
1574806212.243186, -514.0
1574806212.416338, -514.0
1574806212.580897, -514.0
1574806212.744033, -514.0
1574806212.910222, -514.0
1574806213.07596, -514.0
1574806213.256555, -514.0
1574806213.436857, -514.0
1574806213.593072, -514.0
1574806213.762416, -514.0
1574806213.929408, -514.0
1574806214.09695, -514.0
1574806214.271713, -514.0
1574806214.431086, -514.0
1574806214.618918, -514.0
1574806214.781351, -514.0
1574806214.955997, -514.0
1574806215.127936, -514.0
1574806215.309976, -514.0
1574806215.486005, -514.0
1574806215.655549, -514.0
1574806215.822877, -514.0
1574806216.005129, -514.0
1574806216.163044, -514.0
1574806216.335659, -514.0
1574806216.49721, -514.0
1574806216.678529, -514.0
1574806216.833894, -514.0
1574806217.0096, -514.0
1574806217.186485, -514.0
1574806217.365642, -514.0
1574806217.542277, -514.0
1574806217.694352, -514.0
1574806217.873226, -514.0
1574806218.028703, -514.0
1574806218.210692, -514.0
1574806218.368263, -514.0
1574806218.526498, -514.0
1574806218.696092, -514.0
1574806218.871203, -514.0
1574806219.03331, -514.0
1574806219.190912, -514.0
1574806219.33593, -514.0
1574806219.500015, -514.0
1574806219.665238, -514.0
1574806219.825194, -514.0
