1574806224.571476, -768.0
1574806224.592044, -768.0
1574806224.612129, -768.0
1574806224.636677, -746.0
1574806224.658984, -746.0
1574806224.678881, -746.0
1574806224.700666, -746.0
1574806224.720839, -746.0
1574806224.740677, -746.0
1574806224.761682, -746.0
1574806224.782776, -746.0
1574806224.802091, -746.0
1574806224.822234, -746.0
1574806224.84201, -746.0
1574806224.862634, -746.0
1574806224.884389, -746.0
1574806224.90418, -746.0
1574806224.924109, -746.0
1574806224.943833, -746.0
1574806225.82468, -746.0
1574806226.835004, -736.0
1574806227.725511, -730.0
1574806228.669639, -726.0
1574806229.577105, -726.0
1574806230.436626, -726.0
1574806231.292208, -720.0
1574806232.139388, -720.0
1574806233.005843, -720.0
1574806233.855968, -720.0
1574806234.658458, -720.0
1574806235.473374, -695.0
1574806236.2534, -695.0
1574806237.063152, -695.0
1574806237.85596, -695.0
1574806238.700718, -695.0
1574806239.514761, -695.0
1574806240.356673, -695.0
1574806241.177476, -695.0
1574806242.012365, -695.0
1574806242.908026, -695.0
1574806243.753638, -695.0
1574806244.552893, -695.0
1574806245.383902, -695.0
1574806246.224875, -695.0
1574806247.13399, -695.0
1574806247.923435, -695.0
1574806248.716658, -695.0
1574806249.495709, -695.0
1574806250.284847, -695.0
1574806251.109776, -695.0
1574806224.612194, -746.0
1574806224.653755, -746.0
1574806224.692995, -746.0
1574806224.733217, -746.0
1574806224.772323, -746.0
1574806224.811471, -746.0
1574806224.8534, -746.0
1574806224.891937, -746.0
1574806224.930839, -746.0
1574806224.97007, -746.0
1574806225.011818, -746.0
1574806225.053882, -746.0
1574806225.093211, -746.0
1574806225.133407, -746.0
1574806225.173052, -746.0
1574806225.212738, -746.0
1574806226.708264, -736.0
1574806228.549085, -726.0
1574806230.689968, -726.0
1574806232.311562, -720.0
1574806233.566653, -720.0
1574806234.792417, -695.0
1574806236.009015, -695.0
1574806237.713891, -695.0
1574806239.404685, -695.0
1574806241.133579, -695.0
1574806243.463192, -695.0
1574806245.434171, -695.0
1574806247.313129, -695.0
1574806249.037626, -695.0
1574806250.854466, -695.0
1574806252.786, -695.0
1574806254.605783, -695.0
1574806256.290679, -695.0
1574806257.950919, -695.0
1574806259.759635, -695.0
1574806261.191158, -695.0
1574806263.028457, -695.0
1574806264.800913, -695.0
1574806266.55475, -695.0
1574806268.497423, -695.0
1574806270.3996, -695.0
1574806272.389957, -695.0
1574806274.333396, -695.0
1574806275.980872, -695.0
1574806277.578583, -695.0
1574806279.24623, -695.0
1574806280.983848, -695.0
1574806282.772634, -695.0
1574806284.712141, -695.0
1574806224.574494, -768.0
1574806224.59517, -768.0
1574806224.613288, -746.0
1574806224.63416, -746.0
1574806224.653739, -746.0
1574806224.672655, -746.0
1574806224.696253, -746.0
1574806224.7149, -746.0
1574806224.738131, -746.0
1574806224.760659, -746.0
1574806224.779113, -746.0
1574806224.800571, -746.0
1574806224.822812, -746.0
1574806224.842005, -746.0
1574806224.865548, -746.0
1574806224.886909, -746.0
1574806224.906101, -746.0
1574806225.429455, -746.0
1574806226.401399, -744.0
1574806227.30349, -732.0
1574806228.208288, -730.0
1574806229.092999, -726.0
1574806230.002011, -726.0
1574806230.8223, -726.0
1574806232.210681, -720.0
1574806233.250712, -720.0
1574806234.273812, -720.0
1574806235.889653, -695.0
1574806235.910066, -695.0
1574806236.90416, -695.0
1574806236.925167, -695.0
1574806236.946563, -695.0
1574806238.021541, -695.0
1574806239.461021, -695.0
1574806240.38427, -695.0
1574806241.223472, -695.0
1574806242.068745, -695.0
1574806242.857782, -695.0
1574806243.284572, -695.0
1574806243.676502, -695.0
1574806244.106722, -695.0
1574806244.53769, -695.0
1574806244.958795, -695.0
1574806245.399163, -695.0
1574806245.825395, -695.0
1574806246.245914, -695.0
1574806246.627976, -695.0
1574806247.058204, -695.0
1574806247.485441, -695.0
1574806247.896578, -695.0
1574806224.601555, -768.0
1574806224.633015, -746.0
1574806224.663876, -746.0
1574806224.6948, -746.0
1574806224.725696, -746.0
1574806224.756461, -746.0
1574806224.788134, -746.0
1574806224.815266, -746.0
1574806224.846737, -746.0
1574806224.878099, -746.0
1574806224.909473, -746.0
1574806224.940865, -746.0
1574806224.972059, -746.0
1574806225.003727, -746.0
1574806225.034725, -746.0
1574806225.066193, -746.0
1574806225.097558, -746.0
1574806225.129123, -746.0
1574806225.595808, -746.0
1574806226.083596, -746.0
1574806226.114526, -746.0
1574806226.582788, -744.0
1574806228.359116, -730.0
1574806230.881013, -720.0
1574806232.819046, -720.0
1574806234.685632, -695.0
1574806236.084743, -695.0
1574806237.191039, -695.0
1574806238.348083, -695.0
1574806240.305996, -695.0
1574806242.141864, -695.0
1574806243.438899, -695.0
1574806246.093438, -695.0
1574806248.334799, -695.0
1574806250.341447, -695.0
1574806252.387254, -695.0
1574806254.81565, -695.0
1574806257.158759, -695.0
1574806259.363105, -695.0
1574806261.709417, -695.0
1574806264.008875, -695.0
1574806266.400129, -695.0
1574806267.980173, -695.0
1574806270.165411, -695.0
1574806272.25129, -695.0
1574806274.253953, -695.0
1574806276.377636, -695.0
1574806278.62567, -695.0
1574806280.826789, -695.0
1574806283.129557, -695.0
1574806247.976699, -695.0
1574806248.020775, -695.0
1574806248.063549, -695.0
1574806248.107679, -695.0
1574806248.15202, -695.0
1574806248.19276, -695.0
1574806248.240111, -695.0
1574806248.279257, -695.0
1574806248.324233, -695.0
1574806248.368774, -695.0
1574806248.409197, -695.0
1574806248.456164, -695.0
1574806248.497294, -695.0
1574806248.540921, -695.0
1574806248.584648, -695.0
1574806248.625676, -695.0
1574806248.669463, -695.0
1574806248.710322, -695.0
1574806248.75253, -695.0
1574806248.794915, -695.0
1574806248.839049, -695.0
1574806248.878215, -695.0
1574806248.923227, -695.0
1574806248.967236, -695.0
1574806249.006665, -695.0
1574806249.059269, -695.0
1574806249.102635, -695.0
1574806249.144793, -695.0
1574806249.186742, -695.0
1574806249.227761, -695.0
1574806249.270765, -695.0
1574806249.31355, -695.0
1574806249.357972, -695.0
1574806249.401857, -695.0
1574806249.441016, -695.0
1574806249.487924, -695.0
1574806249.529027, -695.0
1574806249.573272, -695.0
1574806249.619719, -695.0
1574806249.662361, -695.0
1574806249.706162, -695.0
1574806249.745507, -695.0
1574806249.788687, -695.0
1574806249.832824, -695.0
1574806249.872299, -695.0
1574806249.912764, -695.0
1574806249.959894, -695.0
1574806250.000768, -695.0
1574806250.042651, -695.0
1574806250.086871, -695.0
1574806250.129287, -695.0
1574806250.152313, -695.0
1574806250.17246, -695.0
1574806250.195757, -695.0
1574806250.220309, -695.0
1574806250.24116, -695.0
1574806250.264661, -695.0
1574806250.28876, -695.0
1574806250.308606, -695.0
1574806250.332908, -695.0
1574806250.3534, -695.0
1574806250.373293, -695.0
1574806250.395736, -695.0
1574806250.416359, -695.0
1574806250.4394, -695.0
1574806250.460121, -695.0
1574806250.479531, -695.0
1574806250.503624, -695.0
1574806250.526487, -695.0
1574806250.54639, -695.0
1574806250.569333, -695.0
1574806250.592621, -695.0
1574806250.612473, -695.0
1574806250.637371, -695.0
1574806250.660311, -695.0
1574806250.680136, -695.0
1574806250.704929, -695.0
1574806250.726207, -695.0
1574806250.745893, -695.0
1574806250.770767, -695.0
1574806250.79399, -695.0
1574806250.813433, -695.0
1574806250.836542, -695.0
1574806250.859489, -695.0
1574806250.878995, -695.0
1574806250.903815, -695.0
1574806250.924928, -695.0
1574806250.94503, -695.0
1574806250.969492, -695.0
1574806250.992585, -695.0
1574806251.012442, -695.0
1574806251.035583, -695.0
1574806251.059039, -695.0
1574806251.078497, -695.0
1574806251.102341, -695.0
1574806251.126169, -695.0
1574806251.144604, -695.0
1574806251.167859, -695.0
1574806251.188406, -695.0
1574806251.207055, -695.0
1574806251.150628, -695.0
1574806251.169094, -695.0
1574806251.189425, -695.0
1574806251.207562, -695.0
1574806251.228676, -695.0
1574806251.246919, -695.0
1574806251.267699, -695.0
1574806251.288419, -695.0
1574806251.306583, -695.0
1574806251.32724, -695.0
1574806251.345614, -695.0
1574806251.366208, -695.0
1574806251.386556, -695.0
1574806251.404959, -695.0
1574806251.425569, -695.0
1574806251.444045, -695.0
1574806251.463498, -695.0
1574806251.492561, -695.0
1574806251.510668, -695.0
1574806251.531101, -695.0
1574806251.551703, -695.0
1574806251.570169, -695.0
1574806251.59134, -695.0
1574806251.609475, -695.0
1574806251.63062, -695.0
1574806251.652093, -695.0
1574806251.670277, -695.0
1574806251.691734, -695.0
1574806251.710298, -695.0
1574806251.732026, -695.0
1574806251.753517, -695.0
1574806251.771895, -695.0
1574806251.793058, -695.0
1574806251.811494, -695.0
1574806251.832865, -695.0
1574806251.853859, -695.0
1574806251.872179, -695.0
1574806251.892644, -695.0
1574806251.910739, -695.0
1574806251.92929, -695.0
1574806251.947359, -695.0
1574806251.975803, -695.0
1574806251.996237, -695.0
1574806252.016408, -695.0
1574806252.034527, -695.0
1574806252.055253, -695.0
1574806252.073376, -695.0
1574806252.093794, -695.0
1574806252.111966, -695.0
1574806252.132185, -695.0
1574806251.255103, -695.0
1574806251.273962, -695.0
1574806251.294699, -695.0
1574806251.312904, -695.0
1574806251.33589, -695.0
1574806251.358339, -695.0
1574806251.37658, -695.0
1574806251.397884, -695.0
1574806251.420292, -695.0
1574806251.439384, -695.0
1574806251.46184, -695.0
1574806251.480103, -695.0
1574806251.503439, -695.0
1574806251.526503, -695.0
1574806251.545001, -695.0
1574806251.568242, -695.0
1574806251.590687, -695.0
1574806251.608906, -695.0
1574806251.631162, -695.0
1574806251.65339, -695.0
1574806251.672022, -695.0
1574806251.694316, -695.0
1574806251.712627, -695.0
1574806251.735357, -695.0
1574806251.757651, -695.0
1574806251.776007, -695.0
1574806251.79902, -695.0
1574806251.821129, -695.0
1574806251.8399, -695.0
1574806251.862095, -695.0
1574806251.880819, -695.0
1574806251.904208, -695.0
1574806251.927257, -695.0
1574806251.945783, -695.0
1574806251.967787, -695.0
1574806251.990509, -695.0
1574806252.008982, -695.0
1574806252.032252, -695.0
1574806252.056244, -695.0
1574806252.075276, -695.0
1574806252.098798, -695.0
1574806252.121981, -695.0
1574806252.141311, -695.0
1574806252.164609, -695.0
1574806252.187732, -695.0
1574806252.206755, -695.0
1574806252.229967, -695.0
1574806252.253049, -695.0
1574806252.271795, -695.0
1574806252.294309, -695.0
1574806252.172193, -695.0
1574806252.192767, -695.0
1574806252.210897, -695.0
1574806252.232119, -695.0
1574806252.252991, -695.0
1574806252.271543, -695.0
1574806252.292585, -695.0
1574806252.311266, -695.0
1574806252.332131, -695.0
1574806252.353162, -695.0
1574806252.371382, -695.0
1574806252.39121, -695.0
1574806252.409515, -695.0
1574806252.437105, -695.0
1574806252.458015, -695.0
1574806252.477169, -695.0
1574806252.497855, -695.0
1574806252.519175, -695.0
1574806252.537891, -695.0
1574806252.558962, -695.0
1574806252.577447, -695.0
1574806252.598632, -695.0
1574806252.619379, -695.0
1574806252.638124, -695.0
1574806252.659226, -695.0
1574806252.677381, -695.0
1574806252.698175, -695.0
1574806252.71873, -695.0
1574806252.738089, -695.0
1574806252.759273, -695.0
1574806252.777519, -695.0
1574806252.798263, -695.0
1574806252.818917, -695.0
1574806252.837201, -695.0
1574806252.85681, -695.0
1574806252.874952, -695.0
1574806252.9033, -695.0
1574806252.924081, -695.0
1574806252.942535, -695.0
1574806252.963452, -695.0
1574806252.985488, -695.0
1574806253.004036, -695.0
1574806253.024989, -695.0
1574806253.0435, -695.0
1574806253.065884, -695.0
1574806253.087157, -695.0
1574806253.10584, -695.0
1574806253.127202, -695.0
1574806253.145655, -695.0
1574806253.167189, -695.0
1574806252.333563, -695.0
1574806252.355787, -695.0
1574806252.374718, -695.0
1574806252.397314, -695.0
1574806252.416386, -695.0
1574806252.437941, -695.0
1574806252.460256, -695.0
1574806252.478665, -695.0
1574806252.501471, -695.0
1574806252.524419, -695.0
1574806252.543721, -695.0
1574806252.567109, -695.0
1574806252.587953, -695.0
1574806252.607242, -695.0
1574806252.630007, -695.0
1574806253.140038, -695.0
1574806254.177607, -695.0
1574806254.949427, -695.0
1574806255.74296, -695.0
1574806256.491354, -695.0
1574806257.291232, -695.0
1574806258.073929, -695.0
1574806258.821528, -695.0
1574806259.557238, -695.0
1574806260.446323, -695.0
1574806261.118959, -695.0
1574806261.841094, -695.0
1574806262.648479, -695.0
1574806263.21881, -695.0
1574806263.789084, -695.0
1574806264.50249, -695.0
1574806265.283205, -695.0
1574806266.124446, -695.0
1574806266.956847, -695.0
1574806267.655353, -695.0
1574806268.424537, -695.0
1574806269.191923, -695.0
1574806269.931987, -695.0
1574806270.702603, -695.0
1574806271.44728, -695.0
1574806272.185451, -695.0
1574806272.954855, -695.0
1574806273.740032, -695.0
1574806274.489194, -695.0
1574806275.254137, -695.0
1574806276.00214, -695.0
1574806276.765126, -695.0
1574806277.537534, -695.0
1574806278.287896, -695.0
1574806279.011874, -695.0
1574806291.29537, -695.0
1574806291.595242, -695.0
1574806291.886942, -695.0
1574806292.186518, -695.0
1574806292.592523, -695.0
1574806293.040583, -695.0
1574806293.473174, -695.0
1574806293.925559, -695.0
1574806294.351356, -695.0
1574806294.631131, -695.0
1574806294.891317, -695.0
1574806295.140679, -695.0
1574806295.369191, -695.0
1574806295.733643, -695.0
1574806296.166165, -695.0
1574806296.584352, -695.0
1574806296.996931, -695.0
1574806297.435899, -695.0
1574806297.858878, -695.0
1574806298.285776, -695.0
1574806298.596424, -695.0
1574806298.862515, -695.0
1574806299.130296, -695.0
1574806299.427541, -695.0
1574806299.4325, -695.0
1574806299.869403, -695.0
1574806300.274042, -695.0
1574806300.679028, -695.0
1574806301.065011, -695.0
1574806301.460336, -695.0
1574806301.790669, -695.0
1574806302.051289, -695.0
1574806302.333024, -695.0
1574806302.60373, -695.0
1574806302.878052, -695.0
1574806303.158434, -695.0
1574806303.43403, -695.0
1574806303.805808, -695.0
1574806304.208543, -695.0
1574806304.639766, -695.0
1574806305.055115, -695.0
1574806305.518748, -695.0
1574806305.924701, -695.0
1574806306.319844, -695.0
1574806306.703578, -695.0
1574806307.103214, -695.0
1574806307.452946, -695.0
1574806307.84976, -695.0
1574806308.294516, -695.0
1574806308.742439, -695.0
1574806309.222399, -695.0
1574806309.227528, -695.0
1574806309.23268, -695.0
1574806309.689588, -695.0
1574806309.694395, -695.0
1574806309.699709, -695.0
1574806310.169989, -695.0
1574806310.567138, -695.0
1574806310.945052, -695.0
1574806311.341583, -695.0
1574806311.721471, -695.0
1574806312.138174, -695.0
1574806312.544698, -695.0
1574806312.962715, -695.0
1574806313.416216, -695.0
1574806313.841603, -695.0
1574806314.228232, -695.0
1574806314.606418, -695.0
1574806314.999724, -695.0
1574806315.379665, -695.0
1574806315.742769, -695.0
1574806316.146074, -695.0
1574806316.525198, -695.0
1574806316.942459, -695.0
1574806317.36568, -695.0
1574806317.776428, -695.0
1574806318.146355, -695.0
1574806318.521627, -695.0
1574806318.893415, -695.0
1574806319.277161, -695.0
1574806319.700321, -695.0
1574806320.0619, -695.0
1574806320.328915, -695.0
1574806320.638202, -695.0
1574806320.911059, -695.0
1574806321.204152, -695.0
1574806321.533219, -695.0
1574806321.940845, -695.0
1574806322.308642, -695.0
1574806322.695753, -695.0
1574806323.017762, -695.0
1574806323.299796, -695.0
1574806323.559725, -695.0
1574806323.85558, -695.0
1574806324.312476, -695.0
1574806324.710567, -695.0
1574806325.133488, -695.0
1574806325.510732, -695.0
1574806325.890528, -695.0
1574806326.29081, -695.0
1574806326.719147, -695.0
1574806327.089651, -695.0
1574806327.46817, -695.0
1574806327.829941, -695.0
1574806328.229907, -695.0
1574806328.557498, -695.0
1574806328.7856, -695.0
1574806328.98644, -695.0
1574806329.19325, -695.0
1574806329.410404, -695.0
1574806329.616068, -695.0
1574806329.818576, -695.0
1574806330.0333, -695.0
1574806330.246002, -695.0
1574806330.465286, -695.0
1574806330.664445, -695.0
1574806330.856227, -695.0
1574806331.069428, -695.0
1574806331.265387, -695.0
1574806331.464055, -695.0
1574806331.661237, -695.0
1574806331.867542, -695.0
1574806332.084687, -695.0
1574806332.275037, -695.0
1574806332.505, -695.0
1574806332.714267, -695.0
1574806332.922792, -695.0
1574806333.119097, -695.0
1574806333.318587, -695.0
1574806333.509162, -695.0
1574806333.705455, -695.0
1574806333.922655, -695.0
1574806334.132564, -695.0
1574806334.332025, -695.0
1574806334.533258, -695.0
1574806334.722262, -695.0
1574806334.92, -695.0
1574806335.135352, -695.0
1574806335.369477, -695.0
1574806335.576046, -695.0
1574806335.777795, -695.0
1574806335.981147, -695.0
1574806336.177681, -695.0
1574806336.376849, -695.0
1574806336.58413, -695.0
1574806336.793334, -695.0
1574806336.996144, -695.0
1574806337.197637, -695.0
1574806337.400318, -695.0
1574806337.602229, -695.0
1574806337.823658, -695.0
1574806338.02222, -695.0
1574806338.229411, -695.0
1574806338.419324, -695.0
1574806338.605442, -695.0
1574806338.79653, -695.0
1574806338.995854, -695.0
1574806339.189993, -695.0
1574806339.520895, -695.0
1574806339.741738, -695.0
1574806339.948678, -695.0
1574806340.140957, -695.0
1574806340.355525, -695.0
1574806340.56319, -695.0
1574806340.76293, -695.0
1574806340.961515, -695.0
1574806341.177896, -695.0
1574806341.622019, -695.0
1574806341.994129, -695.0
1574806342.215769, -695.0
1574806342.421071, -695.0
1574806342.641386, -695.0
1574806343.019184, -695.0
1574806343.250981, -695.0
1574806343.461294, -695.0
1574806343.702941, -695.0
1574806344.122597, -695.0
1574806344.541034, -695.0
1574806344.979158, -695.0
1574806345.423279, -695.0
1574806345.873968, -695.0
1574806346.282498, -695.0
1574806346.708434, -695.0
1574806346.996534, -695.0
1574806347.279965, -695.0
1574806347.570731, -695.0
1574806347.88929, -695.0
1574806348.152151, -695.0
1574806348.446337, -695.0
1574806348.687438, -695.0
1574806349.101733, -695.0
1574806349.524857, -695.0
1574806349.951052, -695.0
1574806350.383501, -695.0
1574806350.84428, -695.0
1574806350.850285, -695.0
1574806350.855126, -695.0
1574806350.860252, -695.0
1574806351.187078, -695.0
1574806351.412197, -695.0
1574806351.650542, -695.0
1574806351.865979, -695.0
1574806352.084274, -695.0
1574806352.292918, -695.0
1574806352.49697, -695.0
1574806352.688364, -695.0
1574806352.873813, -695.0
1574806353.101654, -695.0
1574806353.285135, -695.0
1574806353.493632, -695.0
1574806353.706161, -695.0
1574806353.920757, -695.0
1574806354.142554, -695.0
1574806354.364427, -695.0
1574806354.570544, -695.0
1574806354.761055, -695.0
1574806354.96881, -695.0
1574806355.190936, -695.0
1574806355.39641, -695.0
1574806355.810889, -695.0
1574806355.816273, -695.0
1574806356.236014, -695.0
1574806356.626051, -695.0
1574806356.891751, -695.0
1574806357.124693, -695.0
1574806357.323201, -695.0
1574806357.557618, -695.0
1574806357.799515, -695.0
1574806357.996928, -695.0
1574806358.238173, -695.0
1574806358.442106, -695.0
1574806358.649647, -695.0
1574806358.886413, -695.0
1574806359.109121, -695.0
1574806359.34235, -695.0
1574806359.596944, -695.0
1574806359.847994, -695.0
1574806360.099731, -695.0
1574806360.351853, -695.0
1574806360.585884, -695.0
1574806360.825061, -695.0
1574806361.077442, -695.0
1574806361.319137, -695.0
1574806361.537602, -695.0
1574806361.777947, -695.0
1574806362.016104, -695.0
1574806362.265602, -695.0
1574806362.627762, -695.0
1574806363.110958, -695.0
1574806363.558753, -695.0
1574806291.327074, -695.0
1574806291.667356, -695.0
1574806291.977467, -695.0
1574806292.274895, -695.0
1574806292.691353, -695.0
1574806293.15948, -695.0
1574806293.604865, -695.0
1574806294.08206, -695.0
1574806294.598229, -695.0
1574806294.894632, -695.0
1574806295.167126, -695.0
1574806295.43748, -695.0
1574806295.686001, -695.0
1574806296.14707, -695.0
1574806296.639274, -695.0
1574806297.094662, -695.0
1574806297.536352, -695.0
1574806297.987805, -695.0
1574806298.41435, -695.0
1574806298.852416, -695.0
1574806299.154795, -695.0
1574806299.410861, -695.0
1574806299.661241, -695.0
1574806299.952098, -695.0
1574806299.956926, -695.0
1574806300.419545, -695.0
1574806300.861073, -695.0
1574806301.307083, -695.0
1574806301.710554, -695.0
1574806302.118556, -695.0
1574806302.462292, -695.0
1574806302.710858, -695.0
1574806302.972216, -695.0
1574806303.221181, -695.0
1574806303.46974, -695.0
1574806303.721433, -695.0
1574806303.968215, -695.0
1574806304.352607, -695.0
1574806304.778495, -695.0
1574806305.219112, -695.0
1574806305.655739, -695.0
1574806306.110445, -695.0
1574806306.540438, -695.0
1574806306.955885, -695.0
1574806307.38525, -695.0
1574806307.794925, -695.0
1574806308.158323, -695.0
1574806308.552204, -695.0
1574806308.994397, -695.0
1574806309.453933, -695.0
1574806309.458828, -695.0
1574806309.463585, -695.0
1574806309.914429, -695.0
1574806310.169956, -695.0
1574806310.427419, -695.0
1574806310.673247, -695.0
1574806310.936645, -695.0
1574806311.198135, -695.0
1574806311.401545, -695.0
1574806311.59306, -695.0
1574806311.791926, -695.0
1574806311.979074, -695.0
1574806312.205052, -695.0
1574806312.417784, -695.0
1574806312.843663, -695.0
1574806313.040899, -695.0
1574806313.253144, -695.0
1574806313.455771, -695.0
1574806313.663426, -695.0
1574806313.860121, -695.0
1574806314.050424, -695.0
1574806314.27117, -695.0
1574806314.473716, -695.0
1574806314.674374, -695.0
1574806314.87761, -695.0
1574806315.079502, -695.0
1574806315.290093, -695.0
1574806315.497974, -695.0
1574806315.706838, -695.0
1574806315.911438, -695.0
1574806316.119487, -695.0
1574806316.317548, -695.0
1574806316.525121, -695.0
1574806316.742312, -695.0
1574806316.966552, -695.0
1574806317.18022, -695.0
1574806317.372246, -695.0
1574806317.560641, -695.0
1574806317.767225, -695.0
1574806317.970137, -695.0
1574806318.176104, -695.0
1574806318.378342, -695.0
1574806318.592477, -695.0
1574806318.795348, -695.0
1574806318.98456, -695.0
1574806319.204805, -695.0
1574806319.399276, -695.0
1574806319.587878, -695.0
1574806319.807792, -695.0
1574806320.003645, -695.0
1574806320.216788, -695.0
1574806320.428166, -695.0
1574806320.665619, -695.0
1574806320.876518, -695.0
1574806321.091713, -695.0
1574806321.29871, -695.0
1574806321.521004, -695.0
1574806321.72499, -695.0
1574806321.95683, -695.0
1574806322.166199, -695.0
1574806322.358257, -695.0
1574806322.549989, -695.0
1574806322.743005, -695.0
1574806322.946854, -695.0
1574806323.172184, -695.0
1574806323.375701, -695.0
1574806323.585899, -695.0
1574806323.78926, -695.0
1574806323.975637, -695.0
1574806324.185499, -695.0
1574806324.190355, -695.0
1574806324.195064, -695.0
1574806324.200335, -695.0
1574806324.205232, -695.0
1574806324.210053, -695.0
1574806324.217671, -695.0
1574806324.222617, -695.0
1574806324.227521, -695.0
1574806324.703533, -695.0
1574806325.118202, -695.0
1574806325.554223, -695.0
1574806325.990242, -695.0
1574806326.443229, -695.0
1574806326.876552, -695.0
1574806327.311347, -695.0
1574806327.684039, -695.0
1574806328.107675, -695.0
1574806328.51908, -695.0
1574806329.005731, -695.0
1574806329.420071, -695.0
1574806329.794479, -695.0
1574806330.075711, -695.0
1574806330.369973, -695.0
1574806330.60503, -695.0
1574806330.82467, -695.0
1574806331.073029, -695.0
1574806331.286875, -695.0
1574806331.526521, -695.0
1574806331.767246, -695.0
1574806331.993083, -695.0
1574806332.243031, -695.0
1574806332.450759, -695.0
1574806332.683486, -695.0
1574806332.91596, -695.0
1574806333.138993, -695.0
1574806333.363329, -695.0
1574806333.609935, -695.0
1574806333.851454, -695.0
1574806334.185188, -695.0
1574806334.668924, -695.0
1574806334.674313, -695.0
1574806334.679107, -695.0
1574806334.683973, -695.0
1574806334.688832, -695.0
1574806334.693566, -695.0
1574806335.058198, -695.0
1574806335.314564, -695.0
1574806335.821308, -695.0
1574806335.826141, -695.0
1574806335.831183, -695.0
1574806336.379396, -695.0
1574806336.859336, -695.0
1574806337.374622, -695.0
1574806337.860931, -695.0
1574806338.32374, -695.0
1574806338.791112, -695.0
1574806339.216039, -695.0
1574806339.598645, -695.0
1574806340.074112, -695.0
1574806340.476229, -695.0
1574806340.978407, -695.0
1574806341.476393, -695.0
1574806341.992597, -695.0
1574806342.497697, -695.0
1574806342.984859, -695.0
1574806343.504361, -695.0
1574806343.9642, -695.0
1574806344.524844, -695.0
1574806345.027792, -695.0
1574806345.529143, -695.0
1574806346.044376, -695.0
1574806346.533388, -695.0
1574806346.538606, -695.0
1574806347.048882, -695.0
1574806347.555611, -695.0
1574806347.561035, -695.0
1574806348.086492, -695.0
1574806348.580757, -695.0
1574806349.076205, -695.0
1574806349.538327, -695.0
1574806349.543115, -695.0
1574806349.548733, -695.0
1574806350.00049, -695.0
1574806350.446154, -695.0
1574806350.836535, -695.0
1574806351.277861, -695.0
1574806351.754573, -695.0
1574806352.180956, -695.0
1574806352.592891, -695.0
1574806352.980998, -695.0
1574806353.380414, -695.0
1574806353.846488, -695.0
1574806354.342299, -695.0
1574806354.679872, -695.0
1574806355.02447, -695.0
1574806355.274317, -695.0
1574806355.547202, -695.0
1574806355.833457, -695.0
1574806356.103872, -695.0
1574806356.378074, -695.0
1574806356.633929, -695.0
1574806356.895215, -695.0
1574806357.155775, -695.0
1574806357.427662, -695.0
1574806357.703417, -695.0
1574806357.97217, -695.0
1574806358.229546, -695.0
1574806358.499749, -695.0
1574806358.925083, -695.0
1574806359.398395, -695.0
1574806359.64683, -695.0
1574806359.885083, -695.0
1574806360.108262, -695.0
1574806360.357174, -695.0
1574806360.591785, -695.0
1574806360.843054, -695.0
1574806361.07582, -695.0
1574806361.343801, -695.0
1574806361.783472, -695.0
1574806362.224897, -695.0
1574806362.674974, -695.0
1574806363.119667, -695.0
1574806363.545024, -695.0
1574806364.017166, -695.0
1574806364.47942, -695.0
1574806364.918013, -695.0
1574806365.374441, -695.0
1574806365.79558, -695.0
1574806366.185209, -695.0
1574806366.634396, -695.0
1574806291.202468, -695.0
1574806291.419875, -695.0
1574806291.62746, -695.0
1574806291.895415, -695.0
1574806292.319057, -695.0
1574806292.32417, -695.0
1574806292.328979, -695.0
1574806292.335252, -695.0
1574806292.340127, -695.0
1574806292.345059, -695.0
1574806292.353558, -695.0
1574806292.358436, -695.0
1574806292.363469, -695.0
1574806292.701868, -695.0
1574806292.900953, -695.0
1574806293.100585, -695.0
1574806293.302593, -695.0
1574806293.503322, -695.0
1574806293.691536, -695.0
1574806293.900295, -695.0
1574806294.103081, -695.0
1574806294.316689, -695.0
1574806294.53785, -695.0
1574806294.740424, -695.0
1574806294.952263, -695.0
1574806295.162136, -695.0
1574806295.372166, -695.0
1574806295.580312, -695.0
1574806295.800971, -695.0
1574806296.055122, -695.0
1574806296.258, -695.0
1574806296.477133, -695.0
1574806296.709089, -695.0
1574806296.948274, -695.0
1574806297.164253, -695.0
1574806297.41706, -695.0
1574806297.646546, -695.0
1574806297.889699, -695.0
1574806298.128425, -695.0
1574806298.392513, -695.0
1574806298.625958, -695.0
1574806298.851867, -695.0
1574806299.089901, -695.0
1574806299.446629, -695.0
1574806299.45215, -695.0
1574806299.457149, -695.0
1574806299.461993, -695.0
1574806299.978461, -695.0
1574806300.228048, -695.0
1574806300.451858, -695.0
1574806300.714475, -695.0
1574806300.940841, -695.0
1574806301.214913, -695.0
1574806301.63857, -695.0
1574806302.041755, -695.0
1574806302.391283, -695.0
1574806302.609083, -695.0
1574806302.818765, -695.0
1574806303.027736, -695.0
1574806303.270467, -695.0
1574806303.518062, -695.0
1574806303.775184, -695.0
1574806304.014071, -695.0
1574806304.242161, -695.0
1574806304.479628, -695.0
1574806304.707023, -695.0
1574806304.972084, -695.0
1574806305.208215, -695.0
1574806305.474623, -695.0
1574806305.940248, -695.0
1574806305.94596, -695.0
1574806305.953144, -695.0
1574806305.958112, -695.0
1574806305.962895, -695.0
1574806305.974612, -695.0
1574806305.979606, -695.0
1574806305.993857, -695.0
1574806305.999304, -695.0
1574806306.00431, -695.0
1574806306.009113, -695.0
1574806306.517899, -695.0
1574806306.913403, -695.0
1574806307.216749, -695.0
1574806307.508734, -695.0
1574806307.811626, -695.0
1574806308.103941, -695.0
1574806308.393324, -695.0
1574806308.663862, -695.0
1574806308.931168, -695.0
1574806309.210652, -695.0
1574806309.475483, -695.0
1574806310.018805, -695.0
1574806310.023652, -695.0
1574806310.028595, -695.0
1574806310.039381, -695.0
1574806310.04414, -695.0
1574806310.052102, -695.0
1574806310.057003, -695.0
1574806310.061716, -695.0
1574806310.071036, -695.0
1574806310.078538, -695.0
1574806310.593314, -695.0
1574806310.993966, -695.0
1574806311.301493, -695.0
1574806311.577021, -695.0
1574806311.869537, -695.0
1574806312.184322, -695.0
1574806312.408287, -695.0
1574806312.643824, -695.0
1574806312.86716, -695.0
1574806312.872009, -695.0
1574806313.22764, -695.0
1574806313.426938, -695.0
1574806313.617403, -695.0
1574806313.81295, -695.0
1574806314.006961, -695.0
1574806314.191234, -695.0
1574806314.37983, -695.0
1574806314.586376, -695.0
1574806314.794078, -695.0
1574806315.002152, -695.0
1574806315.201643, -695.0
1574806315.399682, -695.0
1574806315.583838, -695.0
1574806315.76009, -695.0
1574806315.943707, -695.0
1574806316.174714, -695.0
1574806316.399512, -695.0
1574806316.59669, -695.0
1574806316.809302, -695.0
1574806317.015339, -695.0
1574806317.206169, -695.0
1574806317.411099, -695.0
1574806317.612899, -695.0
1574806317.821764, -695.0
1574806318.026324, -695.0
1574806318.223099, -695.0
1574806318.437966, -695.0
1574806318.640071, -695.0
1574806318.973757, -695.0
1574806319.235481, -695.0
1574806319.24046, -695.0
1574806319.245277, -695.0
1574806319.250508, -695.0
1574806319.760525, -695.0
1574806320.008823, -695.0
1574806320.207862, -695.0
1574806320.422653, -695.0
1574806320.655143, -695.0
1574806320.869492, -695.0
1574806321.05346, -695.0
1574806321.253439, -695.0
1574806321.438839, -695.0
1574806321.6394, -695.0
1574806321.848529, -695.0
1574806322.06079, -695.0
1574806322.274617, -695.0
1574806322.485052, -695.0
1574806322.685298, -695.0
1574806322.880054, -695.0
1574806323.096833, -695.0
1574806323.294217, -695.0
1574806323.484579, -695.0
1574806323.686074, -695.0
1574806323.890245, -695.0
1574806324.123848, -695.0
1574806324.336543, -695.0
1574806324.540619, -695.0
1574806324.756623, -695.0
1574806324.942856, -695.0
1574806325.178258, -695.0
1574806325.597585, -695.0
1574806325.603635, -695.0
1574806325.608491, -695.0
1574806325.615031, -695.0
1574806326.073137, -695.0
1574806326.07812, -695.0
1574806326.435961, -695.0
1574806326.656373, -695.0
1574806326.835916, -695.0
1574806327.043703, -695.0
1574806327.256851, -695.0
1574806327.461089, -695.0
1574806327.656337, -695.0
1574806327.870325, -695.0
1574806328.065974, -695.0
1574806328.389092, -695.0
1574806328.393964, -695.0
1574806328.831715, -695.0
1574806329.262425, -695.0
1574806329.5612, -695.0
1574806329.806659, -695.0
1574806329.811522, -695.0
1574806330.273445, -695.0
1574806330.699857, -695.0
1574806330.977848, -695.0
1574806331.281579, -695.0
1574806331.540155, -695.0
1574806331.944398, -695.0
1574806332.162396, -695.0
1574806332.391404, -695.0
1574806332.587307, -695.0
1574806332.765472, -695.0
1574806332.96497, -695.0
1574806333.179768, -695.0
1574806333.383931, -695.0
1574806333.583875, -695.0
1574806333.773293, -695.0
1574806333.987007, -695.0
1574806334.191474, -695.0
1574806334.393348, -695.0
1574806334.64517, -695.0
1574806334.867409, -695.0
1574806335.071041, -695.0
1574806335.401168, -695.0
1574806335.616149, -695.0
1574806336.051095, -695.0
1574806336.2352, -695.0
1574806336.45176, -695.0
1574806336.665741, -695.0
1574806336.887226, -695.0
1574806337.086136, -695.0
1574806337.280288, -695.0
1574806337.543967, -695.0
1574806337.983133, -695.0
1574806338.320071, -695.0
1574806338.734861, -695.0
1574806339.173305, -695.0
1574806339.623175, -695.0
1574806340.023192, -695.0
1574806340.028054, -695.0
1574806340.033002, -695.0
1574806340.403506, -695.0
1574806340.698808, -695.0
1574806340.979572, -695.0
1574806341.266473, -695.0
1574806341.496185, -695.0
1574806341.695429, -695.0
1574806341.700495, -695.0
1574806341.705461, -695.0
1574806342.149234, -695.0
1574806342.558305, -695.0
1574806342.996582, -695.0
1574806343.399539, -695.0
1574806343.81261, -695.0
1574806344.247153, -695.0
1574806344.668917, -695.0
1574806345.087425, -695.0
1574806345.533084, -695.0
1574806345.969658, -695.0
1574806291.37348, -695.0
1574806291.736751, -695.0
1574806292.09184, -695.0
1574806292.493852, -695.0
1574806292.907845, -695.0
1574806293.28605, -695.0
1574806293.653574, -695.0
1574806294.069401, -695.0
1574806294.460377, -695.0
1574806294.770533, -695.0
1574806295.104996, -695.0
1574806295.400728, -695.0
1574806295.687267, -695.0
1574806296.03782, -695.0
1574806296.389618, -695.0
1574806296.718987, -695.0
1574806297.049409, -695.0
1574806297.388303, -695.0
1574806297.712595, -695.0
1574806298.080085, -695.0
1574806298.391191, -695.0
1574806298.717509, -695.0
1574806299.040182, -695.0
1574806299.378176, -695.0
1574806299.383945, -695.0
1574806299.775856, -695.0
1574806300.133779, -695.0
1574806300.504418, -695.0
1574806300.846547, -695.0
1574806301.198863, -695.0
1574806301.554054, -695.0
1574806301.857583, -695.0
1574806302.175553, -695.0
1574806302.485515, -695.0
1574806302.820254, -695.0
1574806303.151067, -695.0
1574806303.489684, -695.0
1574806303.900623, -695.0
1574806304.303247, -695.0
1574806304.686293, -695.0
1574806305.089295, -695.0
1574806305.475191, -695.0
1574806305.841534, -695.0
1574806306.188668, -695.0
1574806306.550617, -695.0
1574806306.891896, -695.0
1574806307.239968, -695.0
1574806307.64423, -695.0
1574806308.099558, -695.0
1574806308.557699, -695.0
1574806309.050285, -695.0
1574806309.055126, -695.0
1574806309.05985, -695.0
1574806309.064753, -695.0
1574806309.070442, -695.0
1574806309.075295, -695.0
1574806309.080049, -695.0
1574806309.5358, -695.0
1574806309.833307, -695.0
1574806310.039257, -695.0
1574806310.238483, -695.0
1574806310.433151, -695.0
1574806310.636996, -695.0
1574806310.851347, -695.0
1574806311.042752, -695.0
1574806311.243484, -695.0
1574806311.45046, -695.0
1574806311.721928, -695.0
1574806311.72677, -695.0
1574806312.173562, -695.0
1574806312.492478, -695.0
1574806312.815677, -695.0
1574806313.275472, -695.0
1574806313.656421, -695.0
1574806313.926145, -695.0
1574806314.171313, -695.0
1574806314.428791, -695.0
1574806314.856264, -695.0
1574806315.279259, -695.0
1574806315.723036, -695.0
1574806316.171774, -695.0
1574806316.607663, -695.0
1574806317.081993, -695.0
1574806317.330048, -695.0
1574806317.589818, -695.0
1574806317.808068, -695.0
1574806318.046772, -695.0
1574806318.275741, -695.0
1574806318.508409, -695.0
1574806318.737109, -695.0
1574806318.968684, -695.0
1574806319.210602, -695.0
1574806319.438652, -695.0
1574806319.666271, -695.0
1574806319.900049, -695.0
1574806320.408261, -695.0
1574806320.413104, -695.0
1574806320.662144, -695.0
1574806320.909841, -695.0
1574806321.155749, -695.0
1574806321.394298, -695.0
1574806321.640773, -695.0
1574806321.877735, -695.0
1574806322.123649, -695.0
1574806322.348915, -695.0
1574806322.590465, -695.0
1574806322.828259, -695.0
1574806323.063045, -695.0
1574806323.307705, -695.0
1574806323.550053, -695.0
1574806323.775553, -695.0
1574806324.009818, -695.0
1574806324.2568, -695.0
1574806324.481024, -695.0
1574806324.735355, -695.0
1574806324.970994, -695.0
1574806325.193439, -695.0
1574806325.409141, -695.0
1574806325.63691, -695.0
1574806325.865286, -695.0
1574806326.095427, -695.0
1574806326.326255, -695.0
1574806326.549987, -695.0
1574806326.774543, -695.0
1574806326.988941, -695.0
1574806327.228001, -695.0
1574806327.239002, -695.0
1574806327.243844, -695.0
1574806327.249108, -695.0
1574806327.254343, -695.0
1574806327.259237, -695.0
1574806327.264359, -695.0
1574806327.275033, -695.0
1574806327.818662, -695.0
1574806328.248203, -695.0
1574806328.6099, -695.0
1574806328.893441, -695.0
1574806329.153101, -695.0
1574806329.405366, -695.0
1574806329.683876, -695.0
1574806329.943123, -695.0
1574806330.22489, -695.0
1574806330.494713, -695.0
1574806330.780365, -695.0
1574806331.03103, -695.0
1574806331.29594, -695.0
1574806331.54372, -695.0
1574806331.804766, -695.0
1574806332.072105, -695.0
1574806332.307442, -695.0
1574806332.573375, -695.0
1574806332.812458, -695.0
1574806333.080852, -695.0
1574806333.347489, -695.0
1574806333.577496, -695.0
1574806333.825943, -695.0
1574806334.055778, -695.0
1574806334.280865, -695.0
1574806334.516361, -695.0
1574806334.747677, -695.0
1574806334.974114, -695.0
1574806335.167571, -695.0
1574806335.376317, -695.0
1574806335.546556, -695.0
1574806335.748558, -695.0
1574806335.961942, -695.0
1574806336.159102, -695.0
1574806336.360608, -695.0
1574806336.547495, -695.0
1574806336.741073, -695.0
1574806336.95873, -695.0
1574806337.17253, -695.0
1574806337.378617, -695.0
1574806337.561208, -695.0
1574806337.781307, -695.0
1574806337.981479, -695.0
1574806338.189143, -695.0
1574806338.387625, -695.0
1574806338.609054, -695.0
1574806338.818101, -695.0
1574806339.018493, -695.0
1574806339.215743, -695.0
1574806339.415357, -695.0
1574806339.629975, -695.0
1574806339.845918, -695.0
1574806340.066231, -695.0
1574806340.391551, -695.0
1574806340.610577, -695.0
1574806340.828176, -695.0
1574806341.048663, -695.0
1574806341.259033, -695.0
1574806341.458631, -695.0
1574806341.65825, -695.0
1574806341.927931, -695.0
1574806342.153, -695.0
1574806342.351032, -695.0
1574806342.603732, -695.0
1574806342.809458, -695.0
1574806343.008694, -695.0
1574806343.207304, -695.0
1574806343.417833, -695.0
1574806343.617815, -695.0
1574806343.85953, -695.0
1574806344.091134, -695.0
1574806344.312913, -695.0
1574806344.531921, -695.0
1574806344.745268, -695.0
1574806344.962183, -695.0
1574806345.153529, -695.0
1574806345.495381, -695.0
1574806345.979488, -695.0
1574806345.98671, -695.0
1574806346.337037, -695.0
1574806346.617954, -695.0
1574806346.841861, -695.0
1574806347.087153, -695.0
1574806347.303962, -695.0
1574806347.536277, -695.0
1574806347.749342, -695.0
1574806347.950053, -695.0
1574806348.188604, -695.0
1574806348.385168, -695.0
1574806348.58906, -695.0
1574806348.77778, -695.0
1574806349.004065, -695.0
1574806349.008921, -695.0
1574806349.426861, -695.0
1574806349.43306, -695.0
1574806349.438452, -695.0
1574806349.867693, -695.0
1574806350.270228, -695.0
1574806350.632915, -695.0
1574806350.938355, -695.0
1574806351.278687, -695.0
1574806351.5631, -695.0
1574806351.780292, -695.0
1574806351.990851, -695.0
1574806352.190224, -695.0
1574806352.400556, -695.0
1574806352.605631, -695.0
1574806352.80991, -695.0
1574806353.007984, -695.0
1574806353.220152, -695.0
1574806353.422293, -695.0
1574806353.645668, -695.0
1574806353.836725, -695.0
1574806354.025492, -695.0
1574806354.204017, -695.0
1574806354.412646, -695.0
1574806354.62703, -695.0
1574806345.980219, -695.0
1574806346.389716, -695.0
1574806346.800637, -695.0
1574806347.116254, -695.0
1574806347.425025, -695.0
1574806347.716658, -695.0
1574806347.992042, -695.0
1574806348.278656, -695.0
1574806348.578446, -695.0
1574806348.875788, -695.0
1574806349.18598, -695.0
1574806349.626263, -695.0
1574806350.051242, -695.0
1574806350.49199, -695.0
1574806350.938129, -695.0
1574806351.372852, -695.0
1574806351.633296, -695.0
1574806351.911625, -695.0
1574806352.18502, -695.0
1574806352.44386, -695.0
1574806352.835868, -695.0
1574806353.201359, -695.0
1574806353.600891, -695.0
1574806353.975518, -695.0
1574806354.39512, -695.0
1574806354.789305, -695.0
1574806355.208489, -695.0
1574806355.504487, -695.0
1574806355.777747, -695.0
1574806356.043626, -695.0
1574806356.325319, -695.0
1574806356.57946, -695.0
1574806356.844264, -695.0
1574806357.127033, -695.0
1574806357.408529, -695.0
1574806357.675764, -695.0
1574806357.955533, -695.0
1574806358.242479, -695.0
1574806358.501992, -695.0
1574806358.704651, -695.0
1574806358.901063, -695.0
1574806359.085686, -695.0
1574806359.291228, -695.0
1574806359.511089, -695.0
1574806359.726882, -695.0
1574806359.932384, -695.0
1574806360.130905, -695.0
1574806360.32609, -695.0
1574806360.536589, -695.0
1574806360.75568, -695.0
1574806360.958649, -695.0
1574806361.161773, -695.0
1574806361.359863, -695.0
1574806361.616106, -695.0
1574806361.829851, -695.0
1574806362.033663, -695.0
1574806362.246779, -695.0
1574806362.461989, -695.0
1574806362.687484, -695.0
1574806362.910601, -695.0
1574806363.12924, -695.0
1574806363.355456, -695.0
1574806363.594745, -695.0
1574806363.806665, -695.0
1574806364.042372, -695.0
1574806364.268719, -695.0
1574806364.4368, -695.0
1574806364.64459, -695.0
1574806364.846501, -695.0
1574806365.048375, -695.0
1574806365.243406, -695.0
1574806365.436313, -695.0
1574806365.665117, -695.0
1574806365.87617, -695.0
1574806366.090427, -695.0
1574806366.307614, -695.0
1574806366.522782, -695.0
1574806366.735292, -695.0
1574806366.958066, -695.0
1574806367.176976, -695.0
1574806367.386905, -695.0
1574806367.615125, -695.0
1574806367.821385, -695.0
1574806368.025008, -695.0
1574806368.241391, -695.0
1574806368.455741, -695.0
1574806368.668497, -695.0
1574806368.89319, -695.0
1574806369.111712, -695.0
1574806369.295067, -695.0
1574806369.513266, -695.0
1574806369.734302, -695.0
1574806369.958824, -695.0
1574806370.172347, -695.0
1574806370.416196, -695.0
1574806370.662389, -695.0
1574806370.909778, -695.0
1574806371.14391, -695.0
1574806371.372196, -695.0
1574806371.611798, -695.0
1574806371.89093, -695.0
1574806372.113103, -695.0
1574806372.33866, -695.0
1574806372.562222, -695.0
1574806372.796338, -695.0
1574806373.037401, -695.0
1574806373.265554, -695.0
1574806373.470711, -695.0
1574806373.680088, -695.0
1574806373.892556, -695.0
1574806374.112769, -695.0
1574806374.320438, -695.0
1574806374.545272, -695.0
1574806374.751135, -695.0
1574806374.958708, -695.0
1574806375.194602, -695.0
1574806375.402055, -695.0
1574806375.596486, -695.0
1574806375.822944, -695.0
1574806376.03196, -695.0
1574806376.255144, -695.0
1574806376.473394, -695.0
1574806376.691799, -695.0
1574806376.910136, -695.0
1574806377.144395, -695.0
1574806377.382379, -695.0
1574806377.605154, -695.0
1574806377.864102, -695.0
1574806378.087491, -695.0
1574806378.301722, -695.0
1574806378.494038, -695.0
1574806378.704396, -695.0
1574806378.927612, -695.0
1574806379.285521, -695.0
1574806379.528022, -695.0
1574806379.73486, -695.0
1574806379.935963, -695.0
1574806380.136862, -695.0
1574806380.344987, -695.0
1574806380.557628, -695.0
1574806380.771828, -695.0
1574806380.989215, -695.0
1574806381.197852, -695.0
1574806381.409459, -695.0
1574806381.607797, -695.0
1574806381.806996, -695.0
1574806382.022038, -695.0
1574806382.236156, -695.0
1574806382.426823, -695.0
1574806382.633942, -695.0
1574806382.832288, -695.0
1574806383.031783, -695.0
1574806383.23588, -695.0
1574806383.441817, -695.0
1574806383.646014, -695.0
1574806383.853723, -695.0
1574806384.075534, -695.0
1574806384.29901, -695.0
1574806384.525159, -695.0
1574806384.868604, -695.0
1574806385.076186, -695.0
1574806385.284259, -695.0
1574806385.514819, -695.0
1574806385.745673, -695.0
1574806385.974427, -695.0
1574806386.190311, -695.0
1574806386.402684, -695.0
1574806386.618503, -695.0
1574806386.822016, -695.0
1574806387.056107, -695.0
1574806387.270057, -695.0
1574806387.491368, -695.0
1574806387.703943, -695.0
1574806387.920894, -695.0
1574806388.133632, -695.0
1574806388.359192, -695.0
1574806388.577213, -695.0
1574806388.811078, -695.0
1574806389.024066, -695.0
1574806389.23778, -695.0
1574806389.440611, -695.0
1574806389.666934, -695.0
1574806389.886544, -695.0
1574806390.105773, -695.0
1574806390.308161, -695.0
1574806390.524839, -695.0
1574806390.726938, -695.0
1574806390.937686, -695.0
1574806391.151845, -695.0
1574806391.356417, -695.0
1574806391.567314, -695.0
1574806391.789422, -695.0
1574806392.017039, -695.0
1574806392.22032, -695.0
1574806392.428251, -695.0
1574806392.659253, -695.0
1574806392.873205, -695.0
1574806393.092647, -695.0
1574806393.296115, -695.0
1574806393.505798, -695.0
1574806393.804283, -695.0
1574806394.008659, -695.0
1574806394.224953, -695.0
1574806394.421478, -695.0
1574806394.62294, -695.0
1574806394.819524, -695.0
1574806395.017798, -695.0
1574806395.337247, -695.0
1574806395.736656, -695.0
1574806395.960081, -695.0
1574806396.443983, -695.0
1574806396.866323, -695.0
1574806397.168494, -695.0
1574806397.515213, -695.0
1574806397.794304, -695.0
1574806398.03351, -695.0
1574806398.260782, -695.0
1574806398.479371, -695.0
1574806398.700932, -695.0
1574806398.904197, -695.0
1574806399.374422, -695.0
1574806399.80975, -695.0
1574806400.061978, -695.0
1574806400.277193, -695.0
1574806400.502143, -695.0
1574806400.851207, -695.0
1574806401.086997, -695.0
1574806401.328914, -695.0
1574806401.580118, -695.0
1574806401.873901, -695.0
1574806402.376082, -695.0
1574806402.787739, -695.0
1574806403.153506, -695.0
1574806403.448491, -695.0
1574806403.453443, -695.0
1574806403.992257, -695.0
1574806404.534882, -695.0
1574806404.957982, -695.0
1574806405.384164, -695.0
1574806405.815206, -695.0
1574806406.236908, -695.0
1574806406.634132, -695.0
1574806407.014576, -695.0
1574806407.344528, -695.0
1574806407.575413, -695.0
1574806407.828543, -695.0
1574806408.075621, -695.0
1574806408.299817, -695.0
1574806408.518631, -695.0
1574806408.743248, -695.0
1574806354.635747, -695.0
1574806355.092488, -695.0
1574806355.098095, -695.0
1574806355.476125, -695.0
1574806355.481884, -695.0
1574806355.487456, -695.0
1574806355.938654, -695.0
1574806355.943408, -695.0
1574806356.358684, -695.0
1574806356.76063, -695.0
1574806357.190906, -695.0
1574806357.463437, -695.0
1574806357.732583, -695.0
1574806358.028947, -695.0
1574806358.317048, -695.0
1574806358.619192, -695.0
1574806358.900247, -695.0
1574806359.192443, -695.0
1574806359.459358, -695.0
1574806359.694565, -695.0
1574806360.075391, -695.0
1574806360.467549, -695.0
1574806360.869342, -695.0
1574806361.25024, -695.0
1574806361.673217, -695.0
1574806362.056876, -695.0
1574806362.468687, -695.0
1574806362.866707, -695.0
1574806363.133319, -695.0
1574806363.395461, -695.0
1574806363.651027, -695.0
1574806363.916982, -695.0
1574806364.16227, -695.0
1574806364.354263, -695.0
1574806364.542771, -695.0
1574806364.871424, -695.0
1574806364.876871, -695.0
1574806364.883029, -695.0
1574806365.316553, -695.0
1574806365.525492, -695.0
1574806365.739653, -695.0
1574806365.928755, -695.0
1574806366.123334, -695.0
1574806366.323844, -695.0
1574806366.529407, -695.0
1574806366.736448, -695.0
1574806366.94267, -695.0
1574806367.182845, -695.0
1574806367.393121, -695.0
1574806367.607338, -695.0
1574806367.802487, -695.0
1574806367.997167, -695.0
1574806368.202764, -695.0
1574806368.445729, -695.0
1574806368.641803, -695.0
1574806368.847557, -695.0
1574806369.065187, -695.0
1574806369.265152, -695.0
1574806369.455793, -695.0
1574806369.663381, -695.0
1574806369.874778, -695.0
1574806370.084255, -695.0
1574806370.292566, -695.0
1574806370.505979, -695.0
1574806370.712946, -695.0
1574806370.94945, -695.0
1574806371.171192, -695.0
1574806371.372149, -695.0
1574806371.573995, -695.0
1574806371.769598, -695.0
1574806371.968452, -695.0
1574806372.159877, -695.0
1574806372.373686, -695.0
1574806372.557454, -695.0
1574806372.763368, -695.0
1574806372.966031, -695.0
1574806373.160495, -695.0
1574806373.391887, -695.0
1574806373.757477, -695.0
1574806374.012918, -695.0
1574806374.255572, -695.0
1574806374.462827, -695.0
1574806374.680424, -695.0
1574806374.887721, -695.0
1574806375.115083, -695.0
1574806375.342749, -695.0
1574806375.548799, -695.0
1574806375.754927, -695.0
1574806375.984395, -695.0
1574806376.195114, -695.0
1574806376.417633, -695.0
1574806376.640576, -695.0
1574806376.852559, -695.0
1574806377.074998, -695.0
1574806377.302925, -695.0
1574806377.535767, -695.0
1574806377.77165, -695.0
1574806377.995424, -695.0
1574806378.18603, -695.0
1574806378.380048, -695.0
1574806378.581668, -695.0
1574806378.782015, -695.0
1574806378.991055, -695.0
1574806379.175233, -695.0
1574806379.364074, -695.0
1574806379.594321, -695.0
1574806379.804693, -695.0
1574806380.017163, -695.0
1574806380.242181, -695.0
1574806380.458262, -695.0
1574806380.671955, -695.0
1574806380.887335, -695.0
1574806381.09552, -695.0
1574806381.293859, -695.0
1574806381.521737, -695.0
1574806381.735632, -695.0
1574806381.955013, -695.0
1574806382.159012, -695.0
1574806382.381943, -695.0
1574806382.606268, -695.0
1574806382.824172, -695.0
1574806383.01564, -695.0
1574806383.251935, -695.0
1574806383.462293, -695.0
1574806383.655058, -695.0
1574806383.889815, -695.0
1574806384.108589, -695.0
1574806384.308084, -695.0
1574806384.522636, -695.0
1574806384.724271, -695.0
1574806384.933391, -695.0
1574806385.140264, -695.0
1574806385.372696, -695.0
1574806385.584318, -695.0
1574806385.807479, -695.0
1574806386.026021, -695.0
1574806386.224256, -695.0
1574806386.449041, -695.0
1574806386.656633, -695.0
1574806386.866115, -695.0
1574806387.056632, -695.0
1574806387.268447, -695.0
1574806387.493298, -695.0
1574806387.718072, -695.0
1574806388.062979, -695.0
1574806388.300525, -695.0
1574806388.510129, -695.0
1574806388.720875, -695.0
1574806388.943553, -695.0
1574806389.149655, -695.0
1574806389.384286, -695.0
1574806389.602633, -695.0
1574806389.837988, -695.0
1574806390.060153, -695.0
1574806390.287419, -695.0
1574806390.499559, -695.0
1574806390.723433, -695.0
1574806390.946542, -695.0
1574806391.17563, -695.0
1574806391.389022, -695.0
1574806391.589311, -695.0
1574806391.790074, -695.0
1574806392.002976, -695.0
1574806392.210777, -695.0
1574806392.414824, -695.0
1574806392.602325, -695.0
1574806392.816606, -695.0
1574806393.021515, -695.0
1574806393.221996, -695.0
1574806393.434546, -695.0
1574806393.635719, -695.0
1574806393.844782, -695.0
1574806394.058237, -695.0
1574806394.282005, -695.0
1574806394.477857, -695.0
1574806394.676978, -695.0
1574806394.903284, -695.0
1574806395.11649, -695.0
1574806395.339604, -695.0
1574806395.539891, -695.0
1574806395.751226, -695.0
1574806395.990116, -695.0
1574806396.204768, -695.0
1574806396.416255, -695.0
1574806396.612159, -695.0
1574806396.807305, -695.0
1574806396.999115, -695.0
1574806397.194654, -695.0
1574806397.525637, -695.0
1574806397.878017, -695.0
1574806398.099944, -695.0
1574806398.287026, -695.0
1574806398.493345, -695.0
1574806398.689864, -695.0
1574806399.061561, -695.0
1574806399.295877, -695.0
1574806399.52508, -695.0
1574806399.751322, -695.0
1574806399.964424, -695.0
1574806400.179501, -695.0
1574806400.389036, -695.0
1574806400.608877, -695.0
1574806400.803327, -695.0
1574806401.035078, -695.0
1574806401.223963, -695.0
1574806401.444015, -695.0
1574806401.652231, -695.0
1574806401.848181, -695.0
1574806402.149504, -695.0
1574806402.386017, -695.0
1574806402.60306, -695.0
1574806402.832945, -695.0
1574806403.275122, -695.0
1574806403.748314, -695.0
1574806403.753246, -695.0
1574806404.164379, -695.0
1574806404.455479, -695.0
1574806404.882134, -695.0
1574806405.357094, -695.0
1574806405.81045, -695.0
1574806406.293283, -695.0
1574806406.301018, -695.0
1574806406.760036, -695.0
1574806407.229669, -695.0
1574806407.237682, -695.0
1574806407.242523, -695.0
1574806407.662399, -695.0
1574806408.100245, -695.0
1574806408.483689, -695.0
1574806408.833133, -695.0
1574806409.195524, -695.0
1574806409.574244, -695.0
1574806409.957304, -695.0
1574806410.34309, -695.0
1574806410.752814, -695.0
1574806411.158612, -695.0
1574806411.617697, -695.0
1574806412.060556, -695.0
1574806412.424227, -695.0
1574806412.771901, -695.0
1574806413.136733, -695.0
1574806413.544485, -695.0
1574806413.936518, -695.0
1574806414.394061, -695.0
1574806414.852529, -695.0
1574806415.280037, -695.0
1574806415.288098, -695.0
1574806415.292932, -695.0
1574806415.783815, -695.0
1574806416.153401, -695.0
1574806363.56771, -695.0
1574806363.574829, -695.0
1574806363.579584, -695.0
1574806363.585667, -695.0
1574806363.590512, -695.0
1574806363.595428, -695.0
1574806363.601243, -695.0
1574806363.609549, -695.0
1574806363.615712, -695.0
1574806363.982373, -695.0
1574806364.205385, -695.0
1574806364.465318, -695.0
1574806364.698807, -695.0
1574806364.95679, -695.0
1574806365.280683, -695.0
1574806365.788333, -695.0
1574806366.220763, -695.0
1574806366.560946, -695.0
1574806366.775567, -695.0
1574806367.021396, -695.0
1574806367.219312, -695.0
1574806367.42889, -695.0
1574806367.621413, -695.0
1574806367.838548, -695.0
1574806368.033952, -695.0
1574806368.25148, -695.0
1574806368.452787, -695.0
1574806368.655396, -695.0
1574806368.860375, -695.0
1574806369.055651, -695.0
1574806369.25819, -695.0
1574806369.467064, -695.0
1574806369.694929, -695.0
1574806369.898578, -695.0
1574806370.105046, -695.0
1574806370.337592, -695.0
1574806370.554461, -695.0
1574806370.759629, -695.0
1574806370.961286, -695.0
1574806371.186714, -695.0
1574806371.413698, -695.0
1574806371.613843, -695.0
1574806371.828226, -695.0
1574806372.019544, -695.0
1574806372.236628, -695.0
1574806372.445613, -695.0
1574806372.659875, -695.0
1574806372.878844, -695.0
1574806373.105784, -695.0
1574806373.318102, -695.0
1574806373.528399, -695.0
1574806373.75287, -695.0
1574806373.99649, -695.0
1574806374.194897, -695.0
1574806374.436227, -695.0
1574806374.656111, -695.0
1574806374.88811, -695.0
1574806375.128257, -695.0
1574806375.346306, -695.0
1574806375.557264, -695.0
1574806375.780088, -695.0
1574806376.004517, -695.0
1574806376.21903, -695.0
1574806376.433977, -695.0
1574806376.644078, -695.0
1574806376.851932, -695.0
1574806377.056425, -695.0
1574806377.299568, -695.0
1574806377.523354, -695.0
1574806377.742323, -695.0
1574806377.953409, -695.0
1574806378.171744, -695.0
1574806378.387308, -695.0
1574806378.617694, -695.0
1574806378.837925, -695.0
1574806379.065013, -695.0
1574806379.294516, -695.0
1574806379.513838, -695.0
1574806379.702094, -695.0
1574806379.903474, -695.0
1574806380.106031, -695.0
1574806380.321801, -695.0
1574806380.524668, -695.0
1574806380.709295, -695.0
1574806380.924472, -695.0
1574806381.145518, -695.0
1574806381.354868, -695.0
1574806381.565465, -695.0
1574806381.762638, -695.0
1574806381.95394, -695.0
1574806382.16137, -695.0
1574806382.360928, -695.0
1574806382.575257, -695.0
1574806382.799543, -695.0
1574806383.025281, -695.0
1574806383.236675, -695.0
1574806383.447754, -695.0
1574806383.626507, -695.0
1574806383.810805, -695.0
1574806384.005777, -695.0
1574806384.200725, -695.0
1574806384.4, -695.0
1574806384.594696, -695.0
1574806384.790239, -695.0
1574806384.991402, -695.0
1574806385.190292, -695.0
1574806385.385047, -695.0
1574806385.574014, -695.0
1574806385.769499, -695.0
1574806386.001336, -695.0
1574806386.248916, -695.0
1574806386.472963, -695.0
1574806386.670543, -695.0
1574806386.870174, -695.0
1574806387.080082, -695.0
1574806387.277472, -695.0
1574806387.496466, -695.0
1574806387.705737, -695.0
1574806387.901834, -695.0
1574806388.123167, -695.0
1574806388.332232, -695.0
1574806388.507195, -695.0
1574806388.69418, -695.0
1574806388.885162, -695.0
1574806389.086372, -695.0
1574806389.27918, -695.0
1574806389.477433, -695.0
1574806389.675115, -695.0
1574806389.876128, -695.0
1574806390.091817, -695.0
1574806390.305594, -695.0
1574806390.526832, -695.0
1574806390.772312, -695.0
1574806390.987867, -695.0
1574806391.198217, -695.0
1574806391.403851, -695.0
1574806391.626884, -695.0
1574806391.850479, -695.0
1574806392.056267, -695.0
1574806392.251627, -695.0
1574806392.456155, -695.0
1574806392.655698, -695.0
1574806392.849064, -695.0
1574806393.068685, -695.0
1574806393.274321, -695.0
1574806393.481908, -695.0
1574806393.716284, -695.0
1574806393.933864, -695.0
1574806394.329026, -695.0
1574806394.532795, -695.0
1574806394.728939, -695.0
1574806394.92969, -695.0
1574806395.137915, -695.0
1574806395.366479, -695.0
1574806395.721381, -695.0
1574806395.931276, -695.0
1574806396.133766, -695.0
1574806396.342454, -695.0
1574806396.651408, -695.0
1574806396.843898, -695.0
1574806397.041932, -695.0
1574806397.254729, -695.0
1574806397.496522, -695.0
1574806397.726967, -695.0
1574806397.942166, -695.0
1574806398.14149, -695.0
1574806398.345578, -695.0
1574806398.556004, -695.0
1574806398.764607, -695.0
1574806398.967145, -695.0
1574806399.196327, -695.0
1574806399.40547, -695.0
1574806399.620063, -695.0
1574806399.951525, -695.0
1574806400.251398, -695.0
1574806400.50863, -695.0
1574806400.717528, -695.0
1574806400.946607, -695.0
1574806401.152035, -695.0
1574806401.578969, -695.0
1574806402.035513, -695.0
1574806402.486166, -695.0
1574806402.88747, -695.0
1574806403.095698, -695.0
1574806403.290383, -695.0
1574806403.487828, -695.0
1574806403.71195, -695.0
1574806403.926494, -695.0
1574806404.150254, -695.0
1574806404.390799, -695.0
1574806404.595967, -695.0
1574806404.84611, -695.0
1574806405.074175, -695.0
1574806405.287077, -695.0
1574806405.509254, -695.0
1574806405.726037, -695.0
1574806405.923894, -695.0
1574806406.152716, -695.0
1574806406.359772, -695.0
1574806406.582698, -695.0
1574806406.783036, -695.0
1574806406.996151, -695.0
1574806407.208958, -695.0
1574806407.44138, -695.0
1574806407.649297, -695.0
1574806407.871409, -695.0
1574806408.095698, -695.0
1574806408.291723, -695.0
1574806408.52454, -695.0
1574806408.73854, -695.0
1574806408.970278, -695.0
1574806409.205887, -695.0
1574806409.428436, -695.0
1574806409.652877, -695.0
1574806409.863416, -695.0
1574806410.072072, -695.0
1574806410.307713, -695.0
1574806410.505142, -695.0
1574806410.740629, -695.0
1574806410.956684, -695.0
1574806411.199132, -695.0
1574806411.404324, -695.0
1574806411.623074, -695.0
1574806411.839617, -695.0
1574806412.043862, -695.0
1574806412.255604, -695.0
1574806412.470221, -695.0
1574806412.66626, -695.0
1574806412.873312, -695.0
1574806413.091132, -695.0
1574806413.30045, -695.0
1574806413.494945, -695.0
1574806413.715577, -695.0
1574806413.911699, -695.0
1574806414.115965, -695.0
1574806414.347696, -695.0
1574806414.565198, -695.0
1574806414.777362, -695.0
1574806415.023497, -695.0
1574806415.240076, -695.0
1574806415.472149, -695.0
1574806415.679217, -695.0
1574806415.903256, -695.0
1574806416.106794, -695.0
1574806416.310369, -695.0
1574806416.529831, -695.0
1574806416.747508, -695.0
1574806416.968697, -695.0
1574806417.176322, -695.0
1574806417.382499, -695.0
1574806366.646213, -695.0
1574806366.651195, -695.0
1574806367.087073, -695.0
1574806367.543456, -695.0
1574806367.549022, -695.0
1574806367.553989, -695.0
1574806367.559581, -695.0
1574806367.564391, -695.0
1574806367.574179, -695.0
1574806367.579472, -695.0
1574806367.584589, -695.0
1574806367.589379, -695.0
1574806367.59406, -695.0
1574806367.989609, -695.0
1574806368.320034, -695.0
1574806368.643497, -695.0
1574806368.953113, -695.0
1574806369.272723, -695.0
1574806369.583719, -695.0
1574806369.86474, -695.0
1574806370.179363, -695.0
1574806370.447092, -695.0
1574806370.704398, -695.0
1574806370.95417, -695.0
1574806371.21578, -695.0
1574806371.473524, -695.0
1574806371.704625, -695.0
1574806371.905558, -695.0
1574806372.097047, -695.0
1574806372.26868, -695.0
1574806372.460034, -695.0
1574806372.657832, -695.0
1574806372.848363, -695.0
1574806373.041777, -695.0
1574806373.232527, -695.0
1574806373.416685, -695.0
1574806373.602106, -695.0
1574806373.803265, -695.0
1574806373.99735, -695.0
1574806374.185398, -695.0
1574806374.373055, -695.0
1574806374.602382, -695.0
1574806374.786693, -695.0
1574806374.975565, -695.0
1574806375.170852, -695.0
1574806375.359835, -695.0
1574806375.558033, -695.0
1574806375.746013, -695.0
1574806375.935357, -695.0
1574806376.129458, -695.0
1574806376.333294, -695.0
1574806376.515223, -695.0
1574806376.714172, -695.0
1574806376.922952, -695.0
1574806377.090403, -695.0
1574806377.293114, -695.0
1574806377.486763, -695.0
1574806377.680901, -695.0
1574806377.867362, -695.0
1574806378.068974, -695.0
1574806378.301661, -695.0
1574806378.507751, -695.0
1574806378.720391, -695.0
1574806378.936405, -695.0
1574806379.154957, -695.0
1574806379.367884, -695.0
1574806379.605628, -695.0
1574806379.830905, -695.0
1574806380.057129, -695.0
1574806380.279624, -695.0
1574806380.491636, -695.0
1574806380.699736, -695.0
1574806380.921378, -695.0
1574806381.134886, -695.0
1574806381.362775, -695.0
1574806381.600963, -695.0
1574806381.821413, -695.0
1574806382.008995, -695.0
1574806382.233428, -695.0
1574806382.473291, -695.0
1574806382.695991, -695.0
1574806382.909927, -695.0
1574806383.134917, -695.0
1574806383.342341, -695.0
1574806383.560816, -695.0
1574806383.778673, -695.0
1574806384.012506, -695.0
1574806384.234605, -695.0
1574806384.463863, -695.0
1574806384.958626, -695.0
1574806385.436274, -695.0
1574806385.659792, -695.0
1574806385.899136, -695.0
1574806386.120671, -695.0
1574806386.341337, -695.0
1574806386.56397, -695.0
1574806386.775392, -695.0
1574806387.014181, -695.0
1574806387.235519, -695.0
1574806387.449046, -695.0
1574806387.833886, -695.0
1574806387.838791, -695.0
1574806387.843556, -695.0
1574806387.849243, -695.0
1574806387.85796, -695.0
1574806387.863599, -695.0
1574806387.868509, -695.0
1574806387.873394, -695.0
1574806388.308793, -695.0
1574806388.539499, -695.0
1574806388.972629, -695.0
1574806389.493311, -695.0
1574806389.955137, -695.0
1574806390.403572, -695.0
1574806390.906731, -695.0
1574806391.375686, -695.0
1574806391.831339, -695.0
1574806392.107226, -695.0
1574806392.367339, -695.0
1574806392.865262, -695.0
1574806392.870115, -695.0
1574806392.875572, -695.0
1574806392.880372, -695.0
1574806392.889543, -695.0
1574806393.214103, -695.0
1574806393.476541, -695.0
1574806393.703845, -695.0
1574806393.932132, -695.0
1574806394.176546, -695.0
1574806394.393484, -695.0
1574806394.645681, -695.0
1574806394.892776, -695.0
1574806395.225137, -695.0
1574806395.229986, -695.0
1574806395.238626, -695.0
1574806395.243912, -695.0
1574806395.248807, -695.0
1574806395.253935, -695.0
1574806395.258706, -695.0
1574806395.263446, -695.0
1574806395.728147, -695.0
1574806396.189944, -695.0
1574806396.640525, -695.0
1574806397.098751, -695.0
1574806397.570341, -695.0
1574806398.020786, -695.0
1574806398.442733, -695.0
1574806398.925387, -695.0
1574806399.390681, -695.0
1574806399.817099, -695.0
1574806400.327555, -695.0
1574806400.78141, -695.0
1574806401.178517, -695.0
1574806401.560702, -695.0
1574806401.956146, -695.0
1574806402.380152, -695.0
1574806402.872756, -695.0
1574806402.878066, -695.0
1574806403.311665, -695.0
1574806403.80445, -695.0
1574806404.334404, -695.0
1574806404.740536, -695.0
1574806405.094401, -695.0
1574806405.373539, -695.0
1574806405.628409, -695.0
1574806405.941699, -695.0
1574806406.366818, -695.0
1574806406.372057, -695.0
1574806406.376902, -695.0
1574806406.382992, -695.0
1574806406.388319, -695.0
1574806406.393059, -695.0
1574806406.398074, -695.0
1574806406.403716, -695.0
1574806406.408748, -695.0
1574806406.414632, -695.0
1574806406.419952, -695.0
1574806406.424676, -695.0
1574806406.786892, -695.0
1574806407.007763, -695.0
1574806407.254603, -695.0
1574806407.503318, -695.0
1574806407.711736, -695.0
1574806407.941253, -695.0
1574806408.186407, -695.0
1574806408.43528, -695.0
1574806408.682342, -695.0
1574806408.913063, -695.0
1574806409.178619, -695.0
1574806409.416573, -695.0
1574806409.646089, -695.0
1574806409.868014, -695.0
1574806410.10826, -695.0
1574806410.327922, -695.0
1574806410.557914, -695.0
1574806410.788866, -695.0
1574806411.013654, -695.0
1574806411.248415, -695.0
1574806411.517055, -695.0
1574806411.757225, -695.0
1574806411.984708, -695.0
1574806412.207427, -695.0
1574806412.551732, -695.0
1574806412.77085, -695.0
1574806413.024025, -695.0
1574806413.271445, -695.0
1574806413.538373, -695.0
1574806413.764249, -695.0
1574806414.004074, -695.0
1574806414.241178, -695.0
1574806414.477054, -695.0
1574806414.715765, -695.0
1574806414.968516, -695.0
1574806415.190658, -695.0
1574806415.420995, -695.0
1574806415.636665, -695.0
1574806415.864514, -695.0
1574806416.083462, -695.0
1574806416.297012, -695.0
1574806416.607636, -695.0
1574806417.001991, -695.0
1574806417.443982, -695.0
1574806417.845702, -695.0
1574806418.238563, -695.0
1574806418.64323, -695.0
1574806419.09097, -695.0
1574806419.525166, -695.0
1574806419.938357, -695.0
1574806420.352359, -695.0
1574806420.702871, -695.0
1574806421.109087, -695.0
1574806421.504143, -695.0
1574806421.868392, -695.0
1574806422.171387, -695.0
1574806422.48816, -695.0
1574806422.692065, -695.0
1574806422.882706, -695.0
1574806423.102542, -695.0
1574806423.107333, -695.0
1574806423.302566, -695.0
1574806423.561246, -695.0
1574806423.793539, -695.0
1574806423.9834, -695.0
1574806424.191545, -695.0
1574806424.408556, -695.0
1574806424.618915, -695.0
1574806424.818144, -695.0
1574806425.019539, -695.0
1574806425.227519, -695.0
1574806425.420625, -695.0
1574806408.75522, -695.0
1574806408.760016, -695.0
1574806409.234126, -695.0
1574806409.624378, -695.0
1574806409.942863, -695.0
1574806410.309339, -695.0
1574806410.665462, -695.0
1574806411.021298, -695.0
1574806411.435764, -695.0
1574806411.85377, -695.0
1574806412.272174, -695.0
1574806412.694153, -695.0
1574806413.084128, -695.0
1574806413.487718, -695.0
1574806413.917699, -695.0
1574806414.365506, -695.0
1574806414.795564, -695.0
1574806415.24849, -695.0
1574806415.68208, -695.0
1574806416.147241, -695.0
1574806416.608471, -695.0
1574806416.855674, -695.0
1574806417.172885, -695.0
1574806417.437455, -695.0
1574806417.635391, -695.0
1574806417.855398, -695.0
1574806418.040451, -695.0
1574806418.248474, -695.0
1574806418.43288, -695.0
1574806418.616095, -695.0
1574806418.80229, -695.0
1574806419.007951, -695.0
1574806419.189004, -695.0
1574806419.365526, -695.0
1574806419.580398, -695.0
1574806419.784633, -695.0
1574806420.008935, -695.0
1574806420.209723, -695.0
1574806420.408712, -695.0
1574806420.847385, -695.0
1574806420.852424, -695.0
1574806421.240688, -695.0
1574806421.43577, -695.0
1574806421.630187, -695.0
1574806421.825688, -695.0
1574806422.029217, -695.0
1574806422.228508, -695.0
1574806422.416668, -695.0
1574806422.596943, -695.0
1574806422.769552, -695.0
1574806422.943726, -695.0
1574806423.115585, -695.0
1574806423.488841, -695.0
1574806423.493647, -695.0
1574806423.498441, -695.0
1574806423.50384, -695.0
1574806423.508754, -695.0
1574806423.5135, -695.0
1574806423.518378, -695.0
1574806423.523206, -695.0
1574806423.734949, -695.0
1574806423.92216, -695.0
1574806424.108458, -695.0
1574806424.299415, -695.0
1574806424.30428, -695.0
1574806424.309069, -695.0
1574806424.313798, -695.0
1574806424.318695, -695.0
1574806424.324383, -695.0
1574806424.329171, -695.0
1574806424.333987, -695.0
1574806424.338863, -695.0
1574806424.343599, -695.0
1574806424.348413, -695.0
1574806424.353275, -695.0
1574806424.358148, -695.0
1574806424.362939, -695.0
1574806424.367749, -695.0
1574806424.701877, -695.0
1574806424.882657, -695.0
1574806425.056696, -695.0
1574806425.245306, -695.0
1574806425.440547, -695.0
1574806425.633142, -695.0
1574806425.812176, -695.0
1574806426.013485, -695.0
1574806426.197432, -695.0
1574806426.380263, -695.0
1574806426.660008, -695.0
1574806426.664921, -695.0
1574806426.669756, -695.0
1574806426.674459, -695.0
1574806426.67917, -695.0
1574806426.683997, -695.0
1574806427.029951, -695.0
1574806427.214786, -695.0
1574806427.395731, -695.0
1574806427.582076, -695.0
1574806427.783228, -695.0
1574806427.966237, -695.0
1574806428.151045, -695.0
1574806428.322737, -695.0
1574806428.520884, -695.0
1574806428.525664, -695.0
1574806428.530374, -695.0
1574806428.535275, -695.0
1574806428.824599, -695.0
1574806429.009389, -695.0
1574806429.412526, -695.0
1574806429.41744, -695.0
1574806429.422242, -695.0
1574806429.426994, -695.0
1574806429.431824, -695.0
1574806429.436691, -695.0
1574806429.441407, -695.0
1574806429.446079, -695.0
1574806429.450915, -695.0
1574806429.45573, -695.0
1574806429.460488, -695.0
1574806429.465309, -695.0
1574806429.470185, -695.0
1574806429.47499, -695.0
1574806429.479761, -695.0
1574806429.484582, -695.0
1574806429.489367, -695.0
1574806429.49407, -695.0
1574806429.498898, -695.0
1574806429.503738, -695.0
1574806429.508496, -695.0
1574806429.939697, -695.0
1574806430.327649, -695.0
1574806430.6795, -695.0
1574806430.942177, -695.0
1574806431.177927, -695.0
1574806431.373843, -695.0
1574806431.574496, -695.0
1574806431.752208, -695.0
1574806431.960339, -695.0
1574806432.16539, -695.0
1574806432.411031, -695.0
1574806432.415911, -695.0
1574806432.81664, -695.0
1574806433.025098, -695.0
1574806433.216269, -695.0
1574806433.408167, -695.0
1574806433.597113, -695.0
1574806433.785785, -695.0
1574806433.964632, -695.0
1574806434.165319, -695.0
1574806434.348882, -695.0
1574806434.540942, -695.0
1574806434.718411, -695.0
1574806434.886925, -695.0
1574806435.090997, -695.0
1574806435.27196, -695.0
1574806435.512927, -695.0
1574806435.792021, -695.0
1574806436.059009, -695.0
1574806436.347252, -695.0
1574806436.688266, -695.0
1574806437.090928, -695.0
1574806437.472221, -695.0
1574806437.857251, -695.0
1574806438.280518, -695.0
1574806438.722383, -695.0
1574806439.142611, -695.0
1574806439.519886, -695.0
1574806439.954414, -695.0
1574806440.37273, -695.0
1574806440.796075, -695.0
1574806441.205505, -695.0
1574806441.577628, -695.0
1574806441.963496, -695.0
1574806442.386369, -695.0
1574806442.809615, -695.0
1574806443.217811, -695.0
1574806443.615762, -695.0
1574806444.015214, -695.0
1574806444.40635, -695.0
1574806444.812281, -695.0
1574806444.817124, -695.0
1574806445.214922, -695.0
1574806445.586303, -695.0
1574806445.959483, -695.0
1574806446.39141, -695.0
1574806446.770923, -695.0
1574806447.188575, -695.0
1574806447.598167, -695.0
1574806447.841228, -695.0
1574806448.052331, -695.0
1574806448.260647, -695.0
1574806448.658103, -695.0
1574806449.10933, -695.0
1574806449.114202, -695.0
1574806449.119074, -695.0
1574806449.123854, -695.0
1574806449.128554, -695.0
1574806449.133409, -695.0
1574806449.138172, -695.0
1574806449.453907, -695.0
1574806449.64623, -695.0
1574806449.928347, -695.0
1574806450.212395, -695.0
1574806450.576714, -695.0
1574806451.00108, -695.0
1574806451.427245, -695.0
1574806451.432104, -695.0
1574806451.770122, -695.0
1574806452.036618, -695.0
1574806452.240938, -695.0
1574806452.419633, -695.0
1574806452.599516, -695.0
1574806452.783934, -695.0
1574806452.788741, -695.0
1574806452.793436, -695.0
1574806452.798256, -695.0
1574806453.22371, -695.0
1574806453.228484, -695.0
1574806453.233331, -695.0
1574806453.238116, -695.0
1574806453.24279, -695.0
1574806453.247506, -695.0
1574806453.25238, -695.0
1574806453.677245, -695.0
1574806454.066491, -695.0
1574806454.071267, -695.0
1574806454.481618, -695.0
1574806454.884935, -695.0
1574806455.269998, -695.0
1574806455.534459, -695.0
1574806455.881187, -695.0
1574806456.279436, -695.0
1574806456.677831, -695.0
1574806457.075761, -695.0
1574806457.432955, -695.0
1574806457.811287, -695.0
1574806458.146743, -695.0
1574806458.497503, -695.0
1574806458.889389, -695.0
1574806459.257395, -695.0
1574806459.661879, -695.0
1574806459.918487, -695.0
1574806460.313911, -695.0
1574806460.707747, -695.0
1574806461.09021, -695.0
1574806461.458126, -695.0
1574806461.876487, -695.0
1574806462.137379, -695.0
1574806462.391251, -695.0
1574806462.652361, -695.0
1574806416.353317, -695.0
1574806416.560731, -695.0
1574806416.784709, -695.0
1574806417.037272, -695.0
1574806417.31933, -695.0
1574806417.601958, -695.0
1574806417.854047, -695.0
1574806417.858966, -695.0
1574806417.863728, -695.0
1574806417.868622, -695.0
1574806417.873433, -695.0
1574806418.086447, -695.0
1574806418.271565, -695.0
1574806418.451385, -695.0
1574806418.625462, -695.0
1574806418.808073, -695.0
1574806419.010035, -695.0
1574806419.210502, -695.0
1574806419.483138, -695.0
1574806419.681025, -695.0
1574806419.866152, -695.0
1574806420.10116, -695.0
1574806420.430288, -695.0
1574806420.435473, -695.0
1574806420.440285, -695.0
1574806420.445042, -695.0
1574806420.784931, -695.0
1574806421.011739, -695.0
1574806421.211619, -695.0
1574806421.426311, -695.0
1574806421.64153, -695.0
1574806421.942561, -695.0
1574806421.947578, -695.0
1574806421.952997, -695.0
1574806421.957715, -695.0
1574806421.962377, -695.0
1574806421.967659, -695.0
1574806422.397416, -695.0
1574806422.603394, -695.0
1574806422.811086, -695.0
1574806423.016422, -695.0
1574806423.218979, -695.0
1574806423.425137, -695.0
1574806423.825089, -695.0
1574806424.261834, -695.0
1574806424.266945, -695.0
1574806424.271723, -695.0
1574806424.516714, -695.0
1574806424.698874, -695.0
1574806424.905006, -695.0
1574806425.121285, -695.0
1574806425.306723, -695.0
1574806425.508041, -695.0
1574806425.701226, -695.0
1574806425.89328, -695.0
1574806426.102845, -695.0
1574806426.292274, -695.0
1574806426.490615, -695.0
1574806426.885584, -695.0
1574806426.890354, -695.0
1574806426.894951, -695.0
1574806427.336409, -695.0
1574806427.341527, -695.0
1574806427.769635, -695.0
1574806428.206706, -695.0
1574806428.504708, -695.0
1574806428.78366, -695.0
1574806429.052889, -695.0
1574806429.354481, -695.0
1574806429.690787, -695.0
1574806430.016904, -695.0
1574806430.253977, -695.0
1574806430.496227, -695.0
1574806430.705181, -695.0
1574806431.097888, -695.0
1574806431.529701, -695.0
1574806431.798989, -695.0
1574806431.998877, -695.0
1574806432.199451, -695.0
1574806432.39479, -695.0
1574806432.59088, -695.0
1574806432.775588, -695.0
1574806432.985139, -695.0
1574806433.185353, -695.0
1574806433.518824, -695.0
1574806433.523622, -695.0
1574806433.751209, -695.0
1574806433.951826, -695.0
1574806434.13223, -695.0
1574806434.35131, -695.0
1574806434.543072, -695.0
1574806434.737502, -695.0
1574806434.975485, -695.0
1574806435.216906, -695.0
1574806435.420194, -695.0
1574806435.610937, -695.0
1574806435.794261, -695.0
1574806435.99533, -695.0
1574806436.204673, -695.0
1574806436.395127, -695.0
1574806436.583291, -695.0
1574806436.795707, -695.0
1574806436.988633, -695.0
1574806437.190041, -695.0
1574806437.405042, -695.0
1574806437.843946, -695.0
1574806437.848987, -695.0
1574806437.853931, -695.0
1574806438.106941, -695.0
1574806438.308034, -695.0
1574806438.48955, -695.0
1574806438.677234, -695.0
1574806438.882356, -695.0
1574806439.078291, -695.0
1574806439.353116, -695.0
1574806439.357887, -695.0
1574806439.362551, -695.0
1574806439.367778, -695.0
1574806439.372871, -695.0
1574806439.377581, -695.0
1574806439.587832, -695.0
1574806439.778985, -695.0
1574806439.96845, -695.0
1574806440.159001, -695.0
1574806440.361415, -695.0
1574806440.570182, -695.0
1574806440.98659, -695.0
1574806441.392391, -695.0
1574806441.830395, -695.0
1574806442.229239, -695.0
1574806442.665593, -695.0
1574806443.04608, -695.0
1574806443.338922, -695.0
1574806443.752233, -695.0
1574806444.202947, -695.0
1574806444.207703, -695.0
1574806444.606499, -695.0
1574806444.894461, -695.0
1574806445.163674, -695.0
1574806445.436924, -695.0
1574806445.665167, -695.0
1574806445.858113, -695.0
1574806446.152906, -695.0
1574806446.370372, -695.0
1574806446.590304, -695.0
1574806446.877741, -695.0
1574806447.13754, -695.0
1574806447.400434, -695.0
1574806447.618162, -695.0
1574806447.840704, -695.0
1574806448.048677, -695.0
1574806448.271113, -695.0
1574806448.451495, -695.0
1574806448.655312, -695.0
1574806448.85553, -695.0
1574806449.068634, -695.0
1574806449.292986, -695.0
1574806449.483834, -695.0
1574806449.677228, -695.0
1574806449.854799, -695.0
1574806450.047885, -695.0
1574806450.236851, -695.0
1574806450.426873, -695.0
1574806450.641394, -695.0
1574806450.845977, -695.0
1574806451.053246, -695.0
1574806451.2539, -695.0
1574806451.445048, -695.0
1574806451.650009, -695.0
1574806451.840153, -695.0
1574806452.027278, -695.0
1574806452.222744, -695.0
1574806452.425502, -695.0
1574806452.623465, -695.0
1574806452.83587, -695.0
1574806453.023975, -695.0
1574806453.221436, -695.0
1574806453.426594, -695.0
1574806453.628329, -695.0
1574806453.831074, -695.0
1574806454.159353, -695.0
1574806454.380191, -695.0
1574806454.582925, -695.0
1574806454.882602, -695.0
1574806455.077925, -695.0
1574806455.279597, -695.0
1574806455.473018, -695.0
1574806455.680586, -695.0
1574806455.878244, -695.0
1574806456.084127, -695.0
1574806456.287246, -695.0
1574806456.487487, -695.0
1574806456.695133, -695.0
1574806456.903108, -695.0
1574806457.208882, -695.0
1574806457.405663, -695.0
1574806457.602469, -695.0
1574806457.797009, -695.0
1574806457.9947, -695.0
1574806458.208901, -695.0
1574806458.419679, -695.0
1574806458.611285, -695.0
1574806458.816313, -695.0
1574806459.021003, -695.0
1574806459.204949, -695.0
1574806459.399749, -695.0
1574806459.590928, -695.0
1574806459.801342, -695.0
1574806459.997969, -695.0
1574806460.19031, -695.0
1574806460.365772, -695.0
1574806460.562414, -695.0
1574806460.75928, -695.0
1574806460.958659, -695.0
1574806461.155255, -695.0
1574806461.353091, -695.0
1574806461.544895, -695.0
1574806461.743492, -695.0
1574806461.981686, -695.0
1574806462.339827, -695.0
1574806462.585446, -695.0
1574806462.590221, -695.0
1574806462.931579, -695.0
1574806463.335249, -695.0
1574806463.717926, -695.0
1574806464.043354, -695.0
1574806464.390289, -695.0
1574806464.80718, -695.0
1574806465.154227, -695.0
1574806465.4608, -695.0
1574806465.690943, -695.0
1574806465.905367, -695.0
1574806466.1808, -695.0
1574806466.396448, -695.0
1574806466.601917, -695.0
1574806466.805376, -695.0
1574806466.810122, -695.0
1574806467.129445, -695.0
1574806467.390779, -695.0
1574806467.828001, -695.0
1574806468.255728, -695.0
1574806468.662567, -695.0
1574806469.094519, -695.0
1574806469.528374, -695.0
1574806469.920952, -695.0
1574806470.352528, -695.0
1574806470.808198, -695.0
1574806471.264996, -695.0
1574806471.695333, -695.0
1574806472.109096, -695.0
