1574806474.717443, -289.0
1574806474.735974, -289.0
1574806474.752892, -289.0
1574806474.770818, -289.0
1574806474.788283, -289.0
1574806474.805559, -289.0
1574806474.822033, -289.0
1574806474.841945, -289.0
1574806474.858777, -289.0
1574806476.14884, -282.0
1574806476.915593, -282.0
1574806477.665691, -282.0
1574806478.444255, -282.0
1574806478.831039, -282.0
1574806479.583143, -282.0
1574806480.353228, -282.0
1574806481.106059, -282.0
1574806481.86519, -282.0
1574806482.600466, -278.0
1574806483.321732, -278.0
1574806484.058893, -278.0
1574806484.773307, -278.0
1574806485.510629, -278.0
1574806486.235984, -278.0
1574806486.939842, -278.0
1574806487.637424, -278.0
1574806488.33389, -278.0
1574806489.07724, -278.0
1574806489.80295, -278.0
1574806490.496533, -278.0
1574806491.195818, -278.0
1574806491.890794, -278.0
1574806492.59434, -276.0
1574806493.397767, -276.0
1574806494.228716, -276.0
1574806495.08031, -276.0
1574806495.974025, -276.0
1574806496.793191, -276.0
1574806497.625474, -276.0
1574806498.473728, -276.0
1574806499.335831, -276.0
1574806500.140504, -276.0
1574806500.913303, -276.0
1574806501.626306, -276.0
1574806502.346483, -276.0
1574806503.081739, -276.0
1574806503.793608, -276.0
1574806504.567706, -276.0
1574806505.341019, -276.0
1574806506.05874, -276.0
1574806474.727981, -289.0
1574806474.752596, -289.0
1574806474.775442, -289.0
1574806474.798712, -289.0
1574806474.822336, -289.0
1574806474.85025, -289.0
1574806474.87571, -289.0
1574806474.898549, -289.0
1574806474.921902, -289.0
1574806475.55334, -282.0
1574806476.483172, -282.0
1574806477.36956, -282.0
1574806478.256767, -282.0
1574806479.121359, -282.0
1574806479.99613, -282.0
1574806480.891696, -282.0
1574806481.813072, -282.0
1574806482.770727, -278.0
1574806483.6795, -278.0
1574806484.587605, -278.0
1574806485.478246, -278.0
1574806486.365672, -278.0
1574806487.376044, -278.0
1574806488.619417, -278.0
1574806489.80783, -278.0
1574806490.740716, -278.0
1574806491.635157, -278.0
1574806492.533924, -276.0
1574806493.447903, -276.0
1574806494.340598, -276.0
1574806495.398142, -276.0
1574806496.60504, -276.0
1574806497.822855, -276.0
1574806499.162487, -276.0
1574806500.365093, -276.0
1574806501.599546, -276.0
1574806502.506131, -276.0
1574806503.407478, -276.0
1574806504.285066, -276.0
1574806505.159326, -276.0
1574806506.037223, -276.0
1574806506.961646, -276.0
1574806507.815231, -276.0
1574806508.733226, -276.0
1574806509.439183, -269.0
1574806510.495593, -269.0
1574806511.442529, -269.0
1574806512.417654, -269.0
1574806513.350194, -269.0
1574806514.250403, -269.0
1574806474.726696, -289.0
1574806474.745487, -289.0
1574806474.774118, -289.0
1574806474.79288, -289.0
1574806474.817697, -289.0
1574806474.839079, -289.0
1574806474.856749, -289.0
1574806474.877979, -289.0
1574806474.894867, -289.0
1574806475.660039, -282.0
1574806476.540312, -282.0
1574806477.380183, -282.0
1574806478.193899, -282.0
1574806479.027244, -282.0
1574806480.02434, -282.0
1574806480.64149, -282.0
1574806481.301495, -282.0
1574806481.925847, -278.0
1574806482.536075, -278.0
1574806483.168893, -278.0
1574806483.803432, -278.0
1574806484.42235, -278.0
1574806485.029357, -278.0
1574806485.89858, -278.0
1574806486.782936, -278.0
1574806487.949638, -278.0
1574806488.897425, -278.0
1574806489.745229, -278.0
1574806490.573529, -278.0
1574806491.395403, -278.0
1574806492.206788, -278.0
1574806493.13185, -276.0
1574806493.907721, -276.0
1574806494.641331, -276.0
1574806495.36644, -276.0
1574806496.126976, -276.0
1574806496.885589, -276.0
1574806498.345964, -276.0
1574806498.716735, -276.0
1574806500.081906, -276.0
1574806501.232383, -276.0
1574806502.447335, -276.0
1574806503.207517, -276.0
1574806503.923032, -276.0
1574806504.650573, -276.0
1574806505.4141, -276.0
1574806506.243418, -276.0
1574806507.086879, -276.0
1574806507.897265, -276.0
1574806508.771973, -276.0
1574806474.725104, -289.0
1574806474.74334, -289.0
1574806474.761089, -289.0
1574806474.779165, -289.0
1574806474.797843, -289.0
1574806474.815382, -289.0
1574806474.836512, -289.0
1574806474.854381, -289.0
1574806474.871931, -289.0
1574806475.52834, -282.0
1574806476.332697, -282.0
1574806477.077719, -282.0
1574806477.802713, -282.0
1574806478.544129, -282.0
1574806479.382957, -282.0
1574806479.922799, -282.0
1574806480.488915, -282.0
1574806481.058433, -282.0
1574806481.577556, -282.0
1574806482.313085, -278.0
1574806482.984959, -278.0
1574806483.694643, -278.0
1574806484.412895, -278.0
1574806485.136644, -278.0
1574806485.87619, -278.0
1574806486.62617, -278.0
1574806487.393501, -278.0
1574806488.133927, -278.0
1574806488.863432, -278.0
1574806489.607131, -278.0
1574806490.320189, -278.0
1574806491.056647, -278.0
1574806491.758957, -278.0
1574806492.510241, -276.0
1574806493.230189, -276.0
1574806493.987974, -276.0
1574806494.735378, -276.0
1574806495.45499, -276.0
1574806496.194162, -276.0
1574806496.940228, -276.0
1574806497.637008, -276.0
1574806498.333064, -276.0
1574806499.056898, -276.0
1574806499.774603, -276.0
1574806500.458498, -276.0
1574806501.239147, -276.0
1574806502.035449, -276.0
1574806502.806465, -276.0
1574806503.564539, -276.0
1574806504.380568, -276.0
1574806504.426378, -276.0
1574806504.450491, -276.0
1574806504.472727, -276.0
1574806505.711015, -276.0
1574806505.734646, -276.0
1574806505.759272, -276.0
1574806505.782624, -276.0
1574806506.223901, -276.0
1574806506.245306, -276.0
1574806506.654764, -276.0
1574806506.676641, -276.0
1574806506.700959, -276.0
1574806506.724374, -276.0
1574806507.189194, -276.0
1574806507.612545, -276.0
1574806507.635747, -276.0
1574806507.658854, -276.0
1574806508.45917, -276.0
1574806509.278309, -276.0
1574806510.113017, -269.0
1574806511.438292, -269.0
1574806512.223108, -269.0
1574806513.417012, -269.0
1574806514.604165, -269.0
1574806515.75808, -269.0
1574806517.377201, -269.0
1574806518.895654, -269.0
1574806520.655526, -269.0
1574806522.039351, -269.0
1574806523.279043, -269.0
1574806524.19811, -269.0
1574806525.122651, -269.0
1574806525.992992, -269.0
1574806526.883441, -269.0
1574806527.839547, -269.0
1574806528.738705, -269.0
1574806529.672858, -269.0
1574806530.58849, -269.0
1574806531.519801, -269.0
1574806532.500576, -269.0
1574806533.400873, -269.0
1574806534.332545, -269.0
1574806535.227548, -269.0
1574806536.087808, -269.0
1574806536.996479, -269.0
1574806537.891724, -269.0
1574806538.733926, -269.0
1574806539.595993, -269.0
1574806540.40536, -269.0
1574806541.253657, -269.0
1574806506.131955, -276.0
1574806509.107893, -276.0
1574806509.146144, -276.0
1574806509.521689, -269.0
1574806509.924437, -269.0
1574806510.323066, -269.0
1574806510.738128, -269.0
1574806511.494084, -269.0
1574806513.049354, -269.0
1574806513.455133, -269.0
1574806514.22369, -269.0
1574806514.657628, -269.0
1574806515.134257, -269.0
1574806515.17158, -269.0
1574806515.209497, -269.0
1574806515.248377, -269.0
1574806515.29514, -269.0
1574806515.73261, -269.0
1574806516.786101, -269.0
1574806520.537914, -269.0
1574806520.575401, -269.0
1574806520.612228, -269.0
1574806521.831866, -269.0
1574806524.305847, -269.0
1574806526.856948, -269.0
1574806528.888272, -269.0
1574806531.42244, -269.0
1574806533.478554, -269.0
1574806535.153089, -269.0
1574806536.79214, -269.0
1574806538.076163, -269.0
1574806539.795205, -269.0
1574806542.629127, -269.0
1574806544.659568, -269.0
1574806546.766909, -269.0
1574806548.003148, -269.0
1574806549.136085, -269.0
1574806549.535027, -269.0
1574806549.937674, -269.0
1574806550.636686, -269.0
1574806550.97475, -269.0
1574806551.640789, -269.0
1574806554.098432, -269.0
1574806554.716472, -269.0
1574806555.331738, -269.0
1574806555.972328, -269.0
1574806556.593816, -269.0
1574806557.250634, -269.0
1574806558.393593, -269.0
1574806559.126535, -269.0
1574806508.811718, -276.0
1574806510.542355, -269.0
1574806510.564847, -269.0
1574806510.582952, -269.0
1574806510.60418, -269.0
1574806511.509382, -269.0
1574806511.532386, -269.0
1574806513.312139, -269.0
1574806513.770365, -269.0
1574806514.202185, -269.0
1574806514.643901, -269.0
1574806515.079373, -269.0
1574806515.102247, -269.0
1574806515.123637, -269.0
1574806515.142023, -269.0
1574806515.164191, -269.0
1574806515.185876, -269.0
1574806515.204259, -269.0
1574806515.227843, -269.0
1574806515.245921, -269.0
1574806515.272171, -269.0
1574806515.298697, -269.0
1574806516.974882, -269.0
1574806518.314353, -269.0
1574806519.625778, -269.0
1574806521.143791, -269.0
1574806522.709029, -269.0
1574806524.499094, -269.0
1574806525.880393, -269.0
1574806526.830366, -269.0
1574806528.086737, -269.0
1574806529.229205, -269.0
1574806530.321784, -269.0
1574806531.436255, -269.0
1574806532.972987, -269.0
1574806534.503056, -269.0
1574806535.862289, -269.0
1574806537.162126, -269.0
1574806538.283898, -269.0
1574806539.433223, -269.0
1574806540.539756, -269.0
1574806542.009186, -269.0
1574806543.49635, -269.0
1574806544.987944, -269.0
1574806546.327373, -269.0
1574806547.640528, -269.0
1574806548.965015, -269.0
1574806550.339181, -269.0
1574806551.62844, -269.0
1574806552.951156, -269.0
1574806514.28741, -269.0
1574806514.303914, -269.0
1574806514.32285, -269.0
1574806514.339522, -269.0
1574806514.358707, -269.0
1574806514.375292, -269.0
1574806514.394381, -269.0
1574806514.410938, -269.0
1574806514.43002, -269.0
1574806514.446621, -269.0
1574806514.465698, -269.0
1574806514.484786, -269.0
1574806514.501572, -269.0
1574806514.521234, -269.0
1574806514.538429, -269.0
1574806514.557912, -269.0
1574806514.574606, -269.0
1574806514.593794, -269.0
1574806514.610384, -269.0
1574806514.629395, -269.0
1574806514.645955, -269.0
1574806514.664106, -269.0
1574806514.689271, -269.0
1574806514.707307, -269.0
1574806514.725165, -269.0
1574806514.742019, -269.0
1574806514.760265, -269.0
1574806514.77695, -269.0
1574806514.795308, -269.0
1574806514.812279, -269.0
1574806514.830495, -269.0
1574806514.848417, -269.0
1574806514.865521, -269.0
1574806514.883865, -269.0
1574806514.900565, -269.0
1574806514.919045, -269.0
1574806514.93599, -269.0
1574806514.954038, -269.0
1574806514.970806, -269.0
1574806514.988988, -269.0
1574806515.006048, -269.0
1574806515.024208, -269.0
1574806515.041154, -269.0
1574806515.060027, -269.0
1574806515.077338, -269.0
1574806515.09575, -269.0
1574806515.112435, -269.0
1574806515.130308, -269.0
1574806515.146905, -269.0
1574806515.167843, -269.0
1574806515.20386, -269.0
1574806515.222435, -269.0
1574806515.239256, -269.0
1574806515.25766, -269.0
1574806515.274553, -269.0
1574806515.292399, -269.0
1574806515.309118, -269.0
1574806515.327003, -269.0
1574806515.343744, -269.0
1574806515.361599, -269.0
1574806515.378308, -269.0
1574806515.396275, -269.0
1574806515.412944, -269.0
1574806515.430899, -269.0
1574806515.449334, -269.0
1574806515.466842, -269.0
1574806515.484439, -269.0
1574806515.50134, -269.0
1574806515.522146, -269.0
1574806515.538855, -269.0
1574806515.558076, -269.0
1574806515.574977, -269.0
1574806515.593687, -269.0
1574806515.610307, -269.0
1574806515.62912, -269.0
1574806515.646304, -269.0
1574806515.664999, -269.0
1574806515.683406, -269.0
1574806515.700497, -269.0
1574806515.719219, -269.0
1574806515.736237, -269.0
1574806515.754828, -269.0
1574806515.771889, -269.0
1574806515.790389, -269.0
1574806515.807888, -269.0
1574806515.82644, -269.0
1574806515.843602, -269.0
1574806515.861523, -269.0
1574806515.878108, -269.0
1574806515.899469, -269.0
1574806515.91877, -269.0
1574806515.937494, -269.0
1574806515.956134, -269.0
1574806515.972907, -269.0
1574806515.991679, -269.0
1574806516.00841, -269.0
1574806516.027078, -269.0
1574806516.044004, -269.0
1574806516.062853, -269.0
1574806516.079931, -269.0
1574806516.117967, -269.0
1574806516.134919, -269.0
1574806516.153209, -269.0
1574806516.170137, -269.0
1574806516.188701, -269.0
1574806516.205574, -269.0
1574806516.223914, -269.0
1574806516.240799, -269.0
1574806516.259313, -269.0
1574806516.275909, -269.0
1574806516.29462, -269.0
1574806516.311171, -269.0
1574806516.329663, -269.0
1574806516.346199, -269.0
1574806516.364729, -269.0
1574806516.381606, -269.0
1574806516.402152, -269.0
1574806516.420733, -269.0
1574806516.437273, -269.0
1574806516.455798, -269.0
1574806516.472691, -269.0
1574806516.491147, -269.0
1574806516.508058, -269.0
1574806516.526398, -269.0
1574806516.543216, -269.0
1574806516.561893, -269.0
1574806516.579483, -269.0
1574806516.598841, -269.0
1574806516.617472, -269.0
1574806516.634392, -269.0
1574806516.652769, -269.0
1574806516.670435, -269.0
1574806516.689433, -269.0
1574806516.706849, -269.0
1574806516.725989, -269.0
1574806516.742873, -269.0
1574806516.761487, -269.0
1574806516.778372, -269.0
1574806516.797389, -269.0
1574806516.814903, -269.0
1574806516.832529, -269.0
1574806516.854278, -269.0
1574806516.871984, -269.0
1574806516.890776, -269.0
1574806516.908303, -269.0
1574806516.926555, -269.0
1574806516.944129, -269.0
1574806516.962679, -269.0
1574806516.979569, -269.0
1574806516.998115, -269.0
1574806517.032894, -269.0
1574806517.051886, -269.0
1574806517.0688, -269.0
1574806517.087526, -269.0
1574806517.104272, -269.0
1574806517.122752, -269.0
1574806517.139464, -269.0
1574806517.158045, -269.0
1574806517.174714, -269.0
1574806517.193054, -269.0
1574806517.209961, -269.0
1574806517.228476, -269.0
1574806517.245459, -269.0
1574806517.263829, -269.0
1574806517.281851, -269.0
1574806517.298962, -269.0
1574806517.321393, -269.0
1574806517.338663, -269.0
1574806517.356834, -269.0
1574806517.373712, -269.0
1574806517.392036, -269.0
1574806517.409169, -269.0
1574806517.42791, -269.0
1574806517.444639, -269.0
1574806517.463804, -269.0
1574806517.481491, -269.0
1574806517.499262, -269.0
1574806517.517546, -269.0
1574806517.534256, -269.0
1574806517.553138, -269.0
1574806517.569985, -269.0
1574806517.588299, -269.0
1574806517.604988, -269.0
1574806517.62355, -269.0
1574806517.640566, -269.0
1574806517.658809, -269.0
1574806517.67588, -269.0
1574806517.694236, -269.0
1574806517.711247, -269.0
1574806519.229386, -269.0
1574806520.472934, -269.0
1574806521.591805, -269.0
1574806523.56722, -269.0
1574806525.623608, -269.0
1574806527.664978, -269.0
1574806529.820592, -269.0
1574806531.571304, -269.0
1574806533.429371, -269.0
1574806535.372786, -269.0
1574806537.228387, -269.0
1574806565.785839, -269.0
1574806565.974707, -268.0
1574806566.268796, -268.0
1574806566.273947, -268.0
1574806566.278601, -268.0
1574806566.284213, -268.0
1574806566.288736, -268.0
1574806566.293599, -268.0
1574806566.298646, -268.0
1574806566.303478, -268.0
1574806566.308031, -268.0
1574806566.497326, -268.0
1574806566.694154, -268.0
1574806566.899977, -268.0
1574806567.072221, -268.0
1574806567.269422, -268.0
1574806567.451637, -268.0
1574806567.627998, -268.0
1574806567.804135, -268.0
1574806567.99603, -268.0
1574806568.183147, -268.0
1574806568.378914, -268.0
1574806568.577413, -268.0
1574806568.774091, -268.0
1574806568.965043, -268.0
1574806569.151872, -268.0
1574806569.353554, -268.0
1574806569.537791, -268.0
1574806569.811762, -268.0
1574806570.138044, -268.0
1574806570.486101, -268.0
1574806570.832901, -268.0
1574806571.102151, -268.0
1574806571.277224, -268.0
1574806571.538053, -268.0
1574806571.887791, -268.0
1574806572.26024, -268.0
1574806572.651246, -268.0
1574806572.991436, -268.0
1574806573.306615, -268.0
1574806573.642994, -268.0
1574806573.964244, -268.0
1574806574.274541, -268.0
1574806574.607709, -268.0
1574806574.784603, -268.0
1574806574.973859, -268.0
1574806575.15234, -268.0
1574806575.346996, -268.0
1574806575.54432, -268.0
1574806575.818683, -268.0
1574806576.15318, -268.0
1574806576.457006, -268.0
1574806576.821195, -268.0
1574806577.150969, -268.0
1574806577.513915, -268.0
1574806577.904806, -268.0
1574806578.32169, -268.0
1574806578.687396, -268.0
1574806579.082031, -268.0
1574806579.455693, -268.0
1574806579.832059, -268.0
1574806580.213229, -268.0
1574806580.574492, -268.0
1574806580.922257, -268.0
1574806581.310572, -268.0
1574806581.629791, -268.0
1574806581.807042, -268.0
1574806581.988225, -268.0
1574806582.189019, -268.0
1574806582.446532, -268.0
1574806582.625048, -268.0
1574806582.793555, -268.0
1574806582.976962, -268.0
1574806583.171497, -268.0
1574806583.356184, -268.0
1574806583.536717, -268.0
1574806583.738171, -268.0
1574806583.985867, -268.0
1574806584.265095, -268.0
1574806584.532866, -268.0
1574806584.794417, -268.0
1574806585.046851, -268.0
1574806585.257306, -268.0
1574806585.456829, -268.0
1574806585.623252, -268.0
1574806585.789311, -268.0
1574806585.973922, -268.0
1574806586.152194, -268.0
1574806586.332168, -268.0
1574806586.512069, -268.0
1574806586.672774, -268.0
1574806586.838257, -268.0
1574806587.013758, -268.0
1574806587.187751, -268.0
1574806587.363059, -268.0
1574806587.543539, -268.0
1574806587.735042, -268.0
1574806588.11568, -268.0
1574806588.630706, -268.0
1574806589.14632, -268.0
1574806589.684338, -268.0
1574806590.138719, -268.0
1574806590.698608, -268.0
1574806591.17536, -268.0
1574806591.362961, -268.0
1574806591.513391, -268.0
1574806591.678418, -268.0
1574806591.85096, -268.0
1574806592.038475, -268.0
1574806592.360814, -268.0
1574806592.365457, -268.0
1574806592.369893, -268.0
1574806592.374313, -268.0
1574806592.378834, -268.0
1574806592.383443, -268.0
1574806592.883365, -268.0
1574806593.075147, -268.0
1574806593.377327, -268.0
1574806593.692857, -268.0
1574806593.975816, -268.0
1574806594.281831, -268.0
1574806594.438351, -268.0
1574806594.817271, -268.0
1574806595.227929, -268.0
1574806595.652179, -268.0
1574806596.067115, -268.0
1574806596.456523, -268.0
1574806596.822412, -268.0
1574806597.205331, -268.0
1574806597.61294, -268.0
1574806598.030451, -268.0
1574806598.463223, -268.0
1574806598.836732, -268.0
1574806599.048451, -268.0
1574806599.219839, -268.0
1574806599.375307, -268.0
1574806599.533463, -268.0
1574806599.694814, -268.0
1574806599.862086, -268.0
1574806600.011583, -268.0
1574806600.176593, -268.0
1574806600.342444, -268.0
1574806600.512276, -268.0
1574806600.679654, -268.0
1574806600.852661, -268.0
1574806601.025311, -268.0
1574806601.192561, -268.0
1574806601.36769, -268.0
1574806601.544484, -268.0
1574806601.715482, -268.0
1574806601.891059, -268.0
1574806602.050076, -268.0
1574806602.225993, -268.0
1574806602.397546, -268.0
1574806602.573211, -268.0
1574806602.744734, -268.0
1574806602.908173, -268.0
1574806603.088537, -268.0
1574806603.238577, -268.0
1574806603.409542, -268.0
1574806603.588747, -268.0
1574806603.759049, -268.0
1574806603.921686, -268.0
1574806604.086778, -268.0
1574806604.257586, -268.0
1574806604.421773, -268.0
1574806604.601672, -268.0
1574806604.765209, -268.0
1574806604.928048, -268.0
1574806605.103764, -268.0
1574806605.26396, -268.0
1574806605.427944, -268.0
1574806605.596858, -268.0
1574806605.762257, -268.0
1574806605.913707, -268.0
1574806606.074937, -268.0
1574806606.236382, -268.0
1574806606.403395, -268.0
1574806606.558345, -268.0
1574806606.721992, -268.0
1574806606.878635, -268.0
1574806607.219698, -268.0
1574806607.224228, -268.0
1574806607.228974, -268.0
1574806607.233588, -268.0
1574806607.238133, -268.0
1574806607.24263, -268.0
1574806607.247268, -268.0
1574806607.251855, -268.0
1574806607.256391, -268.0
1574806607.261256, -268.0
1574806607.265764, -268.0
1574806607.270236, -268.0
1574806607.274763, -268.0
1574806607.279378, -268.0
1574806607.283939, -268.0
1574806607.288472, -268.0
1574806607.293244, -268.0
1574806607.707855, -268.0
1574806607.996915, -268.0
1574806608.161638, -268.0
1574806608.341279, -268.0
1574806608.514962, -268.0
1574806608.746464, -268.0
1574806608.921978, -268.0
1574806609.144199, -268.0
1574806609.315271, -268.0
1574806609.550971, -268.0
1574806609.837597, -268.0
1574806610.001246, -268.0
1574806610.176907, -268.0
1574806610.351211, -268.0
1574806610.511803, -268.0
1574806610.667381, -268.0
1574806610.847063, -268.0
1574806611.019798, -268.0
1574806611.189895, -268.0
1574806611.349201, -268.0
1574806611.526439, -268.0
1574806611.693693, -268.0
1574806611.871285, -268.0
1574806612.053873, -268.0
1574806612.223375, -268.0
1574806612.384471, -268.0
1574806612.556924, -268.0
1574806612.717277, -268.0
1574806612.927113, -268.0
1574806613.10055, -268.0
1574806613.273712, -268.0
1574806613.45157, -268.0
1574806613.629187, -268.0
1574806613.801167, -268.0
1574806613.968572, -268.0
1574806614.141995, -268.0
1574806614.398296, -268.0
1574806614.580646, -268.0
1574806614.805776, -268.0
1574806615.068182, -268.0
1574806615.322006, -268.0
1574806615.488176, -268.0
1574806615.656906, -268.0
1574806615.819515, -268.0
1574806615.988568, -268.0
1574806616.155667, -268.0
1574806616.332412, -268.0
1574806616.509876, -268.0
1574806616.687322, -268.0
1574806616.861798, -268.0
1574806617.028928, -268.0
1574806617.192959, -268.0
1574806565.795503, -269.0
1574806566.09035, -268.0
1574806566.465583, -268.0
1574806566.474278, -268.0
1574806566.47935, -268.0
1574806566.484012, -268.0
1574806566.488584, -268.0
1574806566.493674, -268.0
1574806566.974751, -268.0
1574806566.979444, -268.0
1574806566.984179, -268.0
1574806567.491846, -268.0
1574806567.981527, -268.0
1574806568.487201, -268.0
1574806568.987779, -268.0
1574806569.423487, -268.0
1574806569.890152, -268.0
1574806570.35951, -268.0
1574806570.750474, -268.0
1574806571.134755, -268.0
1574806571.537806, -268.0
1574806571.920128, -268.0
1574806572.294859, -268.0
1574806572.695553, -268.0
1574806573.052545, -268.0
1574806573.390891, -268.0
1574806573.58804, -268.0
1574806573.772898, -268.0
1574806573.978619, -268.0
1574806574.185572, -268.0
1574806574.400148, -268.0
1574806574.591947, -268.0
1574806574.771766, -268.0
1574806574.931448, -268.0
1574806575.117686, -268.0
1574806575.319603, -268.0
1574806575.54803, -268.0
1574806575.780635, -268.0
1574806576.015101, -268.0
1574806576.250354, -268.0
1574806576.491419, -268.0
1574806576.72544, -268.0
1574806576.9645, -268.0
1574806577.209658, -268.0
1574806577.463117, -268.0
1574806577.699091, -268.0
1574806577.969147, -268.0
1574806578.212865, -268.0
1574806578.437821, -268.0
1574806578.684003, -268.0
1574806578.902185, -268.0
1574806579.156697, -268.0
1574806579.405506, -268.0
1574806579.669402, -268.0
1574806579.935703, -268.0
1574806580.223248, -268.0
1574806580.492936, -268.0
1574806580.779449, -268.0
1574806581.03683, -268.0
1574806581.302152, -268.0
1574806581.563058, -268.0
1574806581.843695, -268.0
1574806582.090208, -268.0
1574806582.364429, -268.0
1574806582.566097, -268.0
1574806582.740085, -268.0
1574806582.891216, -268.0
1574806583.069086, -268.0
1574806583.327353, -268.0
1574806583.502706, -268.0
1574806583.687809, -268.0
1574806583.902883, -268.0
1574806584.099218, -268.0
1574806584.278621, -268.0
1574806584.46207, -268.0
1574806584.690047, -268.0
1574806584.956738, -268.0
1574806585.275279, -268.0
1574806585.560737, -268.0
1574806585.83908, -268.0
1574806586.124495, -268.0
1574806586.349571, -268.0
1574806586.556353, -268.0
1574806586.723906, -268.0
1574806586.89264, -268.0
1574806587.074876, -268.0
1574806587.262807, -268.0
1574806587.446431, -268.0
1574806587.613446, -268.0
1574806587.77553, -268.0
1574806587.935387, -268.0
1574806588.172596, -268.0
1574806588.333929, -268.0
1574806588.496109, -268.0
1574806588.653044, -268.0
1574806588.885624, -268.0
1574806589.137894, -268.0
1574806589.413165, -268.0
1574806589.668952, -268.0
1574806589.955992, -268.0
1574806590.221038, -268.0
1574806590.489545, -268.0
1574806590.75598, -268.0
1574806590.97878, -268.0
1574806591.138009, -268.0
1574806591.322335, -268.0
1574806591.492539, -268.0
1574806591.672989, -268.0
1574806591.840269, -268.0
1574806592.066064, -268.0
1574806592.330893, -268.0
1574806592.622364, -268.0
1574806592.905178, -268.0
1574806593.19603, -268.0
1574806593.503628, -268.0
1574806593.705975, -268.0
1574806593.978181, -268.0
1574806594.247986, -268.0
1574806594.554428, -268.0
1574806594.836613, -268.0
1574806595.045998, -268.0
1574806595.20585, -268.0
1574806595.370709, -268.0
1574806595.525271, -268.0
1574806595.710349, -268.0
1574806595.887747, -268.0
1574806596.053145, -268.0
1574806596.222667, -268.0
1574806596.416757, -268.0
1574806596.638156, -268.0
1574806596.866149, -268.0
1574806597.079665, -268.0
1574806597.288004, -268.0
1574806597.472397, -268.0
1574806597.645413, -268.0
1574806597.819307, -268.0
1574806598.000622, -268.0
1574806598.163848, -268.0
1574806598.329433, -268.0
1574806598.50171, -268.0
1574806598.666547, -268.0
1574806598.832199, -268.0
1574806599.002984, -268.0
1574806599.167164, -268.0
1574806599.34381, -268.0
1574806599.518649, -268.0
1574806599.749619, -268.0
1574806600.043344, -268.0
1574806600.241787, -268.0
1574806600.456325, -268.0
1574806600.716479, -268.0
1574806601.05273, -268.0
1574806601.387182, -268.0
1574806601.626122, -268.0
1574806601.854629, -268.0
1574806602.077013, -268.0
1574806602.291658, -268.0
1574806602.533373, -268.0
1574806602.75721, -268.0
1574806602.996259, -268.0
1574806603.249071, -268.0
1574806603.418966, -268.0
1574806603.582387, -268.0
1574806603.757867, -268.0
1574806603.930876, -268.0
1574806604.101292, -268.0
1574806604.267849, -268.0
1574806604.434746, -268.0
1574806604.604886, -268.0
1574806604.768271, -268.0
1574806604.930726, -268.0
1574806605.123964, -268.0
1574806605.287679, -268.0
1574806605.467479, -268.0
1574806605.63119, -268.0
1574806605.80204, -268.0
1574806605.959459, -268.0
1574806606.124443, -268.0
1574806606.29026, -268.0
1574806606.454294, -268.0
1574806606.621338, -268.0
1574806606.817476, -268.0
1574806607.012603, -268.0
1574806607.192254, -268.0
1574806607.346336, -268.0
1574806607.505736, -268.0
1574806607.680327, -268.0
1574806607.854484, -268.0
1574806608.031628, -268.0
1574806608.191129, -268.0
1574806608.366005, -268.0
1574806608.519219, -268.0
1574806608.698293, -268.0
1574806608.862462, -268.0
1574806609.03845, -268.0
1574806609.204342, -268.0
1574806609.381344, -268.0
1574806609.556172, -268.0
1574806609.719187, -268.0
1574806609.884208, -268.0
1574806610.042911, -268.0
1574806610.228329, -268.0
1574806610.393015, -268.0
1574806610.557307, -268.0
1574806610.7277, -268.0
1574806610.898995, -268.0
1574806611.072028, -268.0
1574806611.242745, -268.0
1574806611.410662, -268.0
1574806611.582266, -268.0
1574806611.748798, -268.0
1574806611.908356, -268.0
1574806612.10177, -268.0
1574806612.271367, -268.0
1574806612.45794, -268.0
1574806612.637216, -268.0
1574806612.791941, -268.0
1574806612.969644, -268.0
1574806613.144557, -268.0
1574806613.305465, -268.0
1574806613.47536, -268.0
1574806613.642607, -268.0
1574806613.816837, -268.0
1574806613.9987, -268.0
1574806614.162043, -268.0
1574806614.334767, -268.0
1574806614.507618, -268.0
1574806614.676694, -268.0
1574806614.847265, -268.0
1574806615.002252, -268.0
1574806615.166891, -268.0
1574806615.331487, -268.0
1574806615.502274, -268.0
1574806615.661425, -268.0
1574806615.84676, -268.0
1574806616.010652, -268.0
1574806616.188574, -268.0
1574806616.352533, -268.0
1574806616.518789, -268.0
1574806616.700354, -268.0
1574806616.86739, -268.0
1574806617.031359, -268.0
1574806617.193952, -268.0
1574806617.364827, -268.0
1574806617.545073, -268.0
1574806617.716929, -268.0
1574806617.880296, -268.0
1574806618.051732, -268.0
1574806618.217369, -268.0
1574806618.38431, -268.0
1574806565.78439, -269.0
1574806566.142376, -268.0
1574806566.510766, -268.0
1574806566.517037, -268.0
1574806566.52158, -268.0
1574806566.527391, -268.0
1574806566.532848, -268.0
1574806566.538056, -268.0
1574806566.886674, -268.0
1574806567.269979, -268.0
1574806567.658638, -268.0
1574806568.038304, -268.0
1574806568.404033, -268.0
1574806568.796677, -268.0
1574806569.193628, -268.0
1574806569.605708, -268.0
1574806569.998435, -268.0
1574806570.386866, -268.0
1574806570.790373, -268.0
1574806571.150671, -268.0
1574806571.532194, -268.0
1574806571.903034, -268.0
1574806572.315309, -268.0
1574806572.708539, -268.0
1574806573.064305, -268.0
1574806573.431853, -268.0
1574806573.784339, -268.0
1574806574.16253, -268.0
1574806574.503013, -268.0
1574806574.787489, -268.0
1574806574.990603, -268.0
1574806575.186678, -268.0
1574806575.37143, -268.0
1574806575.559779, -268.0
1574806575.761543, -268.0
1574806575.931716, -268.0
1574806576.107519, -268.0
1574806576.271427, -268.0
1574806576.50787, -268.0
1574806576.723745, -268.0
1574806576.907942, -268.0
1574806577.07047, -268.0
1574806577.232284, -268.0
1574806577.394963, -268.0
1574806577.57738, -268.0
1574806577.73472, -268.0
1574806577.901716, -268.0
1574806578.14625, -268.0
1574806578.474394, -268.0
1574806578.840973, -268.0
1574806579.223207, -268.0
1574806579.628742, -268.0
1574806579.939231, -268.0
1574806580.137374, -268.0
1574806580.306359, -268.0
1574806580.584088, -268.0
1574806581.00444, -268.0
1574806581.009045, -268.0
1574806581.013642, -268.0
1574806581.018359, -268.0
1574806581.022882, -268.0
1574806581.43814, -268.0
1574806581.603898, -268.0
1574806581.780972, -268.0
1574806581.957453, -268.0
1574806582.110437, -268.0
1574806582.279242, -268.0
1574806582.441702, -268.0
1574806582.619342, -268.0
1574806582.790043, -268.0
1574806582.94804, -268.0
1574806583.112351, -268.0
1574806583.350812, -268.0
1574806583.540988, -268.0
1574806583.752347, -268.0
1574806583.935207, -268.0
1574806584.112645, -268.0
1574806584.283607, -268.0
1574806584.440937, -268.0
1574806584.621289, -268.0
1574806584.79441, -268.0
1574806584.966244, -268.0
1574806585.129814, -268.0
1574806585.315658, -268.0
1574806585.507378, -268.0
1574806585.677846, -268.0
1574806585.84544, -268.0
1574806586.021612, -268.0
1574806586.194887, -268.0
1574806586.399109, -268.0
1574806586.70512, -268.0
1574806586.922487, -268.0
1574806587.095462, -268.0
1574806587.283671, -268.0
1574806587.452425, -268.0
1574806587.627243, -268.0
1574806587.805626, -268.0
1574806587.978787, -268.0
1574806588.142392, -268.0
1574806588.332243, -268.0
1574806588.491418, -268.0
1574806588.653129, -268.0
1574806588.821183, -268.0
1574806588.992741, -268.0
1574806589.170862, -268.0
1574806589.343966, -268.0
1574806589.506455, -268.0
1574806589.67014, -268.0
1574806589.847196, -268.0
1574806590.019418, -268.0
1574806590.188324, -268.0
1574806590.355124, -268.0
1574806590.538675, -268.0
1574806590.708668, -268.0
1574806590.881154, -268.0
1574806591.044471, -268.0
1574806591.222461, -268.0
1574806591.398256, -268.0
1574806591.571785, -268.0
1574806591.743145, -268.0
1574806591.916108, -268.0
1574806592.092412, -268.0
1574806592.254932, -268.0
1574806592.429166, -268.0
1574806592.601678, -268.0
1574806592.77513, -268.0
1574806592.96574, -268.0
1574806593.136886, -268.0
1574806593.29565, -268.0
1574806593.472262, -268.0
1574806593.633104, -268.0
1574806593.79194, -268.0
1574806593.952587, -268.0
1574806594.124368, -268.0
1574806594.271824, -268.0
1574806594.437626, -268.0
1574806594.604536, -268.0
1574806594.773485, -268.0
1574806594.942583, -268.0
1574806595.120027, -268.0
1574806595.294481, -268.0
1574806595.468038, -268.0
1574806595.649203, -268.0
1574806595.8217, -268.0
1574806595.998469, -268.0
1574806596.182912, -268.0
1574806596.343575, -268.0
1574806596.516955, -268.0
1574806596.695361, -268.0
1574806596.867885, -268.0
1574806597.035934, -268.0
1574806597.206807, -268.0
1574806597.3818, -268.0
1574806597.530993, -268.0
1574806597.7078, -268.0
1574806597.887618, -268.0
1574806598.053939, -268.0
1574806598.219598, -268.0
1574806598.382176, -268.0
1574806598.553341, -268.0
1574806598.721532, -268.0
1574806598.900107, -268.0
1574806599.069533, -268.0
1574806599.238032, -268.0
1574806599.41344, -268.0
1574806599.574837, -268.0
1574806599.746464, -268.0
1574806599.916922, -268.0
1574806600.082314, -268.0
1574806600.240098, -268.0
1574806600.407662, -268.0
1574806600.573419, -268.0
1574806600.744438, -268.0
1574806600.905435, -268.0
1574806601.07668, -268.0
1574806601.266694, -268.0
1574806601.444516, -268.0
1574806601.621481, -268.0
1574806601.794948, -268.0
1574806601.963628, -268.0
1574806602.135047, -268.0
1574806602.299101, -268.0
1574806602.466559, -268.0
1574806602.644384, -268.0
1574806602.808428, -268.0
1574806602.979557, -268.0
1574806603.137126, -268.0
1574806603.309643, -268.0
1574806603.478146, -268.0
1574806603.645296, -268.0
1574806603.821572, -268.0
1574806604.002507, -268.0
1574806604.17086, -268.0
1574806604.330497, -268.0
1574806604.500944, -268.0
1574806604.673272, -268.0
1574806604.8364, -268.0
1574806604.997374, -268.0
1574806605.162157, -268.0
1574806605.322199, -268.0
1574806605.482569, -268.0
1574806605.66263, -268.0
1574806605.828688, -268.0
1574806606.001307, -268.0
1574806606.178526, -268.0
1574806606.339437, -268.0
1574806606.515969, -268.0
1574806606.681225, -268.0
1574806606.862089, -268.0
1574806607.031879, -268.0
1574806607.265511, -268.0
1574806607.424242, -268.0
1574806607.589608, -268.0
1574806607.743342, -268.0
1574806607.91863, -268.0
1574806608.089342, -268.0
1574806608.26402, -268.0
1574806608.432576, -268.0
1574806608.608268, -268.0
1574806608.763656, -268.0
1574806608.930972, -268.0
1574806609.082599, -268.0
1574806609.24932, -268.0
1574806609.415649, -268.0
1574806609.589459, -268.0
1574806609.750831, -268.0
1574806609.917551, -268.0
1574806610.106272, -268.0
1574806610.270007, -268.0
1574806610.439999, -268.0
1574806610.610315, -268.0
1574806610.760981, -268.0
1574806610.935894, -268.0
1574806611.115017, -268.0
1574806611.282228, -268.0
1574806611.460345, -268.0
1574806611.630191, -268.0
1574806611.806514, -268.0
1574806611.985249, -268.0
1574806612.160293, -268.0
1574806612.315593, -268.0
1574806612.485122, -268.0
1574806612.65638, -268.0
1574806612.844131, -268.0
1574806613.016117, -268.0
1574806613.199281, -268.0
1574806613.398404, -268.0
1574806613.582237, -268.0
1574806613.760386, -268.0
1574806613.918629, -268.0
1574806565.794054, -269.0
1574806565.985666, -268.0
1574806566.291051, -268.0
1574806566.295586, -268.0
1574806566.302304, -268.0
1574806566.306865, -268.0
1574806566.31144, -268.0
1574806566.316167, -268.0
1574806566.320834, -268.0
1574806566.325476, -268.0
1574806566.332236, -268.0
1574806566.519635, -268.0
1574806566.78744, -268.0
1574806567.06953, -268.0
1574806567.244643, -268.0
1574806567.451364, -268.0
1574806567.633001, -268.0
1574806567.816503, -268.0
1574806568.067862, -268.0
1574806568.410342, -268.0
1574806568.705568, -268.0
1574806569.012781, -268.0
1574806569.305468, -268.0
1574806569.573829, -268.0
1574806569.843599, -268.0
1574806570.084428, -268.0
1574806570.285531, -268.0
1574806570.478708, -268.0
1574806570.688602, -268.0
1574806570.944042, -268.0
1574806571.198933, -268.0
1574806571.457116, -268.0
1574806571.683031, -268.0
1574806571.878687, -268.0
1574806572.089509, -268.0
1574806572.299607, -268.0
1574806572.57188, -268.0
1574806572.844217, -268.0
1574806573.117563, -268.0
1574806573.37193, -268.0
1574806573.614817, -268.0
1574806573.870594, -268.0
1574806574.137451, -268.0
1574806574.39662, -268.0
1574806574.602905, -268.0
1574806574.842184, -268.0
1574806575.068768, -268.0
1574806575.310936, -268.0
1574806575.553469, -268.0
1574806575.821687, -268.0
1574806576.087229, -268.0
1574806576.330672, -268.0
1574806576.612539, -268.0
1574806576.877559, -268.0
1574806577.142231, -268.0
1574806577.451235, -268.0
1574806577.760186, -268.0
1574806578.037096, -268.0
1574806578.348845, -268.0
1574806578.617833, -268.0
1574806578.894967, -268.0
1574806579.171475, -268.0
1574806579.4488, -268.0
1574806579.688746, -268.0
1574806579.961454, -268.0
1574806580.180903, -268.0
1574806580.352787, -268.0
1574806580.508421, -268.0
1574806580.681072, -268.0
1574806580.906303, -268.0
1574806581.083343, -268.0
1574806581.267848, -268.0
1574806581.478935, -268.0
1574806581.668815, -268.0
1574806581.834018, -268.0
1574806582.000216, -268.0
1574806582.235193, -268.0
1574806582.39356, -268.0
1574806582.566478, -268.0
1574806582.749539, -268.0
1574806582.918526, -268.0
1574806583.088047, -268.0
1574806583.287891, -268.0
1574806583.501627, -268.0
1574806583.693676, -268.0
1574806583.916697, -268.0
1574806584.135672, -268.0
1574806584.329666, -268.0
1574806584.503498, -268.0
1574806584.656946, -268.0
1574806584.829144, -268.0
1574806585.00334, -268.0
1574806585.182127, -268.0
1574806585.378835, -268.0
1574806585.593729, -268.0
1574806585.802305, -268.0
1574806586.022655, -268.0
1574806586.220296, -268.0
1574806586.405455, -268.0
1574806586.600129, -268.0
1574806586.789494, -268.0
1574806586.954489, -268.0
1574806587.122151, -268.0
1574806587.305812, -268.0
1574806587.486346, -268.0
1574806587.669964, -268.0
1574806587.837681, -268.0
1574806587.99483, -268.0
1574806588.166375, -268.0
1574806588.339309, -268.0
1574806588.505171, -268.0
1574806588.672211, -268.0
1574806588.854891, -268.0
1574806589.020557, -268.0
1574806589.191971, -268.0
1574806589.351613, -268.0
1574806589.529758, -268.0
1574806589.703197, -268.0
1574806589.869034, -268.0
1574806590.040981, -268.0
1574806590.220011, -268.0
1574806590.393083, -268.0
1574806590.545082, -268.0
1574806590.715306, -268.0
1574806590.895736, -268.0
1574806591.060618, -268.0
1574806591.239523, -268.0
1574806591.406333, -268.0
1574806591.565424, -268.0
1574806591.739218, -268.0
1574806591.895129, -268.0
1574806592.054896, -268.0
1574806592.217511, -268.0
1574806592.398677, -268.0
1574806592.545578, -268.0
1574806592.706106, -268.0
1574806592.881098, -268.0
1574806593.062468, -268.0
1574806593.229333, -268.0
1574806593.403551, -268.0
1574806593.577171, -268.0
1574806593.747659, -268.0
1574806593.927737, -268.0
1574806594.105939, -268.0
1574806594.282813, -268.0
1574806594.464489, -268.0
1574806594.62594, -268.0
1574806594.794365, -268.0
1574806594.967505, -268.0
1574806595.142587, -268.0
1574806595.308993, -268.0
1574806595.472074, -268.0
1574806595.645718, -268.0
1574806595.795494, -268.0
1574806595.978943, -268.0
1574806596.155286, -268.0
1574806596.326724, -268.0
1574806596.492251, -268.0
1574806596.657715, -268.0
1574806596.826915, -268.0
1574806596.994446, -268.0
1574806597.173305, -268.0
1574806597.336186, -268.0
1574806597.507791, -268.0
1574806597.6837, -268.0
1574806597.841482, -268.0
1574806598.012046, -268.0
1574806598.184956, -268.0
1574806598.347878, -268.0
1574806598.505074, -268.0
1574806598.66742, -268.0
1574806598.823779, -268.0
1574806598.985727, -268.0
1574806599.144623, -268.0
1574806599.308434, -268.0
1574806599.49281, -268.0
1574806599.660489, -268.0
1574806599.825123, -268.0
1574806600.00045, -268.0
1574806600.177826, -268.0
1574806600.349066, -268.0
1574806600.540111, -268.0
1574806600.707426, -268.0
1574806600.880227, -268.0
1574806601.041263, -268.0
1574806601.210824, -268.0
1574806601.369541, -268.0
1574806601.532724, -268.0
1574806601.704392, -268.0
1574806601.874023, -268.0
1574806602.051022, -268.0
1574806602.223143, -268.0
1574806602.383295, -268.0
1574806602.550957, -268.0
1574806602.710653, -268.0
1574806602.869842, -268.0
1574806603.035394, -268.0
1574806603.213788, -268.0
1574806603.381928, -268.0
1574806603.539187, -268.0
1574806603.711648, -268.0
1574806603.882305, -268.0
1574806604.063279, -268.0
1574806604.234305, -268.0
1574806604.397672, -268.0
1574806604.586166, -268.0
1574806604.749454, -268.0
1574806604.920198, -268.0
1574806605.145274, -268.0
1574806605.314577, -268.0
1574806605.47892, -268.0
1574806605.662034, -268.0
1574806605.82091, -268.0
1574806605.983824, -268.0
1574806606.161805, -268.0
1574806606.325763, -268.0
1574806606.498166, -268.0
1574806606.674866, -268.0
1574806606.847895, -268.0
1574806607.004401, -268.0
1574806607.17109, -268.0
1574806607.322601, -268.0
1574806607.500013, -268.0
1574806607.670079, -268.0
1574806607.836681, -268.0
1574806607.998889, -268.0
1574806608.17613, -268.0
1574806608.352926, -268.0
1574806608.516631, -268.0
1574806608.694537, -268.0
1574806608.855924, -268.0
1574806609.032054, -268.0
1574806609.211758, -268.0
1574806609.381276, -268.0
1574806609.550566, -268.0
1574806609.72326, -268.0
1574806609.87752, -268.0
1574806610.042613, -268.0
1574806610.212449, -268.0
1574806610.390418, -268.0
1574806610.547999, -268.0
1574806610.717968, -268.0
1574806610.88462, -268.0
1574806611.065526, -268.0
1574806611.238124, -268.0
1574806611.422383, -268.0
1574806611.602113, -268.0
1574806611.76406, -268.0
1574806611.942768, -268.0
1574806612.123377, -268.0
1574806612.313395, -268.0
1574806612.473103, -268.0
1574806612.641776, -268.0
1574806612.855529, -268.0
1574806613.069667, -268.0
1574806613.37508, -268.0
1574806613.379609, -268.0
1574806613.384019, -268.0
1574806613.388702, -268.0
1574806613.393129, -268.0
1574806613.397559, -268.0
1574806613.401991, -268.0
1574806613.406473, -268.0
1574806613.410896, -268.0
1574806613.415326, -268.0
1574806613.419759, -268.0
1574806613.424268, -268.0
1574806613.428763, -268.0
1574806613.658606, -268.0
1574806613.831196, -268.0
1574806614.003264, -268.0
1574806614.179216, -268.0
1574806614.33792, -268.0
1574806614.50633, -268.0
1574806614.670287, -268.0
1574806614.833652, -268.0
1574806615.008843, -268.0
1574806615.177506, -268.0
1574806615.355483, -268.0
1574806615.520457, -268.0
1574806615.695231, -268.0
1574806615.860581, -268.0
1574806616.038216, -268.0
1574806616.219468, -268.0
1574806616.389996, -268.0
1574806616.561298, -268.0
1574806616.733017, -268.0
1574806616.906433, -268.0
1574806617.072658, -268.0
1574806617.077187, -268.0
1574806617.081614, -268.0
1574806617.086295, -268.0
1574806617.090785, -268.0
1574806617.095209, -268.0
1574806617.099785, -268.0
1574806617.104245, -268.0
1574806617.305889, -268.0
1574806617.47743, -268.0
1574806617.652081, -268.0
1574806617.852179, -268.0
1574806618.117084, -268.0
1574806618.29398, -268.0
1574806618.463353, -268.0
1574806618.652205, -268.0
1574806618.83657, -268.0
1574806618.994401, -268.0
1574806619.159215, -268.0
1574806619.319658, -268.0
1574806619.488292, -268.0
1574806619.661208, -268.0
1574806619.825995, -268.0
1574806619.99185, -268.0
1574806620.155981, -268.0
1574806620.315911, -268.0
1574806620.48267, -268.0
1574806620.659718, -268.0
1574806620.831793, -268.0
1574806620.989835, -268.0
1574806621.307009, -268.0
1574806621.480504, -268.0
1574806621.638108, -268.0
1574806621.80617, -268.0
1574806621.968757, -268.0
1574806622.140023, -268.0
1574806622.310359, -268.0
1574806622.476281, -268.0
1574806622.635251, -268.0
1574806622.810783, -268.0
1574806622.984929, -268.0
1574806623.153339, -268.0
1574806623.316529, -268.0
1574806623.486729, -268.0
1574806623.663528, -268.0
1574806623.832819, -268.0
1574806624.001506, -268.0
1574806624.17545, -268.0
1574806624.339555, -268.0
1574806624.514491, -268.0
1574806624.672758, -268.0
1574806624.84224, -268.0
1574806625.027517, -268.0
1574806625.189057, -268.0
1574806625.365327, -268.0
1574806625.54484, -268.0
1574806625.716123, -268.0
1574806625.868995, -268.0
1574806626.043118, -268.0
1574806626.213143, -268.0
1574806626.372907, -268.0
1574806626.543523, -268.0
1574806626.712692, -268.0
1574806626.871664, -268.0
1574806627.111335, -268.0
1574806627.269431, -268.0
1574806627.444386, -268.0
1574806627.613191, -268.0
1574806627.773649, -268.0
1574806627.932738, -268.0
1574806628.089842, -268.0
1574806628.252364, -268.0
1574806628.430499, -268.0
1574806628.596468, -268.0
1574806628.771499, -268.0
1574806628.938178, -268.0
1574806629.118862, -268.0
1574806629.287599, -268.0
1574806629.457746, -268.0
1574806629.628535, -268.0
1574806629.809585, -268.0
1574806629.967839, -268.0
1574806630.12331, -268.0
1574806630.303509, -268.0
1574806630.473104, -268.0
1574806630.63044, -268.0
1574806630.798671, -268.0
1574806630.975035, -268.0
1574806631.1635, -268.0
1574806631.3453, -268.0
1574806631.515801, -268.0
1574806631.68746, -268.0
1574806631.861602, -268.0
1574806632.044079, -268.0
1574806632.232253, -268.0
1574806632.441607, -268.0
1574806632.611075, -268.0
1574806632.763866, -268.0
1574806632.931614, -268.0
1574806633.103166, -268.0
1574806633.270526, -268.0
1574806633.452421, -268.0
1574806633.630995, -268.0
1574806633.792086, -268.0
1574806633.957674, -268.0
1574806634.132493, -268.0
1574806634.319289, -268.0
1574806634.524741, -268.0
1574806634.683221, -268.0
1574806634.849273, -268.0
1574806635.048578, -268.0
1574806635.270758, -268.0
1574806635.471851, -268.0
1574806635.634154, -268.0
1574806635.825181, -268.0
1574806636.022122, -268.0
1574806636.280796, -268.0
1574806636.509152, -268.0
1574806636.747352, -268.0
1574806637.030436, -268.0
1574806637.351096, -268.0
1574806637.669216, -268.0
1574806637.99602, -268.0
1574806638.308765, -268.0
1574806638.616761, -268.0
1574806638.931192, -268.0
1574806639.269254, -268.0
1574806639.610988, -268.0
1574806639.942334, -268.0
1574806640.261944, -268.0
1574806640.578305, -268.0
1574806640.745385, -268.0
1574806640.911378, -268.0
1574806641.089419, -268.0
1574806641.25103, -268.0
1574806641.414612, -268.0
1574806641.593855, -268.0
1574806641.763473, -268.0
1574806641.942073, -268.0
1574806642.112064, -268.0
1574806642.280337, -268.0
1574806642.454988, -268.0
1574806642.621731, -268.0
1574806642.788923, -268.0
1574806642.9483, -268.0
1574806643.118847, -268.0
1574806643.283312, -268.0
1574806643.453335, -268.0
1574806643.611336, -268.0
1574806643.781549, -268.0
1574806643.956544, -268.0
1574806644.110904, -268.0
1574806644.289979, -268.0
1574806644.453445, -268.0
1574806644.609346, -268.0
1574806644.776088, -268.0
1574806644.941814, -268.0
1574806645.105446, -268.0
1574806645.278085, -268.0
1574806645.443925, -268.0
1574806645.612515, -268.0
1574806645.780464, -268.0
1574806645.951999, -268.0
1574806646.106478, -268.0
1574806646.272182, -268.0
1574806646.431628, -268.0
1574806646.592464, -268.0
1574806646.762667, -268.0
1574806646.934278, -268.0
1574806647.100246, -268.0
1574806647.288352, -268.0
1574806647.453972, -268.0
1574806647.616061, -268.0
1574806647.782429, -268.0
1574806647.942611, -268.0
1574806648.10588, -268.0
1574806648.288301, -268.0
1574806648.445416, -268.0
1574806648.61157, -268.0
1574806648.787041, -268.0
1574806648.964425, -268.0
1574806649.122275, -268.0
1574806649.285646, -268.0
1574806649.444046, -268.0
1574806649.618172, -268.0
1574806649.786533, -268.0
1574806649.960283, -268.0
1574806650.125889, -268.0
1574806650.297492, -268.0
1574806650.460745, -268.0
1574806650.619287, -268.0
1574806650.797826, -268.0
1574806650.958765, -268.0
1574806651.125722, -268.0
1574806651.296598, -268.0
1574806651.469709, -268.0
1574806651.637391, -268.0
1574806651.803644, -268.0
1574806651.970891, -268.0
1574806652.148575, -268.0
1574806652.320424, -268.0
1574806652.494259, -268.0
1574806652.660365, -268.0
1574806652.832278, -268.0
1574806652.989401, -268.0
1574806653.160071, -268.0
1574806653.340543, -268.0
1574806653.510544, -268.0
1574806653.681561, -268.0
1574806653.855825, -268.0
1574806654.029043, -268.0
1574806654.202198, -268.0
1574806613.928782, -268.0
1574806614.2873, -268.0
1574806614.653371, -268.0
1574806614.885935, -268.0
1574806615.110551, -268.0
1574806615.300397, -268.0
1574806615.471159, -268.0
1574806615.641543, -268.0
1574806615.803393, -268.0
1574806615.972409, -268.0
1574806616.173557, -268.0
1574806616.365657, -268.0
1574806616.55089, -268.0
1574806616.718067, -268.0
1574806616.981188, -268.0
1574806617.269213, -268.0
1574806617.624588, -268.0
1574806617.881302, -268.0
1574806618.072255, -268.0
1574806618.237707, -268.0
1574806618.426586, -268.0
1574806618.595414, -268.0
1574806618.776265, -268.0
1574806618.94234, -268.0
1574806619.109668, -268.0
1574806619.2781, -268.0
1574806619.449826, -268.0
1574806619.618734, -268.0
1574806619.790621, -268.0
1574806619.951449, -268.0
1574806620.13925, -268.0
1574806620.316736, -268.0
1574806620.491695, -268.0
1574806620.667066, -268.0
1574806620.841531, -268.0
1574806621.009374, -268.0
1574806621.195223, -268.0
1574806621.366006, -268.0
1574806621.528271, -268.0
1574806621.71335, -268.0
1574806621.88328, -268.0
1574806622.041871, -268.0
1574806622.216202, -268.0
1574806622.391563, -268.0
1574806622.56222, -268.0
1574806622.74464, -268.0
1574806622.898791, -268.0
1574806623.074276, -268.0
1574806623.250097, -268.0
1574806623.42362, -268.0
1574806623.587599, -268.0
1574806623.752691, -268.0
1574806623.921498, -268.0
1574806624.091, -268.0
1574806624.257734, -268.0
1574806624.414618, -268.0
1574806624.562219, -268.0
1574806624.726277, -268.0
1574806624.890602, -268.0
1574806625.063302, -268.0
1574806625.234822, -268.0
1574806625.405662, -268.0
1574806625.578115, -268.0
1574806625.748226, -268.0
1574806625.91737, -268.0
1574806626.106289, -268.0
1574806626.395611, -268.0
1574806626.572318, -268.0
1574806626.7334, -268.0
1574806626.898871, -268.0
1574806627.080981, -268.0
1574806627.251744, -268.0
1574806627.436766, -268.0
1574806627.597863, -268.0
1574806627.750397, -268.0
1574806627.931899, -268.0
1574806628.191808, -268.0
1574806628.36705, -268.0
1574806628.523295, -268.0
1574806628.687371, -268.0
1574806628.856229, -268.0
1574806629.014489, -268.0
1574806629.186579, -268.0
1574806629.348811, -268.0
1574806629.518564, -268.0
1574806629.687432, -268.0
1574806629.844525, -268.0
1574806629.998502, -268.0
1574806630.170683, -268.0
1574806630.335792, -268.0
1574806630.504883, -268.0
1574806630.680675, -268.0
1574806630.85238, -268.0
1574806631.180186, -268.0
1574806631.184656, -268.0
1574806631.510269, -268.0
1574806631.51478, -268.0
1574806631.695289, -268.0
1574806631.875328, -268.0
1574806632.080886, -268.0
1574806632.087212, -268.0
1574806632.092368, -268.0
1574806632.096776, -268.0
1574806632.101446, -268.0
1574806632.105873, -268.0
1574806632.110361, -268.0
1574806632.114795, -268.0
1574806632.119214, -268.0
1574806632.464841, -268.0
1574806632.469563, -268.0
1574806632.474009, -268.0
1574806632.478444, -268.0
1574806632.482895, -268.0
1574806632.487392, -268.0
1574806632.49254, -268.0
1574806632.497004, -268.0
1574806632.915057, -268.0
1574806633.085739, -268.0
1574806633.252084, -268.0
1574806633.432498, -268.0
1574806633.594003, -268.0
1574806633.759648, -268.0
1574806633.937895, -268.0
1574806634.12111, -268.0
1574806634.33063, -268.0
1574806634.529184, -268.0
1574806634.73753, -268.0
1574806634.933262, -268.0
1574806635.102003, -268.0
1574806635.299872, -268.0
1574806635.498176, -268.0
1574806635.68585, -268.0
1574806635.894037, -268.0
1574806636.08966, -268.0
1574806636.264018, -268.0
1574806636.436683, -268.0
1574806636.619315, -268.0
1574806636.813135, -268.0
1574806636.997396, -268.0
1574806637.174614, -268.0
1574806637.341213, -268.0
1574806637.512697, -268.0
1574806637.696412, -268.0
1574806637.863991, -268.0
1574806638.034843, -268.0
1574806638.207796, -268.0
1574806638.36695, -268.0
1574806638.530143, -268.0
1574806638.712799, -268.0
1574806638.877721, -268.0
1574806639.038914, -268.0
1574806639.212962, -268.0
1574806639.369615, -268.0
1574806639.546668, -268.0
1574806639.70588, -268.0
1574806639.864883, -268.0
1574806640.039795, -268.0
1574806640.215532, -268.0
1574806640.385354, -268.0
1574806640.55765, -268.0
1574806640.731537, -268.0
1574806640.888244, -268.0
1574806641.050363, -268.0
1574806641.221874, -268.0
1574806641.390919, -268.0
1574806641.559752, -268.0
1574806641.725582, -268.0
1574806641.900217, -268.0
1574806642.062574, -268.0
1574806642.226093, -268.0
1574806642.397004, -268.0
1574806642.568828, -268.0
1574806642.738301, -268.0
1574806642.910576, -268.0
1574806643.083319, -268.0
1574806643.245376, -268.0
1574806643.422628, -268.0
1574806643.596682, -268.0
1574806643.757073, -268.0
1574806643.936841, -268.0
1574806644.109741, -268.0
1574806644.273112, -268.0
1574806644.4449, -268.0
1574806644.616481, -268.0
1574806644.791541, -268.0
1574806644.952792, -268.0
1574806645.129589, -268.0
1574806645.304543, -268.0
1574806645.469974, -268.0
1574806645.662459, -268.0
1574806645.827578, -268.0
1574806645.98524, -268.0
1574806646.162014, -268.0
1574806646.342125, -268.0
1574806646.507924, -268.0
1574806646.686796, -268.0
1574806646.853848, -268.0
1574806647.023609, -268.0
1574806647.198063, -268.0
1574806647.372218, -268.0
1574806647.525434, -268.0
1574806647.694676, -268.0
1574806647.856248, -268.0
1574806648.024246, -268.0
1574806648.201987, -268.0
1574806648.377058, -268.0
1574806648.53737, -268.0
1574806648.713917, -268.0
1574806648.884523, -268.0
1574806649.061519, -268.0
1574806649.230859, -268.0
1574806649.390968, -268.0
1574806649.558754, -268.0
1574806649.726773, -268.0
1574806649.88582, -268.0
1574806650.040391, -268.0
1574806650.213624, -268.0
1574806650.385524, -268.0
1574806650.540133, -268.0
1574806650.701621, -268.0
1574806650.863413, -268.0
1574806651.035477, -268.0
1574806651.21012, -268.0
1574806651.389124, -268.0
1574806651.550246, -268.0
1574806651.722669, -268.0
1574806651.890348, -268.0
1574806652.046092, -268.0
1574806652.218027, -268.0
1574806652.377684, -268.0
1574806652.541371, -268.0
1574806652.717402, -268.0
1574806652.88552, -268.0
1574806653.048808, -268.0
1574806653.224588, -268.0
1574806653.394108, -268.0
1574806653.562815, -268.0
1574806653.740979, -268.0
1574806653.911299, -268.0
1574806654.074858, -268.0
1574806654.243404, -268.0
1574806654.413211, -268.0
1574806654.57199, -268.0
1574806654.741919, -268.0
1574806654.916885, -268.0
1574806655.089327, -268.0
1574806655.261815, -268.0
1574806655.435955, -268.0
1574806655.601099, -268.0
1574806655.783564, -268.0
1574806617.621217, -268.0
1574806617.952632, -268.0
1574806618.146773, -268.0
1574806618.332918, -268.0
1574806618.529026, -268.0
1574806618.714444, -268.0
1574806618.908277, -268.0
1574806619.087401, -268.0
1574806619.273646, -268.0
1574806619.447782, -268.0
1574806619.620666, -268.0
1574806619.816388, -268.0
1574806619.991932, -268.0
1574806620.162922, -268.0
1574806620.432245, -268.0
1574806620.634128, -268.0
1574806620.804812, -268.0
1574806620.970713, -268.0
1574806621.185972, -268.0
1574806621.390089, -268.0
1574806621.56185, -268.0
1574806621.744041, -268.0
1574806621.912339, -268.0
1574806622.081986, -268.0
1574806622.247472, -268.0
1574806622.412957, -268.0
1574806622.597062, -268.0
1574806622.779412, -268.0
1574806622.964359, -268.0
1574806623.140586, -268.0
1574806623.325697, -268.0
1574806623.496643, -268.0
1574806623.657184, -268.0
1574806623.82464, -268.0
1574806624.01315, -268.0
1574806624.185599, -268.0
1574806624.354895, -268.0
1574806624.528187, -268.0
1574806624.695698, -268.0
1574806624.866792, -268.0
1574806625.052963, -268.0
1574806625.229394, -268.0
1574806625.501021, -268.0
1574806625.819769, -268.0
1574806626.076545, -268.0
1574806626.238934, -268.0
1574806626.406717, -268.0
1574806626.568057, -268.0
1574806626.740669, -268.0
1574806626.907178, -268.0
1574806627.066594, -268.0
1574806627.238197, -268.0
1574806627.405543, -268.0
1574806627.60757, -268.0
1574806627.888763, -268.0
1574806628.072271, -268.0
1574806628.242987, -268.0
1574806628.415248, -268.0
1574806628.570867, -268.0
1574806628.758104, -268.0
1574806628.925387, -268.0
1574806629.089583, -268.0
1574806629.274218, -268.0
1574806629.454974, -268.0
1574806629.631192, -268.0
1574806629.823183, -268.0
1574806630.000522, -268.0
1574806630.193668, -268.0
1574806630.390983, -268.0
1574806630.568004, -268.0
1574806630.7372, -268.0
1574806630.919967, -268.0
1574806631.094726, -268.0
1574806631.278219, -268.0
1574806631.45888, -268.0
1574806631.652091, -268.0
1574806631.805671, -268.0
1574806631.96374, -268.0
1574806632.150727, -268.0
1574806632.373519, -268.0
1574806632.64504, -268.0
1574806632.931372, -268.0
1574806633.130703, -268.0
1574806633.304468, -268.0
1574806633.483519, -268.0
1574806633.659965, -268.0
1574806633.872135, -268.0
1574806634.066737, -268.0
1574806634.300763, -268.0
1574806634.583758, -268.0
1574806634.885668, -268.0
1574806635.171065, -268.0
1574806635.484707, -268.0
1574806635.817949, -268.0
1574806636.12673, -268.0
1574806636.470238, -268.0
1574806636.793394, -268.0
1574806637.099351, -268.0
1574806637.359151, -268.0
1574806637.683312, -268.0
1574806637.981626, -268.0
1574806638.264063, -268.0
1574806638.436581, -268.0
1574806638.621482, -268.0
1574806638.803786, -268.0
1574806639.008074, -268.0
1574806639.197779, -268.0
1574806639.391502, -268.0
1574806639.594314, -268.0
1574806639.783801, -268.0
1574806639.94307, -268.0
1574806640.109227, -268.0
1574806640.268744, -268.0
1574806640.45572, -268.0
1574806640.622861, -268.0
1574806640.794607, -268.0
1574806640.963673, -268.0
1574806641.151279, -268.0
1574806641.319066, -268.0
1574806641.490544, -268.0
1574806641.664692, -268.0
1574806641.844226, -268.0
1574806642.025025, -268.0
1574806642.192791, -268.0
1574806642.352466, -268.0
1574806642.512213, -268.0
1574806642.678339, -268.0
1574806642.857414, -268.0
1574806643.010842, -268.0
1574806643.182297, -268.0
1574806643.346156, -268.0
1574806643.506233, -268.0
1574806643.676718, -268.0
1574806643.847749, -268.0
1574806644.013098, -268.0
1574806644.18584, -268.0
1574806644.458464, -268.0
1574806644.738527, -268.0
1574806644.919133, -268.0
1574806645.104121, -268.0
1574806645.280414, -268.0
1574806645.453343, -268.0
1574806645.614375, -268.0
1574806645.789554, -268.0
1574806645.971584, -268.0
1574806646.143126, -268.0
1574806646.310895, -268.0
1574806646.488591, -268.0
1574806646.667924, -268.0
1574806646.846166, -268.0
1574806647.017098, -268.0
1574806647.188094, -268.0
1574806647.346208, -268.0
1574806647.523445, -268.0
1574806647.696765, -268.0
1574806647.878021, -268.0
1574806648.048133, -268.0
1574806648.230875, -268.0
1574806648.405039, -268.0
1574806648.574559, -268.0
1574806648.732008, -268.0
1574806648.911181, -268.0
1574806649.074793, -268.0
1574806649.235817, -268.0
1574806649.409088, -268.0
1574806649.583522, -268.0
1574806649.771903, -268.0
1574806649.957522, -268.0
1574806650.137885, -268.0
1574806650.31943, -268.0
1574806650.504697, -268.0
1574806650.672031, -268.0
1574806650.842913, -268.0
1574806651.019994, -268.0
1574806651.186598, -268.0
1574806651.355707, -268.0
1574806651.526029, -268.0
1574806651.698998, -268.0
1574806651.87416, -268.0
1574806652.038256, -268.0
1574806652.200939, -268.0
1574806652.372125, -268.0
1574806652.536818, -268.0
1574806652.717661, -268.0
1574806652.882241, -268.0
1574806653.055656, -268.0
1574806653.225126, -268.0
1574806653.421926, -268.0
1574806653.656868, -268.0
1574806653.907918, -268.0
1574806654.15004, -268.0
1574806654.346977, -268.0
1574806654.650911, -268.0
1574806654.806477, -268.0
1574806654.981171, -268.0
1574806655.145185, -268.0
1574806655.311442, -268.0
1574806655.470829, -268.0
1574806655.640384, -268.0
1574806655.815644, -268.0
1574806655.987287, -268.0
1574806656.157605, -268.0
1574806656.334024, -268.0
1574806656.492631, -268.0
1574806656.65653, -268.0
1574806656.81924, -268.0
1574806656.986033, -268.0
1574806657.240776, -268.0
1574806657.446892, -268.0
1574806657.645991, -268.0
1574806657.814395, -268.0
1574806657.994636, -268.0
1574806658.200264, -268.0
1574806658.45954, -268.0
1574806658.679838, -268.0
1574806658.89645, -268.0
1574806659.195238, -268.0
1574806659.409648, -268.0
1574806659.591237, -268.0
1574806659.816675, -268.0
1574806659.983867, -268.0
1574806660.177577, -268.0
1574806660.372744, -268.0
1574806660.559781, -268.0
1574806660.762709, -268.0
1574806660.978596, -268.0
1574806661.226541, -268.0
1574806661.452226, -268.0
1574806661.6362, -268.0
1574806661.817521, -268.0
1574806661.977153, -268.0
1574806662.142228, -268.0
1574806662.320352, -268.0
1574806662.481649, -268.0
1574806662.655825, -268.0
1574806662.820275, -268.0
1574806662.987509, -268.0
1574806663.150591, -268.0
1574806663.328125, -268.0
1574806663.490992, -268.0
1574806663.644576, -268.0
1574806663.814494, -268.0
1574806663.964943, -268.0
1574806664.14496, -268.0
1574806664.318602, -268.0
1574806664.470689, -268.0
1574806664.634454, -268.0
1574806664.803195, -268.0
1574806664.978316, -268.0
1574806665.158134, -268.0
1574806618.393601, -268.0
1574806618.398303, -268.0
1574806618.402683, -268.0
1574806618.407087, -268.0
1574806618.411694, -268.0
1574806618.416063, -268.0
1574806618.420522, -268.0
1574806618.424964, -268.0
1574806618.429366, -268.0
1574806618.616473, -268.0
1574806618.777962, -268.0
1574806618.957603, -268.0
1574806619.29575, -268.0
1574806619.46455, -268.0
1574806619.628572, -268.0
1574806619.799582, -268.0
1574806619.960076, -268.0
1574806620.122881, -268.0
1574806620.301684, -268.0
1574806620.487966, -268.0
1574806620.662625, -268.0
1574806620.986441, -268.0
1574806621.30741, -268.0
1574806621.643583, -268.0
1574806621.941867, -268.0
1574806622.113262, -268.0
1574806622.276514, -268.0
1574806622.46413, -268.0
1574806622.626558, -268.0
1574806622.805174, -268.0
1574806622.969917, -268.0
1574806623.136991, -268.0
1574806623.308863, -268.0
1574806623.476901, -268.0
1574806623.643776, -268.0
1574806623.811842, -268.0
1574806623.968079, -268.0
1574806624.149233, -268.0
1574806624.315802, -268.0
1574806624.484639, -268.0
1574806624.645571, -268.0
1574806624.81097, -268.0
1574806624.977661, -268.0
1574806625.162773, -268.0
1574806625.328027, -268.0
1574806625.491846, -268.0
1574806625.670099, -268.0
1574806625.835598, -268.0
1574806625.994846, -268.0
1574806626.167369, -268.0
1574806626.33728, -268.0
1574806626.508025, -268.0
1574806626.684777, -268.0
1574806626.839968, -268.0
1574806627.014076, -268.0
1574806627.182248, -268.0
1574806627.358304, -268.0
1574806627.525249, -268.0
1574806627.694613, -268.0
1574806627.863118, -268.0
1574806628.037906, -268.0
1574806628.210055, -268.0
1574806628.369792, -268.0
1574806628.518613, -268.0
1574806628.679271, -268.0
1574806628.845715, -268.0
1574806629.022774, -268.0
1574806629.190222, -268.0
1574806629.356828, -268.0
1574806629.526883, -268.0
1574806629.700519, -268.0
1574806629.859406, -268.0
1574806630.083553, -268.0
1574806630.310821, -268.0
1574806630.47894, -268.0
1574806630.649369, -268.0
1574806630.812371, -268.0
1574806630.984547, -268.0
1574806631.21339, -268.0
1574806631.465689, -268.0
1574806631.685418, -268.0
1574806631.916375, -268.0
1574806632.14791, -268.0
1574806632.380093, -268.0
1574806632.614734, -268.0
1574806632.831716, -268.0
1574806633.066824, -268.0
1574806633.277433, -268.0
1574806633.44861, -268.0
1574806633.621535, -268.0
1574806633.78083, -268.0
1574806633.945862, -268.0
1574806634.113186, -268.0
1574806634.274411, -268.0
1574806634.424567, -268.0
1574806634.593544, -268.0
1574806634.761158, -268.0
1574806634.925093, -268.0
1574806635.093007, -268.0
1574806635.266665, -268.0
1574806635.430209, -268.0
1574806635.593432, -268.0
1574806635.76373, -268.0
1574806635.935703, -268.0
1574806636.120802, -268.0
1574806636.285268, -268.0
1574806636.460263, -268.0
1574806636.640285, -268.0
1574806636.81973, -268.0
1574806636.990509, -268.0
1574806637.158085, -268.0
1574806637.321256, -268.0
1574806637.484713, -268.0
1574806637.652114, -268.0
1574806637.83164, -268.0
1574806637.989502, -268.0
1574806638.156937, -268.0
1574806638.33728, -268.0
1574806638.500108, -268.0
1574806638.666546, -268.0
1574806638.833115, -268.0
1574806639.004399, -268.0
1574806639.173807, -268.0
1574806639.352426, -268.0
1574806639.516502, -268.0
1574806639.685661, -268.0
1574806639.884885, -268.0
1574806640.065287, -268.0
1574806640.24115, -268.0
1574806640.404326, -268.0
1574806640.58934, -268.0
1574806640.766872, -268.0
1574806640.933839, -268.0
1574806641.10002, -268.0
1574806641.273278, -268.0
1574806641.454707, -268.0
1574806641.629318, -268.0
1574806641.795898, -268.0
1574806641.966793, -268.0
1574806642.126458, -268.0
1574806642.298465, -268.0
1574806642.466971, -268.0
1574806642.64599, -268.0
1574806642.809552, -268.0
1574806642.987781, -268.0
1574806643.162222, -268.0
1574806643.336673, -268.0
1574806643.492721, -268.0
1574806643.674046, -268.0
1574806643.833128, -268.0
1574806643.996842, -268.0
1574806644.17526, -268.0
1574806644.347072, -268.0
1574806644.52216, -268.0
1574806644.700839, -268.0
1574806644.869422, -268.0
1574806645.030327, -268.0
1574806645.193706, -268.0
1574806645.364554, -268.0
1574806645.521759, -268.0
1574806645.683185, -268.0
1574806645.856372, -268.0
1574806646.044799, -268.0
1574806646.366514, -268.0
1574806646.69037, -268.0
1574806646.991976, -268.0
1574806647.201873, -268.0
1574806647.35092, -268.0
1574806647.505915, -268.0
1574806647.663964, -268.0
1574806647.84129, -268.0
1574806648.010504, -268.0
1574806648.181175, -268.0
1574806648.346194, -268.0
1574806648.517915, -268.0
1574806648.696042, -268.0
1574806648.917114, -268.0
1574806649.129592, -268.0
1574806649.300622, -268.0
1574806649.460562, -268.0
1574806649.623221, -268.0
1574806649.799116, -268.0
1574806649.967349, -268.0
1574806650.141625, -268.0
1574806650.310399, -268.0
1574806650.468162, -268.0
1574806650.640996, -268.0
1574806650.806734, -268.0
1574806650.956956, -268.0
1574806651.126606, -268.0
1574806651.309036, -268.0
1574806651.483153, -268.0
1574806651.65502, -268.0
1574806651.834307, -268.0
1574806652.016609, -268.0
1574806652.19878, -268.0
1574806652.366688, -268.0
1574806652.528999, -268.0
1574806652.704304, -268.0
1574806652.888522, -268.0
1574806653.044494, -268.0
1574806653.214115, -268.0
1574806653.382857, -268.0
1574806653.560115, -268.0
1574806653.729998, -268.0
1574806653.893867, -268.0
1574806654.064035, -268.0
1574806654.219322, -268.0
1574806654.392628, -268.0
1574806654.55824, -268.0
1574806654.732134, -268.0
1574806654.907068, -268.0
1574806655.071391, -268.0
1574806655.239007, -268.0
1574806655.399923, -268.0
1574806655.58014, -268.0
1574806655.760478, -268.0
1574806655.933151, -268.0
1574806656.105841, -268.0
1574806656.270131, -268.0
1574806656.430515, -268.0
1574806656.601592, -268.0
1574806656.790686, -268.0
1574806656.965262, -268.0
1574806657.139059, -268.0
1574806657.307395, -268.0
1574806657.481008, -268.0
1574806657.65812, -268.0
1574806657.838217, -268.0
1574806658.001396, -268.0
1574806658.1647, -268.0
1574806658.327397, -268.0
1574806658.492763, -268.0
1574806658.661876, -268.0
1574806658.835719, -268.0
1574806659.009787, -268.0
1574806659.182213, -268.0
1574806659.353197, -268.0
1574806659.523751, -268.0
1574806659.6967, -268.0
1574806659.875016, -268.0
1574806660.03816, -268.0
1574806660.213175, -268.0
1574806660.389721, -268.0
1574806660.568602, -268.0
1574806660.735132, -268.0
1574806660.904304, -268.0
1574806661.072785, -268.0
1574806661.239945, -268.0
1574806661.399056, -268.0
1574806654.211242, -268.0
1574806654.215748, -268.0
1574806654.220163, -268.0
1574806654.224597, -268.0
1574806654.229049, -268.0
1574806654.2335, -268.0
1574806654.238182, -268.0
1574806654.595672, -268.0
1574806654.600213, -268.0
1574806655.008249, -268.0
1574806655.192455, -268.0
1574806655.479624, -268.0
1574806655.868074, -268.0
1574806655.872615, -268.0
1574806655.877075, -268.0
1574806655.881782, -268.0
1574806655.886254, -268.0
1574806655.890686, -268.0
1574806655.895315, -268.0
1574806656.171633, -268.0
1574806656.343048, -268.0
1574806656.513883, -268.0
1574806656.681369, -268.0
1574806656.84851, -268.0
1574806657.018831, -268.0
1574806657.190279, -268.0
1574806657.369794, -268.0
1574806657.540312, -268.0
1574806657.711332, -268.0
1574806657.887164, -268.0
1574806658.076179, -268.0
1574806658.251865, -268.0
1574806658.428908, -268.0
1574806658.710179, -268.0
1574806659.04308, -268.0
1574806659.384638, -268.0
1574806659.738649, -268.0
1574806660.068038, -268.0
1574806660.39917, -268.0
1574806660.727359, -268.0
1574806660.972391, -268.0
1574806661.153666, -268.0
1574806661.319776, -268.0
1574806661.655331, -268.0
1574806661.659872, -268.0
1574806662.016091, -268.0
1574806662.360112, -268.0
1574806662.686739, -268.0
1574806663.04974, -268.0
1574806663.365275, -268.0
1574806663.698725, -268.0
1574806664.022851, -268.0
1574806664.361331, -268.0
1574806664.642279, -268.0
1574806664.947162, -268.0
1574806665.271552, -268.0
1574806665.557172, -268.0
1574806665.715965, -268.0
1574806665.874743, -268.0
1574806666.03762, -268.0
1574806666.203941, -268.0
1574806666.371454, -268.0
1574806666.543046, -268.0
1574806666.705528, -268.0
1574806666.877304, -268.0
1574806667.030395, -268.0
1574806667.186076, -268.0
1574806667.350882, -268.0
1574806667.515952, -268.0
1574806667.690085, -268.0
1574806667.85892, -268.0
1574806668.017623, -268.0
1574806668.18052, -268.0
1574806668.343806, -268.0
1574806668.496788, -268.0
1574806668.669938, -268.0
1574806668.858773, -268.0
1574806669.085256, -268.0
1574806669.272584, -268.0
1574806669.465648, -268.0
1574806669.627999, -268.0
1574806669.793736, -268.0
1574806669.961725, -268.0
1574806670.141442, -268.0
1574806670.313432, -268.0
1574806670.468798, -268.0
1574806670.647187, -268.0
1574806670.818375, -268.0
1574806670.981941, -268.0
1574806671.152941, -268.0
1574806671.321137, -268.0
1574806671.474039, -268.0
1574806671.651998, -268.0
1574806671.819473, -268.0
1574806671.98232, -268.0
1574806672.144408, -268.0
1574806672.309611, -268.0
1574806672.486854, -268.0
1574806672.660019, -268.0
1574806672.823999, -268.0
1574806672.995066, -268.0
1574806673.151058, -268.0
1574806673.322006, -268.0
1574806673.49295, -268.0
1574806673.678208, -268.0
1574806673.854395, -268.0
1574806674.028481, -268.0
1574806674.183521, -268.0
1574806674.361371, -268.0
1574806674.524205, -268.0
1574806674.688043, -268.0
1574806674.855222, -268.0
1574806675.006472, -268.0
1574806675.176302, -268.0
1574806675.346995, -268.0
1574806675.518645, -268.0
1574806675.676668, -268.0
1574806675.838804, -268.0
1574806676.023291, -268.0
1574806676.190266, -268.0
1574806676.359002, -268.0
1574806676.510103, -268.0
1574806676.676207, -268.0
1574806676.858755, -268.0
1574806677.017383, -268.0
1574806677.172115, -268.0
1574806677.350848, -268.0
1574806677.517828, -268.0
1574806677.681367, -268.0
1574806677.841517, -268.0
1574806677.992661, -268.0
1574806678.152898, -268.0
1574806678.321754, -268.0
1574806678.490524, -268.0
1574806678.664299, -268.0
1574806678.834287, -268.0
1574806679.00232, -268.0
1574806679.16823, -268.0
1574806679.363457, -268.0
1574806679.529014, -268.0
1574806679.705608, -268.0
1574806679.873198, -268.0
1574806680.033002, -268.0
1574806680.2049, -268.0
1574806680.38474, -268.0
1574806680.549282, -268.0
1574806680.727058, -268.0
1574806680.895648, -268.0
1574806681.069733, -268.0
1574806681.248561, -268.0
1574806681.397537, -268.0
1574806681.573708, -268.0
1574806681.749989, -268.0
1574806681.919758, -268.0
1574806682.083474, -268.0
1574806682.248339, -268.0
1574806682.412745, -268.0
1574806682.590104, -268.0
1574806682.764199, -268.0
1574806682.939413, -268.0
1574806683.112987, -268.0
1574806683.280068, -268.0
1574806683.447781, -268.0
1574806683.60837, -268.0
1574806683.780293, -268.0
1574806683.962305, -268.0
1574806684.124417, -268.0
1574806684.286068, -268.0
1574806684.449488, -268.0
1574806684.625151, -268.0
1574806684.80131, -268.0
1574806684.971315, -268.0
1574806685.134983, -268.0
1574806685.30682, -268.0
1574806685.479867, -268.0
1574806685.640356, -268.0
1574806685.805836, -268.0
1574806685.9703, -268.0
1574806686.142678, -268.0
1574806686.305382, -268.0
1574806686.457491, -268.0
1574806686.626621, -268.0
1574806686.801648, -268.0
1574806686.966732, -268.0
1574806687.133246, -268.0
1574806687.295615, -268.0
1574806687.454454, -268.0
1574806687.624363, -268.0
1574806687.791209, -268.0
1574806687.955036, -268.0
1574806688.123115, -268.0
1574806688.285597, -268.0
1574806688.450308, -268.0
1574806688.620215, -268.0
1574806688.791395, -268.0
1574806688.963695, -268.0
1574806689.134195, -268.0
1574806689.284861, -268.0
1574806689.4611, -268.0
1574806689.623266, -268.0
1574806689.78868, -268.0
1574806689.955207, -268.0
1574806690.131976, -268.0
1574806690.309129, -268.0
1574806690.477023, -268.0
1574806690.660214, -268.0
1574806690.819845, -268.0
1574806690.998627, -268.0
1574806691.161164, -268.0
1574806691.33564, -268.0
1574806691.506696, -268.0
1574806691.676235, -268.0
1574806691.842729, -268.0
1574806692.012477, -268.0
1574806692.183298, -268.0
1574806692.36534, -268.0
1574806692.523293, -268.0
1574806692.69223, -268.0
1574806692.859845, -268.0
1574806693.036965, -268.0
1574806693.20856, -268.0
1574806693.370665, -268.0
1574806693.709034, -268.0
1574806693.899668, -268.0
1574806694.197998, -268.0
1574806694.545196, -268.0
1574806694.881534, -268.0
1574806695.206773, -268.0
1574806695.211255, -268.0
1574806695.215691, -268.0
1574806695.220368, -268.0
1574806695.224898, -268.0
1574806695.229283, -268.0
1574806695.233879, -268.0
1574806695.581777, -268.0
1574806695.92364, -268.0
1574806695.928126, -268.0
1574806696.245118, -268.0
1574806696.443807, -268.0
1574806696.708888, -268.0
1574806696.878936, -268.0
1574806697.05082, -268.0
1574806697.223144, -268.0
1574806697.400628, -268.0
1574806697.584712, -268.0
1574806697.760175, -268.0
1574806697.926461, -268.0
1574806698.090376, -268.0
1574806698.264314, -268.0
1574806698.431488, -268.0
1574806655.792746, -268.0
1574806655.797178, -268.0
1574806655.801561, -268.0
1574806656.177938, -268.0
1574806656.453465, -268.0
1574806656.679196, -268.0
1574806656.89854, -268.0
1574806657.111734, -268.0
1574806657.459096, -268.0
1574806657.463548, -268.0
1574806657.467984, -268.0
1574806657.472373, -268.0
1574806657.476969, -268.0
1574806657.481422, -268.0
1574806657.779559, -268.0
1574806657.950181, -268.0
1574806658.121094, -268.0
1574806658.282438, -268.0
1574806658.45811, -268.0
1574806658.621433, -268.0
1574806658.785482, -268.0
1574806658.959439, -268.0
1574806659.136627, -268.0
1574806659.290455, -268.0
1574806659.451415, -268.0
1574806659.616647, -268.0
1574806659.812529, -268.0
1574806659.817043, -268.0
1574806659.821438, -268.0
1574806659.826062, -268.0
1574806659.830485, -268.0
1574806659.834868, -268.0
1574806659.839905, -268.0
1574806659.844366, -268.0
1574806659.84946, -268.0
1574806659.853894, -268.0
1574806659.858311, -268.0
1574806659.86273, -268.0
1574806659.867125, -268.0
1574806659.871782, -268.0
1574806659.876203, -268.0
1574806659.880581, -268.0
1574806659.884957, -268.0
1574806659.889351, -268.0
1574806659.893734, -268.0
1574806659.898097, -268.0
1574806659.90274, -268.0
1574806659.907151, -268.0
1574806659.911552, -268.0
1574806659.915944, -268.0
1574806659.920325, -268.0
1574806659.924707, -268.0
1574806660.134072, -268.0
1574806660.306728, -268.0
1574806660.47035, -268.0
1574806660.631621, -268.0
1574806660.801288, -268.0
1574806660.9694, -268.0
1574806661.148247, -268.0
1574806661.388321, -268.0
1574806661.646448, -268.0
1574806661.930511, -268.0
1574806662.174565, -268.0
1574806662.362359, -268.0
1574806662.611601, -268.0
1574806662.796927, -268.0
1574806662.969514, -268.0
1574806663.149893, -268.0
1574806663.337037, -268.0
1574806663.628622, -268.0
1574806664.011739, -268.0
1574806664.445816, -268.0
1574806664.944883, -268.0
1574806665.419126, -268.0
1574806665.901903, -268.0
1574806666.391197, -268.0
1574806666.885479, -268.0
1574806667.358351, -268.0
1574806667.836086, -268.0
1574806668.336251, -268.0
1574806668.815959, -268.0
1574806669.301739, -268.0
1574806669.574592, -268.0
1574806669.865888, -268.0
1574806670.036797, -268.0
1574806670.211242, -268.0
1574806670.385943, -268.0
1574806670.557808, -268.0
1574806670.759238, -268.0
1574806670.933783, -268.0
1574806671.099412, -268.0
1574806671.268503, -268.0
1574806671.449736, -268.0
1574806671.617593, -268.0
1574806671.78966, -268.0
1574806671.975358, -268.0
1574806672.167428, -268.0
1574806672.322401, -268.0
1574806672.491842, -268.0
1574806672.656235, -268.0
1574806672.811817, -268.0
1574806672.977798, -268.0
1574806673.134938, -268.0
1574806673.29449, -268.0
1574806673.456474, -268.0
1574806673.632366, -268.0
1574806673.806341, -268.0
1574806673.989401, -268.0
1574806674.161373, -268.0
1574806674.326852, -268.0
1574806674.670895, -268.0
1574806674.903456, -268.0
1574806675.215676, -268.0
1574806675.524857, -268.0
1574806675.835306, -268.0
1574806676.058939, -268.0
1574806676.260558, -268.0
1574806676.527421, -268.0
1574806676.843237, -268.0
1574806677.152565, -268.0
1574806677.511193, -268.0
1574806677.831787, -268.0
1574806677.836404, -268.0
1574806677.840612, -268.0
1574806677.844728, -268.0
1574806677.849097, -268.0
1574806677.853563, -268.0
1574806678.42038, -268.0
1574806678.588828, -268.0
1574806678.754987, -268.0
1574806678.917936, -268.0
1574806679.287941, -268.0
1574806679.49589, -268.0
1574806679.687867, -268.0
1574806679.922645, -268.0
1574806680.161192, -268.0
1574806680.326767, -268.0
1574806680.507844, -268.0
1574806680.69189, -268.0
1574806680.860091, -268.0
1574806681.02848, -268.0
1574806681.210602, -268.0
1574806681.36678, -268.0
1574806681.538437, -268.0
1574806681.707732, -268.0
1574806681.877906, -268.0
1574806682.055929, -268.0
1574806682.225285, -268.0
1574806682.391185, -268.0
1574806682.572962, -268.0
1574806682.763447, -268.0
1574806682.939453, -268.0
1574806683.118513, -268.0
1574806683.291078, -268.0
1574806683.445063, -268.0
1574806683.617162, -268.0
1574806683.77986, -268.0
1574806683.948926, -268.0
1574806684.128678, -268.0
1574806684.29287, -268.0
1574806684.456449, -268.0
1574806684.632826, -268.0
1574806684.825803, -268.0
1574806684.993251, -268.0
1574806685.175537, -268.0
1574806685.351008, -268.0
1574806685.558828, -268.0
1574806685.774707, -268.0
1574806686.051004, -268.0
1574806686.297324, -268.0
1574806686.478413, -268.0
1574806686.658874, -268.0
1574806686.827955, -268.0
1574806686.99472, -268.0
1574806687.169705, -268.0
1574806687.344268, -268.0
1574806687.528113, -268.0
1574806687.73127, -268.0
1574806687.975826, -268.0
1574806688.233194, -268.0
1574806688.466748, -268.0
1574806688.761439, -268.0
1574806689.013431, -268.0
1574806689.274698, -268.0
1574806689.571627, -268.0
1574806689.796948, -268.0
1574806690.047013, -268.0
1574806690.286595, -268.0
1574806690.503903, -268.0
1574806690.742571, -268.0
1574806690.976534, -268.0
1574806691.217472, -268.0
1574806691.446893, -268.0
1574806691.688149, -268.0
1574806691.952074, -268.0
1574806692.128638, -268.0
1574806692.377806, -268.0
1574806692.615171, -268.0
1574806692.859256, -268.0
1574806693.119749, -268.0
1574806693.390841, -268.0
1574806693.641675, -268.0
1574806693.8959, -268.0
1574806694.17307, -268.0
1574806694.431951, -268.0
1574806694.678843, -268.0
1574806694.940764, -268.0
1574806695.26146, -268.0
1574806695.617634, -268.0
1574806696.00874, -268.0
1574806696.530142, -268.0
1574806697.010438, -268.0
1574806697.520498, -268.0
1574806698.023101, -268.0
1574806698.57593, -268.0
1574806699.1214, -268.0
1574806699.535781, -268.0
1574806699.950717, -268.0
1574806700.261111, -268.0
1574806700.42661, -268.0
1574806700.58672, -268.0
1574806700.813274, -268.0
1574806701.10629, -268.0
1574806701.426711, -268.0
1574806701.759858, -268.0
1574806702.078993, -268.0
1574806702.252838, -268.0
1574806702.423986, -268.0
1574806702.613302, -268.0
1574806702.803956, -268.0
1574806703.010834, -268.0
1574806703.174092, -268.0
1574806703.356955, -268.0
1574806703.579607, -268.0
1574806703.854673, -268.0
1574806704.152412, -268.0
1574806704.455815, -268.0
1574806704.743981, -268.0
1574806705.089513, -268.0
1574806705.451961, -268.0
1574806705.784301, -268.0
1574806706.021475, -268.0
1574806706.311094, -268.0
1574806706.622929, -268.0
1574806706.918694, -268.0
1574806707.189688, -268.0
1574806707.350574, -268.0
1574806707.507401, -268.0
1574806707.676208, -268.0
1574806707.843855, -268.0
1574806661.687828, -268.0
1574806662.046289, -268.0
1574806662.286091, -268.0
1574806662.654456, -268.0
1574806662.829418, -268.0
1574806662.988982, -268.0
1574806663.169095, -268.0
1574806663.393231, -268.0
1574806663.667758, -268.0
1574806663.86221, -268.0
1574806664.060336, -268.0
1574806664.27563, -268.0
1574806664.474109, -268.0
1574806664.694464, -268.0
1574806664.90061, -268.0
1574806665.116428, -268.0
1574806665.312437, -268.0
1574806665.556533, -268.0
1574806665.767287, -268.0
1574806665.973532, -268.0
1574806666.168237, -268.0
1574806666.339917, -268.0
1574806666.512234, -268.0
1574806666.77188, -268.0
1574806666.930881, -268.0
1574806667.106353, -268.0
1574806667.267947, -268.0
1574806667.423012, -268.0
1574806667.569757, -268.0
1574806667.740701, -268.0
1574806667.899416, -268.0
1574806668.079954, -268.0
1574806668.245619, -268.0
1574806668.411283, -268.0
1574806668.58657, -268.0
1574806668.755252, -268.0
1574806668.928593, -268.0
1574806669.11002, -268.0
1574806669.288364, -268.0
1574806669.461202, -268.0
1574806669.633127, -268.0
1574806669.795952, -268.0
1574806669.959215, -268.0
1574806670.128596, -268.0
1574806670.296149, -268.0
1574806670.466717, -268.0
1574806670.630079, -268.0
1574806670.815979, -268.0
1574806671.088285, -268.0
1574806671.436702, -268.0
1574806671.441266, -268.0
1574806671.445654, -268.0
1574806671.4508, -268.0
1574806671.455296, -268.0
1574806671.675141, -268.0
1574806671.849412, -268.0
1574806672.022976, -268.0
1574806672.206034, -268.0
1574806672.383359, -268.0
1574806672.637915, -268.0
1574806672.998654, -268.0
1574806673.378329, -268.0
1574806673.73156, -268.0
1574806674.091121, -268.0
1574806674.455752, -268.0
1574806674.834826, -268.0
1574806675.209281, -268.0
1574806675.564523, -268.0
1574806675.931635, -268.0
1574806676.314897, -268.0
1574806676.685452, -268.0
1574806677.072444, -268.0
1574806677.327693, -268.0
1574806677.499081, -268.0
1574806677.665164, -268.0
1574806677.836309, -268.0
1574806678.023059, -268.0
1574806678.198802, -268.0
1574806678.374123, -268.0
1574806678.524742, -268.0
1574806678.71125, -268.0
1574806678.882701, -268.0
1574806679.068282, -268.0
1574806679.464064, -268.0
1574806679.936187, -268.0
1574806680.225497, -268.0
1574806680.396226, -268.0
1574806680.565135, -268.0
1574806680.743583, -268.0
1574806681.034937, -268.0
1574806681.039507, -268.0
1574806681.044091, -268.0
1574806681.396193, -268.0
1574806681.649811, -268.0
1574806681.824314, -268.0
1574806681.994381, -268.0
1574806682.171181, -268.0
1574806682.335832, -268.0
1574806682.499395, -268.0
1574806682.674184, -268.0
1574806682.852258, -268.0
1574806683.091167, -268.0
1574806683.265881, -268.0
1574806683.425172, -268.0
1574806683.605572, -268.0
1574806683.774075, -268.0
1574806683.957126, -268.0
1574806684.128887, -268.0
1574806684.286093, -268.0
1574806684.451711, -268.0
1574806684.622324, -268.0
1574806684.789755, -268.0
1574806684.952492, -268.0
1574806685.126028, -268.0
1574806685.297257, -268.0
1574806685.460606, -268.0
1574806685.629658, -268.0
1574806685.78703, -268.0
1574806685.960045, -268.0
1574806686.117275, -268.0
1574806686.30021, -268.0
1574806686.462859, -268.0
1574806686.629703, -268.0
1574806686.803858, -268.0
1574806686.968872, -268.0
1574806687.135831, -268.0
1574806687.308075, -268.0
1574806687.488945, -268.0
1574806687.665107, -268.0
1574806687.833206, -268.0
1574806688.000622, -268.0
1574806688.177534, -268.0
1574806688.350884, -268.0
1574806688.521318, -268.0
1574806688.698569, -268.0
1574806688.882411, -268.0
1574806689.039855, -268.0
1574806689.219602, -268.0
1574806689.400338, -268.0
1574806689.574448, -268.0
1574806689.747003, -268.0
1574806689.918689, -268.0
1574806690.078601, -268.0
1574806690.252498, -268.0
1574806690.424663, -268.0
1574806690.584067, -268.0
1574806690.773434, -268.0
1574806691.009597, -268.0
1574806691.683319, -268.0
1574806692.272029, -268.0
1574806692.460145, -268.0
1574806692.630655, -268.0
1574806692.813333, -268.0
1574806692.985884, -268.0
1574806693.159479, -268.0
1574806693.334957, -268.0
1574806693.505213, -268.0
1574806693.698675, -268.0
1574806693.880104, -268.0
1574806694.068502, -268.0
1574806694.242222, -268.0
1574806694.409603, -268.0
1574806694.600776, -268.0
1574806694.799282, -268.0
1574806694.973641, -268.0
1574806695.155749, -268.0
1574806695.326424, -268.0
1574806695.500703, -268.0
1574806695.672009, -268.0
1574806695.84841, -268.0
1574806696.024719, -268.0
1574806696.2187, -268.0
1574806696.394419, -268.0
1574806696.565904, -268.0
1574806696.732833, -268.0
1574806696.917015, -268.0
1574806697.09045, -268.0
1574806697.297477, -268.0
1574806697.570937, -268.0
1574806697.737121, -268.0
1574806697.913473, -268.0
1574806698.084035, -268.0
1574806698.265255, -268.0
1574806698.435595, -268.0
1574806698.659806, -268.0
1574806698.902181, -268.0
1574806699.16784, -268.0
1574806699.397974, -268.0
1574806699.563628, -268.0
1574806699.752044, -268.0
1574806699.926449, -268.0
1574806700.100752, -268.0
1574806700.258069, -268.0
1574806700.431721, -268.0
1574806700.610203, -268.0
1574806700.782998, -268.0
1574806700.965088, -268.0
1574806701.153707, -268.0
1574806701.344965, -268.0
1574806701.517576, -268.0
1574806701.697464, -268.0
1574806701.872952, -268.0
1574806702.040294, -268.0
1574806702.222776, -268.0
1574806702.402035, -268.0
1574806702.576887, -268.0
1574806702.752706, -268.0
1574806702.912836, -268.0
1574806703.08912, -268.0
1574806703.266956, -268.0
1574806703.451335, -268.0
1574806703.619165, -268.0
1574806703.802607, -268.0
1574806703.981878, -268.0
1574806704.152606, -268.0
1574806704.334464, -268.0
1574806704.51497, -268.0
1574806704.70574, -268.0
1574806704.871511, -268.0
1574806705.034194, -268.0
1574806705.216266, -268.0
1574806705.389494, -268.0
1574806705.576914, -268.0
1574806705.75876, -268.0
1574806705.921784, -268.0
1574806706.093385, -268.0
1574806706.260386, -268.0
1574806706.44047, -268.0
1574806706.629267, -268.0
1574806706.813681, -268.0
1574806706.97574, -268.0
1574806707.149725, -268.0
1574806707.321823, -268.0
1574806707.499392, -268.0
1574806707.671862, -268.0
1574806707.840618, -268.0
1574806708.023424, -268.0
1574806708.192417, -268.0
1574806708.358018, -268.0
1574806708.544559, -268.0
1574806708.711321, -268.0
1574806708.879591, -268.0
1574806709.077055, -268.0
1574806709.24029, -268.0
1574806709.417679, -268.0
1574806709.601423, -268.0
1574806709.765206, -268.0
1574806709.951616, -268.0
1574806710.129198, -268.0
1574806710.300541, -268.0
