1574807409.442553, -259.0
1574807410.729847, -235.0
1574807410.746422, -235.0
1574807410.763064, -235.0
1574807410.779682, -235.0
1574807410.796463, -235.0
1574807410.813382, -235.0
1574807411.467609, -235.0
1574807411.48417, -235.0
1574807411.500858, -235.0
1574807411.519263, -235.0
1574807411.536302, -235.0
1574807411.554809, -235.0
1574807411.88075, -235.0
1574807412.62833, -235.0
1574807413.387636, -235.0
1574807414.148889, -235.0
1574807414.900972, -235.0
1574807415.639429, -235.0
1574807416.417007, -235.0
1574807417.239435, -235.0
1574807418.092828, -235.0
1574807418.930086, -235.0
1574807419.789023, -235.0
1574807420.666636, -235.0
1574807421.546613, -235.0
1574807422.421917, -235.0
1574807423.313186, -235.0
1574807424.19647, -235.0
1574807425.06778, -235.0
1574807425.979295, -235.0
1574807426.868615, -235.0
1574807427.760366, -235.0
1574807428.664071, -235.0
1574807429.561205, -235.0
1574807430.430324, -235.0
1574807431.310834, -235.0
1574807432.186259, -235.0
1574807433.057884, -235.0
1574807433.928892, -235.0
1574807434.812105, -235.0
1574807435.63405, -235.0
1574807436.500646, -235.0
1574807437.381379, -235.0
1574807438.261866, -235.0
1574807439.115738, -235.0
1574807439.999708, -235.0
1574807440.871645, -235.0
1574807441.768216, -235.0
1574807442.68383, -235.0
1574807409.45369, -259.0
1574807410.171335, -235.0
1574807410.192471, -235.0
1574807410.214803, -235.0
1574807410.235788, -235.0
1574807410.256073, -235.0
1574807410.276477, -235.0
1574807410.299052, -235.0
1574807411.293066, -235.0
1574807411.314928, -235.0
1574807411.337615, -235.0
1574807411.358804, -235.0
1574807412.655957, -235.0
1574807412.676611, -235.0
1574807412.697563, -235.0
1574807412.718547, -235.0
1574807413.063906, -235.0
1574807413.513093, -235.0
1574807413.534258, -235.0
1574807413.935059, -235.0
1574807413.957831, -235.0
1574807414.301889, -235.0
1574807414.938107, -235.0
1574807416.205576, -235.0
1574807416.521696, -235.0
1574807417.202443, -235.0
1574807417.588434, -235.0
1574807417.895742, -235.0
1574807418.505818, -235.0
1574807419.997801, -235.0
1574807421.562278, -235.0
1574807423.072224, -235.0
1574807424.660349, -235.0
1574807426.245173, -235.0
1574807427.848392, -235.0
1574807429.088136, -235.0
1574807430.347381, -235.0
1574807431.528029, -235.0
1574807432.449539, -235.0
1574807433.667923, -235.0
1574807434.977625, -235.0
1574807436.186183, -235.0
1574807437.340754, -235.0
1574807438.539742, -235.0
1574807440.030741, -235.0
1574807440.941371, -235.0
1574807441.904278, -235.0
1574807442.837005, -235.0
1574807443.763735, -235.0
1574807445.023732, -235.0
1574807409.447994, -259.0
1574807410.477077, -235.0
1574807410.494312, -235.0
1574807410.511651, -235.0
1574807410.528256, -235.0
1574807410.544962, -235.0
1574807410.564006, -235.0
1574807410.580769, -235.0
1574807410.597468, -235.0
1574807410.613886, -235.0
1574807410.630528, -235.0
1574807410.646891, -235.0
1574807410.665993, -235.0
1574807410.682295, -235.0
1574807410.698852, -235.0
1574807410.71516, -235.0
1574807411.051275, -235.0
1574807411.661523, -235.0
1574807412.889148, -235.0
1574807413.274351, -235.0
1574807413.986366, -235.0
1574807414.681817, -235.0
1574807415.514948, -235.0
1574807416.186237, -235.0
1574807416.815344, -235.0
1574807417.467141, -235.0
1574807418.396789, -235.0
1574807419.148653, -235.0
1574807419.846715, -235.0
1574807420.497663, -235.0
1574807421.160538, -235.0
1574807421.789425, -235.0
1574807422.491393, -235.0
1574807423.141625, -235.0
1574807423.788211, -235.0
1574807424.46038, -235.0
1574807425.145405, -235.0
1574807425.8238, -235.0
1574807426.523936, -235.0
1574807427.195273, -235.0
1574807427.94736, -235.0
1574807428.653579, -235.0
1574807429.349271, -235.0
1574807430.058034, -235.0
1574807430.765869, -235.0
1574807431.486129, -235.0
1574807432.165464, -235.0
1574807432.852717, -235.0
1574807433.851836, -235.0
1574807434.638229, -235.0
1574807409.454868, -244.0
1574807409.471638, -237.0
1574807409.487881, -237.0
1574807409.504248, -237.0
1574807409.52055, -237.0
1574807409.536845, -237.0
1574807409.55317, -237.0
1574807409.569385, -237.0
1574807409.585674, -237.0
1574807409.601941, -235.0
1574807409.618223, -235.0
1574807409.634418, -235.0
1574807409.650685, -235.0
1574807409.666932, -235.0
1574807409.683126, -235.0
1574807409.699279, -235.0
1574807409.71557, -235.0
1574807409.731841, -235.0
1574807410.315374, -235.0
1574807411.312075, -235.0
1574807411.328474, -235.0
1574807412.25157, -235.0
1574807412.267828, -235.0
1574807412.284742, -235.0
1574807413.175105, -235.0
1574807413.771508, -235.0
1574807414.390405, -235.0
1574807414.984266, -235.0
1574807415.594273, -235.0
1574807416.202311, -235.0
1574807416.829236, -235.0
1574807417.44609, -235.0
1574807418.045648, -235.0
1574807418.678413, -235.0
1574807419.303932, -235.0
1574807419.928091, -235.0
1574807420.557824, -235.0
1574807421.163109, -235.0
1574807421.770852, -235.0
1574807422.378891, -235.0
1574807423.022208, -235.0
1574807423.657576, -235.0
1574807424.264193, -235.0
1574807424.894658, -235.0
1574807425.23198, -235.0
1574807425.741156, -235.0
1574807426.389253, -235.0
1574807426.88262, -235.0
1574807426.900729, -235.0
1574807426.917007, -235.0
1574807426.951112, -235.0
1574807426.967697, -235.0
1574807426.985879, -235.0
1574807427.002489, -235.0
1574807427.019497, -235.0
1574807427.035863, -235.0
1574807427.052656, -235.0
1574807427.06994, -235.0
1574807427.088371, -235.0
1574807427.1048, -235.0
1574807427.121382, -235.0
1574807427.137743, -235.0
1574807427.16067, -235.0
1574807427.177874, -235.0
1574807427.194309, -235.0
1574807427.211243, -235.0
1574807427.22755, -235.0
1574807427.24421, -235.0
1574807427.26256, -235.0
1574807427.27912, -235.0
1574807427.295661, -235.0
1574807427.31207, -235.0
1574807427.328579, -235.0
1574807427.344933, -235.0
1574807427.363404, -235.0
1574807427.379745, -235.0
1574807427.396419, -235.0
1574807427.41278, -235.0
1574807427.429378, -235.0
1574807427.445711, -235.0
1574807427.464081, -235.0
1574807427.480731, -235.0
1574807427.497043, -235.0
1574807427.513696, -235.0
1574807427.530005, -235.0
1574807427.54655, -235.0
1574807427.919982, -235.0
1574807428.287193, -235.0
1574807428.663752, -235.0
1574807429.051554, -235.0
1574807429.439356, -235.0
1574807429.820125, -235.0
1574807430.194999, -235.0
1574807430.90964, -235.0
1574807431.669616, -235.0
1574807432.84743, -235.0
1574807433.631157, -235.0
1574807434.840647, -235.0
1574807436.012409, -235.0
1574807437.424529, -235.0
1574807434.675, -235.0
1574807434.691703, -235.0
1574807434.708578, -235.0
1574807434.725318, -235.0
1574807434.742537, -235.0
1574807434.762782, -235.0
1574807434.779451, -235.0
1574807434.796425, -235.0
1574807436.136275, -235.0
1574807436.155994, -235.0
1574807436.174728, -235.0
1574807436.19139, -235.0
1574807436.20798, -235.0
1574807436.224676, -235.0
1574807436.241338, -235.0
1574807436.26099, -235.0
1574807436.277538, -235.0
1574807436.294271, -235.0
1574807436.310609, -235.0
1574807438.228259, -235.0
1574807440.020598, -235.0
1574807441.657017, -235.0
1574807443.156093, -235.0
1574807444.457184, -235.0
1574807445.602221, -235.0
1574807446.289607, -235.0
1574807446.932007, -235.0
1574807447.713037, -235.0
1574807448.370364, -235.0
1574807449.343246, -235.0
1574807450.400109, -235.0
1574807451.021345, -235.0
1574807451.654058, -235.0
1574807452.290997, -235.0
1574807452.927428, -235.0
1574807453.609114, -235.0
1574807454.29694, -235.0
1574807454.922452, -235.0
1574807455.543847, -235.0
1574807456.153405, -235.0
1574807456.765232, -235.0
1574807457.370426, -235.0
1574807458.007378, -235.0
1574807458.630847, -235.0
1574807459.273109, -235.0
1574807459.906765, -235.0
1574807460.511105, -235.0
1574807461.128278, -235.0
1574807461.780859, -235.0
1574807462.406838, -235.0
1574807437.487821, -235.0
1574807437.520388, -235.0
1574807437.552977, -235.0
1574807437.585463, -235.0
1574807437.618463, -235.0
1574807437.651248, -235.0
1574807437.68389, -235.0
1574807437.715783, -235.0
1574807437.747837, -235.0
1574807437.78207, -235.0
1574807437.814647, -235.0
1574807437.847441, -235.0
1574807440.454641, -235.0
1574807441.391649, -235.0
1574807441.729861, -235.0
1574807442.05591, -235.0
1574807442.370382, -235.0
1574807442.687785, -235.0
1574807443.048014, -235.0
1574807443.410738, -235.0
1574807444.701436, -235.0
1574807445.037124, -235.0
1574807445.349269, -235.0
1574807446.298865, -235.0
1574807447.920285, -235.0
1574807448.804667, -235.0
1574807449.705685, -235.0
1574807450.618656, -235.0
1574807452.120057, -235.0
1574807452.750955, -235.0
1574807453.391314, -235.0
1574807454.028287, -235.0
1574807454.656471, -235.0
1574807456.50203, -235.0
1574807458.394237, -235.0
1574807459.028166, -235.0
1574807459.673921, -235.0
1574807460.973345, -235.0
1574807462.218839, -235.0
1574807463.400601, -235.0
1574807464.568548, -235.0
1574807465.72062, -235.0
1574807466.933822, -235.0
1574807468.178969, -235.0
1574807469.420653, -235.0
1574807470.628726, -235.0
1574807471.828049, -235.0
1574807473.053012, -235.0
1574807474.290562, -235.0
1574807475.508239, -235.0
1574807442.717655, -235.0
1574807443.968192, -235.0
1574807443.985278, -235.0
1574807444.003662, -235.0
1574807444.019937, -235.0
1574807444.951289, -235.0
1574807444.96848, -235.0
1574807444.986881, -235.0
1574807445.003486, -235.0
1574807445.020317, -235.0
1574807445.037321, -235.0
1574807445.054789, -235.0
1574807445.072936, -235.0
1574807445.997129, -235.0
1574807446.626538, -235.0
1574807447.227186, -235.0
1574807448.187116, -235.0
1574807448.515542, -235.0
1574807449.153485, -235.0
1574807450.128118, -235.0
1574807451.079239, -235.0
1574807452.274362, -235.0
1574807453.429755, -235.0
1574807454.63343, -235.0
1574807455.791764, -235.0
1574807456.682964, -235.0
1574807457.803448, -235.0
1574807458.860912, -235.0
1574807459.573164, -235.0
1574807460.241276, -235.0
1574807460.981316, -235.0
1574807461.688875, -235.0
1574807462.371695, -235.0
1574807463.015338, -235.0
1574807463.7274, -235.0
1574807464.386103, -235.0
1574807465.113418, -235.0
1574807465.884515, -235.0
1574807466.613556, -235.0
1574807467.29529, -235.0
1574807467.954339, -235.0
1574807468.599756, -235.0
1574807469.228606, -235.0
1574807469.854635, -235.0
1574807470.880523, -235.0
1574807471.756411, -235.0
1574807472.407304, -235.0
1574807473.035304, -235.0
1574807473.700299, -235.0
1574807474.336856, -235.0
1574807445.05933, -235.0
1574807445.076572, -235.0
1574807445.093913, -235.0
1574807445.110705, -235.0
1574807445.12699, -235.0
1574807445.143558, -235.0
1574807445.162082, -235.0
1574807445.178872, -235.0
1574807445.195712, -235.0
1574807445.212249, -235.0
1574807445.228846, -235.0
1574807445.245323, -235.0
1574807445.262538, -235.0
1574807445.278918, -235.0
1574807445.295617, -235.0
1574807445.312946, -235.0
1574807445.329677, -235.0
1574807445.346603, -235.0
1574807445.364376, -235.0
1574807445.383264, -235.0
1574807445.400122, -235.0
1574807445.416731, -235.0
1574807445.433229, -235.0
1574807445.450243, -235.0
1574807445.466682, -235.0
1574807445.483385, -235.0
1574807445.499867, -235.0
1574807445.516442, -235.0
1574807445.533198, -235.0
1574807445.550334, -235.0
1574807445.567041, -235.0
1574807445.583538, -235.0
1574807445.600185, -235.0
1574807445.616958, -235.0
1574807445.63404, -235.0
1574807445.651297, -235.0
1574807445.668464, -235.0
1574807445.685104, -235.0
1574807445.702135, -235.0
1574807445.719126, -235.0
1574807445.735879, -235.0
1574807447.358909, -235.0
1574807447.376263, -235.0
1574807447.393368, -235.0
1574807448.697452, -235.0
1574807448.714913, -235.0
1574807450.052252, -235.0
1574807451.76756, -235.0
1574807451.785653, -235.0
1574807451.802911, -235.0
1574807451.837021, -235.0
1574807451.85571, -235.0
1574807452.202747, -235.0
1574807452.219459, -235.0
1574807452.236082, -235.0
1574807452.252665, -235.0
1574807452.26934, -235.0
1574807452.285913, -235.0
1574807452.302335, -235.0
1574807452.641795, -235.0
1574807452.659053, -235.0
1574807452.677489, -235.0
1574807452.693974, -235.0
1574807452.710726, -235.0
1574807452.727776, -235.0
1574807452.74451, -235.0
1574807453.413402, -235.0
1574807454.279516, -235.0
1574807455.485019, -235.0
1574807456.638061, -235.0
1574807457.383945, -235.0
1574807458.023823, -235.0
1574807458.643982, -235.0
1574807459.265873, -235.0
1574807459.901422, -235.0
1574807460.519544, -235.0
1574807461.134447, -235.0
1574807461.76234, -235.0
1574807462.375708, -235.0
1574807462.979556, -235.0
1574807463.827894, -235.0
1574807464.42413, -235.0
1574807465.044266, -235.0
1574807465.657, -235.0
1574807466.356258, -235.0
1574807466.989164, -235.0
1574807467.68892, -235.0
1574807468.583702, -235.0
1574807469.63489, -235.0
1574807470.6616, -235.0
1574807471.639289, -235.0
1574807472.442524, -235.0
1574807473.199601, -235.0
1574807473.832697, -235.0
1574807474.455157, -235.0
1574807475.077812, -235.0
1574807475.705712, -235.0
1574807476.32256, -235.0
1574807476.913801, -235.0
1574807477.532933, -235.0
1574807462.448197, -235.0
1574807462.46922, -235.0
1574807462.489946, -235.0
1574807462.851678, -235.0
1574807462.873446, -235.0
1574807462.897166, -235.0
1574807462.918084, -235.0
1574807462.938852, -235.0
1574807462.959473, -235.0
1574807462.983058, -235.0
1574807465.025904, -235.0
1574807466.463214, -235.0
1574807467.312362, -235.0
1574807468.118713, -235.0
1574807468.928631, -235.0
1574807469.735678, -235.0
1574807470.527562, -235.0
1574807471.321041, -235.0
1574807472.125279, -235.0
1574807472.905418, -235.0
1574807473.694124, -235.0
1574807474.481806, -235.0
1574807475.287538, -235.0
1574807476.068064, -235.0
1574807476.837393, -235.0
1574807477.607499, -235.0
1574807478.353053, -235.0
1574807479.11621, -235.0
1574807479.89001, -235.0
1574807480.667026, -235.0
1574807481.42933, -235.0
1574807482.189134, -235.0
1574807482.97265, -235.0
1574807483.734929, -235.0
1574807484.488524, -235.0
1574807485.237062, -235.0
1574807485.98128, -235.0
1574807486.726525, -235.0
1574807487.466016, -235.0
1574807488.228727, -235.0
1574807488.992061, -235.0
1574807489.76426, -235.0
1574807490.527185, -235.0
1574807491.27091, -235.0
1574807492.034106, -235.0
1574807492.818134, -235.0
1574807493.587394, -235.0
1574807494.355264, -235.0
1574807495.119194, -235.0
1574807495.86933, -235.0
1574807501.501976, -235.0
1574807501.73138, -235.0
1574807501.945717, -235.0
1574807502.220263, -235.0
1574807502.224789, -235.0
1574807502.5338, -235.0
1574807502.538243, -235.0
1574807502.542613, -235.0
1574807502.547709, -235.0
1574807502.554022, -235.0
1574807502.559053, -235.0
1574807502.563754, -235.0
1574807502.568132, -235.0
1574807502.572592, -235.0
1574807502.57701, -235.0
1574807502.581377, -235.0
1574807502.585744, -235.0
1574807502.59007, -235.0
1574807502.594778, -235.0
1574807502.599153, -235.0
1574807502.603463, -235.0
1574807502.607792, -235.0
1574807502.612244, -235.0
1574807502.616623, -235.0
1574807502.620949, -235.0
1574807502.625539, -235.0
1574807502.629962, -235.0
1574807502.634378, -235.0
1574807502.638792, -235.0
1574807502.643217, -235.0
1574807502.647711, -235.0
1574807502.654384, -235.0
1574807502.659581, -235.0
1574807502.6642, -235.0
1574807502.668678, -235.0
1574807503.244219, -235.0
1574807503.655961, -235.0
1574807504.016735, -235.0
1574807504.355362, -235.0
1574807504.727241, -235.0
1574807505.087041, -235.0
1574807505.465731, -235.0
1574807505.869235, -235.0
1574807506.301706, -235.0
1574807506.702896, -235.0
1574807507.138205, -235.0
1574807507.534492, -235.0
1574807507.973962, -235.0
1574807508.371338, -235.0
1574807508.777116, -234.0
1574807509.177327, -234.0
1574807509.621885, -234.0
1574807509.626327, -234.0
1574807510.15881, -234.0
1574807510.164083, -234.0
1574807510.571128, -234.0
1574807510.992247, -234.0
1574807511.416289, -234.0
1574807511.828135, -234.0
1574807512.24989, -234.0
1574807512.254509, -234.0
1574807512.259562, -234.0
1574807512.263938, -234.0
1574807512.268502, -234.0
1574807512.272891, -234.0
1574807512.277366, -234.0
1574807512.2817, -234.0
1574807512.286127, -234.0
1574807512.290553, -234.0
1574807512.294969, -234.0
1574807512.299704, -234.0
1574807512.492442, -234.0
1574807512.650485, -234.0
1574807512.813056, -234.0
1574807512.971626, -234.0
1574807513.148255, -234.0
1574807513.365457, -234.0
1574807513.52944, -234.0
1574807513.688737, -234.0
1574807513.842171, -234.0
1574807514.003291, -234.0
1574807514.164485, -234.0
1574807514.337073, -234.0
1574807514.501118, -234.0
1574807514.648506, -234.0
1574807514.810732, -234.0
1574807514.959616, -234.0
1574807515.123165, -234.0
1574807515.275823, -234.0
1574807515.436177, -234.0
1574807515.608335, -234.0
1574807515.768385, -234.0
1574807515.920492, -234.0
1574807516.168962, -234.0
1574807516.328371, -234.0
1574807516.486717, -234.0
1574807516.658607, -234.0
1574807516.862898, -234.0
1574807517.178451, -234.0
1574807517.491812, -234.0
1574807517.496355, -234.0
1574807517.500699, -234.0
1574807517.505272, -234.0
1574807517.509589, -234.0
1574807517.513996, -234.0
1574807517.818, -234.0
1574807518.133834, -234.0
1574807518.44408, -234.0
1574807518.79574, -234.0
1574807519.107948, -234.0
1574807519.425015, -234.0
1574807519.702459, -234.0
1574807519.853144, -234.0
1574807520.011263, -234.0
1574807520.17694, -234.0
1574807520.343366, -234.0
1574807520.479618, -234.0
1574807520.655164, -234.0
1574807520.81783, -234.0
1574807520.983364, -234.0
1574807521.134571, -234.0
1574807521.297696, -234.0
1574807521.457574, -234.0
1574807521.613288, -234.0
1574807521.765248, -234.0
1574807521.903324, -234.0
1574807522.082836, -234.0
1574807522.087234, -234.0
1574807522.091574, -234.0
1574807522.096274, -234.0
1574807522.100605, -234.0
1574807522.104915, -234.0
1574807522.109231, -234.0
1574807522.11416, -234.0
1574807522.118499, -234.0
1574807522.408424, -234.0
1574807522.607366, -234.0
1574807522.776068, -234.0
1574807522.925907, -234.0
1574807523.107255, -234.0
1574807523.112012, -234.0
1574807523.116386, -234.0
1574807523.120938, -234.0
1574807523.125249, -234.0
1574807523.129891, -234.0
1574807523.134484, -234.0
1574807523.138827, -234.0
1574807523.469817, -234.0
1574807523.474257, -234.0
1574807523.478815, -234.0
1574807523.48341, -234.0
1574807523.800277, -234.0
1574807524.105392, -234.0
1574807524.109777, -234.0
1574807524.11459, -234.0
1574807524.118918, -234.0
1574807524.12325, -234.0
1574807524.127989, -234.0
1574807524.132352, -234.0
1574807524.136659, -234.0
1574807524.140956, -234.0
1574807524.145516, -234.0
1574807524.150272, -234.0
1574807524.15462, -234.0
1574807524.160088, -234.0
1574807524.164603, -234.0
1574807524.168935, -234.0
1574807524.173217, -234.0
1574807524.48929, -234.0
1574807524.493946, -234.0
1574807524.498488, -234.0
1574807524.502806, -234.0
1574807524.507107, -234.0
1574807524.511689, -234.0
1574807524.827828, -234.0
1574807525.003797, -234.0
1574807525.332063, -234.0
1574807525.622526, -234.0
1574807525.796431, -234.0
1574807525.947449, -234.0
1574807526.118121, -234.0
1574807526.281666, -234.0
1574807526.579199, -234.0
1574807526.869765, -234.0
1574807527.085104, -234.0
1574807527.236956, -234.0
1574807527.401397, -234.0
1574807527.562049, -234.0
1574807527.731621, -234.0
1574807527.879353, -234.0
1574807528.030034, -234.0
1574807528.208547, -234.0
1574807528.369287, -234.0
1574807528.520551, -234.0
1574807528.688661, -234.0
1574807528.864287, -234.0
1574807529.020153, -234.0
1574807529.187006, -234.0
1574807529.368556, -234.0
1574807529.532594, -234.0
1574807529.697154, -234.0
1574807529.853339, -234.0
1574807530.028171, -234.0
1574807530.182698, -234.0
1574807530.466136, -234.0
1574807530.731003, -234.0
1574807531.035066, -234.0
1574807531.374796, -234.0
1574807531.642317, -234.0
1574807531.966782, -234.0
1574807532.286097, -234.0
1574807532.573916, -234.0
1574807532.878769, -234.0
1574807533.079439, -234.0
1574807533.234529, -234.0
1574807533.391436, -234.0
1574807533.548411, -234.0
1574807533.715442, -234.0
1574807533.870881, -234.0
1574807534.030735, -234.0
1574807534.194425, -234.0
1574807534.362365, -234.0
1574807534.516349, -234.0
1574807534.685159, -234.0
1574807534.839918, -234.0
1574807535.001288, -234.0
1574807535.170643, -234.0
1574807535.317172, -234.0
1574807535.463233, -234.0
1574807535.608361, -232.0
1574807535.763891, -232.0
1574807535.918895, -232.0
1574807536.074368, -232.0
1574807536.239577, -232.0
1574807536.545604, -232.0
1574807536.83054, -232.0
1574807537.13714, -232.0
1574807537.381177, -232.0
1574807537.594847, -232.0
1574807537.798963, -232.0
1574807538.040652, -232.0
1574807538.324795, -232.0
1574807538.621199, -232.0
1574807538.959348, -232.0
1574807539.26797, -232.0
1574807539.54916, -232.0
1574807539.862287, -232.0
1574807540.183034, -232.0
1574807540.486508, -232.0
1574807540.797878, -232.0
1574807501.316526, -235.0
1574807501.321447, -235.0
1574807501.325883, -235.0
1574807501.330326, -235.0
1574807501.334763, -235.0
1574807501.339125, -235.0
1574807501.343404, -235.0
1574807501.347823, -235.0
1574807501.352207, -235.0
1574807501.356526, -235.0
1574807501.360804, -235.0
1574807501.365059, -235.0
1574807501.369345, -235.0
1574807501.373604, -235.0
1574807501.377945, -235.0
1574807501.382469, -235.0
1574807501.386869, -235.0
1574807501.391147, -235.0
1574807501.395393, -235.0
1574807501.399701, -235.0
1574807501.404138, -235.0
1574807501.408537, -235.0
1574807501.412902, -235.0
1574807501.417329, -235.0
1574807501.421781, -235.0
1574807501.710494, -235.0
1574807502.023424, -235.0
1574807502.027979, -235.0
1574807502.032537, -235.0
1574807502.03741, -235.0
1574807502.04175, -235.0
1574807502.046305, -235.0
1574807502.052609, -235.0
1574807502.05709, -235.0
1574807502.061451, -235.0
1574807502.06634, -235.0
1574807502.07064, -235.0
1574807502.075019, -235.0
1574807502.079471, -235.0
1574807502.083905, -235.0
1574807502.088278, -235.0
1574807502.09264, -235.0
1574807502.097326, -235.0
1574807502.101726, -235.0
1574807502.419022, -235.0
1574807502.639042, -235.0
1574807502.792241, -235.0
1574807502.974482, -235.0
1574807503.131603, -235.0
1574807503.361614, -235.0
1574807503.518836, -235.0
1574807503.676373, -235.0
1574807503.83296, -235.0
1574807504.004041, -235.0
1574807504.162288, -235.0
1574807504.386147, -235.0
1574807504.562874, -235.0
1574807504.725275, -235.0
1574807504.88647, -235.0
1574807505.045393, -235.0
1574807505.19762, -235.0
1574807505.515448, -235.0
1574807505.519854, -235.0
1574807505.524168, -235.0
1574807505.528609, -235.0
1574807505.706897, -235.0
1574807505.711311, -235.0
1574807505.715661, -235.0
1574807505.720206, -235.0
1574807505.724539, -235.0
1574807505.728951, -235.0
1574807505.733964, -235.0
1574807505.738332, -235.0
1574807505.74269, -235.0
1574807505.748595, -235.0
1574807505.753667, -235.0
1574807505.758172, -235.0
1574807505.762793, -235.0
1574807505.767507, -235.0
1574807506.159684, -235.0
1574807506.375255, -235.0
1574807506.379886, -235.0
1574807506.384329, -235.0
1574807506.38893, -235.0
1574807506.393269, -235.0
1574807506.397631, -235.0
1574807506.402286, -235.0
1574807506.406684, -235.0
1574807506.411053, -235.0
1574807506.415371, -235.0
1574807506.41968, -235.0
1574807506.423952, -235.0
1574807506.4284, -235.0
1574807506.433094, -235.0
1574807506.437444, -235.0
1574807506.441742, -235.0
1574807506.446179, -235.0
1574807506.450502, -235.0
1574807506.455021, -235.0
1574807506.459425, -235.0
1574807506.464056, -235.0
1574807506.468434, -235.0
1574807506.472793, -235.0
1574807506.477241, -235.0
1574807506.481678, -235.0
1574807506.486026, -235.0
1574807506.490423, -235.0
1574807506.495107, -235.0
1574807506.4995, -235.0
1574807506.503989, -235.0
1574807506.508414, -235.0
1574807506.512837, -235.0
1574807506.517172, -235.0
1574807506.52152, -235.0
1574807506.526118, -235.0
1574807506.530652, -235.0
1574807506.535205, -235.0
1574807506.539514, -235.0
1574807506.543881, -235.0
1574807506.548418, -235.0
1574807506.552899, -235.0
1574807506.557757, -235.0
1574807506.562308, -235.0
1574807506.566806, -235.0
1574807506.571293, -235.0
1574807506.575764, -235.0
1574807507.051307, -235.0
1574807507.397159, -235.0
1574807507.734988, -235.0
1574807508.08227, -235.0
1574807508.428253, -235.0
1574807508.779364, -234.0
1574807509.174604, -234.0
1574807509.497476, -234.0
1574807509.812671, -234.0
1574807510.139035, -234.0
1574807510.498843, -234.0
1574807510.982113, -234.0
1574807511.504264, -234.0
1574807511.89487, -234.0
1574807511.899426, -234.0
1574807511.904243, -234.0
1574807511.908795, -234.0
1574807512.375948, -234.0
1574807512.777134, -234.0
1574807513.139994, -234.0
1574807513.472138, -234.0
1574807513.802728, -234.0
1574807514.12205, -234.0
1574807514.454905, -234.0
1574807514.777473, -234.0
1574807515.136479, -234.0
1574807515.419218, -234.0
1574807515.725827, -234.0
1574807516.053915, -234.0
1574807516.295353, -234.0
1574807516.634206, -234.0
1574807516.986407, -234.0
1574807517.23479, -234.0
1574807517.404012, -234.0
1574807517.711027, -234.0
1574807517.884963, -234.0
1574807518.093591, -234.0
1574807518.272397, -234.0
1574807518.427397, -234.0
1574807518.573475, -234.0
1574807518.724995, -234.0
1574807518.885167, -234.0
1574807519.042773, -234.0
1574807519.191867, -234.0
1574807519.353534, -234.0
1574807519.514297, -234.0
1574807519.679707, -234.0
1574807519.82885, -234.0
1574807519.993869, -234.0
1574807520.167752, -234.0
1574807520.333842, -234.0
1574807520.488973, -234.0
1574807520.664106, -234.0
1574807520.817813, -234.0
1574807520.974281, -234.0
1574807521.131281, -234.0
1574807521.290249, -234.0
1574807521.437022, -234.0
1574807521.591294, -234.0
1574807521.765679, -234.0
1574807521.915557, -234.0
1574807522.068349, -234.0
1574807522.230763, -234.0
1574807522.235481, -234.0
1574807522.239788, -234.0
1574807522.244117, -234.0
1574807522.548559, -234.0
1574807522.87833, -234.0
1574807523.176662, -234.0
1574807523.181235, -234.0
1574807523.185631, -234.0
1574807523.189912, -234.0
1574807523.194455, -234.0
1574807523.493165, -234.0
1574807523.799797, -234.0
1574807524.100686, -234.0
1574807524.403644, -234.0
1574807524.722561, -234.0
1574807525.01382, -234.0
1574807525.294509, -234.0
1574807525.619303, -234.0
1574807525.623616, -234.0
1574807525.934069, -234.0
1574807525.93842, -234.0
1574807525.942766, -234.0
1574807525.947555, -234.0
1574807525.952399, -234.0
1574807525.95683, -234.0
1574807525.961541, -234.0
1574807525.965882, -234.0
1574807525.970196, -234.0
1574807526.284758, -234.0
1574807526.585311, -234.0
1574807526.912936, -234.0
1574807527.190793, -234.0
1574807527.510609, -234.0
1574807527.825248, -234.0
1574807528.15021, -234.0
1574807528.451307, -234.0
1574807528.780584, -234.0
1574807529.117771, -234.0
1574807529.122196, -234.0
1574807529.404195, -234.0
1574807529.710591, -234.0
1574807530.033441, -234.0
1574807530.03784, -234.0
1574807530.042522, -234.0
1574807530.048267, -234.0
1574807530.358175, -234.0
1574807530.364074, -234.0
1574807530.368474, -234.0
1574807530.698363, -234.0
1574807531.003356, -234.0
1574807531.277658, -234.0
1574807531.511158, -234.0
1574807531.724698, -234.0
1574807531.899667, -234.0
1574807532.226106, -234.0
1574807532.421533, -234.0
1574807532.425944, -234.0
1574807532.430374, -234.0
1574807532.435045, -234.0
1574807532.439349, -234.0
1574807532.443655, -234.0
1574807501.318619, -235.0
1574807501.323714, -235.0
1574807501.328173, -235.0
1574807501.332666, -235.0
1574807501.33709, -235.0
1574807501.341725, -235.0
1574807501.346503, -235.0
1574807501.350976, -235.0
1574807501.670675, -235.0
1574807501.989227, -235.0
1574807502.278003, -235.0
1574807502.557105, -235.0
1574807502.739891, -235.0
1574807502.890947, -235.0
1574807503.037625, -235.0
1574807503.332851, -235.0
1574807503.644896, -235.0
1574807503.94054, -235.0
1574807503.945045, -235.0
1574807504.254932, -235.0
1574807504.58219, -235.0
1574807504.939546, -235.0
1574807505.312385, -235.0
1574807505.317179, -235.0
1574807505.321656, -235.0
1574807505.326161, -235.0
1574807505.330649, -235.0
1574807505.337378, -235.0
1574807505.341943, -235.0
1574807505.34647, -235.0
1574807505.648958, -235.0
1574807505.810238, -235.0
1574807505.965986, -235.0
1574807506.12561, -235.0
1574807506.280423, -235.0
1574807506.421821, -235.0
1574807506.566663, -235.0
1574807506.712673, -235.0
1574807507.039392, -235.0
1574807507.208518, -235.0
1574807507.542197, -235.0
1574807507.703244, -235.0
1574807507.872276, -235.0
1574807508.027987, -235.0
1574807508.187297, -235.0
1574807508.338114, -235.0
1574807508.503236, -235.0
1574807508.507665, -234.0
1574807508.511951, -234.0
1574807508.51626, -234.0
1574807508.520548, -234.0
1574807508.52481, -234.0
1574807508.529075, -234.0
1574807508.533398, -234.0
1574807508.537704, -234.0
1574807508.835757, -234.0
1574807508.982614, -234.0
1574807509.152317, -234.0
1574807509.304365, -234.0
1574807509.468705, -234.0
1574807509.616594, -234.0
1574807509.758631, -234.0
1574807509.907796, -234.0
1574807510.075943, -234.0
1574807510.327911, -234.0
1574807510.628416, -234.0
1574807510.905405, -234.0
1574807511.214879, -234.0
1574807511.498417, -234.0
1574807511.731915, -234.0
1574807511.891405, -234.0
1574807512.060536, -234.0
1574807512.239041, -234.0
1574807512.40747, -234.0
1574807512.570072, -234.0
1574807512.81407, -234.0
1574807512.954589, -234.0
1574807513.121644, -234.0
1574807513.274586, -234.0
1574807513.557817, -234.0
1574807513.562327, -234.0
1574807513.566741, -234.0
1574807513.571103, -234.0
1574807513.575419, -234.0
1574807513.579789, -234.0
1574807513.584166, -234.0
1574807513.588779, -234.0
1574807513.861623, -234.0
1574807514.019277, -234.0
1574807514.170975, -234.0
1574807514.345982, -234.0
1574807514.572734, -234.0
1574807514.731187, -234.0
1574807514.898796, -234.0
1574807515.082126, -234.0
1574807515.245054, -234.0
1574807515.403949, -234.0
1574807515.565281, -234.0
1574807515.728693, -234.0
1574807515.892043, -234.0
1574807516.054854, -234.0
1574807516.206368, -234.0
1574807516.356009, -234.0
1574807516.510707, -234.0
1574807516.678886, -234.0
1574807516.845089, -234.0
1574807517.011859, -234.0
1574807517.182893, -234.0
1574807517.348117, -234.0
1574807517.508874, -234.0
1574807517.669794, -234.0
1574807517.822397, -234.0
1574807517.988287, -234.0
1574807518.152295, -234.0
1574807518.315426, -234.0
1574807518.470203, -234.0
1574807518.625057, -234.0
1574807518.794701, -234.0
1574807518.968217, -234.0
1574807519.13843, -234.0
1574807519.456268, -234.0
1574807519.626859, -234.0
1574807519.779598, -234.0
1574807519.928013, -234.0
1574807520.084711, -234.0
1574807520.231678, -234.0
1574807520.393386, -234.0
1574807520.561606, -234.0
1574807520.70472, -234.0
1574807520.872193, -234.0
1574807521.021858, -234.0
1574807521.183442, -234.0
1574807521.342156, -234.0
1574807521.510881, -234.0
1574807521.664966, -234.0
1574807521.819215, -234.0
1574807521.978843, -234.0
1574807522.141056, -234.0
1574807522.303109, -234.0
1574807522.450121, -234.0
1574807522.612333, -234.0
1574807522.753075, -234.0
1574807522.89897, -234.0
1574807523.056488, -234.0
1574807523.211481, -234.0
1574807523.358979, -234.0
1574807523.52287, -234.0
1574807523.680852, -234.0
1574807523.844095, -234.0
1574807524.01549, -234.0
1574807524.186201, -234.0
1574807524.357744, -234.0
1574807524.502505, -234.0
1574807524.656312, -234.0
1574807524.813572, -234.0
1574807524.980819, -234.0
1574807525.148411, -234.0
1574807525.296987, -234.0
1574807525.46444, -234.0
1574807525.617221, -234.0
1574807525.780716, -234.0
1574807525.933348, -234.0
1574807526.084286, -234.0
1574807526.239595, -234.0
1574807526.393407, -234.0
1574807526.556606, -234.0
1574807526.721469, -234.0
1574807526.89874, -234.0
1574807527.053571, -234.0
1574807527.259908, -234.0
1574807527.429328, -234.0
1574807527.593372, -234.0
1574807527.756766, -234.0
1574807527.905514, -234.0
1574807528.066826, -234.0
1574807528.219977, -234.0
1574807528.381905, -234.0
1574807528.530678, -234.0
1574807528.696422, -234.0
1574807528.855026, -234.0
1574807529.013059, -234.0
1574807529.179211, -234.0
1574807529.336094, -234.0
1574807529.492014, -234.0
1574807529.636318, -234.0
1574807529.799107, -234.0
1574807529.945084, -234.0
1574807530.105066, -234.0
1574807530.257195, -234.0
1574807530.497402, -234.0
1574807530.671515, -234.0
1574807530.81326, -234.0
1574807530.970621, -234.0
1574807531.180482, -234.0
1574807531.443424, -234.0
1574807531.630448, -234.0
1574807531.797366, -234.0
1574807531.946785, -234.0
1574807532.116395, -234.0
1574807532.324454, -234.0
1574807532.328921, -234.0
1574807532.631269, -234.0
1574807532.930463, -234.0
1574807532.935119, -234.0
1574807532.939485, -234.0
1574807532.943805, -234.0
1574807532.948153, -234.0
1574807532.953096, -234.0
1574807532.957497, -234.0
1574807532.961806, -234.0
1574807532.966419, -234.0
1574807532.970739, -234.0
1574807532.975063, -234.0
1574807532.979354, -234.0
1574807533.28836, -234.0
1574807533.568207, -234.0
1574807533.714911, -234.0
1574807533.874992, -234.0
1574807534.148819, -234.0
1574807534.155963, -234.0
1574807534.160443, -234.0
1574807534.165075, -234.0
1574807534.169392, -234.0
1574807534.173687, -234.0
1574807534.178101, -234.0
1574807534.182461, -234.0
1574807534.186799, -234.0
1574807534.191091, -234.0
1574807534.195662, -234.0
1574807534.200045, -234.0
1574807534.204409, -234.0
1574807534.208779, -234.0
1574807534.213152, -234.0
1574807534.217535, -234.0
1574807534.221857, -234.0
1574807534.558585, -234.0
1574807534.85041, -234.0
1574807535.196267, -234.0
1574807535.491314, -234.0
1574807535.495839, -232.0
1574807535.815038, -232.0
1574807536.124932, -232.0
1574807536.129644, -232.0
1574807536.435805, -232.0
1574807536.747482, -232.0
1574807537.05996, -232.0
1574807537.366702, -232.0
1574807537.692819, -232.0
1574807538.010982, -232.0
1574807538.015442, -232.0
1574807501.327978, -235.0
1574807501.332811, -235.0
1574807501.337129, -235.0
1574807501.341479, -235.0
1574807501.346194, -235.0
1574807501.350519, -235.0
1574807501.354846, -235.0
1574807501.359123, -235.0
1574807501.363873, -235.0
1574807501.368189, -235.0
1574807501.372494, -235.0
1574807501.376808, -235.0
1574807501.38153, -235.0
1574807501.385866, -235.0
1574807501.390205, -235.0
1574807501.394931, -235.0
1574807501.399547, -235.0
1574807501.403897, -235.0
1574807501.635235, -235.0
1574807501.817838, -235.0
1574807501.979381, -235.0
1574807502.133737, -235.0
1574807502.294637, -235.0
1574807502.461535, -235.0
1574807502.619935, -235.0
1574807502.786904, -235.0
1574807502.934133, -235.0
1574807503.097537, -235.0
1574807503.261137, -235.0
1574807503.415485, -235.0
1574807503.568886, -235.0
1574807503.723144, -235.0
1574807503.883739, -235.0
1574807504.037135, -235.0
1574807504.198054, -235.0
1574807504.355527, -235.0
1574807504.501107, -235.0
1574807504.844414, -235.0
1574807505.007526, -235.0
1574807505.151672, -235.0
1574807505.304923, -235.0
1574807505.309356, -235.0
1574807505.488413, -235.0
1574807505.493035, -235.0
1574807505.497822, -235.0
1574807505.502301, -235.0
1574807505.506722, -235.0
1574807505.511535, -235.0
1574807505.515982, -235.0
1574807505.520387, -235.0
1574807505.869805, -235.0
1574807506.212443, -235.0
1574807506.419427, -235.0
1574807506.639432, -235.0
1574807506.792392, -235.0
1574807506.94205, -235.0
1574807507.082886, -235.0
1574807507.250746, -235.0
1574807507.423406, -235.0
1574807507.428061, -235.0
1574807507.432436, -235.0
1574807507.436756, -235.0
1574807507.441112, -235.0
1574807507.445626, -235.0
1574807507.449992, -235.0
1574807507.45458, -235.0
1574807507.458968, -235.0
1574807507.463624, -235.0
1574807507.467993, -235.0
1574807507.472421, -235.0
1574807507.774096, -235.0
1574807507.972093, -235.0
1574807508.298844, -235.0
1574807508.303298, -235.0
1574807508.307704, -235.0
1574807508.312435, -235.0
1574807508.316829, -235.0
1574807508.321199, -235.0
1574807508.325741, -235.0
1574807508.33023, -235.0
1574807508.334586, -235.0
1574807508.338918, -235.0
1574807508.343248, -235.0
1574807508.347725, -235.0
1574807508.353744, -235.0
1574807508.358417, -235.0
1574807508.363001, -235.0
1574807508.367377, -235.0
1574807508.371734, -235.0
1574807508.376045, -235.0
1574807508.380505, -235.0
1574807508.384851, -235.0
1574807508.389438, -235.0
1574807508.393893, -235.0
1574807508.398431, -235.0
1574807508.402836, -235.0
1574807508.407209, -235.0
1574807508.411545, -235.0
1574807508.415885, -235.0
1574807508.420464, -235.0
1574807508.424778, -235.0
1574807508.429111, -235.0
1574807508.433418, -235.0
1574807508.437719, -235.0
1574807508.442039, -235.0
1574807508.446354, -235.0
1574807508.452609, -235.0
1574807508.457025, -235.0
1574807508.461418, -235.0
1574807508.465862, -235.0
1574807508.470272, -235.0
1574807508.474576, -235.0
1574807508.479133, -235.0
1574807508.483486, -235.0
1574807508.645779, -234.0
1574807508.799814, -234.0
1574807508.951699, -234.0
1574807509.115963, -234.0
1574807509.27434, -234.0
1574807509.438241, -234.0
1574807509.586369, -234.0
1574807509.75512, -234.0
1574807509.913561, -234.0
1574807510.06344, -234.0
1574807510.224654, -234.0
1574807510.383335, -234.0
1574807510.534277, -234.0
1574807510.7018, -234.0
1574807510.865042, -234.0
1574807511.02202, -234.0
1574807511.188705, -234.0
1574807511.353952, -234.0
1574807511.520059, -234.0
1574807511.671373, -234.0
1574807511.830372, -234.0
1574807511.993791, -234.0
1574807512.149008, -234.0
1574807512.304703, -234.0
1574807512.456596, -234.0
1574807512.606258, -234.0
1574807512.766978, -234.0
1574807512.927634, -234.0
1574807513.078764, -234.0
1574807513.241587, -234.0
1574807513.403306, -234.0
1574807513.571413, -234.0
1574807513.720765, -234.0
1574807513.883184, -234.0
1574807514.038947, -234.0
1574807514.213567, -234.0
1574807514.380081, -234.0
1574807514.561572, -234.0
1574807514.710252, -234.0
1574807514.878461, -234.0
1574807515.034901, -234.0
1574807515.193192, -234.0
1574807515.339117, -234.0
1574807515.506556, -234.0
1574807515.6819, -234.0
1574807515.836041, -234.0
1574807515.991483, -234.0
1574807516.15249, -234.0
1574807516.307036, -234.0
1574807516.47367, -234.0
1574807516.625059, -234.0
1574807516.772901, -234.0
1574807516.941401, -234.0
1574807517.08798, -234.0
1574807517.266631, -234.0
1574807517.418889, -234.0
1574807517.564231, -234.0
1574807517.721885, -234.0
1574807517.888654, -234.0
1574807518.03742, -234.0
1574807518.187981, -234.0
1574807518.356546, -234.0
1574807518.507425, -234.0
1574807518.663642, -234.0
1574807518.825869, -234.0
1574807518.988656, -234.0
1574807519.13443, -234.0
1574807519.281167, -234.0
1574807519.455459, -234.0
1574807519.618488, -234.0
1574807519.767807, -234.0
1574807519.925976, -234.0
1574807520.099872, -234.0
1574807520.258908, -234.0
1574807520.42463, -234.0
1574807520.596438, -234.0
1574807520.762002, -234.0
1574807520.916111, -234.0
1574807521.077777, -234.0
1574807521.259327, -234.0
1574807521.416674, -234.0
1574807521.577293, -234.0
1574807521.737418, -234.0
1574807521.888884, -234.0
1574807522.054614, -234.0
1574807522.209444, -234.0
1574807522.365035, -234.0
1574807522.534955, -234.0
1574807522.705532, -234.0
1574807522.862537, -234.0
1574807523.013693, -234.0
1574807523.183746, -234.0
1574807523.34957, -234.0
1574807523.510435, -234.0
1574807523.678957, -234.0
1574807523.842705, -234.0
1574807524.011076, -234.0
1574807524.160795, -234.0
1574807524.324581, -234.0
1574807524.472336, -234.0
1574807524.632157, -234.0
1574807524.786779, -234.0
1574807524.94418, -234.0
1574807525.102097, -234.0
1574807525.246418, -234.0
1574807525.392749, -234.0
1574807525.539641, -234.0
1574807525.704581, -234.0
1574807525.865682, -234.0
1574807526.023207, -234.0
1574807526.193314, -234.0
1574807526.497368, -234.0
1574807526.810995, -234.0
1574807527.122209, -234.0
1574807527.333829, -234.0
1574807527.513955, -234.0
1574807527.678061, -234.0
1574807527.961355, -234.0
1574807528.241073, -234.0
1574807528.53011, -234.0
1574807528.53459, -234.0
1574807528.851467, -234.0
1574807529.165212, -234.0
1574807529.169665, -234.0
1574807529.486785, -234.0
1574807529.491254, -234.0
1574807529.803967, -234.0
1574807530.093256, -234.0
1574807530.409116, -234.0
1574807530.736041, -234.0
1574807531.057439, -234.0
1574807531.378127, -234.0
1574807531.666399, -234.0
1574807531.980164, -234.0
1574807532.287687, -234.0
1574807532.5782, -234.0
1574807532.775953, -234.0
1574807532.780713, -234.0
1574807532.78527, -234.0
1574807532.78973, -234.0
1574807532.794486, -234.0
1574807532.798876, -234.0
1574807532.803541, -234.0
1574807532.808001, -234.0
1574807533.116852, -234.0
1574807533.408187, -234.0
1574807533.610914, -234.0
1574807533.768101, -234.0
1574807533.947843, -234.0
1574807534.105164, -234.0
1574807534.279021, -234.0
1574807534.441754, -234.0
1574807534.621511, -234.0
1574807534.790649, -234.0
1574807534.948297, -234.0
1574807535.160946, -234.0
1574807535.165463, -234.0
1574807535.459014, -234.0
1574807535.765109, -232.0
1574807536.039853, -232.0
1574807536.333562, -232.0
1574807536.622068, -232.0
1574807536.924784, -232.0
1574807537.254577, -232.0
1574807537.569611, -232.0
1574807537.861061, -232.0
1574807538.146245, -232.0
1574807538.327922, -232.0
1574807538.506127, -232.0
1574807538.690638, -232.0
1574807538.868522, -232.0
1574807539.05987, -232.0
1574807539.236315, -232.0
1574807539.492878, -232.0
1574807539.799018, -232.0
1574807540.12538, -232.0
1574807540.416681, -232.0
1574807540.698507, -232.0
1574807540.981846, -232.0
1574807541.2713, -232.0
1574807541.56865, -232.0
1574807541.832433, -232.0
1574807541.998936, -232.0
1574807542.161942, -232.0
1574807542.343336, -232.0
1574807542.531235, -232.0
1574807542.70783, -232.0
1574807542.88885, -232.0
1574807543.071793, -232.0
1574807543.239157, -232.0
1574807543.419337, -232.0
1574807543.596795, -232.0
1574807543.777251, -232.0
1574807543.949933, -232.0
1574807544.124827, -232.0
1574807544.438561, -232.0
1574807544.442921, -232.0
1574807544.447487, -232.0
1574807544.451962, -232.0
1574807544.456447, -232.0
1574807544.737946, -232.0
1574807544.932161, -232.0
1574807545.099581, -232.0
1574807545.283241, -232.0
1574807545.454693, -232.0
1574807545.622804, -232.0
1574807545.783285, -232.0
1574807545.929117, -232.0
1574807546.115294, -232.0
1574807546.2928, -232.0
1574807546.471334, -232.0
1574807546.634645, -232.0
1574807546.817277, -232.0
1574807546.978316, -232.0
1574807547.303918, -232.0
1574807547.460066, -232.0
1574807547.620492, -232.0
1574807547.773837, -232.0
1574807547.938217, -232.0
1574807548.078402, -232.0
1574807548.222555, -232.0
1574807548.401264, -232.0
1574807548.645266, -232.0
1574807548.865614, -232.0
1574807549.04405, -232.0
1574807549.205943, -232.0
1574807549.210726, -232.0
1574807549.498185, -232.0
1574807549.806515, -232.0
1574807549.811163, -232.0
1574807549.81549, -232.0
1574807549.819916, -232.0
1574807549.824246, -232.0
1574807550.130865, -232.0
1574807550.407008, -232.0
1574807550.568205, -232.0
1574807550.873232, -232.0
1574807551.173705, -232.0
1574807551.506293, -232.0
1574807551.510911, -232.0
1574807551.515741, -232.0
1574807551.520116, -232.0
1574807551.524414, -232.0
1574807551.528986, -232.0
1574807551.533452, -232.0
1574807551.863692, -232.0
1574807551.868089, -232.0
1574807551.8724, -232.0
1574807551.876686, -232.0
1574807552.189291, -232.0
1574807552.193824, -232.0
1574807552.519529, -232.0
1574807552.821049, -232.0
1574807553.143532, -232.0
1574807553.325326, -232.0
1574807553.483376, -232.0
1574807553.652563, -232.0
1574807553.817387, -232.0
1574807553.969514, -232.0
1574807554.237426, -232.0
1574807554.242104, -232.0
1574807554.246631, -232.0
1574807554.250994, -232.0
1574807554.460281, -232.0
1574807554.707792, -232.0
1574807554.867547, -232.0
1574807555.027825, -232.0
1574807555.306726, -232.0
1574807555.311159, -232.0
1574807555.315513, -232.0
1574807555.32006, -232.0
1574807555.324412, -232.0
1574807555.328837, -232.0
1574807555.562109, -232.0
1574807555.741679, -232.0
1574807555.992525, -232.0
1574807556.325885, -232.0
1574807556.330535, -232.0
1574807556.33497, -232.0
1574807556.638396, -232.0
1574807556.798257, -232.0
1574807556.948078, -232.0
1574807557.109069, -232.0
1574807557.278399, -232.0
1574807557.440041, -232.0
1574807557.595149, -232.0
1574807557.750196, -232.0
1574807557.897767, -232.0
1574807558.054501, -232.0
1574807558.205477, -232.0
1574807558.363121, -232.0
1574807558.5058, -232.0
1574807558.658752, -232.0
1574807558.818137, -232.0
1574807558.974233, -232.0
1574807559.120692, -232.0
1574807559.283085, -232.0
1574807559.441711, -232.0
1574807559.584994, -232.0
1574807559.736682, -232.0
1574807559.890717, -232.0
1574807560.056594, -232.0
1574807560.207719, -232.0
1574807560.447574, -232.0
1574807560.587412, -232.0
1574807560.741799, -232.0
1574807560.890449, -232.0
1574807561.056424, -232.0
1574807561.212095, -232.0
1574807561.349856, -232.0
1574807561.568104, -232.0
1574807561.906144, -232.0
1574807561.910653, -232.0
1574807562.208275, -232.0
1574807562.517168, -232.0
1574807562.521801, -232.0
1574807562.799435, -232.0
1574807563.054186, -232.0
1574807563.195769, -232.0
1574807563.363315, -232.0
1574807563.519028, -232.0
1574807563.677615, -232.0
1574807563.831189, -232.0
1574807563.998184, -232.0
1574807564.163575, -232.0
1574807564.316326, -232.0
1574807564.477699, -232.0
1574807564.631386, -232.0
1574807564.788962, -232.0
1574807564.959957, -232.0
1574807565.120376, -232.0
1574807565.28658, -232.0
1574807565.53797, -232.0
1574807565.697039, -232.0
1574807565.859097, -232.0
1574807566.031426, -232.0
1574807566.185995, -232.0
1574807566.349895, -232.0
1574807566.511925, -232.0
1574807566.652088, -232.0
1574807566.796791, -232.0
1574807566.964837, -232.0
1574807567.127051, -232.0
1574807567.294701, -232.0
1574807567.606448, -232.0
1574807567.610899, -232.0
1574807567.615285, -232.0
1574807567.619591, -232.0
1574807567.945257, -232.0
1574807568.264173, -232.0
1574807568.576857, -232.0
1574807568.581291, -232.0
1574807568.866629, -232.0
1574807569.15041, -232.0
1574807569.449409, -232.0
1574807569.712677, -232.0
1574807569.957754, -232.0
1574807570.160637, -232.0
1574807570.3786, -232.0
1574807570.600377, -232.0
1574807570.890962, -232.0
1574807571.159258, -232.0
1574807571.474132, -232.0
1574807571.636764, -232.0
1574807571.778608, -232.0
1574807571.934963, -232.0
1574807572.08083, -232.0
1574807572.236488, -232.0
1574807572.394049, -232.0
1574807572.533882, -232.0
1574807572.703843, -232.0
1574807572.858552, -232.0
1574807573.031505, -232.0
1574807573.189431, -232.0
1574807573.352705, -232.0
1574807573.522085, -232.0
1574807573.67164, -232.0
1574807573.82517, -232.0
1574807573.973384, -232.0
1574807574.136761, -232.0
1574807574.299774, -232.0
1574807574.449602, -232.0
1574807574.5923, -232.0
1574807574.746386, -232.0
1574807574.899111, -232.0
1574807575.070284, -232.0
1574807532.744657, -234.0
1574807532.900145, -234.0
1574807533.210833, -234.0
1574807533.38731, -234.0
1574807533.574201, -234.0
1574807533.75008, -234.0
1574807533.935802, -234.0
1574807534.107305, -234.0
1574807534.296674, -234.0
1574807534.301126, -234.0
1574807534.598124, -234.0
1574807534.905701, -234.0
1574807535.200744, -234.0
1574807535.516869, -232.0
1574807535.521247, -232.0
1574807535.525583, -232.0
1574807535.530015, -232.0
1574807535.534341, -232.0
1574807535.538662, -232.0
1574807535.542983, -232.0
1574807535.549397, -232.0
1574807535.848757, -232.0
1574807536.154238, -232.0
1574807536.435801, -232.0
1574807536.741207, -232.0
1574807537.055221, -232.0
1574807537.348129, -232.0
1574807537.635255, -232.0
1574807537.944018, -232.0
1574807538.232064, -232.0
1574807538.399607, -232.0
1574807538.70599, -232.0
1574807539.012276, -232.0
1574807539.306264, -232.0
1574807539.612469, -232.0
1574807539.917612, -232.0
1574807540.21652, -232.0
1574807540.371693, -232.0
1574807540.525252, -232.0
1574807540.678839, -232.0
1574807540.899881, -232.0
1574807541.040734, -232.0
1574807541.201144, -232.0
1574807541.354636, -232.0
1574807541.499428, -232.0
1574807541.647945, -232.0
1574807541.814582, -232.0
1574807541.972294, -232.0
1574807542.128069, -232.0
1574807542.287961, -232.0
1574807542.439825, -232.0
1574807542.599956, -232.0
1574807542.753554, -232.0
1574807542.913794, -232.0
1574807543.067307, -232.0
1574807543.234823, -232.0
1574807543.384365, -232.0
1574807543.538642, -232.0
1574807543.69716, -232.0
1574807543.858393, -232.0
1574807544.012591, -232.0
1574807544.172959, -232.0
1574807544.32859, -232.0
1574807544.494762, -232.0
1574807544.649748, -232.0
1574807544.810488, -232.0
1574807544.963826, -232.0
1574807545.12158, -232.0
1574807545.269881, -232.0
1574807545.433986, -232.0
1574807545.58088, -232.0
1574807545.73143, -232.0
1574807545.886624, -232.0
1574807546.061908, -232.0
1574807546.2199, -232.0
1574807546.370701, -232.0
1574807546.518921, -232.0
1574807546.677349, -232.0
1574807546.822534, -232.0
1574807546.976717, -232.0
1574807547.13214, -232.0
1574807547.286881, -232.0
1574807547.436575, -232.0
1574807547.590221, -232.0
1574807547.753911, -232.0
1574807547.913772, -232.0
1574807548.064996, -232.0
1574807548.216581, -232.0
1574807548.373199, -232.0
1574807548.517952, -232.0
1574807548.676454, -232.0
1574807548.828039, -232.0
1574807548.991417, -232.0
1574807549.157532, -232.0
1574807549.317568, -232.0
1574807549.466349, -232.0
1574807549.625607, -232.0
1574807549.779081, -232.0
1574807549.936443, -232.0
1574807550.088486, -232.0
1574807550.231332, -232.0
1574807550.384025, -232.0
1574807550.537855, -232.0
1574807550.696912, -232.0
1574807550.848107, -232.0
1574807551.005863, -232.0
1574807551.175998, -232.0
1574807551.322153, -232.0
1574807551.485472, -232.0
1574807551.653864, -232.0
1574807551.806251, -232.0
1574807551.957697, -232.0
1574807552.113832, -232.0
1574807552.264367, -232.0
1574807552.421432, -232.0
1574807552.573682, -232.0
1574807552.746822, -232.0
1574807552.904822, -232.0
1574807553.068324, -232.0
1574807553.214326, -232.0
1574807553.375729, -232.0
1574807553.543182, -232.0
1574807553.706743, -232.0
1574807553.86264, -232.0
1574807554.018503, -232.0
1574807554.181588, -232.0
1574807554.336144, -232.0
1574807554.490463, -232.0
1574807554.644315, -232.0
1574807554.797643, -232.0
1574807554.951275, -232.0
1574807555.111121, -232.0
1574807555.347604, -232.0
1574807555.606935, -232.0
1574807555.762144, -232.0
1574807555.936504, -232.0
1574807556.169632, -232.0
1574807556.494741, -232.0
1574807556.651767, -232.0
1574807556.812312, -232.0
1574807556.965217, -232.0
1574807557.128732, -232.0
1574807557.279664, -232.0
1574807557.43456, -232.0
1574807557.604365, -232.0
1574807557.825625, -232.0
1574807557.997888, -232.0
1574807558.15045, -232.0
1574807558.323845, -232.0
1574807558.464406, -232.0
1574807558.62002, -232.0
1574807558.774135, -232.0
1574807558.926376, -232.0
1574807559.091513, -232.0
1574807559.244002, -232.0
1574807559.399638, -232.0
1574807559.550231, -232.0
1574807559.705753, -232.0
1574807559.861489, -232.0
1574807560.010709, -232.0
1574807560.161226, -232.0
1574807560.320328, -232.0
1574807560.481425, -232.0
1574807560.633163, -232.0
1574807560.79741, -232.0
1574807560.97063, -232.0
1574807561.137907, -232.0
1574807561.297259, -232.0
1574807561.460447, -232.0
1574807561.630816, -232.0
1574807561.784436, -232.0
1574807561.938186, -232.0
1574807562.095247, -232.0
1574807562.268191, -232.0
1574807562.425838, -232.0
1574807562.565992, -232.0
1574807562.720761, -232.0
1574807562.86751, -232.0
1574807563.023742, -232.0
1574807563.16888, -232.0
1574807563.323929, -232.0
1574807563.528891, -232.0
1574807563.794454, -232.0
1574807564.10548, -232.0
1574807564.376213, -232.0
1574807564.522625, -232.0
1574807564.803938, -232.0
1574807564.964531, -232.0
1574807565.115998, -232.0
1574807565.282965, -232.0
1574807565.434594, -232.0
1574807565.591783, -232.0
1574807565.75665, -232.0
1574807565.906775, -232.0
1574807566.094465, -232.0
1574807566.260362, -232.0
1574807566.565106, -232.0
1574807566.853184, -232.0
1574807567.029795, -232.0
1574807567.187103, -232.0
1574807567.336694, -232.0
1574807567.496172, -232.0
1574807567.663884, -232.0
1574807567.818027, -232.0
1574807567.98059, -232.0
1574807568.120269, -232.0
1574807568.284728, -232.0
1574807568.436551, -232.0
1574807568.585988, -232.0
1574807568.734915, -232.0
1574807568.893815, -232.0
1574807569.054012, -232.0
1574807569.204601, -232.0
1574807569.371242, -232.0
1574807569.531172, -232.0
1574807569.685339, -232.0
1574807569.85861, -232.0
1574807570.034061, -232.0
1574807570.198709, -232.0
1574807570.354133, -232.0
1574807570.507041, -232.0
1574807570.656018, -232.0
1574807570.816729, -232.0
1574807570.953622, -232.0
1574807571.142891, -232.0
1574807571.45123, -232.0
1574807571.729567, -232.0
1574807571.929483, -232.0
1574807572.117398, -232.0
1574807572.329137, -232.0
1574807572.484293, -232.0
1574807572.64876, -232.0
1574807572.814379, -232.0
1574807572.965585, -232.0
1574807573.119251, -232.0
1574807573.295626, -232.0
1574807573.455481, -232.0
1574807573.601558, -232.0
1574807573.768597, -232.0
1574807573.917086, -232.0
1574807574.074761, -232.0
1574807574.07926, -232.0
1574807574.392871, -232.0
1574807574.70844, -232.0
1574807574.99511, -232.0
1574807575.235257, -232.0
1574807575.239708, -232.0
1574807575.244404, -232.0
1574807575.249038, -232.0
1574807575.253412, -232.0
1574807538.192739, -232.0
1574807538.360584, -232.0
1574807538.54915, -232.0
1574807538.724036, -232.0
1574807538.913999, -232.0
1574807539.145753, -232.0
1574807539.313816, -232.0
1574807539.490115, -232.0
1574807539.637085, -232.0
1574807539.796165, -232.0
1574807539.950566, -232.0
1574807540.121628, -232.0
1574807540.270664, -232.0
1574807540.428079, -232.0
1574807540.580033, -232.0
1574807540.741062, -232.0
1574807540.981918, -232.0
1574807540.986342, -232.0
1574807540.990708, -232.0
1574807540.995277, -232.0
1574807540.999623, -232.0
1574807541.003938, -232.0
1574807541.00843, -232.0
1574807541.012765, -232.0
1574807541.017115, -232.0
1574807541.021406, -232.0
1574807541.02572, -232.0
1574807541.030043, -232.0
1574807541.03436, -232.0
1574807541.038945, -232.0
1574807541.043263, -232.0
1574807541.047934, -232.0
1574807541.365476, -232.0
1574807541.683965, -232.0
1574807541.91018, -232.0
1574807542.095013, -232.0
1574807542.272372, -232.0
1574807542.442799, -232.0
1574807542.605623, -232.0
1574807542.772851, -232.0
1574807542.941381, -232.0
1574807543.107307, -232.0
1574807543.277887, -232.0
1574807543.449539, -232.0
1574807543.619341, -232.0
1574807543.792974, -232.0
1574807543.979036, -232.0
1574807543.983534, -232.0
1574807543.987996, -232.0
1574807543.992308, -232.0
1574807543.996603, -232.0
1574807544.000921, -232.0
1574807544.005252, -232.0
1574807544.009863, -232.0
1574807544.014202, -232.0
1574807544.01854, -232.0
1574807544.275144, -232.0
1574807544.437763, -232.0
1574807544.594207, -232.0
1574807544.912213, -232.0
1574807544.916659, -232.0
1574807544.920971, -232.0
1574807544.925507, -232.0
1574807544.929848, -232.0
1574807544.934194, -232.0
1574807544.938724, -232.0
1574807544.943049, -232.0
1574807544.947366, -232.0
1574807544.953516, -232.0
1574807544.957889, -232.0
1574807544.962246, -232.0
1574807544.966592, -232.0
1574807544.971168, -232.0
1574807545.262211, -232.0
1574807545.439931, -232.0
1574807545.759908, -232.0
1574807545.764345, -232.0
1574807545.768699, -232.0
1574807545.773022, -232.0
1574807545.777339, -232.0
1574807545.781684, -232.0
1574807545.785984, -232.0
1574807545.790599, -232.0
1574807545.794914, -232.0
1574807545.799264, -232.0
1574807545.803572, -232.0
1574807546.086879, -232.0
1574807546.334399, -232.0
1574807546.599951, -232.0
1574807546.811911, -232.0
1574807546.972579, -232.0
1574807547.141698, -232.0
1574807547.309464, -232.0
1574807547.469334, -232.0
1574807547.635748, -232.0
1574807547.789081, -232.0
1574807547.940007, -232.0
1574807548.089433, -232.0
1574807548.237278, -232.0
1574807548.399432, -232.0
1574807548.550809, -232.0
1574807548.714051, -232.0
1574807548.857061, -232.0
1574807549.025933, -232.0
1574807549.173771, -232.0
1574807549.324474, -232.0
1574807549.469411, -232.0
1574807549.637436, -232.0
1574807549.78752, -232.0
1574807549.951932, -232.0
1574807550.112783, -232.0
1574807550.278432, -232.0
1574807550.424154, -232.0
1574807550.575118, -232.0
1574807550.733929, -232.0
1574807550.893053, -232.0
1574807551.060466, -232.0
1574807551.217703, -232.0
1574807551.389628, -232.0
1574807551.549931, -232.0
1574807551.697037, -232.0
1574807551.844215, -232.0
1574807551.995135, -232.0
1574807552.142288, -232.0
1574807552.282741, -232.0
1574807552.434445, -232.0
1574807552.604462, -232.0
1574807552.759792, -232.0
1574807552.91161, -232.0
1574807553.110621, -232.0
1574807553.115, -232.0
1574807553.119322, -232.0
1574807553.123617, -232.0
1574807553.433423, -232.0
1574807553.437901, -232.0
1574807553.442243, -232.0
1574807553.446857, -232.0
1574807553.451405, -232.0
1574807553.455743, -232.0
1574807553.460086, -232.0
1574807553.464432, -232.0
1574807553.468811, -232.0
1574807553.776458, -232.0
1574807554.101382, -232.0
1574807554.310653, -232.0
1574807554.637093, -232.0
1574807554.641533, -232.0
1574807554.645827, -232.0
1574807554.650345, -232.0
1574807554.954027, -232.0
1574807555.2103, -232.0
1574807555.214695, -232.0
1574807555.219001, -232.0
1574807555.223372, -232.0
1574807555.228007, -232.0
1574807555.232327, -232.0
1574807555.236633, -232.0
1574807555.240938, -232.0
1574807555.245252, -232.0
1574807555.251412, -232.0
1574807555.256015, -232.0
1574807555.260378, -232.0
1574807555.592762, -232.0
1574807555.597202, -232.0
1574807555.921727, -232.0
1574807555.926131, -232.0
1574807556.263498, -232.0
1574807556.548514, -232.0
1574807556.845118, -232.0
1574807557.165069, -232.0
1574807557.486361, -232.0
1574807557.766465, -232.0
1574807557.962874, -232.0
1574807558.127362, -232.0
1574807558.297983, -232.0
1574807558.466681, -232.0
1574807558.637958, -232.0
1574807558.793871, -232.0
1574807558.960351, -232.0
1574807559.11614, -232.0
1574807559.29023, -232.0
1574807559.454155, -232.0
1574807559.625461, -232.0
1574807559.784103, -232.0
1574807559.936577, -232.0
1574807560.237122, -232.0
1574807560.241524, -232.0
1574807560.245883, -232.0
1574807560.250283, -232.0
1574807560.254621, -232.0
1574807560.258908, -232.0
1574807560.263259, -232.0
1574807560.267539, -232.0
1574807560.271817, -232.0
1574807560.276084, -232.0
1574807560.280389, -232.0
1574807560.284684, -232.0
1574807560.288967, -232.0
1574807560.293228, -232.0
1574807560.297545, -232.0
1574807560.301833, -232.0
1574807560.306105, -232.0
1574807560.31071, -232.0
1574807560.315034, -232.0
1574807560.319355, -232.0
1574807560.323639, -232.0
1574807560.329661, -232.0
1574807560.334029, -232.0
1574807560.338362, -232.0
1574807560.342947, -232.0
1574807560.348428, -232.0
1574807560.655966, -232.0
1574807560.949389, -232.0
1574807561.243071, -232.0
1574807561.506368, -232.0
1574807561.683145, -232.0
1574807561.845303, -232.0
1574807562.004905, -232.0
1574807562.167057, -232.0
1574807562.346351, -232.0
1574807562.508151, -232.0
1574807562.675986, -232.0
1574807562.848882, -232.0
1574807563.014506, -232.0
1574807563.19765, -232.0
1574807563.367221, -232.0
1574807563.540296, -232.0
1574807563.706069, -232.0
1574807563.885462, -232.0
1574807564.067772, -232.0
1574807564.242233, -232.0
1574807564.427132, -232.0
1574807564.621348, -232.0
1574807564.806316, -232.0
1574807564.974575, -232.0
1574807565.159496, -232.0
1574807565.449061, -232.0
1574807565.73228, -232.0
1574807565.898067, -232.0
1574807566.069303, -232.0
1574807566.345318, -232.0
1574807566.516888, -232.0
1574807566.69936, -232.0
1574807566.869806, -232.0
1574807567.043749, -232.0
1574807567.224149, -232.0
1574807567.397334, -232.0
1574807567.569918, -232.0
1574807567.730337, -232.0
1574807567.898139, -232.0
1574807541.135126, -232.0
1574807541.450435, -232.0
1574807541.819646, -232.0
1574807541.824105, -232.0
1574807541.829319, -232.0
1574807541.833529, -232.0
1574807541.837658, -232.0
1574807541.842051, -232.0
1574807541.846853, -232.0
1574807542.473933, -232.0
1574807542.846123, -232.0
1574807543.003527, -232.0
1574807543.15863, -232.0
1574807543.306795, -232.0
1574807543.499487, -232.0
1574807543.504141, -232.0
1574807543.508485, -232.0
1574807543.513341, -232.0
1574807543.517659, -232.0
1574807543.521962, -232.0
1574807543.52623, -232.0
1574807543.531082, -232.0
1574807543.535702, -232.0
1574807543.540044, -232.0
1574807543.86694, -232.0
1574807544.170496, -232.0
1574807544.517116, -232.0
1574807544.812876, -232.0
1574807545.046725, -232.0
1574807545.247493, -232.0
1574807545.431775, -232.0
1574807545.591384, -232.0
1574807545.746323, -232.0
1574807545.92142, -232.0
1574807546.095738, -232.0
1574807546.274937, -232.0
1574807546.437673, -232.0
1574807546.605472, -232.0
1574807546.767504, -232.0
1574807546.936082, -232.0
1574807547.109476, -232.0
1574807547.28915, -232.0
1574807547.596887, -232.0
1574807547.916484, -232.0
1574807548.219661, -232.0
1574807548.519987, -232.0
1574807548.828913, -232.0
1574807549.163973, -232.0
1574807549.470806, -232.0
1574807549.801507, -232.0
1574807550.124813, -232.0
1574807550.463619, -232.0
1574807550.754118, -232.0
1574807550.927854, -232.0
1574807551.090465, -232.0
1574807551.345665, -232.0
1574807551.509749, -232.0
1574807551.675998, -232.0
1574807551.834286, -232.0
1574807551.997506, -232.0
1574807552.160709, -232.0
1574807552.165709, -232.0
1574807552.170739, -232.0
1574807552.175083, -232.0
1574807552.179928, -232.0
1574807552.417049, -232.0
1574807552.583235, -232.0
1574807552.740483, -232.0
1574807552.910414, -232.0
1574807553.069047, -232.0
1574807553.238276, -232.0
1574807553.390295, -232.0
1574807553.556245, -232.0
1574807553.709483, -232.0
1574807553.871919, -232.0
1574807554.031577, -232.0
1574807554.203204, -232.0
1574807554.368687, -232.0
1574807554.532993, -232.0
1574807554.695101, -232.0
1574807554.869391, -232.0
1574807555.199069, -232.0
1574807555.35101, -232.0
1574807555.52108, -232.0
1574807555.741772, -232.0
1574807555.74643, -232.0
1574807555.750855, -232.0
1574807555.968215, -232.0
1574807556.129862, -232.0
1574807556.286524, -232.0
1574807556.439307, -232.0
1574807556.71534, -232.0
1574807556.89158, -232.0
1574807557.076355, -232.0
1574807557.239135, -232.0
1574807557.487046, -232.0
1574807557.641389, -232.0
1574807557.80065, -232.0
1574807557.968014, -232.0
1574807558.125174, -232.0
1574807558.287826, -232.0
1574807558.45486, -232.0
1574807558.612032, -232.0
1574807558.767679, -232.0
1574807558.906777, -232.0
1574807559.086015, -232.0
1574807559.248614, -232.0
1574807559.416584, -232.0
1574807559.57464, -232.0
1574807559.74457, -232.0
1574807559.909062, -232.0
1574807560.069073, -232.0
1574807560.225884, -232.0
1574807560.394703, -232.0
1574807560.563431, -232.0
1574807560.729809, -232.0
1574807560.898217, -232.0
1574807561.062035, -232.0
1574807561.210254, -232.0
1574807561.358565, -232.0
1574807561.512284, -232.0
1574807561.668267, -232.0
1574807561.819326, -232.0
1574807561.983114, -232.0
1574807562.141828, -232.0
1574807562.323239, -232.0
1574807562.632372, -232.0
1574807562.789955, -232.0
1574807562.959529, -232.0
1574807563.13093, -232.0
1574807563.304459, -232.0
1574807563.482011, -232.0
1574807563.660303, -232.0
1574807563.824098, -232.0
1574807564.005559, -232.0
1574807564.192459, -232.0
1574807564.361502, -232.0
1574807564.541511, -232.0
1574807564.705905, -232.0
1574807564.887122, -232.0
1574807565.052332, -232.0
1574807565.234707, -232.0
1574807565.406378, -232.0
1574807565.578494, -232.0
1574807565.729242, -232.0
1574807565.89461, -232.0
1574807566.080865, -232.0
1574807566.265217, -232.0
1574807566.437755, -232.0
1574807566.631072, -232.0
1574807566.877653, -232.0
1574807566.882293, -232.0
1574807567.178416, -232.0
1574807567.33581, -232.0
1574807567.3402, -232.0
1574807567.344621, -232.0
1574807567.348959, -232.0
1574807567.681793, -232.0
1574807567.68619, -232.0
1574807567.690714, -232.0
1574807567.695132, -232.0
1574807567.699457, -232.0
1574807567.703741, -232.0
1574807567.951586, -232.0
1574807567.955936, -232.0
1574807567.960859, -232.0
1574807568.280506, -232.0
1574807568.600364, -232.0
1574807568.936332, -232.0
1574807569.243505, -232.0
1574807569.571695, -232.0
1574807569.85033, -232.0
1574807570.051365, -232.0
1574807570.235513, -232.0
1574807570.403202, -232.0
1574807570.564097, -232.0
1574807570.72338, -232.0
1574807570.887931, -232.0
1574807571.047073, -232.0
1574807571.288057, -232.0
1574807571.445383, -232.0
1574807571.659457, -232.0
1574807571.664161, -232.0
1574807571.668506, -232.0
1574807571.970952, -232.0
1574807572.190589, -232.0
1574807572.487936, -232.0
1574807572.75796, -232.0
1574807572.964942, -232.0
1574807573.131482, -232.0
1574807573.429399, -232.0
1574807573.753179, -232.0
1574807573.932207, -232.0
1574807574.095771, -232.0
1574807574.254803, -232.0
1574807574.413301, -232.0
1574807574.582042, -232.0
1574807574.736903, -232.0
1574807574.905071, -232.0
1574807575.06636, -232.0
1574807575.361504, -232.0
1574807575.540415, -232.0
1574807575.705394, -232.0
1574807575.854745, -232.0
1574807576.018679, -232.0
1574807576.310195, -232.0
1574807576.314625, -232.0
1574807576.318943, -232.0
1574807576.323647, -232.0
1574807576.328097, -232.0
1574807576.332425, -232.0
1574807576.336694, -232.0
1574807576.341204, -232.0
1574807576.3456, -232.0
1574807576.351761, -232.0
1574807576.356091, -232.0
1574807576.360511, -232.0
1574807576.683429, -232.0
1574807577.022786, -232.0
1574807577.356756, -232.0
1574807577.674727, -232.0
1574807577.933152, -232.0
1574807578.256556, -232.0
1574807578.561185, -232.0
1574807578.861129, -232.0
1574807579.168293, -232.0
1574807579.17261, -232.0
1574807579.176948, -232.0
1574807579.181552, -232.0
1574807579.185854, -232.0
1574807579.190121, -232.0
1574807579.363681, -232.0
1574807579.52701, -232.0
1574807579.681437, -232.0
1574807579.916154, -232.0
1574807580.233948, -232.0
1574807580.238299, -232.0
1574807580.242595, -232.0
1574807580.561988, -232.0
1574807580.866751, -232.0
1574807580.871183, -232.0
1574807580.875503, -232.0
1574807580.880296, -232.0
1574807581.196796, -232.0
1574807581.201208, -232.0
1574807581.521233, -232.0
1574807581.525615, -232.0
1574807581.53065, -232.0
1574807581.534988, -232.0
1574807581.539293, -232.0
1574807567.90709, -232.0
1574807567.912105, -232.0
1574807567.916501, -232.0
1574807567.920835, -232.0
1574807567.925367, -232.0
1574807567.930052, -232.0
1574807567.934411, -232.0
1574807567.938722, -232.0
1574807567.943068, -232.0
1574807567.947768, -232.0
1574807567.953817, -232.0
1574807567.958506, -232.0
1574807567.963267, -232.0
1574807568.308178, -232.0
1574807568.313006, -232.0
1574807568.499012, -232.0
1574807568.786149, -232.0
1574807569.101983, -232.0
1574807569.406908, -232.0
1574807569.720354, -232.0
1574807570.030861, -232.0
1574807570.346492, -232.0
1574807570.658104, -232.0
1574807570.827442, -232.0
1574807570.98594, -232.0
1574807571.153682, -232.0
1574807571.318913, -232.0
1574807571.484491, -232.0
1574807571.637507, -232.0
1574807571.80114, -232.0
1574807571.980052, -232.0
1574807572.144988, -232.0
1574807572.149821, -232.0
1574807572.154204, -232.0
1574807572.158535, -232.0
1574807572.163219, -232.0
1574807572.16781, -232.0
1574807572.172146, -232.0
1574807572.486051, -232.0
1574807572.788755, -232.0
1574807573.016422, -232.0
1574807573.2334, -232.0
1574807573.406162, -232.0
1574807573.575877, -232.0
1574807573.751018, -232.0
1574807573.92167, -232.0
1574807574.098504, -232.0
1574807574.260849, -232.0
1574807574.426716, -232.0
1574807574.5755, -232.0
1574807574.738158, -232.0
1574807574.915476, -232.0
1574807575.071174, -232.0
1574807575.237291, -232.0
1574807575.412118, -232.0
1574807575.594673, -232.0
1574807575.764405, -232.0
1574807575.928322, -232.0
1574807576.085801, -232.0
1574807576.240453, -232.0
1574807576.402273, -232.0
1574807576.558564, -232.0
1574807576.712648, -232.0
1574807576.879503, -232.0
1574807577.21754, -232.0
1574807577.381655, -232.0
1574807577.532305, -232.0
1574807577.681198, -232.0
1574807577.856189, -232.0
1574807577.99943, -232.0
1574807578.154102, -232.0
1574807578.315583, -232.0
1574807578.481063, -232.0
1574807578.63392, -232.0
1574807578.789046, -232.0
1574807578.945797, -232.0
1574807579.118007, -232.0
1574807579.40879, -232.0
1574807579.413297, -232.0
1574807579.417634, -232.0
1574807579.422193, -232.0
1574807579.426508, -232.0
1574807579.430866, -232.0
1574807579.72998, -232.0
1574807579.961971, -232.0
1574807580.116896, -232.0
1574807580.270173, -232.0
1574807580.442672, -232.0
1574807580.593166, -232.0
1574807580.738611, -232.0
1574807580.889914, -232.0
1574807581.050788, -232.0
1574807581.200882, -232.0
1574807581.352837, -232.0
1574807581.515521, -232.0
1574807581.667192, -232.0
1574807581.822779, -232.0
1574807581.977221, -232.0
1574807582.133624, -232.0
1574807582.280902, -232.0
1574807582.443424, -232.0
1574807582.59017, -232.0
1574807582.746829, -232.0
1574807582.890047, -232.0
1574807583.037476, -232.0
1574807583.190598, -232.0
1574807583.346861, -232.0
1574807583.505575, -232.0
1574807583.65676, -232.0
1574807583.811905, -232.0
1574807583.973169, -232.0
1574807584.122119, -232.0
1574807584.269283, -232.0
1574807584.408906, -232.0
1574807584.553783, -232.0
1574807584.710962, -232.0
1574807584.875582, -232.0
1574807585.032477, -232.0
1574807585.182866, -232.0
1574807585.331042, -232.0
1574807585.472037, -232.0
1574807585.619441, -232.0
1574807585.774164, -232.0
1574807585.930458, -232.0
1574807586.078012, -232.0
1574807586.229083, -232.0
1574807586.377648, -232.0
1574807586.535879, -232.0
1574807586.685358, -232.0
1574807586.831983, -232.0
1574807586.989474, -232.0
1574807587.134995, -232.0
1574807587.287237, -232.0
1574807587.436851, -232.0
1574807587.595228, -232.0
1574807587.761026, -232.0
1574807588.073837, -232.0
1574807588.27545, -232.0
1574807588.546417, -232.0
1574807588.854992, -232.0
1574807589.136491, -232.0
1574807589.30935, -232.0
1574807589.463993, -232.0
1574807589.66055, -232.0
1574807589.942121, -232.0
1574807590.102091, -232.0
1574807590.253361, -232.0
1574807590.39549, -232.0
1574807590.548559, -232.0
1574807590.698008, -232.0
1574807590.859656, -232.0
1574807591.015781, -232.0
1574807591.173444, -232.0
1574807591.321962, -232.0
1574807591.463812, -232.0
1574807591.620491, -232.0
1574807591.772165, -232.0
1574807591.936193, -232.0
1574807592.088691, -232.0
1574807592.24777, -232.0
1574807592.405055, -232.0
1574807592.538295, -232.0
1574807592.712712, -232.0
1574807592.856857, -232.0
1574807593.016135, -232.0
1574807593.16195, -232.0
1574807593.314256, -232.0
1574807593.461066, -232.0
1574807593.599221, -232.0
1574807593.740406, -232.0
1574807593.895526, -232.0
1574807594.046728, -232.0
1574807594.201098, -232.0
1574807594.347521, -232.0
1574807594.497817, -232.0
1574807594.666173, -232.0
1574807594.810943, -232.0
1574807594.968667, -232.0
1574807595.120554, -232.0
1574807595.270997, -232.0
1574807595.421682, -232.0
1574807595.583881, -232.0
1574807595.747531, -232.0
1574807595.906322, -232.0
1574807596.057968, -232.0
1574807596.215403, -232.0
1574807596.369821, -232.0
1574807596.532657, -232.0
1574807596.678944, -232.0
1574807596.8325, -232.0
1574807596.998588, -232.0
1574807597.154581, -232.0
1574807597.306262, -232.0
1574807597.459211, -232.0
1574807597.70666, -232.0
1574807597.897311, -232.0
1574807598.057488, -232.0
1574807598.211417, -232.0
1574807598.35364, -232.0
1574807598.502928, -232.0
1574807598.658495, -232.0
1574807598.819989, -232.0
1574807598.976761, -232.0
1574807599.12978, -232.0
1574807599.283214, -232.0
1574807599.43144, -232.0
1574807599.587112, -232.0
1574807599.738781, -232.0
1574807599.897313, -232.0
1574807600.058164, -232.0
1574807600.194556, -232.0
1574807600.353214, -232.0
1574807600.580388, -232.0
1574807600.728393, -232.0
1574807600.883066, -232.0
1574807601.16223, -232.0
1574807601.38123, -232.0
1574807601.566633, -232.0
1574807601.712316, -232.0
1574807601.873459, -232.0
1574807602.025183, -232.0
1574807602.182044, -232.0
1574807602.342511, -232.0
1574807602.554994, -232.0
1574807602.707187, -232.0
1574807602.860105, -232.0
1574807603.020755, -232.0
1574807603.179364, -232.0
1574807603.324349, -232.0
1574807603.47089, -232.0
1574807603.627524, -232.0
1574807603.784992, -232.0
1574807603.944744, -232.0
1574807604.102363, -232.0
1574807604.261671, -232.0
1574807604.475899, -232.0
1574807604.676546, -232.0
1574807604.83312, -232.0
1574807604.992987, -232.0
1574807605.158914, -232.0
1574807605.310402, -232.0
1574807605.467315, -232.0
1574807605.628148, -232.0
1574807605.77325, -232.0
1574807605.919103, -232.0
1574807606.084362, -232.0
1574807606.235043, -232.0
1574807606.382474, -232.0
1574807606.528307, -232.0
1574807606.687245, -232.0
1574807575.393811, -232.0
1574807575.398232, -232.0
1574807575.402838, -232.0
1574807575.407275, -232.0
1574807575.411954, -232.0
1574807575.416453, -232.0
1574807575.421242, -232.0
1574807575.425649, -232.0
1574807575.430379, -232.0
1574807575.434898, -232.0
1574807575.439412, -232.0
1574807575.789815, -232.0
1574807576.088199, -232.0
1574807576.40786, -232.0
1574807576.412385, -232.0
1574807576.706221, -232.0
1574807576.876356, -232.0
1574807577.126706, -232.0
1574807577.45614, -232.0
1574807577.766556, -232.0
1574807578.05612, -232.0
1574807578.371081, -232.0
1574807578.71144, -232.0
1574807579.024698, -232.0
1574807579.321847, -232.0
1574807579.610358, -232.0
1574807579.770203, -232.0
1574807579.92111, -232.0
1574807580.079797, -232.0
1574807580.245546, -232.0
1574807580.472769, -232.0
1574807580.74845, -232.0
1574807581.029341, -232.0
1574807581.257974, -232.0
1574807581.420059, -232.0
1574807581.568729, -232.0
1574807581.739627, -232.0
1574807581.908001, -232.0
1574807582.043053, -232.0
1574807582.205004, -232.0
1574807582.359453, -232.0
1574807582.526088, -232.0
1574807582.676105, -232.0
1574807582.825721, -232.0
1574807582.988978, -232.0
1574807583.140008, -232.0
1574807583.294548, -232.0
1574807583.435558, -232.0
1574807583.591085, -232.0
1574807583.900556, -232.0
1574807583.90507, -232.0
1574807583.909486, -232.0
1574807583.9139, -232.0
1574807583.918306, -232.0
1574807583.92269, -232.0
1574807583.927066, -232.0
1574807583.931468, -232.0
1574807583.935832, -232.0
1574807583.940221, -232.0
1574807583.944548, -232.0
1574807583.948815, -232.0
1574807583.953049, -232.0
1574807583.957356, -232.0
1574807584.245191, -232.0
1574807584.249551, -232.0
1574807584.253811, -232.0
1574807584.258061, -232.0
1574807584.262315, -232.0
1574807584.266602, -232.0
1574807584.270835, -232.0
1574807584.568861, -232.0
1574807584.748129, -232.0
1574807584.916525, -232.0
1574807585.081574, -232.0
1574807585.239366, -232.0
1574807585.389502, -232.0
1574807585.68059, -232.0
1574807585.684931, -232.0
1574807585.689187, -232.0
1574807585.693417, -232.0
1574807585.697673, -232.0
1574807585.967462, -232.0
1574807586.119395, -232.0
1574807586.28517, -232.0
1574807586.443288, -232.0
1574807586.606607, -232.0
1574807586.844715, -232.0
1574807587.131993, -232.0
1574807587.436349, -232.0
1574807587.672347, -232.0
1574807587.946062, -232.0
1574807588.237751, -232.0
1574807588.520509, -232.0
1574807588.817633, -232.0
1574807588.950383, -232.0
1574807588.954732, -232.0
1574807588.958974, -232.0
1574807588.963208, -232.0
1574807588.967446, -232.0
1574807589.24261, -232.0
1574807589.471631, -232.0
1574807589.62082, -232.0
1574807589.625156, -232.0
1574807589.629402, -232.0
1574807589.633637, -232.0
1574807589.637852, -232.0
1574807589.642095, -232.0
1574807589.646342, -232.0
1574807589.944688, -232.0
1574807590.240495, -232.0
1574807590.539197, -232.0
1574807590.543532, -232.0
1574807590.547806, -232.0
1574807590.552049, -232.0
1574807590.556369, -232.0
1574807590.560629, -232.0
1574807590.812841, -232.0
1574807590.976031, -232.0
1574807591.15843, -232.0
1574807591.316777, -232.0
1574807591.46905, -232.0
1574807591.630328, -232.0
1574807591.792744, -232.0
1574807591.948856, -232.0
1574807592.103527, -232.0
1574807592.260296, -232.0
1574807592.402409, -232.0
1574807592.559633, -232.0
1574807592.700753, -232.0
1574807592.866322, -232.0
1574807593.027622, -232.0
1574807593.200524, -232.0
1574807593.359578, -232.0
1574807593.522888, -232.0
1574807593.676055, -232.0
1574807593.823311, -232.0
1574807593.978195, -232.0
1574807594.139617, -232.0
1574807594.2864, -232.0
1574807594.438075, -232.0
1574807594.612322, -232.0
1574807594.772854, -232.0
1574807594.930313, -232.0
1574807595.078052, -232.0
1574807595.233408, -232.0
1574807595.391245, -232.0
1574807595.542363, -232.0
1574807595.701909, -232.0
1574807595.855305, -232.0
1574807595.999521, -232.0
1574807596.156757, -232.0
1574807596.31007, -232.0
1574807596.561894, -232.0
1574807596.826647, -232.0
1574807596.831033, -232.0
1574807597.126107, -232.0
1574807597.418835, -232.0
1574807597.423211, -232.0
1574807597.722412, -232.0
1574807598.038683, -232.0
1574807598.043047, -232.0
1574807598.047345, -232.0
1574807598.29669, -232.0
1574807598.58828, -232.0
1574807598.893484, -232.0
1574807599.204957, -232.0
1574807599.50882, -232.0
1574807599.513158, -232.0
1574807599.517431, -232.0
1574807599.52167, -232.0
1574807599.525894, -232.0
1574807599.53013, -232.0
1574807599.534363, -232.0
1574807599.538596, -232.0
1574807599.542807, -232.0
1574807599.547049, -232.0
1574807599.551356, -232.0
1574807599.555613, -232.0
1574807599.842605, -232.0
1574807599.846988, -232.0
1574807599.851255, -232.0
1574807600.166296, -232.0
1574807600.170626, -232.0
1574807600.477841, -232.0
1574807600.781841, -232.0
1574807601.065586, -232.0
1574807601.360961, -232.0
1574807601.365331, -232.0
1574807601.369551, -232.0
1574807601.373809, -232.0
1574807601.37804, -232.0
1574807601.382254, -232.0
1574807601.670861, -232.0
1574807601.984015, -232.0
1574807602.262673, -232.0
1574807602.5716, -232.0
1574807602.843641, -232.0
1574807602.848105, -232.0
1574807602.852509, -232.0
1574807602.856889, -232.0
1574807602.861256, -232.0
1574807602.865607, -232.0
1574807602.87068, -232.0
1574807602.875103, -232.0
1574807602.879504, -232.0
1574807602.883973, -232.0
1574807603.118259, -232.0
1574807603.448214, -232.0
1574807603.452634, -232.0
1574807603.456897, -232.0
1574807603.461175, -232.0
1574807603.748343, -232.0
1574807603.926747, -232.0
1574807604.238476, -232.0
1574807604.530368, -232.0
1574807604.841119, -232.0
1574807604.845416, -232.0
1574807605.126949, -232.0
1574807605.445545, -232.0
1574807605.449895, -232.0
1574807605.454143, -232.0
1574807605.458424, -232.0
1574807605.462695, -232.0
1574807605.466969, -232.0
1574807605.471246, -232.0
1574807605.787009, -232.0
1574807605.791323, -232.0
1574807605.795562, -232.0
1574807605.799836, -232.0
1574807605.80409, -232.0
1574807605.808346, -232.0
1574807605.81259, -232.0
1574807605.816866, -232.0
1574807605.821092, -232.0
1574807605.825331, -232.0
1574807605.829558, -232.0
1574807605.833795, -232.0
1574807605.838012, -232.0
1574807605.842236, -232.0
1574807605.846458, -232.0
1574807606.147229, -232.0
1574807606.463097, -232.0
1574807606.754415, -232.0
1574807606.758759, -232.0
1574807607.058566, -232.0
1574807607.364071, -232.0
1574807607.660813, -232.0
1574807607.665194, -232.0
1574807607.989759, -232.0
1574807607.994104, -232.0
1574807575.421167, -232.0
1574807575.585693, -232.0
1574807575.744185, -232.0
1574807575.89076, -232.0
1574807576.055011, -232.0
1574807576.209135, -232.0
1574807576.426195, -232.0
1574807576.656957, -232.0
1574807577.007421, -232.0
1574807577.214501, -232.0
1574807577.44923, -232.0
1574807577.453704, -232.0
1574807577.45806, -232.0
1574807577.462778, -232.0
1574807577.467155, -232.0
1574807577.471492, -232.0
1574807577.476036, -232.0
1574807577.480509, -232.0
1574807577.484865, -232.0
1574807577.48917, -232.0
1574807577.493614, -232.0
1574807577.498046, -232.0
1574807577.502387, -232.0
1574807577.506979, -232.0
1574807577.511423, -232.0
1574807577.515799, -232.0
1574807577.520124, -232.0
1574807577.524435, -232.0
1574807577.528852, -232.0
1574807577.811039, -232.0
1574807578.01334, -232.0
1574807578.162727, -232.0
1574807578.322461, -232.0
1574807578.499638, -232.0
1574807578.644541, -232.0
1574807578.800569, -232.0
1574807579.103424, -232.0
1574807579.107841, -232.0
1574807579.112326, -232.0
1574807579.117044, -232.0
1574807579.121384, -232.0
1574807579.415954, -232.0
1574807579.65611, -232.0
1574807579.824372, -232.0
1574807579.97738, -232.0
1574807580.127846, -232.0
1574807580.283155, -232.0
1574807580.447347, -232.0
1574807580.612245, -232.0
1574807580.788404, -232.0
1574807580.945007, -232.0
1574807581.109002, -232.0
1574807581.252532, -232.0
1574807581.40629, -232.0
1574807581.570342, -232.0
1574807581.739763, -232.0
1574807581.913051, -232.0
1574807581.917415, -232.0
1574807581.921697, -232.0
1574807581.925983, -232.0
1574807581.930256, -232.0
1574807581.934543, -232.0
1574807581.938807, -232.0
1574807581.943081, -232.0
1574807581.947459, -232.0
1574807582.219461, -232.0
1574807582.366786, -232.0
1574807582.522652, -232.0
1574807582.675001, -232.0
1574807582.809792, -232.0
1574807582.96083, -232.0
1574807583.10783, -232.0
1574807583.25868, -232.0
1574807583.397904, -232.0
1574807583.558431, -232.0
1574807583.721017, -232.0
1574807583.875031, -232.0
1574807584.062765, -232.0
1574807584.067116, -232.0
1574807584.07135, -232.0
1574807584.075622, -232.0
1574807584.079886, -232.0
1574807584.084191, -232.0
1574807584.088477, -232.0
1574807584.092709, -232.0
1574807584.096948, -232.0
1574807584.397722, -232.0
1574807584.56748, -232.0
1574807584.71258, -232.0
1574807584.869734, -232.0
1574807585.022829, -232.0
1574807585.17141, -232.0
1574807585.353044, -232.0
1574807585.357461, -232.0
1574807585.361756, -232.0
1574807585.366095, -232.0
1574807585.370363, -232.0
1574807585.374624, -232.0
1574807585.378844, -232.0
1574807585.674555, -232.0
1574807585.835962, -232.0
1574807586.060627, -232.0
1574807586.343633, -232.0
1574807586.65933, -232.0
1574807586.949171, -232.0
1574807587.263701, -232.0
1574807587.522089, -232.0
1574807587.818596, -232.0
1574807588.115614, -232.0
1574807588.119963, -232.0
1574807588.420403, -232.0
1574807588.424755, -232.0
1574807588.721155, -232.0
1574807589.019953, -232.0
1574807589.263915, -232.0
1574807589.450644, -232.0
1574807589.605018, -232.0
1574807589.751432, -232.0
1574807589.755825, -232.0
1574807589.760131, -232.0
1574807589.764433, -232.0
1574807589.768722, -232.0
1574807589.772955, -232.0
1574807590.075439, -232.0
1574807590.336052, -232.0
1574807590.52718, -232.0
1574807590.777938, -232.0
1574807591.067817, -232.0
1574807591.216584, -232.0
1574807591.351543, -232.0
1574807591.505061, -232.0
1574807591.755222, -232.0
1574807592.06882, -232.0
1574807592.073196, -232.0
1574807592.389495, -232.0
1574807592.393874, -232.0
1574807592.39819, -232.0
1574807592.402432, -232.0
1574807592.406698, -232.0
1574807592.680876, -232.0
1574807592.852403, -232.0
1574807593.005778, -232.0
1574807593.164239, -232.0
1574807593.313803, -232.0
1574807593.481643, -232.0
1574807593.637385, -232.0
1574807593.784556, -232.0
1574807593.952088, -232.0
1574807594.103922, -232.0
1574807594.252374, -232.0
1574807594.39855, -232.0
1574807594.551883, -232.0
1574807594.712173, -232.0
1574807594.863066, -232.0
1574807595.008416, -232.0
1574807595.162826, -232.0
1574807595.300889, -232.0
1574807595.449467, -232.0
1574807595.610749, -232.0
1574807595.754751, -232.0
1574807595.900391, -232.0
1574807596.07097, -232.0
1574807596.225901, -232.0
1574807596.387636, -232.0
1574807596.53804, -232.0
1574807596.691366, -232.0
1574807596.848474, -232.0
1574807597.065563, -232.0
1574807597.357521, -232.0
1574807597.609995, -232.0
1574807597.761524, -232.0
1574807597.905007, -232.0
1574807598.051629, -232.0
1574807598.197926, -232.0
1574807598.358151, -232.0
1574807598.518127, -232.0
1574807598.824593, -232.0
1574807599.127372, -232.0
1574807599.390492, -232.0
1574807599.592158, -232.0
1574807599.872135, -232.0
1574807600.184025, -232.0
1574807600.188395, -232.0
1574807600.480413, -232.0
1574807600.48472, -232.0
1574807600.489017, -232.0
1574807600.493242, -232.0
1574807600.497495, -232.0
1574807600.501791, -232.0
1574807600.506032, -232.0
1574807600.510289, -232.0
1574807600.814239, -232.0
1574807601.118493, -232.0
1574807601.122848, -232.0
1574807601.127097, -232.0
1574807601.13138, -232.0
1574807601.135629, -232.0
1574807601.139866, -232.0
1574807601.144133, -232.0
1574807601.148502, -232.0
1574807601.152853, -232.0
1574807601.157183, -232.0
1574807601.161513, -232.0
1574807601.16582, -232.0
1574807601.467538, -232.0
1574807601.617128, -232.0
1574807601.811392, -232.0
1574807602.066917, -232.0
1574807602.071421, -232.0
1574807602.076644, -232.0
1574807602.415457, -232.0
1574807602.748371, -232.0
1574807603.02772, -232.0
1574807603.33585, -232.0
1574807603.340183, -232.0
1574807603.637042, -232.0
1574807603.906887, -232.0
1574807604.168944, -232.0
1574807604.459605, -232.0
1574807604.711219, -232.0
1574807604.925263, -232.0
1574807605.137717, -232.0
1574807605.343075, -232.0
1574807605.506587, -232.0
1574807605.677833, -232.0
1574807605.832706, -232.0
1574807605.979618, -232.0
1574807606.133842, -232.0
1574807606.295813, -232.0
1574807606.439107, -232.0
1574807606.745527, -232.0
1574807607.042743, -232.0
1574807607.04717, -232.0
1574807607.351395, -232.0
1574807607.355743, -232.0
1574807607.359981, -232.0
1574807607.673624, -232.0
1574807607.960476, -232.0
1574807608.272598, -232.0
1574807608.555143, -232.0
1574807608.559508, -232.0
1574807608.885111, -232.0
1574807609.169257, -232.0
1574807609.466388, -232.0
1574807609.704826, -232.0
1574807609.948151, -232.0
1574807610.121012, -232.0
1574807610.274711, -232.0
1574807610.439145, -232.0
1574807610.607336, -232.0
