1574807849.680874, -248.0
1574807849.70018, -248.0
1574807849.716271, -234.0
1574807849.732197, -234.0
1574807849.750014, -234.0
1574807849.765749, -234.0
1574807849.781726, -234.0
1574807849.797374, -234.0
1574807849.813519, -234.0
1574807849.829356, -234.0
1574807849.847194, -234.0
1574807849.86296, -234.0
1574807849.878971, -234.0
1574807849.894615, -234.0
1574807849.910557, -234.0
1574807849.929914, -234.0
1574807849.952593, -234.0
1574807849.968708, -234.0
1574807849.984504, -234.0
1574807850.00028, -234.0
1574807850.016107, -234.0
1574807850.031846, -234.0
1574807850.048452, -234.0
1574807850.064185, -234.0
1574807850.079831, -234.0
1574807850.095728, -234.0
1574807850.111375, -234.0
1574807850.127362, -234.0
1574807850.142515, -234.0
1574807850.158895, -234.0
1574807850.174603, -234.0
1574807850.190764, -234.0
1574807850.20646, -234.0
1574807850.222498, -234.0
1574807850.238132, -234.0
1574807850.254647, -234.0
1574807850.270723, -234.0
1574807850.620708, -234.0
1574807851.614984, -227.0
1574807852.588779, -227.0
1574807853.87007, -227.0
1574807855.168565, -226.0
1574807856.408232, -224.0
1574807857.627838, -224.0
1574807858.680705, -224.0
1574807859.760305, -224.0
1574807861.080804, -224.0
1574807862.069016, -224.0
1574807863.347782, -224.0
1574807864.386144, -221.0
1574807849.681117, -248.0
1574807849.69973, -248.0
1574807849.714911, -234.0
1574807849.729929, -234.0
1574807849.745058, -234.0
1574807849.760322, -234.0
1574807849.775329, -234.0
1574807849.790378, -234.0
1574807849.805525, -234.0
1574807849.820579, -234.0
1574807849.835728, -234.0
1574807849.850827, -234.0
1574807849.865931, -234.0
1574807849.880944, -234.0
1574807849.895894, -234.0
1574807849.910958, -234.0
1574807849.925991, -234.0
1574807849.941252, -234.0
1574807849.956569, -234.0
1574807849.97172, -234.0
1574807849.986892, -234.0
1574807850.002432, -234.0
1574807850.017435, -234.0
1574807850.032879, -234.0
1574807850.048118, -234.0
1574807850.063219, -234.0
1574807850.078473, -234.0
1574807850.093411, -234.0
1574807850.108456, -234.0
1574807850.123316, -234.0
1574807850.138392, -234.0
1574807850.153668, -234.0
1574807850.168718, -234.0
1574807850.183842, -234.0
1574807850.198777, -234.0
1574807850.213931, -234.0
1574807850.229028, -234.0
1574807851.422298, -230.0
1574807852.618796, -227.0
1574807853.741086, -227.0
1574807854.925294, -226.0
1574807855.90957, -226.0
1574807857.056117, -224.0
1574807858.248353, -224.0
1574807859.399928, -224.0
1574807860.407527, -224.0
1574807861.451394, -224.0
1574807862.399562, -224.0
1574807863.448097, -224.0
1574807864.683814, -221.0
1574807849.713475, -234.0
1574807849.743539, -234.0
1574807849.773162, -234.0
1574807849.802806, -234.0
1574807849.832469, -234.0
1574807849.862025, -234.0
1574807849.891795, -234.0
1574807849.921421, -234.0
1574807849.951439, -234.0
1574807849.981146, -234.0
1574807850.010938, -234.0
1574807850.040641, -234.0
1574807850.071374, -234.0
1574807850.100928, -234.0
1574807850.130524, -234.0
1574807850.160239, -234.0
1574807850.189748, -234.0
1574807850.219255, -234.0
1574807850.248952, -234.0
1574807850.278735, -234.0
1574807850.622543, -234.0
1574807850.652478, -232.0
1574807850.98139, -232.0
1574807851.299603, -232.0
1574807852.499739, -227.0
1574807854.69027, -226.0
1574807856.247876, -226.0
1574807857.618666, -224.0
1574807858.962299, -224.0
1574807860.213177, -224.0
1574807861.428086, -224.0
1574807862.637301, -224.0
1574807863.884556, -221.0
1574807865.341402, -221.0
1574807866.692903, -221.0
1574807867.951565, -221.0
1574807869.199887, -221.0
1574807870.632705, -221.0
1574807871.988834, -221.0
1574807873.254393, -221.0
1574807874.535422, -221.0
1574807876.077636, -221.0
1574807877.422756, -221.0
1574807878.767219, -219.0
1574807880.398227, -219.0
1574807882.066863, -219.0
1574807883.593675, -219.0
1574807885.153914, -219.0
1574807886.703545, -219.0
1574807888.398646, -219.0
1574807849.685603, -248.0
1574807849.703512, -248.0
1574807849.718678, -234.0
1574807849.733782, -234.0
1574807849.749543, -234.0
1574807849.764571, -234.0
1574807849.779717, -234.0
1574807849.794866, -234.0
1574807849.810075, -234.0
1574807849.825146, -234.0
1574807849.84016, -234.0
1574807849.85588, -234.0
1574807849.871086, -234.0
1574807849.886123, -234.0
1574807849.901213, -234.0
1574807849.916248, -234.0
1574807849.931802, -234.0
1574807849.949714, -234.0
1574807849.967152, -234.0
1574807849.983052, -234.0
1574807849.998311, -234.0
1574807850.013397, -234.0
1574807850.028495, -234.0
1574807850.043593, -234.0
1574807850.061877, -234.0
1574807850.077064, -234.0
1574807850.092184, -234.0
1574807850.107318, -234.0
1574807850.122551, -234.0
1574807850.137773, -234.0
1574807850.154978, -234.0
1574807850.17025, -234.0
1574807850.185383, -234.0
1574807850.200562, -234.0
1574807850.215602, -234.0
1574807850.230661, -234.0
1574807850.247399, -234.0
1574807850.263126, -234.0
1574807850.278085, -234.0
1574807850.293163, -234.0
1574807850.308309, -234.0
1574807850.323402, -234.0
1574807850.338718, -234.0
1574807850.356349, -234.0
1574807850.372558, -234.0
1574807850.387637, -234.0
1574807850.402913, -234.0
1574807850.417953, -234.0
1574807850.433254, -234.0
1574807850.450169, -234.0
1574807850.487669, -234.0
1574807850.506795, -234.0
1574807850.525999, -234.0
1574807850.555348, -234.0
1574807850.574348, -234.0
1574807850.593456, -234.0
1574807850.612616, -234.0
1574807850.631532, -234.0
1574807850.65273, -232.0
1574807850.672509, -232.0
1574807850.691574, -232.0
1574807850.710804, -232.0
1574807850.729665, -232.0
1574807850.750727, -232.0
1574807850.770576, -232.0
1574807850.789365, -232.0
1574807850.8084, -232.0
1574807850.827686, -232.0
1574807851.334734, -232.0
1574807853.190424, -227.0
1574807854.801136, -226.0
1574807856.466653, -224.0
1574807858.413598, -224.0
1574807859.971584, -224.0
1574807861.13949, -224.0
1574807861.832375, -224.0
1574807862.924945, -224.0
1574807864.209082, -221.0
1574807865.660709, -221.0
1574807866.92228, -221.0
1574807867.761892, -221.0
1574807868.4564, -221.0
1574807868.660128, -221.0
1574807869.680292, -221.0
1574807870.666081, -221.0
1574807871.954848, -221.0
1574807872.919521, -221.0
1574807873.600918, -221.0
1574807874.312234, -221.0
1574807874.970737, -221.0
1574807875.805957, -221.0
1574807876.632171, -221.0
1574807877.47959, -221.0
1574807878.306391, -219.0
1574807879.077515, -219.0
1574807879.891511, -219.0
1574807880.89353, -219.0
1574807881.761144, -219.0
1574807882.577445, -219.0
1574807883.393737, -219.0
1574807864.455295, -221.0
1574807864.499881, -221.0
1574807864.536722, -221.0
1574807864.573123, -221.0
1574807864.607347, -221.0
1574807864.648045, -221.0
1574807864.68441, -221.0
1574807864.717358, -221.0
1574807864.755702, -221.0
1574807864.797166, -221.0
1574807864.829593, -221.0
1574807864.86141, -221.0
1574807864.896639, -221.0
1574807864.932767, -221.0
1574807864.968911, -221.0
1574807864.999739, -221.0
1574807865.030214, -221.0
1574807865.06084, -221.0
1574807865.090647, -221.0
1574807865.120898, -221.0
1574807865.151402, -221.0
1574807865.18196, -221.0
1574807865.212158, -221.0
1574807865.242236, -221.0
1574807865.273013, -221.0
1574807865.303698, -221.0
1574807865.334605, -221.0
1574807865.365533, -221.0
1574807865.396356, -221.0
1574807865.426748, -221.0
1574807865.456999, -221.0
1574807865.487991, -221.0
1574807865.518949, -221.0
1574807865.552417, -221.0
1574807865.583032, -221.0
1574807865.613416, -221.0
1574807865.643814, -221.0
1574807865.673544, -221.0
1574807865.703152, -221.0
1574807865.732746, -221.0
1574807868.629251, -221.0
1574807871.106733, -221.0
1574807873.412141, -221.0
1574807875.635995, -221.0
1574807877.942376, -221.0
1574807880.131739, -219.0
1574807882.570263, -219.0
1574807885.011429, -219.0
1574807887.589495, -219.0
1574807889.682275, -219.0
1574807864.714725, -221.0
1574807864.730233, -221.0
1574807864.751178, -221.0
1574807864.769415, -221.0
1574807864.788101, -221.0
1574807864.808455, -221.0
1574807864.824751, -221.0
1574807864.840754, -221.0
1574807864.85658, -221.0
1574807864.872124, -221.0
1574807864.888049, -221.0
1574807864.906647, -221.0
1574807864.923925, -221.0
1574807864.941529, -221.0
1574807864.959241, -221.0
1574807864.977495, -221.0
1574807864.993615, -221.0
1574807865.01043, -221.0
1574807865.025682, -221.0
1574807865.042168, -221.0
1574807865.060385, -221.0
1574807865.077266, -221.0
1574807865.093263, -221.0
1574807865.108842, -221.0
1574807865.124867, -221.0
1574807865.140699, -221.0
1574807865.156761, -221.0
1574807865.172412, -221.0
1574807865.188393, -221.0
1574807865.20403, -221.0
1574807865.221972, -221.0
1574807865.239784, -221.0
1574807865.259621, -221.0
1574807865.275414, -221.0
1574807865.293247, -221.0
1574807865.308891, -221.0
1574807865.324737, -221.0
1574807865.340351, -221.0
1574807865.356433, -221.0
1574807865.375145, -221.0
1574807865.390953, -221.0
1574807865.406906, -221.0
1574807865.422275, -221.0
1574807865.437953, -221.0
1574807865.458085, -221.0
1574807865.475381, -221.0
1574807865.491012, -221.0
1574807865.508554, -221.0
1574807865.523939, -221.0
1574807865.542804, -221.0
1574807865.574738, -221.0
1574807865.592287, -221.0
1574807865.607798, -221.0
1574807865.625143, -221.0
1574807865.64057, -221.0
1574807865.65617, -221.0
1574807865.671242, -221.0
1574807865.686694, -221.0
1574807865.703874, -221.0
1574807865.719431, -221.0
1574807865.734763, -221.0
1574807865.750529, -221.0
1574807865.765774, -221.0
1574807865.781223, -221.0
1574807865.798136, -221.0
1574807865.813753, -221.0
1574807865.829238, -221.0
1574807865.847443, -221.0
1574807865.865271, -221.0
1574807865.880718, -221.0
1574807865.896284, -221.0
1574807865.911868, -221.0
1574807865.927432, -221.0
1574807865.94307, -221.0
1574807865.959125, -221.0
1574807865.9754, -221.0
1574807865.991255, -221.0
1574807866.007385, -221.0
1574807866.023407, -221.0
1574807866.038999, -221.0
1574807866.058035, -221.0
1574807866.073656, -221.0
1574807866.089803, -221.0
1574807866.105317, -221.0
1574807866.121358, -221.0
1574807866.138016, -221.0
1574807866.154385, -221.0
1574807866.169735, -221.0
1574807866.185591, -221.0
1574807866.200628, -221.0
1574807866.216031, -221.0
1574807866.231205, -221.0
1574807866.246989, -221.0
1574807866.262985, -221.0
1574807866.278115, -221.0
1574807866.293392, -221.0
1574807866.308482, -221.0
1574807866.323793, -221.0
1574807866.338899, -221.0
1574807866.354776, -221.0
1574807866.384067, -221.0
1574807866.399637, -221.0
1574807866.414905, -221.0
1574807866.430612, -221.0
1574807866.446363, -221.0
1574807866.462254, -221.0
1574807866.478339, -221.0
1574807866.493755, -221.0
1574807866.509728, -221.0
1574807866.524928, -221.0
1574807866.540777, -221.0
1574807866.556404, -221.0
1574807866.572478, -221.0
1574807866.588061, -221.0
1574807866.603817, -221.0
1574807866.619273, -221.0
1574807866.635138, -221.0
1574807866.650744, -221.0
1574807866.668595, -221.0
1574807866.684464, -221.0
1574807866.70238, -221.0
1574807866.718053, -221.0
1574807866.736618, -221.0
1574807866.752716, -221.0
1574807866.770523, -221.0
1574807866.788308, -221.0
1574807866.804049, -221.0
1574807866.819973, -221.0
1574807866.835583, -221.0
1574807866.85185, -221.0
1574807866.869094, -221.0
1574807866.885072, -221.0
1574807866.900575, -221.0
1574807866.916249, -221.0
1574807866.931992, -221.0
1574807866.947422, -221.0
1574807866.963404, -221.0
1574807866.981325, -221.0
1574807866.996965, -221.0
1574807867.012762, -221.0
1574807867.028011, -221.0
1574807867.043382, -221.0
1574807867.058898, -221.0
1574807867.074857, -221.0
1574807867.090308, -221.0
1574807867.105781, -221.0
1574807867.12104, -221.0
1574807867.136564, -221.0
1574807867.152049, -221.0
1574807867.509563, -221.0
1574807867.540696, -221.0
1574807867.556125, -221.0
1574807867.571707, -221.0
1574807867.587171, -221.0
1574807868.946706, -221.0
1574807868.963413, -221.0
1574807869.31596, -221.0
1574807869.334048, -221.0
1574807869.351854, -221.0
1574807869.368758, -221.0
1574807869.38497, -221.0
1574807869.403583, -221.0
1574807869.418689, -221.0
1574807869.435842, -221.0
1574807871.353029, -221.0
1574807871.369216, -221.0
1574807871.937506, -221.0
1574807873.165489, -221.0
1574807874.359167, -221.0
1574807874.374497, -221.0
1574807874.389854, -221.0
1574807874.405236, -221.0
1574807874.420244, -221.0
1574807874.43542, -221.0
1574807874.768051, -221.0
1574807875.748114, -221.0
1574807876.433961, -221.0
1574807877.361971, -221.0
1574807878.236909, -219.0
1574807879.151599, -219.0
1574807879.815686, -219.0
1574807880.908826, -219.0
1574807881.87031, -219.0
1574807882.758005, -219.0
1574807883.680417, -219.0
1574807884.686797, -219.0
1574807884.997136, -219.0
1574807885.861687, -219.0
1574807887.115174, -219.0
1574807888.359443, -219.0
1574807889.644675, -219.0
1574807890.589069, -219.0
1574807891.763522, -219.0
1574807892.954378, -219.0
1574807893.881359, -219.0
1574807895.071247, -219.0
1574807896.239029, -219.0
1574807897.419863, -219.0
1574807898.584801, -219.0
1574807899.804718, -219.0
1574807883.402548, -219.0
1574807883.743226, -219.0
1574807883.747532, -219.0
1574807883.751561, -219.0
1574807883.755919, -219.0
1574807883.759972, -219.0
1574807883.764089, -219.0
1574807883.76808, -219.0
1574807883.776158, -219.0
1574807883.780478, -219.0
1574807884.125621, -219.0
1574807884.427155, -219.0
1574807884.743237, -219.0
1574807885.050259, -219.0
1574807885.333531, -219.0
1574807885.568287, -219.0
1574807885.820477, -219.0
1574807886.133678, -219.0
1574807886.44791, -219.0
1574807886.737689, -219.0
1574807887.004877, -219.0
1574807887.266985, -219.0
1574807887.524294, -219.0
1574807887.798148, -219.0
1574807888.069253, -219.0
1574807888.42127, -219.0
1574807888.748541, -219.0
1574807889.066, -219.0
1574807889.370726, -219.0
1574807889.750687, -219.0
1574807890.048194, -219.0
1574807890.34317, -219.0
1574807890.627518, -219.0
1574807890.937405, -219.0
1574807891.239529, -219.0
1574807891.53116, -219.0
1574807891.832132, -219.0
1574807892.120813, -219.0
1574807892.446617, -219.0
1574807892.745958, -219.0
1574807892.749992, -219.0
1574807893.059927, -219.0
1574807893.064023, -219.0
1574807893.06795, -219.0
1574807893.071918, -219.0
1574807893.075872, -219.0
1574807893.07981, -219.0
1574807893.083729, -219.0
1574807893.408899, -219.0
1574807893.724296, -219.0
1574807905.853797, -219.0
1574807906.191964, -219.0
1574807906.196024, -219.0
1574807906.200455, -219.0
1574807906.204454, -219.0
1574807906.208442, -219.0
1574807906.511973, -219.0
1574807906.816886, -219.0
1574807907.117753, -219.0
1574807907.433069, -219.0
1574807907.725467, -219.0
1574807908.087647, -219.0
1574807908.471902, -219.0
1574807908.909794, -219.0
1574807909.388596, -219.0
1574807909.867137, -219.0
1574807910.317509, -219.0
1574807910.811455, -219.0
1574807911.301357, -219.0
1574807911.869456, -219.0
1574807912.37059, -219.0
1574807912.905168, -219.0
1574807913.420221, -219.0
1574807913.895579, -219.0
1574807914.388451, -219.0
1574807914.910677, -219.0
1574807915.398928, -219.0
1574807915.924552, -219.0
1574807916.30569, -219.0
1574807916.825676, -219.0
1574807917.183283, -219.0
1574807917.573951, -219.0
1574807917.926743, -219.0
1574807918.243244, -219.0
1574807918.55991, -219.0
1574807918.820416, -219.0
1574807919.112324, -219.0
1574807919.43402, -219.0
1574807919.734775, -219.0
1574807920.048238, -219.0
1574807920.345371, -219.0
1574807920.668995, -219.0
1574807920.954331, -219.0
1574807921.28184, -219.0
1574807921.583339, -219.0
1574807921.90058, -219.0
1574807922.23024, -219.0
1574807922.549566, -219.0
1574807922.854208, -219.0
1574807923.180018, -219.0
1574807923.424192, -219.0
1574807923.657726, -219.0
1574807923.888556, -219.0
1574807924.125746, -219.0
1574807924.336897, -219.0
1574807924.64142, -219.0
1574807924.953275, -219.0
1574807925.175749, -219.0
1574807925.464051, -219.0
1574807925.790731, -219.0
1574807926.088126, -219.0
1574807926.426513, -219.0
1574807926.430648, -219.0
1574807926.737904, -219.0
1574807927.041045, -219.0
1574807927.312518, -219.0
1574807927.465883, -219.0
1574807927.625432, -219.0
1574807927.849249, -219.0
1574807928.006348, -219.0
1574807928.171336, -219.0
1574807928.331608, -219.0
1574807928.471905, -219.0
1574807928.626599, -219.0
1574807928.808551, -219.0
1574807929.1353, -219.0
1574807929.334077, -219.0
1574807929.527363, -219.0
1574807929.670625, -219.0
1574807929.825972, -219.0
1574807929.978525, -219.0
1574807930.130729, -219.0
1574807930.278437, -219.0
1574807930.440122, -219.0
1574807930.596029, -219.0
1574807930.749978, -219.0
1574807930.897927, -219.0
1574807931.068845, -219.0
1574807931.313879, -219.0
1574807931.536278, -219.0
1574807931.717867, -219.0
1574807931.930215, -219.0
1574807932.128752, -219.0
1574807932.321855, -219.0
1574807932.491334, -219.0
1574807932.681089, -219.0
1574807932.862334, -219.0
1574807933.081695, -219.0
1574807933.307794, -219.0
1574807933.552495, -219.0
1574807933.799868, -219.0
1574807934.035751, -219.0
1574807934.228379, -219.0
1574807934.416912, -219.0
1574807934.576227, -219.0
1574807934.745653, -219.0
1574807934.901543, -219.0
1574807935.057086, -219.0
1574807935.218992, -219.0
1574807935.383663, -219.0
1574807935.537265, -219.0
1574807935.698107, -219.0
1574807935.862996, -219.0
1574807936.014142, -219.0
1574807936.167885, -219.0
1574807936.318375, -219.0
1574807936.476206, -219.0
1574807936.645535, -219.0
1574807936.797482, -219.0
1574807937.097365, -219.0
1574807937.101482, -219.0
1574807937.105529, -219.0
1574807937.109566, -219.0
1574807937.41374, -219.0
1574807937.701323, -219.0
1574807938.009744, -219.0
1574807938.324322, -219.0
1574807938.608931, -219.0
1574807938.613064, -219.0
1574807938.617083, -219.0
1574807938.621116, -219.0
1574807938.625633, -219.0
1574807938.939217, -219.0
1574807939.14512, -219.0
1574807939.342965, -219.0
1574807939.652237, -219.0
1574807939.83476, -219.0
1574807940.105974, -219.0
1574807940.110065, -219.0
1574807940.370905, -219.0
1574807940.375039, -219.0
1574807940.703706, -219.0
1574807941.022075, -219.0
1574807941.326725, -219.0
1574807941.603473, -219.0
1574807941.896697, -219.0
1574807942.21962, -219.0
1574807942.550761, -219.0
1574807942.844746, -219.0
1574807943.137609, -219.0
1574807943.396112, -219.0
1574807943.715121, -219.0
1574807944.030197, -219.0
1574807944.343994, -219.0
1574807944.633326, -219.0
1574807944.951241, -219.0
1574807945.255633, -219.0
1574807945.548026, -219.0
1574807945.864391, -219.0
1574807946.179983, -219.0
1574807946.455489, -219.0
1574807946.664041, -219.0
1574807946.935092, -219.0
1574807947.264641, -219.0
1574807947.560627, -219.0
1574807947.867132, -219.0
1574807947.871297, -219.0
1574807947.875372, -219.0
1574807947.879876, -219.0
1574807948.165104, -219.0
1574807948.444053, -219.0
1574807948.727089, -219.0
1574807949.001924, -219.0
1574807949.278642, -219.0
1574807949.56047, -219.0
1574807949.897121, -219.0
1574807950.185846, -219.0
1574807950.476336, -219.0
1574807950.757528, -219.0
1574807951.054382, -219.0
1574807951.281212, -219.0
1574807951.553831, -219.0
1574807951.701277, -219.0
1574807951.865223, -219.0
1574807952.015778, -219.0
1574807952.308398, -219.0
1574807952.60603, -219.0
1574807952.879616, -219.0
1574807953.178398, -219.0
1574807953.513331, -219.0
1574807953.79616, -219.0
1574807954.105083, -219.0
1574807954.39113, -219.0
1574807954.689848, -219.0
1574807954.977041, -219.0
1574807955.289449, -219.0
1574807955.580511, -219.0
1574807955.857581, -219.0
1574807956.023579, -219.0
1574807956.318426, -219.0
1574807956.474717, -219.0
1574807956.64235, -219.0
1574807956.902935, -219.0
1574807957.071445, -219.0
1574807957.210856, -219.0
1574807957.40467, -219.0
1574807957.693075, -219.0
1574807958.020835, -219.0
1574807958.291089, -219.0
1574807958.564397, -219.0
1574807958.848177, -219.0
1574807959.137075, -219.0
1574807959.416599, -219.0
1574807959.696268, -219.0
1574807959.998915, -219.0
1574807960.00324, -219.0
1574807960.007312, -219.0
1574807960.011366, -219.0
1574807960.015373, -219.0
1574807960.019368, -219.0
1574807960.023347, -219.0
1574807960.364199, -219.0
1574807960.368314, -219.0
1574807960.372332, -219.0
1574807960.663263, -219.0
1574807960.970556, -219.0
1574807961.266307, -219.0
1574807961.566491, -219.0
1574807961.856779, -219.0
1574807962.153741, -219.0
1574807962.428861, -219.0
1574807962.734149, -219.0
1574807962.998057, -219.0
1574807963.304882, -219.0
1574807963.603566, -219.0
1574807963.90876, -219.0
1574807964.197309, -219.0
1574807964.49405, -219.0
1574807964.816211, -219.0
1574807965.175851, -219.0
1574807965.483591, -219.0
1574807965.830569, -219.0
1574807966.132264, -219.0
1574807966.136979, -219.0
1574807966.141052, -219.0
1574807966.145097, -219.0
1574807966.149231, -219.0
1574807966.155313, -219.0
1574807966.159472, -219.0
1574807966.163588, -219.0
1574807905.824095, -219.0
1574807906.139413, -219.0
1574807906.143639, -219.0
1574807906.147772, -219.0
1574807906.152384, -219.0
1574807906.156541, -219.0
1574807906.479027, -219.0
1574807906.773493, -219.0
1574807907.096357, -219.0
1574807907.400306, -219.0
1574807907.689213, -219.0
1574807908.055441, -219.0
1574807908.442914, -219.0
1574807908.918291, -219.0
1574807909.411066, -219.0
1574807909.901331, -219.0
1574807910.381901, -219.0
1574807910.905251, -219.0
1574807911.415309, -219.0
1574807911.419447, -219.0
1574807911.423437, -219.0
1574807911.428811, -219.0
1574807911.432932, -219.0
1574807911.975108, -219.0
1574807912.448245, -219.0
1574807912.960755, -219.0
1574807913.34119, -219.0
1574807913.662699, -219.0
1574807914.105701, -219.0
1574807914.587689, -219.0
1574807915.02213, -219.0
1574807915.526164, -219.0
1574807915.948157, -219.0
1574807916.435527, -219.0
1574807916.86571, -219.0
1574807917.321832, -219.0
1574807917.765051, -219.0
1574807918.071847, -219.0
1574807918.353956, -219.0
1574807918.358068, -219.0
1574807918.621287, -219.0
1574807918.899156, -219.0
1574807919.187281, -219.0
1574807919.487401, -219.0
1574807919.757544, -219.0
1574807920.031271, -219.0
1574807920.319916, -219.0
1574807920.622955, -219.0
1574807920.922572, -219.0
1574807921.238701, -219.0
1574807921.528234, -219.0
1574807921.860677, -219.0
1574807922.152612, -219.0
1574807922.455454, -219.0
1574807922.75765, -219.0
1574807922.761734, -219.0
1574807922.961669, -219.0
1574807923.271131, -219.0
1574807923.561442, -219.0
1574807923.565542, -219.0
1574807923.569545, -219.0
1574807923.573756, -219.0
1574807923.577726, -219.0
1574807923.581738, -219.0
1574807923.585781, -219.0
1574807923.890876, -219.0
1574807924.190522, -219.0
1574807924.400812, -219.0
1574807924.535336, -219.0
1574807924.808166, -219.0
1574807925.086939, -219.0
1574807925.382564, -219.0
1574807925.692164, -219.0
1574807925.696266, -219.0
1574807925.70028, -219.0
1574807925.704475, -219.0
1574807925.708514, -219.0
1574807925.712527, -219.0
1574807925.91847, -219.0
1574807926.143494, -219.0
1574807926.361433, -219.0
1574807926.59305, -219.0
1574807926.809231, -219.0
1574807927.039616, -219.0
1574807927.257552, -219.0
1574807927.490547, -219.0
1574807927.723492, -219.0
1574807927.96092, -219.0
1574807928.177893, -219.0
1574807928.447011, -219.0
1574807928.668785, -219.0
1574807928.872552, -219.0
1574807929.066552, -219.0
1574807929.259791, -219.0
1574807929.557109, -219.0
1574807929.561217, -219.0
1574807929.565215, -219.0
1574807929.872247, -219.0
1574807930.162401, -219.0
1574807930.316032, -219.0
1574807930.473443, -219.0
1574807930.637604, -219.0
1574807930.797727, -219.0
1574807930.964272, -219.0
1574807931.113772, -219.0
1574807931.278048, -219.0
1574807931.437267, -219.0
1574807931.608955, -219.0
1574807931.757706, -219.0
1574807931.911315, -219.0
1574807932.053055, -219.0
1574807932.210196, -219.0
1574807932.3667, -219.0
1574807932.532969, -219.0
1574807932.682285, -219.0
1574807932.844449, -219.0
1574807932.999095, -219.0
1574807933.164162, -219.0
1574807933.311818, -219.0
1574807933.474026, -219.0
1574807933.614641, -219.0
1574807933.788107, -219.0
1574807933.934933, -219.0
1574807934.093276, -219.0
1574807934.235733, -219.0
1574807934.382221, -219.0
1574807934.526094, -219.0
1574807934.693351, -219.0
1574807934.838395, -219.0
1574807935.000841, -219.0
1574807935.146857, -219.0
1574807935.318022, -219.0
1574807935.461162, -219.0
1574807935.617842, -219.0
1574807935.764294, -219.0
1574807935.920846, -219.0
1574807936.070261, -219.0
1574807936.217958, -219.0
1574807936.373319, -219.0
1574807936.647433, -219.0
1574807936.805061, -219.0
1574807936.964868, -219.0
1574807937.107395, -219.0
1574807937.270513, -219.0
1574807937.421708, -219.0
1574807937.586089, -219.0
1574807937.74389, -219.0
1574807937.906443, -219.0
1574807938.056014, -219.0
1574807938.221653, -219.0
1574807938.369902, -219.0
1574807938.532924, -219.0
1574807938.671852, -219.0
1574807938.830122, -219.0
1574807938.979227, -219.0
1574807939.130985, -219.0
1574807939.28494, -219.0
1574807939.429766, -219.0
1574807939.577414, -219.0
1574807939.735666, -219.0
1574807939.882045, -219.0
1574807940.038994, -219.0
1574807940.18792, -219.0
1574807940.346265, -219.0
1574807940.511215, -219.0
1574807940.673438, -219.0
1574807940.814735, -219.0
1574807940.985426, -219.0
1574807941.130289, -219.0
1574807941.305863, -219.0
1574807941.454375, -219.0
1574807941.605593, -219.0
1574807941.748525, -219.0
1574807941.907782, -219.0
1574807942.071183, -219.0
1574807942.253346, -219.0
1574807942.54038, -219.0
1574807942.720188, -219.0
1574807942.991532, -219.0
1574807943.14897, -219.0
1574807943.298203, -219.0
1574807943.454381, -219.0
1574807943.596739, -219.0
1574807943.759034, -219.0
1574807943.901417, -219.0
1574807944.082711, -219.0
1574807944.252693, -219.0
1574807944.461871, -219.0
1574807944.738674, -219.0
1574807944.742748, -219.0
1574807945.035411, -219.0
1574807945.335772, -219.0
1574807945.643127, -219.0
1574807945.977384, -219.0
1574807946.293071, -219.0
1574807946.595985, -219.0
1574807946.875451, -219.0
1574807946.879612, -219.0
1574807947.198128, -219.0
1574807947.521047, -219.0
1574807947.818338, -219.0
1574807948.130263, -219.0
1574807948.432881, -219.0
1574807948.743824, -219.0
1574807949.040684, -219.0
1574807949.213945, -219.0
1574807949.489176, -219.0
1574807949.657873, -219.0
1574807949.816037, -219.0
1574807950.000553, -219.0
1574807950.321183, -219.0
1574807950.627833, -219.0
1574807950.781936, -219.0
1574807950.951955, -219.0
1574807951.112273, -219.0
1574807951.301644, -219.0
1574807951.455555, -219.0
1574807951.632291, -219.0
1574807951.782423, -219.0
1574807951.939692, -219.0
1574807952.117733, -219.0
1574807952.289573, -219.0
1574807952.44363, -219.0
1574807952.602749, -219.0
1574807952.758127, -219.0
1574807952.928525, -219.0
1574807953.073529, -219.0
1574807953.239988, -219.0
1574807953.398975, -219.0
1574807953.566683, -219.0
1574807953.858147, -219.0
1574807954.1756, -219.0
1574807954.464435, -219.0
1574807954.754814, -219.0
1574807955.041349, -219.0
1574807955.378731, -219.0
1574807955.677826, -219.0
1574807955.99667, -219.0
1574807956.296653, -219.0
1574807956.602719, -219.0
1574807956.97027, -219.0
1574807956.974349, -219.0
1574807956.978437, -219.0
1574807957.304168, -219.0
1574807957.620905, -219.0
1574807957.927859, -219.0
1574807958.217464, -219.0
1574807958.547385, -219.0
1574807958.853538, -219.0
1574807959.156664, -219.0
1574807905.68311, -219.0
1574807905.920493, -219.0
1574807905.924614, -219.0
1574807905.928618, -219.0
1574807905.932846, -219.0
1574807905.936814, -219.0
1574807906.247787, -219.0
1574807906.465358, -219.0
1574807906.615981, -219.0
1574807906.895139, -219.0
1574807906.89927, -219.0
1574807907.234286, -219.0
1574807907.548814, -219.0
1574807907.869037, -219.0
1574807908.11856, -219.0
1574807908.504812, -219.0
1574807908.769509, -219.0
1574807909.126661, -219.0
1574807909.51334, -219.0
1574807909.935505, -219.0
1574807910.346565, -219.0
1574807910.786828, -219.0
1574807911.197627, -219.0
1574807911.675583, -219.0
1574807912.047066, -219.0
1574807912.475737, -219.0
1574807912.87006, -219.0
1574807913.294853, -219.0
1574807913.77328, -219.0
1574807914.110068, -219.0
1574807914.503824, -219.0
1574807914.858954, -219.0
1574807915.186915, -219.0
1574807915.511205, -219.0
1574807915.80924, -219.0
1574807916.141039, -219.0
1574807916.417523, -219.0
1574807916.742962, -219.0
1574807917.004491, -219.0
1574807917.211023, -219.0
1574807917.507731, -219.0
1574807917.818745, -219.0
1574807918.123116, -219.0
1574807918.415251, -219.0
1574807918.721144, -219.0
1574807919.049724, -219.0
1574807919.341231, -219.0
1574807919.68427, -219.0
1574807919.981461, -219.0
1574807920.306548, -219.0
1574807920.601641, -219.0
1574807920.605793, -219.0
1574807920.872038, -219.0
1574807921.200934, -219.0
1574807921.48167, -219.0
1574807921.794259, -219.0
1574807922.097427, -219.0
1574807922.425676, -219.0
1574807922.717411, -219.0
1574807923.021685, -219.0
1574807923.305721, -219.0
1574807923.63753, -219.0
1574807923.940444, -219.0
1574807924.268985, -219.0
1574807924.565237, -219.0
1574807924.873059, -219.0
1574807925.175664, -219.0
1574807925.502008, -219.0
1574807925.799849, -219.0
1574807926.105898, -219.0
1574807926.386642, -219.0
1574807926.549231, -219.0
1574807926.704861, -219.0
1574807926.872501, -219.0
1574807927.034252, -219.0
1574807927.188184, -219.0
1574807927.339305, -219.0
1574807927.507805, -219.0
1574807927.652727, -219.0
1574807927.798579, -219.0
1574807927.946273, -219.0
1574807928.10935, -219.0
1574807928.26225, -219.0
1574807928.402243, -219.0
1574807928.56097, -219.0
1574807928.714885, -219.0
1574807928.863825, -219.0
1574807929.024457, -219.0
1574807929.180218, -219.0
1574807929.451527, -219.0
1574807929.455662, -219.0
1574807929.45968, -219.0
1574807929.463923, -219.0
1574807929.467936, -219.0
1574807929.471929, -219.0
1574807929.475972, -219.0
1574807929.779706, -219.0
1574807929.783837, -219.0
1574807929.969427, -219.0
1574807930.154962, -219.0
1574807930.345222, -219.0
1574807930.533505, -219.0
1574807930.70809, -219.0
1574807930.90676, -219.0
1574807931.081965, -219.0
1574807931.279345, -219.0
1574807931.448447, -219.0
1574807931.642145, -219.0
1574807931.8115, -219.0
1574807932.005158, -219.0
1574807932.181958, -219.0
1574807932.367973, -219.0
1574807932.570113, -219.0
1574807932.574237, -219.0
1574807932.867761, -219.0
1574807933.173472, -219.0
1574807933.442995, -219.0
1574807933.772225, -219.0
1574807934.076119, -219.0
1574807934.080678, -219.0
1574807934.084767, -219.0
1574807934.088797, -219.0
1574807934.093085, -219.0
1574807934.097119, -219.0
1574807934.10113, -219.0
1574807934.105127, -219.0
1574807934.10909, -219.0
1574807934.113101, -219.0
1574807934.117133, -219.0
1574807934.121126, -219.0
1574807934.422603, -219.0
1574807934.709093, -219.0
1574807934.990632, -219.0
1574807935.276131, -219.0
1574807935.553231, -219.0
1574807935.849138, -219.0
1574807936.142385, -219.0
1574807936.146906, -219.0
1574807936.151039, -219.0
1574807936.495377, -219.0
1574807936.786908, -219.0
1574807937.084129, -219.0
1574807937.362457, -219.0
1574807937.366763, -219.0
1574807937.370767, -219.0
1574807937.374776, -219.0
1574807937.679588, -219.0
1574807937.683733, -219.0
1574807937.987895, -219.0
1574807938.283374, -219.0
1574807938.570798, -219.0
1574807938.574905, -219.0
1574807938.878204, -219.0
1574807939.164436, -219.0
1574807939.426285, -219.0
1574807939.577939, -219.0
1574807939.875537, -219.0
1574807940.020193, -219.0
1574807940.173499, -219.0
1574807940.339443, -219.0
1574807940.485511, -219.0
1574807940.652641, -219.0
1574807940.808504, -219.0
1574807940.958707, -219.0
1574807941.113388, -219.0
1574807941.25767, -219.0
1574807941.405204, -219.0
1574807941.557798, -219.0
1574807941.706815, -219.0
1574807941.86136, -219.0
1574807942.008629, -219.0
1574807942.168716, -219.0
1574807942.332841, -219.0
1574807942.499758, -219.0
1574807942.641206, -219.0
1574807942.813044, -219.0
1574807942.957983, -219.0
1574807943.138142, -219.0
1574807943.286373, -219.0
1574807943.436437, -219.0
1574807943.579623, -219.0
1574807943.743081, -219.0
1574807943.884126, -219.0
1574807944.204962, -219.0
1574807944.490269, -219.0
1574807944.780611, -219.0
1574807945.072125, -219.0
1574807945.232358, -219.0
1574807945.375804, -219.0
1574807945.539544, -219.0
1574807945.719808, -219.0
1574807945.880658, -219.0
1574807946.023221, -219.0
1574807946.191821, -219.0
1574807946.351535, -219.0
1574807946.508032, -219.0
1574807946.663569, -219.0
1574807946.807068, -219.0
1574807947.071043, -219.0
1574807947.377843, -219.0
1574807947.670977, -219.0
1574807947.982857, -219.0
1574807948.244035, -219.0
1574807948.409194, -219.0
1574807948.571775, -219.0
1574807948.725206, -219.0
1574807948.912716, -219.0
1574807949.21462, -219.0
1574807949.508498, -219.0
1574807949.808191, -219.0
1574807950.085658, -219.0
1574807950.423543, -219.0
1574807950.741931, -219.0
1574807951.067347, -219.0
1574807951.373835, -219.0
1574807951.687849, -219.0
1574807951.979936, -219.0
1574807952.292145, -219.0
1574807952.573319, -219.0
1574807952.900677, -219.0
1574807953.197055, -219.0
1574807953.516925, -219.0
1574807953.78876, -219.0
1574807954.107883, -219.0
1574807954.401077, -219.0
1574807954.701199, -219.0
1574807954.974149, -219.0
1574807955.281677, -219.0
1574807955.558234, -219.0
1574807955.848193, -219.0
1574807956.100628, -219.0
1574807956.401376, -219.0
1574807956.556158, -219.0
1574807956.856063, -219.0
1574807957.06665, -219.0
1574807957.227796, -219.0
1574807957.38093, -219.0
1574807957.526426, -219.0
1574807957.684107, -219.0
1574807957.860533, -219.0
1574807958.022649, -219.0
1574807958.1942, -219.0
1574807958.356438, -219.0
1574807958.535996, -219.0
1574807958.699788, -219.0
1574807958.857417, -219.0
1574807959.01668, -219.0
1574807959.182224, -219.0
1574807959.337775, -219.0
1574807959.568939, -219.0
1574807905.527717, -219.0
1574807905.532317, -219.0
1574807905.5364, -219.0
1574807905.540485, -219.0
1574807905.87791, -219.0
1574807906.243023, -219.0
1574807906.585825, -219.0
1574807906.942797, -219.0
1574807907.295949, -219.0
1574807907.647857, -219.0
1574807908.013664, -219.0
1574807908.424314, -219.0
1574807908.818495, -219.0
1574807909.252078, -219.0
1574807909.693721, -219.0
1574807910.141059, -219.0
1574807910.564598, -219.0
1574807911.057421, -219.0
1574807911.463754, -219.0
1574807911.921161, -219.0
1574807912.334385, -219.0
1574807912.779556, -219.0
1574807913.218194, -219.0
1574807913.617172, -219.0
1574807914.035257, -219.0
1574807914.47071, -219.0
1574807914.882974, -219.0
1574807915.314834, -219.0
1574807915.651376, -219.0
1574807916.094966, -219.0
1574807916.414944, -219.0
1574807916.765468, -219.0
1574807917.101021, -219.0
1574807917.425524, -219.0
1574807917.742462, -219.0
1574807918.020889, -219.0
1574807918.315824, -219.0
1574807918.658452, -219.0
1574807918.980955, -219.0
1574807919.305115, -219.0
1574807919.605659, -219.0
1574807919.938143, -219.0
1574807920.227319, -219.0
1574807920.566244, -219.0
1574807920.881544, -219.0
1574807921.199663, -219.0
1574807921.535575, -219.0
1574807921.869161, -219.0
1574807922.180715, -219.0
1574807922.492976, -219.0
1574807922.7189, -219.0
1574807922.961404, -219.0
1574807923.197255, -219.0
1574807923.442279, -219.0
1574807923.677968, -219.0
1574807923.997246, -219.0
1574807924.326881, -219.0
1574807924.563582, -219.0
1574807924.881462, -219.0
1574807925.239308, -219.0
1574807925.57455, -219.0
1574807925.919702, -219.0
1574807925.923804, -219.0
1574807926.268633, -219.0
1574807926.576364, -219.0
1574807926.875022, -219.0
1574807927.025956, -219.0
1574807927.186232, -219.0
1574807927.419416, -219.0
1574807927.586506, -219.0
1574807927.741525, -219.0
1574807927.906384, -219.0
1574807928.053768, -219.0
1574807928.213926, -219.0
1574807928.375239, -219.0
1574807928.714706, -219.0
1574807928.898654, -219.0
1574807929.080787, -219.0
1574807929.232349, -219.0
1574807929.395214, -219.0
1574807929.562483, -219.0
1574807929.725035, -219.0
1574807929.872741, -219.0
1574807930.042746, -219.0
1574807930.198192, -219.0
1574807930.359925, -219.0
1574807930.524939, -219.0
1574807930.685365, -219.0
1574807931.000767, -219.0
1574807931.239592, -219.0
1574807931.404867, -219.0
1574807931.654318, -219.0
1574807931.890935, -219.0
1574807932.146114, -219.0
1574807932.300916, -219.0
1574807932.470381, -219.0
1574807932.630189, -219.0
1574807932.782964, -219.0
1574807933.100435, -219.0
1574807933.406468, -219.0
1574807933.584397, -219.0
1574807933.783443, -219.0
1574807934.075396, -219.0
1574807934.383805, -219.0
1574807934.716118, -219.0
1574807935.034766, -219.0
1574807935.038869, -219.0
1574807935.042983, -219.0
1574807935.049238, -219.0
1574807935.054023, -219.0
1574807935.058054, -219.0
1574807935.062156, -219.0
1574807935.344077, -219.0
1574807935.534446, -219.0
1574807935.73979, -219.0
1574807935.957974, -219.0
1574807936.159265, -219.0
1574807936.389077, -219.0
1574807936.632208, -219.0
1574807936.875769, -219.0
1574807937.121355, -219.0
1574807937.355364, -219.0
1574807937.598223, -219.0
1574807937.847767, -219.0
1574807938.062437, -219.0
1574807938.31875, -219.0
1574807938.54248, -219.0
1574807938.781231, -219.0
1574807939.035361, -219.0
1574807939.285863, -219.0
1574807939.535232, -219.0
1574807939.78815, -219.0
1574807940.099305, -219.0
1574807940.103423, -219.0
1574807940.107473, -219.0
1574807940.111826, -219.0
1574807940.115897, -219.0
1574807940.414126, -219.0
1574807940.731594, -219.0
1574807941.051517, -219.0
1574807941.322182, -219.0
1574807941.62854, -219.0
1574807941.916887, -219.0
1574807942.218686, -219.0
1574807942.542368, -219.0
1574807942.861954, -219.0
1574807942.866035, -219.0
1574807942.870259, -219.0
1574807943.188111, -219.0
1574807943.483537, -219.0
1574807943.781485, -219.0
1574807943.983814, -219.0
1574807944.214725, -219.0
1574807944.502642, -219.0
1574807944.781336, -219.0
1574807945.087496, -219.0
1574807945.3981, -219.0
1574807945.7249, -219.0
1574807946.014533, -219.0
1574807946.330241, -219.0
1574807946.614658, -219.0
1574807946.910267, -219.0
1574807947.087341, -219.0
1574807947.25534, -219.0
1574807947.402545, -219.0
1574807947.676218, -219.0
1574807947.982094, -219.0
1574807948.162522, -219.0
1574807948.3511, -219.0
1574807948.355248, -219.0
1574807948.359365, -219.0
1574807948.671962, -219.0
1574807948.888667, -219.0
1574807949.060508, -219.0
1574807949.207518, -219.0
1574807949.36766, -219.0
1574807949.524382, -219.0
1574807949.693264, -219.0
1574807949.862212, -219.0
1574807950.030794, -219.0
1574807950.170996, -219.0
1574807950.426123, -219.0
1574807950.594922, -219.0
1574807950.799127, -219.0
1574807951.055538, -219.0
1574807951.360611, -219.0
1574807951.644188, -219.0
1574807951.95677, -219.0
1574807952.260246, -219.0
1574807952.558309, -219.0
1574807952.84082, -219.0
1574807953.130062, -219.0
1574807953.296855, -219.0
1574807953.616266, -219.0
1574807953.91114, -219.0
1574807953.915495, -219.0
1574807953.919538, -219.0
1574807953.923564, -219.0
1574807953.92771, -219.0
1574807953.933656, -219.0
1574807953.937723, -219.0
1574807953.942506, -219.0
1574807953.946795, -219.0
1574807953.950863, -219.0
1574807954.294881, -219.0
1574807954.299031, -219.0
1574807954.30308, -219.0
1574807954.307301, -219.0
1574807954.311397, -219.0
1574807954.315411, -219.0
1574807954.319407, -219.0
1574807954.323608, -219.0
1574807954.327729, -219.0
1574807954.331738, -219.0
1574807954.335771, -219.0
1574807954.339789, -219.0
1574807954.344541, -219.0
1574807954.684679, -219.0
1574807954.963466, -219.0
1574807954.967566, -219.0
1574807954.971566, -219.0
1574807954.976352, -219.0
1574807955.277792, -219.0
1574807955.594253, -219.0
1574807955.920341, -219.0
1574807956.245383, -219.0
1574807956.531614, -219.0
1574807956.978182, -219.0
1574807957.264054, -219.0
1574807957.556397, -219.0
1574807957.856726, -219.0
1574807958.174687, -219.0
1574807958.468332, -219.0
1574807958.782302, -219.0
1574807959.055447, -219.0
1574807959.346167, -219.0
1574807959.656296, -219.0
1574807959.976293, -219.0
1574807960.276408, -219.0
1574807960.280502, -219.0
1574807960.574475, -219.0
1574807960.875956, -219.0
1574807961.190053, -219.0
1574807961.490947, -219.0
1574807961.786989, -219.0
1574807962.08486, -219.0
1574807962.405149, -219.0
1574807962.699616, -219.0
1574807962.994156, -219.0
1574807963.331882, -219.0
1574807959.341137, -219.0
1574807959.546044, -219.0
1574807959.841644, -219.0
1574807959.846056, -219.0
1574807959.850089, -219.0
1574807959.854574, -219.0
1574807959.858589, -219.0
1574807960.178164, -219.0
1574807960.472332, -219.0
1574807960.703501, -219.0
1574807960.931901, -219.0
1574807961.152026, -219.0
1574807961.384341, -219.0
1574807961.611724, -219.0
1574807961.848636, -219.0
1574807962.069276, -219.0
1574807962.3215, -219.0
1574807962.551116, -219.0
1574807962.778452, -219.0
1574807962.995932, -219.0
1574807963.208057, -219.0
1574807963.413477, -219.0
1574807963.587624, -219.0
1574807963.825273, -219.0
1574807964.131536, -219.0
1574807964.461963, -219.0
1574807964.876729, -219.0
1574807964.882029, -219.0
1574807964.886744, -219.0
1574807964.891421, -219.0
1574807965.25372, -219.0
1574807965.419311, -219.0
1574807965.585598, -219.0
1574807965.738882, -219.0
1574807965.900764, -219.0
1574807966.059313, -219.0
1574807966.237859, -219.0
1574807966.402292, -219.0
1574807966.578121, -219.0
1574807966.736875, -219.0
1574807966.986579, -219.0
1574807967.404793, -219.0
1574807967.409209, -219.0
1574807967.413328, -219.0
1574807967.417733, -219.0
1574807967.827175, -219.0
1574807967.975378, -219.0
1574807968.15441, -219.0
1574807968.342748, -219.0
1574807968.524943, -219.0
1574807968.704497, -219.0
1574807968.885469, -219.0
1574807969.048652, -219.0
1574807969.243485, -219.0
1574807969.438696, -219.0
1574807969.77598, -219.0
1574807969.956314, -219.0
1574807970.228818, -219.0
1574807970.546233, -219.0
1574807970.550547, -219.0
1574807970.554564, -219.0
1574807970.558802, -219.0
1574807970.562835, -219.0
1574807970.566862, -219.0
1574807970.764513, -219.0
1574807970.956719, -219.0
1574807971.276456, -219.0
1574807971.617855, -219.0
1574807971.621984, -219.0
1574807971.626404, -219.0
1574807971.63392, -219.0
1574807971.638078, -219.0
1574807971.642118, -219.0
1574807971.647283, -219.0
1574807971.956257, -219.0
1574807972.319244, -219.0
1574807972.663382, -219.0
1574807972.96873, -219.0
1574807973.316143, -219.0
1574807973.718934, -219.0
1574807974.081313, -219.0
1574807974.468151, -219.0
1574807974.870142, -219.0
1574807975.289802, -219.0
1574807975.692965, -219.0
1574807976.066399, -219.0
1574807976.4653, -219.0
1574807976.855606, -219.0
1574807977.246592, -219.0
1574807977.586351, -219.0
1574807977.922229, -219.0
1574807977.926723, -219.0
1574807977.930785, -219.0
1574807977.934813, -219.0
1574807977.938791, -219.0
1574807978.294798, -219.0
1574807978.536178, -219.0
1574807978.765165, -219.0
1574807978.988741, -219.0
1574807979.221727, -219.0
1574807979.452286, -219.0
1574807979.685781, -219.0
1574807979.951854, -219.0
1574807980.235661, -219.0
1574807980.448669, -219.0
1574807980.666222, -219.0
1574807980.907795, -219.0
1574807981.148902, -219.0
1574807981.38279, -219.0
1574807981.611973, -219.0
1574807981.842309, -219.0
1574807982.062711, -219.0
1574807982.291739, -219.0
1574807982.500614, -219.0
1574807982.714149, -219.0
1574807982.94445, -219.0
1574807983.176509, -219.0
1574807983.415062, -219.0
1574807983.663614, -219.0
1574807983.907182, -219.0
1574807984.136693, -219.0
1574807984.364627, -219.0
1574807984.606885, -219.0
1574807984.838436, -219.0
1574807985.06291, -219.0
1574807985.295522, -219.0
1574807985.503301, -219.0
1574807985.706033, -219.0
1574807985.90099, -219.0
1574807986.102694, -219.0
1574807986.295496, -219.0
1574807986.476544, -219.0
1574807986.676265, -219.0
1574807986.866098, -219.0
1574807987.128266, -219.0
1574807987.513419, -219.0
1574807987.728001, -219.0
1574807988.029393, -219.0
1574807988.263127, -219.0
1574807988.441861, -219.0
1574807988.611866, -219.0
1574807988.783645, -219.0
1574807988.965275, -219.0
1574807989.137712, -219.0
1574807989.286054, -219.0
1574807989.452779, -219.0
1574807989.60937, -219.0
1574807989.767063, -219.0
1574807989.928566, -219.0
1574807990.108919, -219.0
1574807990.274626, -219.0
1574807990.437155, -219.0
1574807990.59467, -219.0
1574807990.75022, -219.0
1574807990.913553, -219.0
1574807991.061003, -219.0
1574807991.221298, -219.0
1574807991.388051, -219.0
1574807991.540147, -219.0
1574807991.712101, -219.0
1574807991.882376, -219.0
1574807992.043685, -219.0
1574807992.231479, -219.0
1574807992.405342, -219.0
1574807992.585375, -219.0
1574807992.781019, -219.0
1574807992.940849, -219.0
1574807993.108091, -219.0
1574807993.281768, -219.0
1574807993.471299, -219.0
1574807993.766222, -219.0
1574807993.932656, -219.0
1574807994.085642, -219.0
1574807994.238713, -219.0
1574807994.40074, -219.0
1574807994.573448, -219.0
1574807994.752346, -219.0
1574807994.9116, -219.0
1574807995.072029, -218.0
1574807995.24291, -218.0
1574807995.407369, -218.0
1574807995.566291, -218.0
1574807995.723895, -218.0
1574807995.890403, -218.0
1574807996.050765, -218.0
1574807996.211375, -218.0
1574807996.385213, -218.0
1574807996.540645, -218.0
1574807996.692303, -218.0
1574807996.830809, -218.0
1574807996.978772, -218.0
1574807997.140972, -218.0
1574807997.534075, -218.0
1574807997.907815, -218.0
1574807998.292129, -218.0
1574807998.631768, -218.0
1574807999.026796, -218.0
1574807999.417142, -218.0
1574807999.421313, -218.0
1574807999.425331, -218.0
1574807999.42937, -218.0
1574807999.433704, -218.0
1574807999.437761, -218.0
1574807999.444189, -218.0
1574807999.448364, -218.0
1574807999.452576, -218.0
1574807999.456623, -218.0
1574807999.460685, -218.0
1574807999.738726, -218.0
1574808000.022996, -218.0
1574808000.278825, -218.0
1574808000.532437, -218.0
1574808000.775479, -218.0
1574808000.992277, -218.0
1574808001.151879, -218.0
1574808001.323653, -218.0
1574808001.578369, -218.0
1574808001.773744, -218.0
1574808001.948607, -218.0
1574808002.094641, -218.0
1574808002.257779, -218.0
1574808002.416962, -218.0
1574808002.576916, -218.0
1574808002.742568, -218.0
1574808002.907434, -218.0
1574808003.059965, -218.0
1574808003.22207, -218.0
1574808003.385253, -218.0
1574808003.551149, -218.0
1574808003.725828, -218.0
1574808003.885353, -218.0
1574808004.075296, -218.0
1574808004.470611, -218.0
1574808004.474766, -218.0
1574808004.855938, -218.0
1574808005.233015, -218.0
1574808005.538537, -218.0
1574808005.728421, -218.0
1574808005.907353, -218.0
1574808006.084564, -218.0
1574808006.301127, -218.0
1574808006.57494, -218.0
1574808006.854189, -218.0
1574808007.110225, -218.0
1574808007.320155, -218.0
1574808007.50444, -218.0
1574808007.686775, -218.0
1574808007.967061, -218.0
1574808008.167681, -218.0
1574808008.387866, -218.0
1574807960.064844, -219.0
1574807960.53202, -219.0
1574807960.871922, -219.0
1574807961.199059, -219.0
1574807961.533174, -219.0
1574807961.872618, -219.0
1574807962.263483, -219.0
1574807962.588474, -219.0
1574807962.94423, -219.0
1574807963.271559, -219.0
1574807963.596622, -219.0
1574807963.909598, -219.0
1574807964.250442, -219.0
1574807964.552405, -219.0
1574807964.798384, -219.0
1574807965.001733, -219.0
1574807965.173011, -219.0
1574807965.33751, -219.0
1574807965.500957, -219.0
1574807965.658778, -219.0
1574807965.825619, -219.0
1574807965.99172, -219.0
1574807966.15512, -219.0
1574807966.320966, -219.0
1574807966.474472, -219.0
1574807966.63592, -219.0
1574807966.787655, -219.0
1574807966.956047, -219.0
1574807967.241944, -219.0
1574807967.246538, -219.0
1574807967.537848, -219.0
1574807967.871449, -219.0
1574807968.093679, -219.0
1574807968.254863, -219.0
1574807968.508372, -219.0
1574807968.692089, -219.0
1574807968.855575, -219.0
1574807969.01044, -219.0
1574807969.203606, -219.0
1574807969.392601, -219.0
1574807969.593027, -219.0
1574807969.777571, -219.0
1574807969.980564, -219.0
1574807970.142218, -219.0
1574807970.300494, -219.0
1574807970.478339, -219.0
1574807970.638281, -219.0
1574807970.825203, -219.0
1574807970.991809, -219.0
1574807971.186382, -219.0
1574807971.356666, -219.0
1574807971.521872, -219.0
1574807971.698061, -219.0
1574807971.861556, -219.0
1574807972.028019, -219.0
1574807972.22474, -219.0
1574807972.411443, -219.0
1574807972.61467, -219.0
1574807972.773788, -219.0
1574807972.958219, -219.0
1574807973.125873, -219.0
1574807973.289936, -219.0
1574807973.457655, -219.0
1574807973.635138, -219.0
1574807973.804379, -219.0
1574807973.952056, -219.0
1574807974.240227, -219.0
1574807974.560891, -219.0
1574807974.892597, -219.0
1574807975.239733, -219.0
1574807975.480608, -219.0
1574807975.640512, -219.0
1574807975.803455, -219.0
1574807975.970168, -219.0
1574807976.146181, -219.0
1574807976.306993, -219.0
1574807976.47364, -219.0
1574807976.657862, -219.0
1574807976.820096, -219.0
1574807976.996906, -219.0
1574807977.163023, -219.0
1574807977.347348, -219.0
1574807977.538963, -219.0
1574807977.856166, -219.0
1574807977.861531, -219.0
1574807977.866578, -219.0
1574807978.101329, -219.0
1574807978.334426, -219.0
1574807978.572989, -219.0
1574807978.793293, -219.0
1574807979.031317, -219.0
1574807979.271151, -219.0
1574807979.498115, -219.0
1574807979.809665, -219.0
1574807980.171252, -219.0
1574807980.494104, -219.0
1574807980.827906, -219.0
1574807981.179052, -219.0
1574807981.475003, -219.0
1574807981.707267, -219.0
1574807981.969984, -219.0
1574807981.974714, -219.0
1574807981.978802, -219.0
1574807982.295809, -219.0
1574807982.496478, -219.0
1574807982.803508, -219.0
1574807983.122343, -219.0
1574807983.439446, -219.0
1574807983.444707, -219.0
1574807983.785707, -219.0
1574807984.087186, -219.0
1574807984.250858, -219.0
1574807984.41583, -219.0
1574807984.601067, -219.0
1574807984.773657, -219.0
1574807984.943305, -219.0
1574807985.128222, -219.0
1574807985.31341, -219.0
1574807985.48748, -219.0
1574807985.671797, -219.0
1574807985.866848, -219.0
1574807986.145255, -219.0
1574807986.520623, -219.0
1574807986.859523, -219.0
1574807986.863667, -219.0
1574807987.319532, -219.0
1574807987.708413, -219.0
1574807988.026461, -219.0
1574807988.349235, -219.0
1574807988.681843, -219.0
1574807988.685944, -219.0
1574807988.689959, -219.0
1574807988.694727, -219.0
1574807988.699468, -219.0
1574807988.703466, -219.0
1574807989.01292, -219.0
1574807989.329145, -219.0
1574807989.333265, -219.0
1574807989.337312, -219.0
1574807989.682189, -219.0
1574807989.68698, -219.0
1574807989.690983, -219.0
1574807989.695101, -219.0
1574807989.699355, -219.0
1574807989.703368, -219.0
1574807989.934814, -219.0
1574807990.150557, -219.0
1574807990.359532, -219.0
1574807990.577989, -219.0
1574807990.83552, -219.0
1574807991.166756, -219.0
1574807991.526312, -219.0
1574807991.85366, -219.0
1574807991.857716, -219.0
1574807991.862111, -219.0
1574807991.866416, -219.0
1574807991.870427, -219.0
1574807991.87445, -219.0
1574807991.878837, -219.0
1574807992.17481, -219.0
1574807992.483888, -219.0
1574807992.798622, -219.0
1574807993.067156, -219.0
1574807993.390421, -219.0
1574807993.702805, -219.0
1574807994.067892, -219.0
1574807994.426083, -219.0
1574807994.793812, -219.0
1574807995.060592, -218.0
1574807995.372902, -218.0
1574807995.676279, -218.0
1574807996.004537, -218.0
1574807996.301643, -218.0
1574807996.610932, -218.0
1574807996.900979, -218.0
1574807997.219892, -218.0
1574807997.512707, -218.0
1574807997.785809, -218.0
1574807998.10467, -218.0
1574807998.370281, -218.0
1574807998.675194, -218.0
1574807998.942067, -218.0
1574807999.251172, -218.0
1574807999.518732, -218.0
1574807999.870331, -218.0
1574808000.232283, -218.0
1574808000.559715, -218.0
1574808000.947042, -218.0
1574808001.336632, -218.0
1574808001.726929, -218.0
1574808002.077852, -218.0
1574808002.376804, -218.0
1574808002.708937, -218.0
1574808003.049047, -218.0
1574808003.350702, -218.0
1574808003.646078, -218.0
1574808003.96073, -218.0
1574808004.277571, -218.0
1574808004.611097, -218.0
1574808004.928536, -218.0
1574808005.251024, -218.0
1574808005.534948, -218.0
1574808005.854742, -218.0
1574808006.174254, -218.0
1574808006.516449, -218.0
1574808006.882743, -218.0
1574808007.16576, -218.0
1574808007.404288, -218.0
1574808007.635426, -218.0
1574808007.83405, -218.0
1574808008.011955, -218.0
1574808008.197214, -218.0
1574808008.393192, -218.0
1574808008.600811, -218.0
1574808008.948792, -218.0
1574808009.289956, -218.0
1574808009.692602, -218.0
1574808009.696761, -218.0
1574808009.982542, -218.0
1574808010.271282, -218.0
1574808010.574147, -218.0
1574808010.889551, -218.0
1574808011.261205, -218.0
1574808011.646771, -218.0
1574808012.067522, -218.0
1574808012.071664, -218.0
1574808012.075764, -218.0
1574808012.080366, -218.0
1574808012.084466, -218.0
1574808012.089212, -218.0
1574808012.093375, -218.0
1574808012.097643, -218.0
1574808012.510292, -218.0
1574808012.834351, -218.0
1574808013.041539, -218.0
1574808013.217602, -218.0
1574808013.388081, -218.0
1574808013.552882, -218.0
1574808013.742836, -218.0
1574808013.922542, -218.0
1574808014.088936, -218.0
1574808014.251734, -218.0
1574808014.436132, -218.0
1574808014.615424, -218.0
1574808014.964765, -218.0
1574808015.252889, -218.0
1574808015.414746, -218.0
1574808015.577978, -218.0
1574808015.73344, -218.0
1574808016.106823, -218.0
1574807963.33942, -219.0
1574807963.343515, -219.0
1574807963.347535, -219.0
1574807963.351543, -219.0
1574807963.624919, -219.0
1574807963.897378, -219.0
1574807964.191019, -219.0
1574807964.469686, -219.0
1574807964.787427, -219.0
1574807965.19046, -219.0
1574807965.506889, -219.0
1574807965.826232, -219.0
1574807966.124601, -219.0
1574807966.407068, -219.0
1574807966.700906, -219.0
1574807966.962335, -219.0
1574807967.315073, -219.0
1574807967.591473, -219.0
1574807967.888557, -219.0
1574807968.135343, -219.0
1574807968.440238, -219.0
1574807968.712057, -219.0
1574807968.999125, -219.0
1574807969.327272, -219.0
1574807969.653598, -219.0
1574807970.032282, -219.0
1574807970.372692, -219.0
1574807970.69138, -219.0
1574807971.083677, -219.0
1574807971.419676, -219.0
1574807971.758431, -219.0
1574807972.077417, -219.0
1574807972.279973, -219.0
1574807972.460064, -219.0
1574807972.635362, -219.0
1574807972.794047, -219.0
1574807972.964169, -219.0
1574807973.12826, -219.0
1574807973.291032, -219.0
1574807973.45879, -219.0
1574807973.615846, -219.0
1574807973.780416, -219.0
1574807973.940221, -219.0
1574807974.104047, -219.0
1574807974.338093, -219.0
1574807974.34221, -219.0
1574807974.554309, -219.0
1574807974.849112, -219.0
1574807975.078687, -219.0
1574807975.252005, -219.0
1574807975.520272, -219.0
1574807975.840365, -219.0
1574807976.079683, -219.0
1574807976.238858, -219.0
1574807976.486696, -219.0
1574807976.656856, -219.0
1574807976.820838, -219.0
1574807976.97847, -219.0
1574807977.158777, -219.0
1574807977.308668, -219.0
1574807977.485195, -219.0
1574807977.64003, -219.0
1574807977.837173, -219.0
1574807978.003859, -219.0
1574807978.173186, -219.0
1574807978.326342, -219.0
1574807978.500066, -219.0
1574807978.679262, -219.0
1574807978.845583, -219.0
1574807979.006481, -219.0
1574807979.169982, -219.0
1574807979.336294, -219.0
1574807979.511064, -219.0
1574807979.685479, -219.0
1574807979.888605, -219.0
1574807980.051769, -219.0
1574807980.221507, -219.0
1574807980.374143, -219.0
1574807980.530575, -219.0
1574807980.681662, -219.0
1574807980.836595, -219.0
1574807981.022535, -219.0
1574807981.185177, -219.0
1574807981.376054, -219.0
1574807981.530864, -219.0
1574807981.692297, -219.0
1574807981.845076, -219.0
1574807982.003525, -219.0
1574807982.162495, -219.0
1574807982.320842, -219.0
1574807982.482729, -219.0
1574807982.64051, -219.0
1574807982.805789, -219.0
1574807982.954022, -219.0
1574807983.108913, -219.0
1574807983.281766, -219.0
1574807983.427556, -219.0
1574807983.596821, -219.0
1574807983.757957, -219.0
1574807983.915891, -219.0
1574807984.085876, -219.0
1574807984.236263, -219.0
1574807984.391886, -219.0
1574807984.567216, -219.0
1574807984.729308, -219.0
1574807984.888142, -219.0
1574807985.063278, -219.0
1574807985.234408, -219.0
1574807985.399804, -219.0
1574807985.555172, -219.0
1574807985.714351, -219.0
1574807985.873599, -219.0
1574807986.060007, -219.0
1574807986.219612, -219.0
1574807986.387887, -219.0
1574807986.555614, -219.0
1574807986.713648, -219.0
1574807986.874401, -219.0
1574807987.115924, -219.0
1574807987.290867, -219.0
1574807987.490473, -219.0
1574807987.672926, -219.0
1574807987.836502, -219.0
1574807988.007385, -219.0
1574807988.183792, -219.0
1574807988.353076, -219.0
1574807988.535923, -219.0
1574807988.693104, -219.0
1574807988.870179, -219.0
1574807989.019635, -219.0
1574807989.19, -219.0
1574807989.366325, -219.0
1574807989.653914, -219.0
1574807989.956637, -219.0
1574807990.271032, -219.0
1574807990.591191, -219.0
1574807990.925713, -219.0
1574807991.212404, -219.0
1574807991.388424, -219.0
1574807991.536228, -219.0
1574807991.697165, -219.0
1574807991.853393, -219.0
1574807992.016421, -219.0
1574807992.17849, -219.0
1574807992.383801, -219.0
1574807992.567874, -219.0
1574807992.783715, -219.0
1574807992.949621, -219.0
1574807993.109223, -219.0
1574807993.278027, -219.0
1574807993.439577, -219.0
1574807993.589183, -219.0
1574807993.757022, -219.0
1574807993.917663, -219.0
1574807994.082306, -219.0
1574807994.228434, -219.0
1574807994.391079, -219.0
1574807994.708277, -219.0
1574807994.901541, -219.0
1574807995.052793, -219.0
1574807995.205204, -218.0
1574807995.384308, -218.0
1574807995.545208, -218.0
1574807995.709682, -218.0
1574807995.863663, -218.0
1574807996.033769, -218.0
1574807996.182081, -218.0
1574807996.327727, -218.0
1574807996.480733, -218.0
1574807996.629703, -218.0
1574807996.792667, -218.0
1574807996.953538, -218.0
1574807997.115964, -218.0
1574807997.285296, -218.0
1574807997.513409, -218.0
1574807997.666532, -218.0
1574807997.814719, -218.0
1574807997.975895, -218.0
1574807998.138001, -218.0
1574807998.296662, -218.0
1574807998.459849, -218.0
1574807998.611555, -218.0
1574807998.765998, -218.0
1574807998.910921, -218.0
1574807999.069202, -218.0
1574807999.223351, -218.0
1574807999.376009, -218.0
1574807999.532439, -218.0
1574807999.69936, -218.0
1574807999.867132, -218.0
1574808000.036186, -218.0
1574808000.208219, -218.0
1574808000.362622, -218.0
1574808000.527016, -218.0
1574808000.680758, -218.0
1574808001.021134, -218.0
1574808001.222584, -218.0
1574808001.437703, -218.0
1574808001.613602, -218.0
1574808001.805061, -218.0
1574808001.981992, -218.0
1574808002.132667, -218.0
1574808002.295977, -218.0
1574808002.466716, -218.0
1574808002.642966, -218.0
1574808002.804623, -218.0
1574808002.957242, -218.0
1574808003.207591, -218.0
1574808003.388848, -218.0
1574808003.614679, -218.0
1574808003.800721, -218.0
1574808003.966507, -218.0
1574808004.135301, -218.0
1574808004.306628, -218.0
1574808004.478082, -218.0
1574808004.633809, -218.0
1574808004.791967, -218.0
1574808004.953017, -218.0
1574808005.120481, -218.0
1574808005.293654, -218.0
1574808005.445844, -218.0
1574808005.618395, -218.0
1574808006.01427, -218.0
1574808006.27847, -218.0
1574808006.480222, -218.0
1574808006.699621, -218.0
1574808006.900115, -218.0
1574808007.119351, -218.0
1574808007.308192, -218.0
1574808007.480598, -218.0
1574808007.634128, -218.0
1574808007.911215, -218.0
1574808008.199285, -218.0
1574808008.414463, -218.0
1574808008.618871, -218.0
1574808008.875186, -218.0
1574808009.063308, -218.0
1574808009.398448, -218.0
1574808009.68002, -218.0
1574808009.943405, -218.0
1574808010.144256, -218.0
1574808010.349009, -218.0
1574808010.533411, -218.0
1574808010.698616, -218.0
1574808010.863397, -218.0
1574808011.053673, -218.0
1574808011.245109, -218.0
1574808011.402789, -218.0
1574808011.573515, -218.0
1574808011.749665, -218.0
1574807966.171588, -219.0
1574807966.175684, -219.0
1574807966.485234, -219.0
1574807966.489357, -219.0
1574807966.493369, -219.0
1574807966.497638, -219.0
1574807966.501995, -219.0
1574807966.506195, -219.0
1574807966.510276, -219.0
1574807966.514338, -219.0
1574807966.518366, -219.0
1574807966.522383, -219.0
1574807966.526407, -219.0
1574807966.530423, -219.0
1574807966.854991, -219.0
1574807967.169983, -219.0
1574807967.413716, -219.0
1574807967.670278, -219.0
1574807967.910033, -219.0
1574807968.119942, -219.0
1574807968.361119, -219.0
1574807968.595813, -219.0
1574807968.823492, -219.0
1574807969.048216, -219.0
1574807969.331998, -219.0
1574807969.57635, -219.0
1574807969.799907, -219.0
1574807970.02001, -219.0
1574807970.229011, -219.0
1574807970.43635, -219.0
1574807970.686136, -219.0
1574807970.690335, -219.0
1574807971.026326, -219.0
1574807971.37062, -219.0
1574807971.524491, -219.0
1574807971.691912, -219.0
1574807971.839017, -219.0
1574807971.99778, -219.0
1574807972.155284, -219.0
1574807972.367396, -219.0
1574807972.566766, -219.0
1574807972.747184, -219.0
1574807972.895797, -219.0
1574807973.055044, -219.0
1574807973.229476, -219.0
1574807973.394231, -219.0
1574807973.563217, -219.0
1574807973.719163, -219.0
1574807973.870604, -219.0
1574807974.034565, -219.0
1574807974.189166, -219.0
1574807974.355386, -219.0
1574807974.520811, -219.0
1574807974.675703, -219.0
1574807974.839007, -219.0
1574807974.990822, -219.0
1574807975.172873, -219.0
1574807975.334993, -219.0
1574807975.511262, -219.0
1574807975.672306, -219.0
1574807975.82276, -219.0
1574807975.976995, -219.0
1574807976.132802, -219.0
1574807976.391046, -219.0
1574807976.395586, -219.0
1574807976.704922, -219.0
1574807976.870703, -219.0
1574807977.025292, -219.0
1574807977.21563, -219.0
1574807977.376222, -219.0
1574807977.547671, -219.0
1574807977.717043, -219.0
1574807977.883017, -219.0
1574807978.05953, -219.0
1574807978.216591, -219.0
1574807978.371897, -219.0
1574807978.538155, -219.0
1574807978.871283, -219.0
1574807979.056439, -219.0
1574807979.234436, -219.0
1574807979.386736, -219.0
1574807979.548723, -219.0
1574807979.772623, -219.0
1574807979.93765, -219.0
1574807980.138797, -219.0
1574807980.314263, -219.0
1574807980.483139, -219.0
1574807980.647423, -219.0
1574807980.816831, -219.0
1574807980.981328, -219.0
1574807981.145007, -219.0
1574807981.322865, -219.0
1574807981.471734, -219.0
1574807981.620829, -219.0
1574807981.797607, -219.0
1574807981.944764, -219.0
1574807982.116762, -219.0
1574807982.27633, -219.0
1574807982.432696, -219.0
1574807982.602569, -219.0
1574807982.752938, -219.0
1574807982.915298, -219.0
1574807983.11113, -219.0
1574807983.282239, -219.0
1574807983.451671, -219.0
1574807983.627441, -219.0
1574807983.806962, -219.0
1574807983.970156, -219.0
1574807984.137246, -219.0
1574807984.296675, -219.0
1574807984.459557, -219.0
1574807984.638449, -219.0
1574807984.801531, -219.0
1574807984.968365, -219.0
1574807985.143944, -219.0
1574807985.304013, -219.0
1574807985.470906, -219.0
1574807985.653462, -219.0
1574807985.820747, -219.0
1574807985.995712, -219.0
1574807986.174316, -219.0
1574807986.329596, -219.0
1574807986.497361, -219.0
1574807986.663063, -219.0
1574807986.825778, -219.0
1574807987.001605, -219.0
1574807987.156484, -219.0
1574807987.324863, -219.0
1574807987.510845, -219.0
1574807987.687071, -219.0
1574807987.869385, -219.0
1574807988.148114, -219.0
1574807988.468007, -219.0
1574807988.765036, -219.0
1574807989.094208, -219.0
1574807989.425614, -219.0
1574807989.725891, -219.0
1574807989.88977, -219.0
1574807990.053463, -219.0
1574807990.22798, -219.0
1574807990.38024, -219.0
1574807990.553328, -219.0
1574807990.711297, -219.0
1574807990.884187, -219.0
1574807991.061107, -219.0
1574807991.238893, -219.0
1574807991.414464, -219.0
1574807991.574469, -219.0
1574807991.732859, -219.0
1574807991.898963, -219.0
1574807992.048879, -219.0
1574807992.259394, -219.0
1574807992.442018, -219.0
1574807992.629866, -219.0
1574807992.801512, -219.0
1574807992.968202, -219.0
1574807993.292086, -219.0
1574807993.454357, -219.0
1574807993.632021, -219.0
1574807993.791081, -219.0
1574807994.073747, -219.0
1574807994.247878, -219.0
1574807994.413156, -219.0
1574807994.583176, -219.0
1574807994.765841, -219.0
1574807994.933325, -219.0
1574807995.100575, -218.0
1574807995.264285, -218.0
1574807995.434469, -218.0
1574807995.599869, -218.0
1574807995.773767, -218.0
1574807995.943446, -218.0
1574807996.125608, -218.0
1574807996.275617, -218.0
1574807996.438831, -218.0
1574807996.602065, -218.0
1574807996.931793, -218.0
1574807997.170583, -218.0
1574807997.341827, -218.0
1574807997.520074, -218.0
1574807997.68635, -218.0
1574807997.856902, -218.0
1574807998.025098, -218.0
1574807998.184256, -218.0
1574807998.328685, -218.0
1574807998.479704, -218.0
1574807998.64845, -218.0
1574807999.03003, -218.0
1574807999.224048, -218.0
1574807999.386551, -218.0
1574807999.565004, -218.0
1574807999.740564, -218.0
1574807999.919226, -218.0
1574808000.127999, -218.0
1574808000.29909, -218.0
1574808000.456178, -218.0
1574808000.613331, -218.0
1574808000.754045, -218.0
1574808000.934798, -218.0
1574808001.093636, -218.0
1574808001.25334, -218.0
1574808001.458038, -218.0
1574808001.622711, -218.0
1574808001.788604, -218.0
1574808001.978336, -218.0
1574808002.150131, -218.0
1574808002.310611, -218.0
1574808002.470418, -218.0
1574808002.658257, -218.0
1574808002.817588, -218.0
1574808002.989242, -218.0
1574808003.148012, -218.0
1574808003.313515, -218.0
1574808003.492336, -218.0
1574808003.659843, -218.0
1574808003.850683, -218.0
1574808004.029059, -218.0
1574808004.201583, -218.0
1574808004.357997, -218.0
1574808004.519802, -218.0
1574808004.681073, -218.0
1574808004.851438, -218.0
1574808005.008357, -218.0
1574808005.167368, -218.0
1574808005.338122, -218.0
1574808005.492169, -218.0
1574808005.652923, -218.0
1574808005.818353, -218.0
1574808006.000272, -218.0
1574808006.160822, -218.0
1574808006.325543, -218.0
1574808006.484745, -218.0
1574808006.667016, -218.0
1574808006.843615, -218.0
1574808007.014676, -218.0
1574808007.189786, -218.0
1574808007.378892, -218.0
1574808007.539232, -218.0
1574808007.710881, -218.0
1574808007.883935, -218.0
1574808008.04758, -218.0
1574808008.224039, -218.0
1574808008.397681, -218.0
1574808008.564027, -218.0
1574808008.817854, -218.0
1574808009.050806, -218.0
1574808009.243827, -218.0
1574808009.453857, -218.0
1574808009.664377, -218.0
1574808009.853795, -218.0
1574808008.395718, -218.0
1574808008.399946, -218.0
1574808008.404066, -218.0
1574808008.408112, -218.0
1574808008.412199, -218.0
1574808008.771499, -218.0
1574808009.112168, -218.0
1574808009.398107, -218.0
1574808009.706862, -218.0
1574808009.99854, -218.0
1574808010.309509, -218.0
1574808010.639476, -218.0
1574808010.968706, -218.0
1574808011.291046, -218.0
1574808011.590875, -218.0
1574808011.901836, -218.0
1574808012.21918, -218.0
1574808012.567034, -218.0
1574808012.941603, -218.0
1574808013.373301, -218.0
1574808013.843951, -218.0
1574808014.2664, -218.0
1574808014.612691, -218.0
1574808014.899951, -218.0
1574808015.200559, -218.0
1574808015.508827, -218.0
1574808015.810372, -218.0
1574808016.118174, -218.0
1574808016.414747, -218.0
1574808016.694481, -218.0
1574808017.003514, -218.0
1574808017.324968, -218.0
1574808017.662935, -218.0
1574808017.974192, -218.0
1574808018.29515, -218.0
1574808018.510561, -218.0
1574808018.796135, -218.0
1574808019.051325, -218.0
1574808019.312907, -218.0
1574808019.609038, -218.0
1574808019.892932, -218.0
1574808020.178659, -218.0
1574808020.511116, -218.0
1574808020.746163, -218.0
1574808020.924319, -218.0
1574808021.153846, -218.0
1574808021.432593, -218.0
1574808021.703784, -218.0
1574808021.928963, -218.0
1574808022.12781, -218.0
1574808022.2936, -218.0
1574808022.445194, -218.0
1574808022.692491, -218.0
1574808022.949117, -218.0
1574808023.106243, -218.0
1574808023.263983, -218.0
1574808023.416981, -218.0
1574808023.568559, -218.0
1574808023.716032, -218.0
1574808023.88371, -218.0
1574808024.031935, -218.0
1574808024.179841, -218.0
1574808024.330548, -218.0
1574808024.491915, -218.0
1574808024.645815, -218.0
1574808024.796567, -218.0
1574808024.947628, -218.0
1574808025.109626, -218.0
1574808025.262796, -218.0
1574808025.407764, -218.0
1574808025.56708, -218.0
1574808025.720608, -218.0
1574808025.883401, -218.0
1574808026.029301, -218.0
1574808026.184098, -218.0
1574808026.347019, -218.0
1574808026.500372, -218.0
1574808026.647902, -218.0
1574808026.802333, -218.0
1574808026.950904, -218.0
1574808027.112475, -218.0
1574808027.272973, -218.0
1574808027.431103, -218.0
1574808027.596134, -218.0
1574808027.74841, -218.0
1574808027.889206, -218.0
1574808028.033395, -218.0
1574808028.176544, -218.0
1574808028.405194, -218.0
1574808028.623867, -218.0
1574808028.983169, -218.0
1574808029.21617, -218.0
1574808029.365129, -218.0
1574808029.523606, -218.0
1574808029.665672, -218.0
1574808029.803256, -218.0
1574808029.954164, -218.0
1574808030.108219, -218.0
1574808030.252073, -218.0
1574808030.403031, -218.0
1574808030.557802, -218.0
1574808030.70908, -218.0
1574808030.870716, -218.0
1574808031.014059, -218.0
1574808031.176117, -218.0
1574808031.313228, -218.0
1574808031.458469, -218.0
1574808031.615628, -218.0
1574808031.769492, -218.0
1574808031.918727, -218.0
1574808032.077789, -218.0
1574808032.21667, -218.0
1574808032.377956, -218.0
1574808032.525157, -218.0
1574808032.675872, -218.0
1574808032.824836, -218.0
1574808032.978412, -218.0
1574808033.131961, -218.0
1574808033.285085, -218.0
1574808033.44045, -218.0
1574808033.589854, -218.0
1574808033.739373, -218.0
1574808033.88831, -218.0
1574808034.035405, -218.0
1574808034.179649, -218.0
1574808034.326263, -218.0
1574808034.482311, -218.0
1574808034.622021, -218.0
1574808034.774053, -218.0
1574808035.031733, -218.0
1574808035.184152, -218.0
1574808035.428174, -218.0
1574808035.581114, -218.0
1574808035.728853, -218.0
1574808035.879893, -218.0
1574808036.034594, -218.0
1574808036.173546, -218.0
1574808036.32104, -218.0
1574808036.473093, -218.0
1574808036.642817, -218.0
1574808036.793351, -218.0
1574808037.047368, -218.0
1574808037.1958, -218.0
1574808037.353603, -218.0
1574808037.515601, -218.0
1574808037.661358, -218.0
1574808037.807148, -218.0
1574808037.965266, -218.0
1574808038.121654, -218.0
1574808038.25965, -218.0
1574808038.401932, -218.0
1574808038.553401, -218.0
1574808038.711777, -218.0
1574808038.857537, -218.0
1574808039.004335, -218.0
1574808039.152177, -218.0
1574808039.313192, -218.0
1574808039.460406, -218.0
1574808039.622945, -218.0
1574808039.780211, -218.0
1574808039.932922, -218.0
1574808040.082101, -218.0
1574808040.23206, -218.0
1574808040.388135, -218.0
1574808040.540192, -218.0
1574808040.695481, -218.0
1574808040.862278, -218.0
1574808041.027915, -218.0
1574808041.17211, -218.0
1574808041.309892, -218.0
1574808041.456156, -218.0
1574808041.620789, -218.0
1574808041.778733, -218.0
1574808041.933614, -218.0
1574808042.084755, -218.0
1574808042.236847, -218.0
1574808042.391337, -218.0
1574808042.53091, -218.0
1574808042.690318, -218.0
1574808042.834843, -218.0
1574808042.997343, -218.0
1574808043.137533, -218.0
1574808043.292431, -218.0
1574808043.445394, -218.0
1574808043.598527, -218.0
1574808043.734088, -218.0
1574808043.895768, -218.0
1574808044.046831, -218.0
1574808044.195305, -218.0
1574808044.347402, -218.0
1574808044.512788, -218.0
1574808044.671018, -218.0
1574808044.825992, -218.0
1574808044.978308, -218.0
1574808045.132565, -218.0
1574808045.287372, -218.0
1574808045.445841, -218.0
1574808045.594045, -218.0
1574808045.747043, -218.0
1574808045.90294, -218.0
1574808046.052971, -218.0
1574808046.381969, -218.0
1574808046.540188, -218.0
1574808046.698669, -218.0
1574808046.845579, -218.0
1574808046.993837, -218.0
1574808047.14854, -218.0
1574808047.299972, -218.0
1574808047.44337, -218.0
1574808047.584437, -218.0
1574808047.740287, -218.0
1574808047.904834, -218.0
1574808048.05972, -218.0
1574808048.206615, -218.0
1574808048.372376, -218.0
1574808048.523008, -218.0
1574808048.681753, -218.0
1574808048.829354, -218.0
1574808048.980166, -218.0
1574808049.134652, -218.0
1574808049.283809, -218.0
1574808049.416951, -218.0
1574808049.584729, -218.0
1574808049.741445, -218.0
1574808049.888256, -218.0
1574808050.048494, -218.0
1574808050.209456, -218.0
1574808050.364372, -218.0
1574808050.522558, -218.0
1574808050.671888, -218.0
1574808050.876703, -218.0
1574808051.250362, -218.0
1574808051.592235, -218.0
1574808051.81687, -218.0
1574808052.111759, -218.0
1574808052.399302, -218.0
1574808052.629283, -218.0
1574808052.823321, -218.0
1574808053.014015, -218.0
1574808053.199601, -218.0
1574808053.38569, -218.0
1574808053.547242, -218.0
1574808053.885399, -218.0
1574808054.084106, -218.0
1574808054.267734, -218.0
1574808054.571586, -218.0
1574808054.765273, -218.0
1574808055.101734, -218.0
1574808055.466025, -218.0
1574808055.470099, -218.0
1574808010.187983, -218.0
1574808010.192071, -218.0
1574808010.490678, -218.0
1574808010.711959, -218.0
1574808010.915591, -218.0
1574808011.167315, -218.0
1574808011.44261, -218.0
1574808011.775169, -218.0
1574808012.13744, -218.0
1574808012.509612, -218.0
1574808012.855417, -218.0
1574808013.172052, -218.0
1574808013.493787, -218.0
1574808013.826987, -218.0
1574808014.135785, -218.0
1574808014.459492, -218.0
1574808014.811904, -218.0
1574808015.048413, -218.0
1574808015.281974, -218.0
1574808015.505317, -218.0
1574808015.751132, -218.0
1574808016.016415, -218.0
1574808016.332038, -218.0
1574808016.642546, -218.0
1574808016.953144, -218.0
1574808017.252417, -218.0
1574808017.57194, -218.0
1574808017.867493, -218.0
1574808018.200552, -218.0
1574808018.533487, -218.0
1574808018.867681, -218.0
1574808019.193446, -218.0
1574808019.533533, -218.0
1574808019.840087, -218.0
1574808020.144488, -218.0
1574808020.388208, -218.0
1574808020.676915, -218.0
1574808020.950667, -218.0
1574808021.243189, -218.0
1574808021.507016, -218.0
1574808021.773104, -218.0
1574808022.049709, -218.0
1574808022.327144, -218.0
1574808022.615042, -218.0
1574808022.947034, -218.0
1574808023.246569, -218.0
1574808023.568919, -218.0
1574808023.917612, -218.0
1574808024.284993, -218.0
1574808024.601121, -218.0
1574808024.943913, -218.0
1574808025.280791, -218.0
1574808025.626939, -218.0
1574808025.984946, -218.0
1574808026.316494, -218.0
1574808026.522276, -218.0
1574808026.719742, -218.0
1574808026.928828, -218.0
1574808027.147227, -218.0
1574808027.34664, -218.0
1574808027.556584, -218.0
1574808027.761699, -218.0
1574808027.965728, -218.0
1574808028.185271, -218.0
1574808028.399114, -218.0
1574808028.613337, -218.0
1574808028.847884, -218.0
1574808029.069172, -218.0
1574808029.365349, -218.0
1574808029.727903, -218.0
1574808030.109753, -218.0
1574808030.454901, -218.0
1574808030.848142, -218.0
1574808031.220353, -218.0
1574808031.54823, -218.0
1574808031.803101, -218.0
1574808032.038038, -218.0
1574808032.363528, -218.0
1574808032.631995, -218.0
1574808032.900099, -218.0
1574808033.146476, -218.0
1574808033.381277, -218.0
1574808033.612378, -218.0
1574808033.828254, -218.0
1574808034.101591, -218.0
1574808034.327537, -218.0
1574808034.571644, -218.0
1574808034.771903, -218.0
1574808035.074172, -218.0
1574808035.361315, -218.0
1574808035.670504, -218.0
1574808035.98285, -218.0
1574808036.302552, -218.0
1574808036.627799, -218.0
1574808037.001955, -218.0
1574808037.365933, -218.0
1574808037.746661, -218.0
1574808038.114473, -218.0
1574808038.487305, -218.0
1574808038.853397, -218.0
1574808039.239179, -218.0
1574808039.617694, -218.0
1574808039.967712, -218.0
1574808040.231731, -218.0
1574808040.483583, -218.0
1574808040.716073, -218.0
1574808040.975799, -218.0
1574808041.231514, -218.0
1574808041.465373, -218.0
1574808041.696082, -218.0
1574808042.006856, -218.0
1574808042.325903, -218.0
1574808042.658161, -218.0
1574808042.986061, -218.0
1574808043.321801, -218.0
1574808043.648901, -218.0
1574808043.879397, -218.0
1574808044.204494, -218.0
1574808044.493458, -218.0
1574808044.650521, -218.0
1574808044.808253, -218.0
1574808044.958696, -218.0
1574808045.295654, -218.0
1574808045.531302, -218.0
1574808045.899877, -218.0
1574808045.903973, -218.0
1574808045.907973, -218.0
1574808046.312961, -218.0
1574808046.552279, -218.0
1574808046.767076, -218.0
1574808047.006049, -218.0
1574808047.223385, -218.0
1574808047.414932, -218.0
1574808047.73484, -218.0
1574808048.07915, -218.0
1574808048.439826, -218.0
1574808048.785605, -218.0
1574808049.113663, -218.0
1574808049.460399, -218.0
1574808049.818117, -218.0
1574808050.152295, -218.0
1574808050.415787, -218.0
1574808050.709661, -218.0
1574808050.993052, -218.0
1574808051.327675, -218.0
1574808051.656347, -218.0
1574808051.997716, -218.0
1574808052.354106, -218.0
1574808052.683199, -218.0
1574808053.01819, -218.0
1574808053.241631, -218.0
1574808053.453231, -218.0
1574808053.649654, -218.0
1574808053.868708, -218.0
1574808054.056915, -218.0
1574808054.243557, -218.0
1574808054.446618, -218.0
1574808054.64319, -218.0
1574808054.854447, -218.0
1574808055.032547, -218.0
1574808055.219213, -218.0
1574808055.397068, -218.0
1574808055.587545, -218.0
1574808055.781497, -218.0
1574808055.968828, -218.0
1574808056.170025, -218.0
1574808056.360498, -218.0
1574808056.557747, -218.0
1574808056.890364, -218.0
1574808057.252986, -218.0
1574808057.454487, -218.0
1574808057.636551, -218.0
1574808057.891323, -218.0
1574808058.1071, -218.0
1574808058.313516, -218.0
1574808058.549782, -218.0
1574808058.798621, -218.0
1574808059.087285, -218.0
1574808059.352894, -218.0
1574808059.604749, -218.0
1574808059.892469, -218.0
1574808060.170588, -218.0
1574808060.322301, -218.0
1574808060.489652, -218.0
1574808060.678304, -218.0
1574808060.855535, -218.0
1574808061.037859, -218.0
1574808061.198969, -218.0
1574808061.343203, -218.0
1574808061.482349, -218.0
1574808061.651018, -218.0
1574808061.864307, -218.0
1574808062.200475, -218.0
1574808062.527509, -218.0
1574808062.81749, -218.0
1574808063.030544, -218.0
1574808063.272913, -218.0
1574808063.508475, -218.0
1574808063.711979, -218.0
1574808063.869923, -218.0
1574808064.039145, -218.0
1574808064.191042, -218.0
1574808064.406124, -218.0
1574808064.59421, -218.0
1574808064.820115, -218.0
1574808065.038076, -218.0
1574808065.277647, -218.0
1574808065.518508, -218.0
1574808065.778961, -218.0
1574808066.027801, -218.0
1574808066.220669, -218.0
1574808066.381835, -218.0
1574808066.55784, -218.0
1574808066.696753, -218.0
1574808066.861147, -218.0
1574808067.009428, -218.0
1574808067.195577, -218.0
1574808067.344091, -218.0
1574808067.482429, -218.0
1574808067.685193, -218.0
1574808067.840214, -218.0
1574808067.998821, -218.0
1574808068.142514, -218.0
1574808068.304375, -218.0
1574808068.602863, -218.0
1574808068.797886, -218.0
1574808068.981316, -218.0
1574808069.152494, -218.0
1574808069.445117, -218.0
1574808069.662025, -218.0
1574808069.817333, -218.0
1574808069.971154, -218.0
1574808070.124967, -218.0
1574808070.272578, -218.0
1574808070.418984, -218.0
1574808070.423021, -218.0
1574808070.426957, -218.0
1574808070.628656, -218.0
1574808070.812937, -218.0
1574808070.975384, -218.0
1574808071.122746, -218.0
1574808071.275564, -218.0
1574808071.419912, -218.0
1574808071.572543, -218.0
1574808071.7224, -218.0
1574808071.877279, -218.0
1574808072.033502, -218.0
1574808072.190757, -218.0
1574808072.491652, -218.0
1574808072.644804, -218.0
1574808012.078505, -218.0
1574808012.402129, -218.0
1574808012.711247, -218.0
1574808013.046978, -218.0
1574808013.374826, -218.0
1574808013.69598, -218.0
1574808013.922345, -218.0
1574808014.206709, -218.0
1574808014.523177, -218.0
1574808014.831632, -218.0
1574808015.145248, -218.0
1574808015.434084, -218.0
1574808015.757589, -218.0
1574808016.063424, -218.0
1574808016.350578, -218.0
1574808016.65546, -218.0
1574808016.964373, -218.0
1574808017.237984, -218.0
1574808017.537027, -218.0
1574808017.858764, -218.0
1574808018.152043, -218.0
1574808018.320071, -218.0
1574808018.464737, -218.0
1574808018.624751, -218.0
1574808018.784497, -218.0
1574808018.94703, -218.0
1574808019.089079, -218.0
1574808019.247466, -218.0
1574808019.40644, -218.0
1574808019.549818, -218.0
1574808019.699225, -218.0
1574808019.850945, -218.0
1574808019.999294, -218.0
1574808020.150053, -218.0
1574808020.304437, -218.0
1574808020.457854, -218.0
1574808020.621375, -218.0
1574808020.772646, -218.0
1574808020.927166, -218.0
1574808021.072776, -218.0
1574808021.245425, -218.0
1574808021.392069, -218.0
1574808021.544023, -218.0
1574808021.692117, -218.0
1574808021.858945, -218.0
1574808022.011985, -218.0
1574808022.167967, -218.0
1574808022.321452, -218.0
1574808022.488705, -218.0
1574808022.640024, -218.0
1574808022.788567, -218.0
1574808022.946632, -218.0
1574808023.10558, -218.0
1574808023.2653, -218.0
1574808023.415263, -218.0
1574808023.568773, -218.0
1574808023.736415, -218.0
1574808023.886967, -218.0
1574808024.038797, -218.0
1574808024.189819, -218.0
1574808024.342472, -218.0
1574808024.500533, -218.0
1574808024.66486, -218.0
1574808024.819925, -218.0
1574808024.988578, -218.0
1574808025.136499, -218.0
1574808025.281416, -218.0
1574808025.423088, -218.0
1574808025.570102, -218.0
1574808025.724016, -218.0
1574808025.878659, -218.0
1574808026.027675, -218.0
1574808026.177644, -218.0
1574808026.3221, -218.0
1574808026.476368, -218.0
1574808026.639187, -218.0
1574808026.777848, -218.0
1574808026.933792, -218.0
1574808027.088802, -218.0
1574808027.232961, -218.0
1574808027.391588, -218.0
1574808027.543722, -218.0
1574808027.699837, -218.0
1574808027.860357, -218.0
1574808028.007301, -218.0
1574808028.166398, -218.0
1574808028.306172, -218.0
1574808028.448895, -218.0
1574808028.609389, -218.0
1574808028.760521, -218.0
1574808028.914268, -218.0
1574808029.070908, -218.0
1574808029.213106, -218.0
1574808029.371145, -218.0
1574808029.523135, -218.0
1574808029.671264, -218.0
1574808029.823771, -218.0
1574808029.974505, -218.0
1574808030.129322, -218.0
1574808030.277168, -218.0
1574808030.435712, -218.0
1574808030.580551, -218.0
1574808030.732342, -218.0
1574808030.878437, -218.0
1574808031.029003, -218.0
1574808031.170923, -218.0
1574808031.329133, -218.0
1574808031.488391, -218.0
1574808031.644509, -218.0
1574808031.796287, -218.0
1574808031.947617, -218.0
1574808032.095486, -218.0
1574808032.240005, -218.0
1574808032.384268, -218.0
1574808032.54395, -218.0
1574808032.692325, -218.0
1574808032.850226, -218.0
1574808032.987417, -218.0
1574808033.158928, -218.0
1574808033.331315, -218.0
1574808033.510465, -218.0
1574808033.68361, -218.0
1574808033.96757, -218.0
1574808034.131415, -218.0
1574808034.308891, -218.0
1574808034.455061, -218.0
1574808034.619467, -218.0
1574808034.764291, -218.0
1574808034.930867, -218.0
1574808035.090961, -218.0
1574808035.237831, -218.0
1574808035.383354, -218.0
1574808035.542668, -218.0
1574808035.701102, -218.0
1574808035.851998, -218.0
1574808035.998128, -218.0
1574808036.15099, -218.0
1574808036.307554, -218.0
1574808036.45714, -218.0
1574808036.616975, -218.0
1574808036.776589, -218.0
1574808036.924567, -218.0
1574808037.07585, -218.0
1574808037.222664, -218.0
1574808037.381967, -218.0
1574808037.531117, -218.0
1574808037.68997, -218.0
1574808037.853825, -218.0
1574808038.023244, -218.0
1574808038.16521, -218.0
1574808038.30559, -218.0
1574808038.449614, -218.0
1574808038.626283, -218.0
1574808038.781049, -218.0
1574808038.93863, -218.0
1574808039.087811, -218.0
1574808039.244948, -218.0
1574808039.400089, -218.0
1574808039.543896, -218.0
1574808039.700732, -218.0
1574808039.850385, -218.0
1574808040.012509, -218.0
1574808040.156582, -218.0
1574808040.309508, -218.0
1574808040.4657, -218.0
1574808040.616432, -218.0
1574808040.755482, -218.0
1574808040.915442, -218.0
1574808041.070485, -218.0
1574808041.216139, -218.0
1574808041.371863, -218.0
1574808041.53376, -218.0
1574808041.697015, -218.0
1574808041.84968, -218.0
1574808042.005741, -218.0
1574808042.15809, -218.0
1574808042.317835, -218.0
1574808042.474283, -218.0
1574808042.626583, -218.0
1574808042.777837, -218.0
1574808042.938089, -218.0
1574808043.08597, -218.0
1574808043.370246, -218.0
1574808043.527227, -218.0
1574808043.690155, -218.0
1574808043.835532, -218.0
1574808043.987619, -218.0
1574808044.140437, -218.0
1574808044.295107, -218.0
1574808044.437635, -218.0
1574808044.583755, -218.0
1574808044.737203, -218.0
1574808044.907264, -218.0
1574808045.059687, -218.0
1574808045.207605, -218.0
1574808045.367622, -218.0
1574808045.522796, -218.0
1574808045.678277, -218.0
1574808045.827623, -218.0
1574808045.97738, -218.0
1574808046.135823, -218.0
1574808046.290871, -218.0
1574808046.445322, -218.0
1574808046.593879, -218.0
1574808046.74985, -218.0
1574808046.895412, -218.0
1574808047.042285, -218.0
1574808047.186739, -218.0
1574808047.341859, -218.0
1574808047.623342, -218.0
1574808047.627458, -218.0
1574808047.631477, -218.0
1574808048.052766, -218.0
1574808048.276294, -218.0
1574808048.481115, -218.0
1574808048.643943, -218.0
1574808048.981285, -218.0
1574808049.155341, -218.0
1574808049.413605, -218.0
1574808049.63944, -218.0
1574808049.807227, -218.0
1574808049.961609, -218.0
1574808050.119484, -218.0
1574808050.357713, -218.0
1574808050.522032, -218.0
1574808050.67843, -218.0
1574808050.982969, -218.0
1574808051.173329, -218.0
1574808051.350865, -218.0
1574808051.51824, -218.0
1574808051.686157, -218.0
1574808051.830766, -218.0
1574808052.207938, -218.0
1574808052.525403, -218.0
1574808052.744417, -218.0
1574808052.927377, -218.0
1574808053.08437, -218.0
1574808053.314186, -218.0
1574808053.554042, -218.0
1574808053.809114, -218.0
1574808054.036034, -218.0
1574808054.204133, -218.0
1574808054.408052, -218.0
1574808054.656817, -218.0
1574808054.887228, -218.0
1574808055.113028, -218.0
1574808055.334121, -218.0
1574808055.560169, -218.0
1574808055.801589, -218.0
1574808056.044064, -218.0
