1574808849.865057, -156.0
1574808850.981566, -156.0
1574808851.018256, -156.0
1574808851.055579, -156.0
1574808851.089687, -156.0
1574808851.123966, -156.0
1574808851.160417, -156.0
1574808851.198483, -156.0
1574808851.232821, -156.0
1574808851.269944, -156.0
1574808851.307074, -156.0
1574808851.341348, -156.0
1574808851.637817, -156.0
1574808851.672284, -156.0
1574808851.706425, -156.0
1574808851.740938, -156.0
1574808851.77549, -156.0
1574808852.738963, -154.0
1574808853.073157, -154.0
1574808853.721941, -154.0
1574808854.74366, -154.0
1574808855.721556, -154.0
1574808856.498233, -154.0
1574808857.415843, -154.0
1574808858.429233, -154.0
1574808858.4636, -154.0
1574808858.498736, -154.0
1574808858.533106, -154.0
1574808858.567313, -154.0
1574808859.365138, -154.0
1574808860.035818, -154.0
1574808860.58784, -154.0
1574808861.133082, -154.0
1574808861.681674, -154.0
1574808862.088368, -154.0
1574808862.374384, -154.0
1574808862.663607, -154.0
1574808862.702996, -154.0
1574808862.738185, -154.0
1574808862.772765, -154.0
1574808863.196921, -154.0
1574808863.744308, -154.0
1574808864.61288, -154.0
1574808865.511684, -154.0
1574808865.782845, -154.0
1574808866.367301, -154.0
1574808866.986024, -152.0
1574808867.899039, -152.0
1574808867.934068, -152.0
1574808868.210413, -152.0
1574808849.865135, -156.0
1574808850.967532, -156.0
1574808851.001298, -156.0
1574808851.034673, -156.0
1574808851.068271, -156.0
1574808851.103798, -156.0
1574808851.13933, -156.0
1574808851.17307, -156.0
1574808851.214175, -156.0
1574808851.247735, -156.0
1574808851.285807, -156.0
1574808851.319639, -156.0
1574808851.477599, -156.0
1574808851.511776, -156.0
1574808851.545219, -156.0
1574808851.846073, -156.0
1574808851.884961, -156.0
1574808852.04304, -156.0
1574808852.078235, -156.0
1574808852.113622, -156.0
1574808852.148766, -154.0
1574808852.183887, -154.0
1574808852.35121, -154.0
1574808852.504796, -154.0
1574808853.383871, -154.0
1574808854.155943, -154.0
1574808855.259079, -154.0
1574808856.164984, -154.0
1574808857.16132, -154.0
1574808857.832425, -154.0
1574808858.878895, -154.0
1574808859.830881, -154.0
1574808860.579168, -154.0
1574808861.300038, -154.0
1574808862.454538, -154.0
1574808863.436354, -154.0
1574808864.528027, -154.0
1574808865.492392, -154.0
1574808866.502979, -154.0
1574808867.464214, -152.0
1574808868.45603, -152.0
1574808869.421602, -152.0
1574808870.386092, -152.0
1574808871.305169, -152.0
1574808872.286853, -152.0
1574808873.258343, -152.0
1574808874.236552, -152.0
1574808875.203079, -152.0
1574808876.1785, -152.0
1574808877.120032, -152.0
1574808849.868325, -156.0
1574808850.975779, -156.0
1574808851.011701, -156.0
1574808851.046209, -156.0
1574808851.081665, -156.0
1574808851.116993, -156.0
1574808851.15263, -156.0
1574808851.199063, -156.0
1574808851.233824, -156.0
1574808851.268086, -156.0
1574808851.31034, -156.0
1574808851.344787, -156.0
1574808851.774733, -156.0
1574808851.955483, -156.0
1574808851.992301, -156.0
1574808852.028982, -156.0
1574808852.065229, -156.0
1574808852.102493, -156.0
1574808852.138271, -154.0
1574808852.172344, -154.0
1574808852.611146, -154.0
1574808852.645606, -154.0
1574808852.680027, -154.0
1574808852.715265, -154.0
1574808852.750633, -154.0
1574808853.58784, -154.0
1574808853.766148, -154.0
1574808853.802804, -154.0
1574808853.837399, -154.0
1574808853.871483, -154.0
1574808853.908431, -154.0
1574808853.9437, -154.0
1574808853.981683, -154.0
1574808854.208738, -154.0
1574808854.39424, -154.0
1574808854.848379, -154.0
1574808855.455942, -154.0
1574808855.747046, -154.0
1574808855.907165, -154.0
1574808855.941037, -154.0
1574808856.121621, -154.0
1574808856.536156, -154.0
1574808856.821769, -154.0
1574808857.607451, -154.0
1574808857.64232, -154.0
1574808857.807902, -154.0
1574808857.977432, -154.0
1574808858.247403, -154.0
1574808858.406617, -154.0
1574808858.441063, -154.0
1574808849.843916, -156.0
1574808849.861949, -156.0
1574808849.879412, -156.0
1574808849.896938, -156.0
1574808849.914506, -156.0
1574808849.931762, -156.0
1574808849.94904, -156.0
1574808849.966149, -156.0
1574808849.983502, -156.0
1574808850.000993, -156.0
1574808850.01823, -156.0
1574808850.035774, -156.0
1574808850.054211, -156.0
1574808850.07183, -156.0
1574808850.093083, -156.0
1574808850.110624, -156.0
1574808850.128305, -156.0
1574808850.146011, -156.0
1574808850.164008, -156.0
1574808850.184138, -156.0
1574808850.202322, -156.0
1574808850.220998, -156.0
1574808850.239281, -156.0
1574808850.257198, -156.0
1574808850.491889, -156.0
1574808851.104813, -156.0
1574808851.626031, -156.0
1574808852.117415, -154.0
1574808852.644207, -154.0
1574808853.134031, -154.0
1574808853.657546, -154.0
1574808854.06476, -154.0
1574808854.50394, -154.0
1574808854.9694, -154.0
1574808855.394313, -154.0
1574808855.824156, -154.0
1574808856.204698, -154.0
1574808856.626483, -154.0
1574808857.050287, -154.0
1574808857.482276, -154.0
1574808857.748847, -154.0
1574808858.000728, -154.0
1574808858.284716, -154.0
1574808858.555139, -154.0
1574808859.02862, -154.0
1574808859.296674, -154.0
1574808859.72815, -154.0
1574808860.151638, -154.0
1574808860.580991, -154.0
1574808861.028384, -154.0
1574808858.490296, -154.0
1574808858.514456, -154.0
1574808858.536245, -154.0
1574808858.55796, -154.0
1574808858.580686, -154.0
1574808858.602932, -154.0
1574808858.624937, -154.0
1574808858.646442, -154.0
1574808858.668579, -154.0
1574808858.693, -154.0
1574808858.71465, -154.0
1574808858.736002, -154.0
1574808858.758129, -154.0
1574808858.781413, -154.0
1574808858.804129, -154.0
1574808858.82576, -154.0
1574808858.848497, -154.0
1574808858.870536, -154.0
1574808858.894798, -154.0
1574808858.916135, -154.0
1574808858.937995, -154.0
1574808858.959586, -154.0
1574808858.981341, -154.0
1574808859.003777, -154.0
1574808859.025521, -154.0
1574808859.048156, -154.0
1574808859.069801, -154.0
1574808859.095198, -154.0
1574808859.121426, -154.0
1574808859.142894, -154.0
1574808859.164141, -154.0
1574808859.186842, -154.0
1574808859.208492, -154.0
1574808859.229741, -154.0
1574808859.251475, -154.0
1574808859.273445, -154.0
1574808859.296241, -154.0
1574808859.317841, -154.0
1574808859.339586, -154.0
1574808859.361006, -154.0
1574808859.382338, -154.0
1574808859.404407, -154.0
1574808859.425877, -154.0
1574808859.446865, -154.0
1574808859.468308, -154.0
1574808859.492343, -154.0
1574808859.513673, -154.0
1574808859.534815, -154.0
1574808859.556332, -154.0
1574808859.579623, -154.0
1574808859.623715, -154.0
1574808859.645068, -154.0
1574808859.666258, -154.0
1574808859.691823, -154.0
1574808859.715486, -154.0
1574808859.738334, -154.0
1574808859.761077, -154.0
1574808859.786222, -154.0
1574808859.809566, -154.0
1574808859.832646, -154.0
1574808859.855836, -154.0
1574808859.879837, -154.0
1574808860.522866, -154.0
1574808860.679093, -154.0
1574808860.700352, -154.0
1574808860.721723, -154.0
1574808860.745366, -154.0
1574808860.766584, -154.0
1574808860.787934, -154.0
1574808860.809272, -154.0
1574808860.830908, -154.0
1574808860.854529, -154.0
1574808860.882492, -154.0
1574808860.905013, -154.0
1574808860.926486, -154.0
1574808860.947727, -154.0
1574808861.109481, -154.0
1574808861.641242, -154.0
1574808861.965929, -154.0
1574808862.959922, -154.0
1574808863.659582, -154.0
1574808864.170725, -154.0
1574808864.540069, -154.0
1574808864.713213, -154.0
1574808864.969683, -154.0
1574808865.159681, -154.0
1574808865.490937, -154.0
1574808865.512834, -154.0
1574808865.534759, -154.0
1574808865.557353, -154.0
1574808865.579197, -154.0
1574808865.600936, -154.0
1574808865.623195, -154.0
1574808865.644606, -154.0
1574808865.666383, -154.0
1574808865.950292, -154.0
1574808865.972545, -154.0
1574808865.994702, -154.0
1574808866.016479, -154.0
1574808866.039252, -154.0
1574808861.063348, -154.0
1574808861.080397, -154.0
1574808861.097889, -154.0
1574808861.115128, -154.0
1574808861.132649, -154.0
1574808861.149667, -154.0
1574808861.166721, -154.0
1574808861.184441, -154.0
1574808861.201387, -154.0
1574808861.219638, -154.0
1574808861.237486, -154.0
1574808861.254964, -154.0
1574808861.272196, -154.0
1574808861.289704, -154.0
1574808861.307209, -154.0
1574808861.324079, -154.0
1574808861.341432, -154.0
1574808861.358698, -154.0
1574808861.376919, -154.0
1574808861.395212, -154.0
1574808861.412889, -154.0
1574808861.430699, -154.0
1574808861.448309, -154.0
1574808861.466298, -154.0
1574808861.825863, -154.0
1574808862.19515, -154.0
1574808862.212621, -154.0
1574808862.229865, -154.0
1574808862.24702, -154.0
1574808862.264412, -154.0
1574808862.281491, -154.0
1574808862.298967, -154.0
1574808862.559293, -154.0
1574808862.695562, -154.0
1574808862.712829, -154.0
1574808862.729758, -154.0
1574808862.746906, -154.0
1574808862.764036, -154.0
1574808862.781257, -154.0
1574808862.798916, -154.0
1574808862.816475, -154.0
1574808862.833529, -154.0
1574808862.850896, -154.0
1574808862.867931, -154.0
1574808862.886929, -154.0
1574808862.903964, -154.0
1574808862.921197, -154.0
1574808862.938452, -154.0
1574808862.955363, -154.0
1574808862.972342, -154.0
1574808863.010147, -154.0
1574808863.028013, -154.0
1574808863.045435, -154.0
1574808863.063727, -154.0
1574808863.083181, -154.0
1574808863.101145, -154.0
1574808863.119547, -154.0
1574808863.137703, -154.0
1574808863.155013, -154.0
1574808863.172178, -154.0
1574808863.192017, -154.0
1574808863.209683, -154.0
1574808863.227579, -154.0
1574808863.245354, -154.0
1574808863.263749, -154.0
1574808863.286564, -154.0
1574808863.303705, -154.0
1574808863.321101, -154.0
1574808863.338167, -154.0
1574808863.355341, -154.0
1574808863.372325, -154.0
1574808863.391661, -154.0
1574808863.409192, -154.0
1574808863.426154, -154.0
1574808863.443379, -154.0
1574808863.46134, -154.0
1574808863.481129, -154.0
1574808863.499224, -154.0
1574808863.517079, -154.0
1574808863.535462, -154.0
1574808863.552932, -154.0
1574808863.570141, -154.0
1574808863.589139, -154.0
1574808863.606178, -154.0
1574808863.836908, -154.0
1574808863.867348, -154.0
1574808863.887346, -154.0
1574808863.908631, -154.0
1574808863.927918, -154.0
1574808863.94842, -154.0
1574808863.968598, -154.0
1574808863.988452, -154.0
1574808864.010097, -154.0
1574808864.030322, -154.0
1574808864.050161, -154.0
1574808864.06913, -154.0
1574808864.087905, -154.0
1574808864.106082, -154.0
1574808864.124497, -154.0
1574808864.454856, -154.0
1574808864.489735, -154.0
1574808864.634962, -154.0
1574808864.652075, -154.0
1574808864.669038, -154.0
1574808864.68614, -154.0
1574808864.705171, -154.0
1574808864.722204, -154.0
1574808864.739461, -154.0
1574808864.756519, -154.0
1574808864.773767, -154.0
1574808864.933227, -154.0
1574808865.072476, -154.0
1574808865.09575, -154.0
1574808865.238544, -154.0
1574808865.255807, -154.0
1574808865.272945, -154.0
1574808865.291815, -154.0
1574808865.308974, -154.0
1574808865.326031, -154.0
1574808865.46555, -154.0
1574808865.979771, -154.0
1574808866.486273, -154.0
1574808866.892353, -152.0
1574808867.177975, -152.0
1574808867.471414, -152.0
1574808867.756478, -152.0
1574808868.056317, -152.0
1574808868.353406, -152.0
1574808868.647707, -152.0
1574808868.940227, -152.0
1574808869.233051, -152.0
1574808869.528982, -152.0
1574808869.81838, -152.0
1574808870.097515, -152.0
1574808870.386726, -152.0
1574808870.690079, -152.0
1574808870.987994, -152.0
1574808871.291148, -152.0
1574808871.593669, -152.0
1574808871.893499, -152.0
1574808872.206696, -152.0
1574808872.502839, -152.0
1574808872.802115, -152.0
1574808873.108942, -152.0
1574808873.414245, -152.0
1574808873.70701, -152.0
1574808874.005235, -152.0
1574808874.295411, -152.0
1574808874.596294, -152.0
1574808874.872879, -152.0
1574808879.366481, -152.0
1574808879.373595, -152.0
1574808879.378273, -152.0
1574808879.382837, -152.0
1574808879.387682, -152.0
1574808879.392196, -152.0
1574808879.396736, -152.0
1574808879.401492, -152.0
1574808879.409228, -152.0
1574808879.516063, -152.0
1574808879.606793, -152.0
1574808879.700347, -152.0
1574808879.783197, -152.0
1574808879.864158, -152.0
1574808879.952617, -152.0
1574808880.043772, -152.0
1574808880.14137, -152.0
1574808880.232418, -152.0
1574808880.30699, -152.0
1574808880.379322, -152.0
1574808880.45988, -152.0
1574808880.540242, -152.0
1574808880.613291, -152.0
1574808880.689662, -152.0
1574808880.76556, -152.0
1574808880.842096, -152.0
1574808880.914394, -152.0
1574808880.98969, -152.0
1574808881.062936, -152.0
1574808881.143672, -152.0
1574808881.215371, -152.0
1574808881.344396, -152.0
1574808881.421879, -152.0
1574808881.521885, -152.0
1574808881.606131, -152.0
1574808881.712496, -152.0
1574808881.790586, -152.0
1574808881.862439, -152.0
1574808881.941576, -152.0
1574808882.07342, -152.0
1574808882.198166, -152.0
1574808882.329775, -152.0
1574808882.460802, -152.0
1574808882.601237, -152.0
1574808882.732041, -152.0
1574808882.86559, -152.0
1574808883.00181, -152.0
1574808883.142202, -152.0
1574808883.276566, -152.0
1574808883.415682, -152.0
1574808883.54549, -152.0
1574808883.622996, -152.0
1574808883.706615, -152.0
1574808883.786519, -152.0
1574808883.859188, -152.0
1574808883.932984, -152.0
1574808884.012459, -152.0
1574808884.093131, -152.0
1574808884.173285, -152.0
1574808884.255609, -152.0
1574808884.338593, -152.0
1574808884.414214, -152.0
1574808884.497714, -152.0
1574808884.628414, -152.0
1574808884.714462, -152.0
1574808884.791955, -152.0
1574808884.867693, -152.0
1574808884.952, -152.0
1574808885.01734, -152.0
1574808885.149721, -152.0
1574808885.282101, -152.0
1574808885.409999, -152.0
1574808885.554635, -152.0
1574808885.690878, -152.0
1574808885.815144, -152.0
1574808885.952022, -152.0
1574808886.094298, -152.0
1574808886.23221, -152.0
1574808886.361524, -152.0
1574808886.471128, -152.0
1574808886.551494, -152.0
1574808886.635626, -152.0
1574808886.744952, -152.0
1574808886.858899, -152.0
1574808886.998807, -152.0
1574808887.126623, -152.0
1574808887.256723, -152.0
1574808887.398222, -152.0
1574808887.523088, -152.0
1574808887.527922, -152.0
1574808887.53242, -152.0
1574808887.53689, -152.0
1574808887.541469, -152.0
1574808887.546021, -152.0
1574808887.55054, -152.0
1574808887.555137, -152.0
1574808887.560094, -152.0
1574808887.564639, -152.0
1574808887.569166, -152.0
1574808887.692624, -152.0
1574808887.771652, -152.0
1574808887.852011, -152.0
1574808887.942282, -152.0
1574808888.020239, -152.0
1574808888.094367, -152.0
1574808888.170229, -152.0
1574808888.252355, -152.0
1574808888.391879, -152.0
1574808888.486507, -152.0
1574808888.56633, -152.0
1574808888.639576, -152.0
1574808888.721225, -152.0
1574808888.797562, -152.0
1574808888.872792, -152.0
1574808888.940358, -152.0
1574808889.01999, -152.0
1574808889.138973, -152.0
1574808889.275383, -152.0
1574808889.403176, -152.0
1574808889.525306, -152.0
1574808889.637955, -152.0
1574808889.724562, -152.0
1574808889.796361, -152.0
1574808889.877149, -152.0
1574808889.952277, -152.0
1574808890.05959, -152.0
1574808890.160193, -152.0
1574808890.260527, -152.0
1574808890.338919, -152.0
1574808890.416895, -152.0
1574808890.531582, -152.0
1574808890.665893, -152.0
1574808890.797787, -152.0
1574808890.93262, -152.0
1574808891.067357, -152.0
1574808891.205504, -152.0
1574808891.337102, -152.0
1574808891.481131, -152.0
1574808891.609421, -152.0
1574808891.704794, -152.0
1574808891.781668, -152.0
1574808891.854199, -152.0
1574808891.934495, -152.0
1574808892.007618, -152.0
1574808892.093062, -152.0
1574808892.170057, -152.0
1574808892.239776, -152.0
1574808892.31286, -152.0
1574808892.395116, -152.0
1574808892.465667, -152.0
1574808892.537935, -152.0
1574808892.617886, -152.0
1574808892.705145, -152.0
1574808892.780211, -152.0
1574808892.860826, -152.0
1574808892.938604, -152.0
1574808893.016687, -152.0
1574808893.094597, -152.0
1574808893.170732, -152.0
1574808893.248776, -152.0
1574808893.334424, -152.0
1574808893.418962, -152.0
1574808893.497428, -152.0
1574808893.576108, -152.0
1574808893.656893, -152.0
1574808893.735802, -152.0
1574808893.81412, -152.0
1574808893.893401, -152.0
1574808893.966798, -152.0
1574808894.043618, -152.0
1574808894.117093, -152.0
1574808894.198788, -152.0
1574808894.277614, -152.0
1574808894.362821, -152.0
1574808894.442318, -152.0
1574808894.527707, -152.0
1574808894.61175, -152.0
1574808894.683, -152.0
1574808894.755187, -152.0
1574808894.884011, -152.0
1574808895.05582, -152.0
1574808895.277293, -152.0
1574808895.45472, -152.0
1574808895.700073, -152.0
1574808895.856714, -152.0
1574808895.95441, -152.0
1574808896.069349, -152.0
1574808896.21829, -152.0
1574808896.363739, -152.0
1574808896.490213, -152.0
1574808896.601245, -152.0
1574808896.713519, -152.0
1574808896.830564, -152.0
1574808896.940371, -152.0
1574808897.044185, -152.0
1574808897.163168, -152.0
1574808897.28742, -152.0
1574808897.403164, -152.0
1574808897.527923, -152.0
1574808897.688403, -152.0
1574808897.816076, -152.0
1574808897.946137, -152.0
1574808898.083612, -152.0
1574808898.206055, -152.0
1574808898.334149, -152.0
1574808898.481842, -152.0
1574808898.621747, -152.0
1574808898.752156, -152.0
1574808898.890897, -152.0
1574808899.032291, -152.0
1574808899.201717, -152.0
1574808899.33641, -152.0
1574808899.463253, -152.0
1574808899.558011, -152.0
1574808899.636962, -152.0
1574808899.707208, -152.0
1574808899.776086, -152.0
1574808899.85058, -152.0
1574808899.929111, -152.0
1574808900.005333, -152.0
1574808900.086782, -152.0
1574808900.161445, -152.0
1574808900.237826, -152.0
1574808900.310593, -152.0
1574808900.386316, -152.0
1574808900.466133, -152.0
1574808900.549199, -152.0
1574808900.624537, -152.0
1574808900.702164, -152.0
1574808900.77471, -152.0
1574808900.855863, -152.0
1574808900.932308, -152.0
1574808901.011616, -152.0
1574808901.091193, -152.0
1574808901.170913, -152.0
1574808901.28489, -152.0
1574808901.40933, -152.0
1574808901.542812, -152.0
1574808901.669041, -152.0
1574808901.807441, -152.0
1574808901.898127, -152.0
1574808901.98931, -152.0
1574808902.089308, -152.0
1574808902.17836, -151.0
1574808902.253845, -151.0
1574808902.33848, -151.0
1574808902.410794, -151.0
1574808902.489163, -151.0
1574808902.561594, -151.0
1574808902.637752, -151.0
1574808879.491453, -152.0
1574808879.617741, -152.0
1574808879.785169, -152.0
1574808879.790188, -152.0
1574808879.794879, -152.0
1574808879.799705, -152.0
1574808879.943141, -152.0
1574808880.0616, -152.0
1574808880.179471, -152.0
1574808880.300008, -152.0
1574808880.414642, -152.0
1574808880.504173, -152.0
1574808880.586568, -152.0
1574808880.667312, -152.0
1574808880.758211, -152.0
1574808880.845887, -152.0
1574808880.94427, -152.0
1574808881.059502, -152.0
1574808881.183067, -152.0
1574808881.301427, -152.0
1574808881.422267, -152.0
1574808881.549583, -152.0
1574808881.659674, -152.0
1574808881.77997, -152.0
1574808881.906245, -152.0
1574808882.029415, -152.0
1574808882.147974, -152.0
1574808882.277525, -152.0
1574808882.36123, -152.0
1574808882.448054, -152.0
1574808882.531371, -152.0
1574808882.614671, -152.0
1574808882.703117, -152.0
1574808882.784773, -152.0
1574808882.862571, -152.0
1574808882.949228, -152.0
1574808883.036668, -152.0
1574808883.169131, -152.0
1574808883.28111, -152.0
1574808883.399638, -152.0
1574808883.523667, -152.0
1574808883.641167, -152.0
1574808883.725908, -152.0
1574808883.813296, -152.0
1574808883.889368, -152.0
1574808883.969038, -152.0
1574808884.061739, -152.0
1574808884.143439, -152.0
1574808884.228481, -152.0
1574808884.316658, -152.0
1574808884.403123, -152.0
1574808884.479633, -152.0
1574808884.5608, -152.0
1574808884.647772, -152.0
1574808884.736472, -152.0
1574808884.820554, -152.0
1574808884.909029, -152.0
1574808884.995856, -152.0
1574808885.077426, -152.0
1574808885.158285, -152.0
1574808885.236478, -152.0
1574808885.311481, -152.0
1574808885.387449, -152.0
1574808885.464469, -152.0
1574808885.545654, -152.0
1574808885.673678, -152.0
1574808885.794111, -152.0
1574808885.912842, -152.0
1574808886.040861, -152.0
1574808886.16491, -152.0
1574808886.293897, -152.0
1574808886.423414, -152.0
1574808886.560764, -152.0
1574808886.681295, -152.0
1574808886.784198, -152.0
1574808886.859023, -152.0
1574808886.938476, -152.0
1574808887.015662, -152.0
1574808887.09155, -152.0
1574808887.164113, -152.0
1574808887.241337, -152.0
1574808887.317666, -152.0
1574808887.39089, -152.0
1574808887.466673, -152.0
1574808887.542816, -152.0
1574808887.619458, -152.0
1574808887.696748, -152.0
1574808887.77162, -152.0
1574808887.850206, -152.0
1574808887.926342, -152.0
1574808888.005765, -152.0
1574808888.082908, -152.0
1574808888.153267, -152.0
1574808888.227226, -152.0
1574808888.302473, -152.0
1574808888.379928, -152.0
1574808888.502618, -152.0
1574808888.576298, -152.0
1574808888.646105, -152.0
1574808888.727732, -152.0
1574808888.794593, -152.0
1574808888.868782, -152.0
1574808888.946512, -152.0
1574808889.023445, -152.0
1574808889.123298, -152.0
1574808889.202104, -152.0
1574808889.273607, -152.0
1574808889.348618, -152.0
1574808889.458186, -152.0
1574808889.538785, -152.0
1574808889.617961, -152.0
1574808889.689279, -152.0
1574808889.763069, -152.0
1574808889.842431, -152.0
1574808889.920858, -152.0
1574808889.9997, -152.0
1574808890.079748, -152.0
1574808890.14687, -152.0
1574808890.219502, -152.0
1574808890.295083, -152.0
1574808890.375977, -152.0
1574808890.451948, -152.0
1574808890.532432, -152.0
1574808890.611088, -152.0
1574808890.692449, -152.0
1574808890.763966, -152.0
1574808890.838087, -152.0
1574808890.907574, -152.0
1574808890.982285, -152.0
1574808891.05976, -152.0
1574808891.139671, -152.0
1574808891.21725, -152.0
1574808891.291655, -152.0
1574808891.37251, -152.0
1574808891.460649, -152.0
1574808891.544698, -152.0
1574808891.617701, -152.0
1574808891.702451, -152.0
1574808891.780027, -152.0
1574808891.864597, -152.0
1574808891.943995, -152.0
1574808892.02231, -152.0
1574808892.100651, -152.0
1574808892.177251, -152.0
1574808892.256056, -152.0
1574808892.334747, -152.0
1574808892.415011, -152.0
1574808892.49109, -152.0
1574808892.568747, -152.0
1574808892.64704, -152.0
1574808892.724959, -152.0
1574808892.801755, -152.0
1574808892.876688, -152.0
1574808892.949975, -152.0
1574808893.026084, -152.0
1574808893.100145, -152.0
1574808893.180543, -152.0
1574808893.260167, -152.0
1574808893.345909, -152.0
1574808893.425023, -152.0
1574808893.505422, -152.0
1574808893.580613, -152.0
1574808893.660218, -152.0
1574808893.742119, -152.0
1574808893.815996, -152.0
1574808893.899867, -152.0
1574808893.978792, -152.0
1574808894.060318, -152.0
1574808894.141563, -152.0
1574808894.323318, -152.0
1574808894.463422, -152.0
1574808894.609847, -152.0
1574808894.684907, -152.0
1574808894.764302, -152.0
1574808894.846774, -152.0
1574808894.927478, -152.0
1574808895.015432, -152.0
1574808895.108065, -152.0
1574808895.180204, -152.0
1574808895.266177, -152.0
1574808895.342769, -152.0
1574808895.48318, -152.0
1574808895.648277, -152.0
1574808895.794465, -152.0
1574808895.924091, -152.0
1574808896.179873, -152.0
1574808896.256362, -152.0
1574808896.428616, -152.0
1574808896.586874, -152.0
1574808896.743149, -152.0
1574808896.899652, -152.0
1574808896.995652, -152.0
1574808897.07007, -152.0
1574808897.184145, -152.0
1574808897.274561, -152.0
1574808897.434236, -152.0
1574808897.580832, -152.0
1574808897.663616, -152.0
1574808897.736009, -152.0
1574808897.817338, -152.0
1574808897.88994, -152.0
1574808897.957492, -152.0
1574808898.032376, -152.0
1574808898.113828, -152.0
1574808898.190953, -152.0
1574808898.271306, -152.0
1574808898.347362, -152.0
1574808898.423802, -152.0
1574808898.496136, -152.0
1574808898.573567, -152.0
1574808898.652979, -152.0
1574808898.732508, -152.0
1574808898.809162, -152.0
1574808898.88884, -152.0
1574808898.959081, -152.0
1574808899.040633, -152.0
1574808899.119598, -152.0
1574808899.199483, -152.0
1574808899.283275, -152.0
1574808899.36175, -152.0
1574808899.448421, -152.0
1574808899.533253, -152.0
1574808899.603959, -152.0
1574808899.680906, -152.0
1574808899.754292, -152.0
1574808899.835641, -152.0
1574808899.93075, -152.0
1574808900.010205, -152.0
1574808900.08211, -152.0
1574808900.17347, -152.0
1574808900.288629, -152.0
1574808900.380295, -152.0
1574808900.466331, -152.0
1574808900.541959, -152.0
1574808900.628045, -152.0
1574808900.703253, -152.0
1574808900.780177, -152.0
1574808900.861339, -152.0
1574808900.936518, -152.0
1574808901.016178, -152.0
1574808901.106849, -152.0
1574808901.180372, -152.0
1574808901.255276, -152.0
1574808901.336382, -152.0
1574808901.413573, -152.0
1574808901.497452, -152.0
1574808901.578925, -152.0
1574808901.654536, -152.0
1574808901.73591, -152.0
1574808901.807191, -152.0
1574808879.511956, -152.0
1574808879.517, -152.0
1574808879.521989, -152.0
1574808879.526531, -152.0
1574808879.531098, -152.0
1574808879.535626, -152.0
1574808879.540386, -152.0
1574808879.54491, -152.0
1574808879.655191, -152.0
1574808879.781176, -152.0
1574808879.950482, -152.0
1574808880.131238, -152.0
1574808880.220424, -152.0
1574808880.296602, -152.0
1574808880.430793, -152.0
1574808880.596011, -152.0
1574808880.772064, -152.0
1574808880.932424, -152.0
1574808881.068414, -152.0
1574808881.198552, -152.0
1574808881.322829, -152.0
1574808881.462666, -152.0
1574808881.600337, -152.0
1574808881.605243, -152.0
1574808881.610038, -152.0
1574808881.614709, -152.0
1574808881.61935, -152.0
1574808881.623992, -152.0
1574808881.764185, -152.0
1574808881.834801, -152.0
1574808881.912543, -152.0
1574808881.985451, -152.0
1574808882.067891, -152.0
1574808882.143784, -152.0
1574808882.221572, -152.0
1574808882.298552, -152.0
1574808882.379959, -152.0
1574808882.455427, -152.0
1574808882.532274, -152.0
1574808882.616559, -152.0
1574808882.744134, -152.0
1574808882.868827, -152.0
1574808882.990541, -152.0
1574808883.124298, -152.0
1574808883.246174, -152.0
1574808883.374592, -152.0
1574808883.455661, -152.0
1574808883.529081, -152.0
1574808883.599671, -152.0
1574808883.676172, -152.0
1574808883.749664, -152.0
1574808883.884379, -152.0
1574808883.952298, -152.0
1574808884.028091, -152.0
1574808884.113341, -152.0
1574808884.184995, -152.0
1574808884.263498, -152.0
1574808884.339099, -152.0
1574808884.411875, -152.0
1574808884.49016, -152.0
1574808884.565605, -152.0
1574808884.646553, -152.0
1574808884.727288, -152.0
1574808884.806031, -152.0
1574808884.882401, -152.0
1574808884.964676, -152.0
1574808885.046013, -152.0
1574808885.115714, -152.0
1574808885.191548, -152.0
1574808885.268791, -152.0
1574808885.345879, -152.0
1574808885.420683, -152.0
1574808885.501211, -152.0
1574808885.599458, -152.0
1574808885.673693, -152.0
1574808885.749585, -152.0
1574808885.882473, -152.0
1574808886.018666, -152.0
1574808886.142212, -152.0
1574808886.273006, -152.0
1574808886.40272, -152.0
1574808886.524011, -152.0
1574808886.658899, -152.0
1574808886.794629, -152.0
1574808886.873039, -152.0
1574808886.944, -152.0
1574808887.022307, -152.0
1574808887.09618, -152.0
1574808887.172796, -152.0
1574808887.24779, -152.0
1574808887.322355, -152.0
1574808887.398394, -152.0
1574808887.476279, -152.0
1574808887.551216, -152.0
1574808887.629453, -152.0
1574808887.705348, -152.0
1574808887.783792, -152.0
1574808887.859068, -152.0
1574808887.940399, -152.0
1574808888.015412, -152.0
1574808888.088771, -152.0
1574808888.163908, -152.0
1574808888.244556, -152.0
1574808888.31977, -152.0
1574808888.397779, -152.0
1574808888.47711, -152.0
1574808888.550388, -152.0
1574808888.623133, -152.0
1574808888.700155, -152.0
1574808888.803644, -152.0
1574808888.882349, -152.0
1574808889.014211, -152.0
1574808889.098926, -152.0
1574808889.173989, -152.0
1574808889.260881, -152.0
1574808889.337512, -152.0
1574808889.419149, -152.0
1574808889.503056, -152.0
1574808889.5852, -152.0
1574808889.660421, -152.0
1574808889.743773, -152.0
1574808889.819478, -152.0
1574808889.894557, -152.0
1574808889.965606, -152.0
1574808890.042107, -152.0
1574808890.116923, -152.0
1574808890.194801, -152.0
1574808890.282293, -152.0
1574808890.35647, -152.0
1574808890.429742, -152.0
1574808890.512226, -152.0
1574808890.585103, -152.0
1574808890.659624, -152.0
1574808890.737422, -152.0
1574808890.816298, -152.0
1574808890.901005, -152.0
1574808890.975192, -152.0
1574808891.041572, -152.0
1574808891.118271, -152.0
1574808891.186909, -152.0
1574808891.25731, -152.0
1574808891.340145, -152.0
1574808891.412288, -152.0
1574808891.491435, -152.0
1574808891.571615, -152.0
1574808891.651405, -152.0
1574808891.725644, -152.0
1574808891.806736, -152.0
1574808891.88411, -152.0
1574808891.961546, -152.0
1574808892.038917, -152.0
1574808892.121686, -152.0
1574808892.20067, -152.0
1574808892.282069, -152.0
1574808892.363964, -152.0
1574808892.441834, -152.0
1574808892.521685, -152.0
1574808892.600901, -152.0
1574808892.685893, -152.0
1574808892.763684, -152.0
1574808892.840839, -152.0
1574808892.91638, -152.0
1574808892.993476, -152.0
1574808893.067099, -152.0
1574808893.148833, -152.0
1574808893.227073, -152.0
1574808893.317281, -152.0
1574808893.393312, -152.0
1574808893.475758, -152.0
1574808893.553721, -152.0
1574808893.624313, -152.0
1574808893.702787, -152.0
1574808893.7806, -152.0
1574808893.862813, -152.0
1574808893.945883, -152.0
1574808894.019438, -152.0
1574808894.104105, -152.0
1574808894.178343, -152.0
1574808894.25401, -152.0
1574808894.32962, -152.0
1574808894.476905, -152.0
1574808894.555879, -152.0
1574808894.69819, -152.0
1574808894.838045, -152.0
1574808894.990733, -152.0
1574808895.064453, -152.0
1574808895.172872, -152.0
1574808895.367125, -152.0
1574808895.444634, -152.0
1574808895.536878, -152.0
1574808895.606784, -152.0
1574808895.732242, -152.0
1574808895.841798, -152.0
1574808895.929942, -152.0
1574808896.008024, -152.0
1574808896.086816, -152.0
1574808896.182134, -152.0
1574808896.252209, -152.0
1574808896.328311, -152.0
1574808896.407883, -152.0
1574808896.519408, -152.0
1574808896.58928, -152.0
1574808896.702477, -152.0
1574808896.812703, -152.0
1574808896.916227, -152.0
1574808897.105254, -152.0
1574808897.260576, -152.0
1574808897.42137, -152.0
1574808897.575283, -152.0
1574808897.710221, -152.0
1574808897.817187, -152.0
1574808897.928425, -152.0
1574808898.038522, -152.0
1574808898.167441, -152.0
1574808898.275976, -152.0
1574808898.37443, -152.0
1574808898.472274, -152.0
1574808898.56711, -152.0
1574808898.68908, -152.0
1574808898.821893, -152.0
1574808898.930391, -152.0
1574808899.02871, -152.0
1574808899.140227, -152.0
1574808899.230205, -152.0
1574808899.333682, -152.0
1574808899.42536, -152.0
1574808899.555601, -152.0
1574808899.674107, -152.0
1574808899.796295, -152.0
1574808899.919668, -152.0
1574808900.04374, -152.0
1574808900.166497, -152.0
1574808900.284716, -152.0
1574808900.381417, -152.0
1574808900.476247, -152.0
1574808900.568814, -152.0
1574808900.675869, -152.0
1574808900.793782, -152.0
1574808900.905675, -152.0
1574808900.99716, -152.0
1574808901.081715, -152.0
1574808901.158944, -152.0
1574808901.231957, -152.0
1574808901.310196, -152.0
1574808901.382338, -152.0
1574808901.458659, -152.0
1574808901.532447, -152.0
1574808901.60583, -152.0
1574808901.690766, -152.0
1574808901.769661, -152.0
1574808879.501985, -152.0
1574808879.624164, -152.0
1574808879.628742, -152.0
1574808879.633438, -152.0
1574808879.637987, -152.0
1574808879.642475, -152.0
1574808879.647078, -152.0
1574808879.6518, -152.0
1574808879.656574, -152.0
1574808879.661083, -152.0
1574808879.771767, -152.0
1574808879.871897, -152.0
1574808879.954761, -152.0
1574808880.077215, -152.0
1574808880.197515, -152.0
1574808880.323614, -152.0
1574808880.449649, -152.0
1574808880.521894, -152.0
1574808880.592289, -152.0
1574808880.674022, -152.0
1574808880.754386, -152.0
1574808880.825564, -152.0
1574808880.900707, -152.0
1574808880.976528, -152.0
1574808881.054194, -152.0
1574808881.1271, -152.0
1574808881.201953, -152.0
1574808881.274298, -152.0
1574808881.354311, -152.0
1574808881.425182, -152.0
1574808881.550574, -152.0
1574808881.627389, -152.0
1574808881.713367, -152.0
1574808881.786273, -152.0
1574808881.865232, -152.0
1574808881.957362, -152.0
1574808882.032798, -152.0
1574808882.107041, -152.0
1574808882.18891, -152.0
1574808882.265169, -152.0
1574808882.340701, -152.0
1574808882.414425, -152.0
1574808882.496285, -152.0
1574808882.571105, -152.0
1574808882.643469, -152.0
1574808882.72016, -152.0
1574808882.801911, -152.0
1574808882.88011, -152.0
1574808882.952317, -152.0
1574808883.026847, -152.0
1574808883.105334, -152.0
1574808883.176375, -152.0
1574808883.256812, -152.0
1574808883.331301, -152.0
1574808883.404219, -152.0
1574808883.482465, -152.0
1574808883.558694, -152.0
1574808883.642217, -152.0
1574808883.729356, -152.0
1574808883.80555, -152.0
1574808883.881917, -152.0
1574808883.960577, -152.0
1574808884.038789, -152.0
1574808884.109057, -152.0
1574808884.185122, -152.0
1574808884.26268, -152.0
1574808884.345963, -152.0
1574808884.420689, -152.0
1574808884.497402, -152.0
1574808884.575121, -152.0
1574808884.646475, -152.0
1574808884.722095, -152.0
1574808884.795775, -152.0
1574808884.872163, -152.0
1574808884.945274, -152.0
1574808885.019376, -152.0
1574808885.09569, -152.0
1574808885.173427, -152.0
1574808885.251676, -152.0
1574808885.328653, -152.0
1574808885.400502, -152.0
1574808885.474698, -152.0
1574808885.553548, -152.0
1574808885.627592, -152.0
1574808885.699586, -152.0
1574808885.77563, -152.0
1574808885.860123, -152.0
1574808885.934301, -152.0
1574808886.01172, -152.0
1574808886.088958, -152.0
1574808886.161642, -152.0
1574808886.243352, -152.0
1574808886.320641, -152.0
1574808886.407883, -152.0
1574808886.479418, -152.0
1574808886.553982, -152.0
1574808886.631503, -152.0
1574808886.711331, -152.0
1574808886.78552, -152.0
1574808886.861512, -152.0
1574808886.944192, -152.0
1574808887.021353, -152.0
1574808887.095314, -152.0
1574808887.179892, -152.0
1574808887.253156, -152.0
1574808887.330506, -152.0
1574808887.40086, -152.0
1574808887.479956, -152.0
1574808887.570847, -152.0
1574808887.650449, -152.0
1574808887.73164, -152.0
1574808887.812567, -152.0
1574808887.921361, -152.0
1574808887.999017, -152.0
1574808888.07428, -152.0
1574808888.146977, -152.0
1574808888.219081, -152.0
1574808888.298168, -152.0
1574808888.3734, -152.0
1574808888.455804, -152.0
1574808888.528836, -152.0
1574808888.610089, -152.0
1574808888.682055, -152.0
1574808888.755028, -152.0
1574808888.83451, -152.0
1574808888.909919, -152.0
1574808888.987889, -152.0
1574808889.065002, -152.0
1574808889.154139, -152.0
1574808889.23156, -152.0
1574808889.307821, -152.0
1574808889.38063, -152.0
1574808889.45206, -152.0
1574808889.530222, -152.0
1574808889.610335, -152.0
1574808889.694478, -152.0
1574808889.768737, -152.0
1574808889.848485, -152.0
1574808889.92555, -152.0
1574808890.002168, -152.0
1574808890.078232, -152.0
1574808890.151766, -152.0
1574808890.233276, -152.0
1574808890.31978, -152.0
1574808890.397396, -152.0
1574808890.469521, -152.0
1574808890.550624, -152.0
1574808890.62799, -152.0
1574808890.728817, -152.0
1574808890.862309, -152.0
1574808891.003556, -152.0
1574808891.138026, -152.0
1574808891.264402, -152.0
1574808891.39419, -152.0
1574808891.514389, -152.0
1574808891.587529, -152.0
1574808891.708012, -152.0
1574808891.838949, -152.0
1574808891.966868, -152.0
1574808892.097017, -152.0
1574808892.221501, -152.0
1574808892.347709, -152.0
1574808892.483557, -152.0
1574808892.629925, -152.0
1574808892.757494, -152.0
1574808892.895537, -152.0
1574808893.028376, -152.0
1574808893.160802, -152.0
1574808893.297026, -152.0
1574808893.429749, -152.0
1574808893.505041, -152.0
1574808893.581336, -152.0
1574808893.65233, -152.0
1574808893.736258, -152.0
1574808893.815137, -152.0
1574808893.89235, -152.0
1574808893.969442, -152.0
1574808894.03997, -152.0
1574808894.172466, -152.0
1574808894.273291, -152.0
1574808894.35394, -152.0
1574808894.470851, -152.0
1574808894.571386, -152.0
1574808894.704627, -152.0
1574808894.859819, -152.0
1574808895.022979, -152.0
1574808895.136928, -152.0
1574808895.216383, -152.0
1574808895.377969, -152.0
1574808895.543912, -152.0
1574808895.625299, -152.0
1574808895.713598, -152.0
1574808895.806227, -152.0
1574808895.921528, -152.0
1574808896.005637, -152.0
1574808896.078938, -152.0
1574808896.153574, -152.0
1574808896.229596, -152.0
1574808896.407207, -152.0
1574808896.645499, -152.0
1574808896.92365, -152.0
1574808897.094272, -152.0
1574808897.230969, -152.0
1574808897.346449, -152.0
1574808897.435321, -152.0
1574808897.515712, -152.0
1574808897.649212, -152.0
1574808897.765806, -152.0
1574808897.841688, -152.0
1574808897.917662, -152.0
1574808898.041809, -152.0
1574808898.163694, -152.0
1574808898.268225, -152.0
1574808898.369096, -152.0
1574808898.448242, -152.0
1574808898.52293, -152.0
1574808898.599611, -152.0
1574808898.701169, -152.0
1574808898.7902, -152.0
1574808898.870071, -152.0
1574808898.947219, -152.0
1574808899.023921, -152.0
1574808899.103519, -152.0
1574808899.185026, -152.0
1574808899.269853, -152.0
1574808899.352824, -152.0
1574808899.480152, -152.0
1574808899.60716, -152.0
1574808899.726818, -152.0
1574808899.855745, -152.0
1574808899.984488, -152.0
1574808900.102509, -152.0
1574808900.220183, -152.0
1574808900.309923, -152.0
1574808900.394491, -152.0
1574808900.480749, -152.0
1574808900.557271, -152.0
1574808900.637372, -152.0
1574808900.710814, -152.0
1574808900.791188, -152.0
1574808900.864466, -152.0
1574808900.942307, -152.0
1574808901.018295, -152.0
1574808901.096001, -152.0
1574808901.169898, -152.0
1574808901.288595, -152.0
1574808901.419891, -152.0
1574808901.55236, -152.0
1574808901.690324, -152.0
1574808901.82763, -152.0
1574808901.780153, -152.0
1574808901.916234, -152.0
1574808902.01617, -152.0
1574808902.090954, -152.0
1574808902.170612, -151.0
1574808902.248977, -151.0
1574808902.425119, -151.0
1574808902.429979, -151.0
1574808902.434796, -151.0
1574808902.439917, -151.0
1574808902.44457, -151.0
1574808902.449265, -151.0
1574808902.66673, -151.0
1574808902.671819, -151.0
1574808902.748725, -151.0
1574808902.753524, -151.0
1574808902.758504, -151.0
1574808902.864016, -151.0
1574808902.945576, -151.0
1574808903.018297, -151.0
1574808903.099111, -151.0
1574808903.202026, -151.0
1574808903.343765, -151.0
1574808903.498159, -151.0
1574808903.639112, -151.0
1574808903.781563, -151.0
1574808903.92478, -151.0
1574808903.995743, -151.0
1574808904.12795, -151.0
1574808904.273016, -151.0
1574808904.420031, -151.0
1574808904.571654, -151.0
1574808904.71952, -151.0
1574808904.86659, -151.0
1574808905.015607, -151.0
1574808905.168233, -151.0
1574808905.322786, -151.0
1574808905.395863, -151.0
1574808905.47483, -151.0
1574808905.549553, -151.0
1574808905.662567, -151.0
1574808905.752936, -151.0
1574808905.832046, -151.0
1574808905.90592, -151.0
1574808905.979605, -151.0
1574808906.058433, -151.0
1574808906.133189, -151.0
1574808906.210646, -151.0
1574808906.307062, -151.0
1574808906.393262, -151.0
1574808906.478473, -151.0
1574808906.553063, -151.0
1574808906.626265, -151.0
1574808906.703583, -151.0
1574808906.779606, -151.0
1574808906.852945, -151.0
1574808906.936905, -151.0
1574808907.030254, -151.0
1574808907.106772, -151.0
1574808907.186311, -151.0
1574808907.262434, -151.0
1574808907.341205, -151.0
1574808907.41812, -151.0
1574808907.493114, -151.0
1574808907.571166, -151.0
1574808907.647247, -151.0
1574808907.726498, -151.0
1574808907.802989, -151.0
1574808907.876304, -151.0
1574808907.952928, -151.0
1574808908.029128, -151.0
1574808908.103136, -151.0
1574808908.178611, -151.0
1574808908.257453, -151.0
1574808908.335543, -151.0
1574808908.411039, -151.0
1574808908.484887, -151.0
1574808908.564704, -151.0
1574808908.639837, -151.0
1574808908.716589, -151.0
1574808908.791086, -151.0
1574808908.863794, -151.0
1574808908.936368, -151.0
1574808909.012128, -151.0
1574808909.090468, -151.0
1574808909.167141, -151.0
1574808909.239091, -151.0
1574808909.315521, -151.0
1574808909.393608, -151.0
1574808909.464896, -151.0
1574808909.542573, -151.0
1574808909.620148, -151.0
1574808909.692283, -151.0
1574808909.768422, -151.0
1574808909.835811, -151.0
1574808909.909678, -151.0
1574808909.981329, -151.0
1574808910.063415, -151.0
1574808910.152083, -151.0
1574808910.234449, -151.0
1574808910.310274, -151.0
1574808910.383815, -151.0
1574808910.4661, -151.0
1574808910.541849, -151.0
1574808910.623589, -151.0
1574808910.700138, -151.0
1574808910.773395, -151.0
1574808910.848496, -151.0
1574808910.92386, -151.0
1574808911.001466, -151.0
1574808911.081985, -151.0
1574808911.15848, -151.0
1574808911.239022, -151.0
1574808911.322864, -151.0
1574808911.401584, -151.0
1574808911.48123, -151.0
1574808911.554931, -151.0
1574808911.638427, -151.0
1574808911.716163, -151.0
1574808911.796045, -151.0
1574808911.869446, -151.0
1574808911.958664, -151.0
1574808912.035202, -151.0
1574808912.111275, -151.0
1574808912.19139, -151.0
1574808912.269407, -151.0
1574808912.344229, -151.0
1574808912.417533, -151.0
1574808912.498725, -151.0
1574808912.575537, -151.0
1574808912.651907, -151.0
1574808912.72691, -151.0
1574808912.804919, -151.0
1574808912.88727, -151.0
1574808912.971666, -151.0
1574808913.051765, -151.0
1574808913.138418, -151.0
1574808913.22083, -151.0
1574808913.298851, -151.0
1574808913.372812, -151.0
1574808913.445097, -151.0
1574808913.521989, -151.0
1574808913.596265, -151.0
1574808913.667367, -151.0
1574808913.748799, -151.0
1574808913.83098, -151.0
1574808913.909227, -151.0
1574808913.982351, -151.0
1574808914.060138, -151.0
1574808914.140837, -151.0
1574808914.211606, -151.0
1574808914.289285, -151.0
1574808914.36628, -151.0
1574808914.446851, -151.0
1574808914.522902, -151.0
1574808914.600165, -151.0
1574808914.678983, -151.0
1574808914.752792, -151.0
1574808914.83173, -151.0
1574808914.903556, -151.0
1574808914.979071, -151.0
1574808915.058465, -151.0
1574808915.136216, -151.0
1574808915.21034, -151.0
1574808915.286631, -151.0
1574808915.365007, -151.0
1574808915.435806, -151.0
1574808915.51204, -151.0
1574808915.591493, -151.0
1574808915.668585, -151.0
1574808915.794729, -151.0
1574808915.869913, -151.0
1574808915.94828, -151.0
1574808916.026424, -151.0
1574808916.112266, -151.0
1574808916.187986, -151.0
1574808916.256671, -151.0
1574808916.340656, -151.0
1574808916.413956, -151.0
1574808916.48565, -151.0
1574808916.561185, -151.0
1574808916.640479, -151.0
1574808916.744, -151.0
1574808916.816969, -151.0
1574808916.893168, -151.0
1574808916.973341, -151.0
1574808917.05418, -151.0
1574808917.138471, -151.0
1574808917.2145, -151.0
1574808917.289608, -151.0
1574808917.364719, -151.0
1574808917.442652, -151.0
1574808917.515778, -151.0
1574808917.598094, -151.0
1574808917.677156, -151.0
1574808917.757621, -151.0
1574808917.83856, -151.0
1574808917.920983, -151.0
1574808917.997337, -151.0
1574808918.079133, -151.0
1574808918.150915, -151.0
1574808918.227856, -151.0
1574808918.302927, -151.0
1574808918.380203, -151.0
1574808918.457367, -151.0
1574808918.541163, -151.0
1574808918.620857, -151.0
1574808918.692445, -151.0
1574808918.766933, -151.0
1574808918.842291, -151.0
1574808918.914881, -151.0
1574808918.992804, -151.0
1574808919.068208, -151.0
1574808919.149519, -151.0
1574808919.23221, -151.0
1574808919.308941, -151.0
1574808919.387473, -151.0
1574808919.463305, -151.0
1574808919.539857, -151.0
1574808919.615053, -151.0
1574808919.69329, -151.0
1574808919.759214, -151.0
1574808919.836424, -151.0
1574808919.914777, -151.0
1574808919.990707, -151.0
1574808920.074359, -151.0
1574808920.152747, -151.0
1574808920.224127, -151.0
1574808920.300352, -151.0
1574808920.372389, -151.0
1574808920.446009, -151.0
1574808920.521684, -151.0
1574808920.595217, -151.0
1574808920.669979, -151.0
1574808920.746494, -151.0
1574808920.821197, -151.0
1574808920.897193, -151.0
1574808920.97604, -151.0
1574808921.04936, -151.0
1574808921.122241, -151.0
1574808921.197518, -151.0
1574808921.273441, -151.0
1574808921.348494, -151.0
1574808921.416588, -151.0
1574808921.493584, -151.0
1574808921.569346, -151.0
1574808921.647167, -151.0
1574808921.720619, -151.0
1574808921.8011, -151.0
1574808921.87465, -151.0
1574808901.815327, -152.0
1574808901.941378, -152.0
1574808901.945998, -152.0
1574808901.950709, -152.0
1574808901.955493, -152.0
1574808901.959992, -152.0
1574808901.964454, -152.0
1574808901.968963, -152.0
1574808901.973719, -152.0
1574808902.053579, -152.0
1574808902.125334, -151.0
1574808902.202482, -151.0
1574808902.27486, -151.0
1574808902.354313, -151.0
1574808902.427754, -151.0
1574808902.511627, -151.0
1574808902.589607, -151.0
1574808902.664478, -151.0
1574808902.74258, -151.0
1574808902.814839, -151.0
1574808902.89561, -151.0
1574808902.966543, -151.0
1574808903.045582, -151.0
1574808903.118192, -151.0
1574808903.191421, -151.0
1574808903.263869, -151.0
1574808903.340259, -151.0
1574808903.420213, -151.0
1574808903.503497, -151.0
1574808903.575935, -151.0
1574808903.650009, -151.0
1574808903.728368, -151.0
1574808903.80557, -151.0
1574808903.88129, -151.0
1574808903.950454, -151.0
1574808904.033192, -151.0
1574808904.110706, -151.0
1574808904.182663, -151.0
1574808904.260299, -151.0
1574808904.337502, -151.0
1574808904.417243, -151.0
1574808904.497394, -151.0
1574808904.577901, -151.0
1574808904.652831, -151.0
1574808904.737774, -151.0
1574808904.818678, -151.0
1574808904.895912, -151.0
1574808904.969095, -151.0
1574808905.048487, -151.0
1574808905.126012, -151.0
1574808905.202902, -151.0
1574808905.286517, -151.0
1574808905.36461, -151.0
1574808905.442254, -151.0
1574808905.521661, -151.0
1574808905.599072, -151.0
1574808905.672755, -151.0
1574808905.747861, -151.0
1574808905.820552, -151.0
1574808905.897114, -151.0
1574808905.969045, -151.0
1574808906.04623, -151.0
1574808906.113176, -151.0
1574808906.185515, -151.0
1574808906.258217, -151.0
1574808906.359501, -151.0
1574808906.428079, -151.0
1574808906.505062, -151.0
1574808906.586173, -151.0
1574808906.658274, -151.0
1574808906.735059, -151.0
1574808906.809675, -151.0
1574808906.885834, -151.0
1574808906.993626, -151.0
1574808907.083362, -151.0
1574808907.16213, -151.0
1574808907.242505, -151.0
1574808907.313611, -151.0
1574808907.384308, -151.0
1574808907.466898, -151.0
1574808907.541765, -151.0
1574808907.610989, -151.0
1574808907.686056, -151.0
1574808907.75674, -151.0
1574808907.830111, -151.0
1574808907.901092, -151.0
1574808907.973411, -151.0
1574808908.049729, -151.0
1574808908.130273, -151.0
1574808908.20545, -151.0
1574808908.279933, -151.0
1574808908.349552, -151.0
1574808908.4239, -151.0
1574808908.497055, -151.0
1574808908.571121, -151.0
1574808908.649647, -151.0
1574808908.725695, -151.0
1574808908.800319, -151.0
1574808908.872739, -151.0
1574808908.951205, -151.0
1574808909.03086, -151.0
1574808909.107625, -151.0
1574808909.181813, -151.0
1574808909.26072, -151.0
1574808909.339103, -151.0
1574808909.413884, -151.0
1574808909.495867, -151.0
1574808909.572285, -151.0
1574808909.645933, -151.0
1574808909.724539, -151.0
1574808909.801602, -151.0
1574808909.872772, -151.0
1574808909.944492, -151.0
1574808910.024718, -151.0
1574808910.11163, -151.0
1574808910.186837, -151.0
1574808910.264206, -151.0
1574808910.343694, -151.0
1574808910.419389, -151.0
1574808910.497008, -151.0
1574808910.569444, -151.0
1574808910.64263, -151.0
1574808910.726978, -151.0
1574808910.797481, -151.0
1574808910.876285, -151.0
1574808910.948661, -151.0
1574808911.023976, -151.0
1574808911.098033, -151.0
1574808911.170178, -151.0
1574808911.241813, -151.0
1574808911.320876, -151.0
1574808911.393056, -151.0
1574808911.464438, -151.0
1574808911.533309, -151.0
1574808911.604739, -151.0
1574808911.684406, -151.0
1574808911.761913, -151.0
1574808911.833701, -151.0
1574808911.915655, -151.0
1574808911.993516, -151.0
1574808912.062634, -151.0
1574808912.13638, -151.0
1574808912.21052, -151.0
1574808912.286937, -151.0
1574808912.359652, -151.0
1574808912.434988, -151.0
1574808912.515107, -151.0
1574808912.588131, -151.0
1574808912.665989, -151.0
1574808912.736975, -151.0
1574808912.811253, -151.0
1574808912.885254, -151.0
1574808912.960364, -151.0
1574808913.034501, -151.0
1574808913.110461, -151.0
1574808913.185747, -151.0
1574808913.255657, -151.0
1574808913.328882, -151.0
1574808913.406485, -151.0
1574808913.482274, -151.0
1574808913.556684, -151.0
1574808913.631413, -151.0
1574808913.702962, -151.0
1574808913.778348, -151.0
1574808913.85579, -151.0
1574808913.928171, -151.0
1574808913.997731, -151.0
1574808914.076187, -151.0
1574808914.149615, -151.0
1574808914.222602, -151.0
1574808914.302604, -151.0
1574808914.380531, -151.0
1574808914.453733, -151.0
1574808914.522261, -151.0
1574808914.594616, -151.0
1574808914.672837, -151.0
1574808914.750077, -151.0
1574808914.82603, -151.0
1574808914.905364, -151.0
1574808914.976665, -151.0
1574808915.049588, -151.0
1574808915.12515, -151.0
1574808915.196178, -151.0
1574808915.275007, -151.0
1574808915.35062, -151.0
1574808915.429366, -151.0
1574808915.510775, -151.0
1574808915.588018, -151.0
1574808915.662415, -151.0
1574808915.743508, -151.0
1574808915.818221, -151.0
1574808915.895114, -151.0
1574808915.968325, -151.0
1574808916.046293, -151.0
1574808916.129819, -151.0
1574808916.208594, -151.0
1574808916.286857, -151.0
1574808916.359188, -151.0
1574808916.432017, -151.0
1574808916.50572, -151.0
1574808916.575584, -151.0
1574808916.65114, -151.0
1574808916.728985, -151.0
1574808916.805615, -151.0
1574808916.884116, -151.0
1574808916.959017, -151.0
1574808917.037727, -151.0
1574808917.114384, -151.0
1574808917.189082, -151.0
1574808917.262692, -151.0
1574808917.339537, -151.0
1574808917.404126, -151.0
1574808917.481782, -151.0
1574808917.557177, -151.0
1574808917.632696, -151.0
1574808917.71315, -151.0
1574808917.787768, -151.0
1574808917.858306, -151.0
1574808917.933355, -151.0
1574808918.003859, -151.0
1574808918.077659, -151.0
1574808918.152482, -151.0
1574808918.226463, -151.0
1574808918.301322, -151.0
1574808918.378923, -151.0
1574808918.454244, -151.0
1574808918.530683, -151.0
1574808918.611019, -151.0
1574808918.683654, -151.0
1574808918.757344, -151.0
1574808918.833859, -151.0
1574808918.909445, -151.0
1574808918.984364, -151.0
1574808919.052267, -151.0
1574808919.129699, -151.0
1574808919.205744, -151.0
1574808919.284352, -151.0
1574808919.361136, -151.0
1574808919.444318, -151.0
1574808919.519011, -151.0
1574808919.586551, -151.0
1574808919.661875, -151.0
1574808919.740819, -151.0
1574808919.818566, -151.0
1574808919.888102, -151.0
1574808919.962365, -151.0
1574808920.039764, -151.0
1574808920.113605, -151.0
1574808920.187376, -151.0
1574808920.265716, -151.0
1574808901.83736, -152.0
1574808901.842037, -152.0
1574808901.964765, -152.0
1574808902.042981, -152.0
1574808902.120358, -152.0
1574808902.202861, -151.0
1574808902.341044, -151.0
1574808902.476537, -151.0
1574808902.599021, -151.0
1574808902.720634, -151.0
1574808902.859705, -151.0
1574808902.991336, -151.0
1574808903.12564, -151.0
1574808903.258848, -151.0
1574808903.386405, -151.0
1574808903.515608, -151.0
1574808903.648515, -151.0
1574808903.7753, -151.0
1574808903.899241, -151.0
1574808904.026108, -151.0
1574808904.160902, -151.0
1574808904.293028, -151.0
1574808904.422908, -151.0
1574808904.55295, -151.0
1574808904.686289, -151.0
1574808904.821247, -151.0
1574808904.953914, -151.0
1574808905.028676, -151.0
1574808905.106603, -151.0
1574808905.181294, -151.0
1574808905.264147, -151.0
1574808905.345291, -151.0
1574808905.423609, -151.0
1574808905.497101, -151.0
1574808905.571661, -151.0
1574808905.69485, -151.0
1574808905.770823, -151.0
1574808905.846236, -151.0
1574808905.928644, -151.0
1574808906.006804, -151.0
1574808906.08477, -151.0
1574808906.157952, -151.0
1574808906.238261, -151.0
1574808906.34613, -151.0
1574808906.425109, -151.0
1574808906.504298, -151.0
1574808906.583457, -151.0
1574808906.658467, -151.0
1574808906.732907, -151.0
1574808906.812571, -151.0
1574808906.893455, -151.0
1574808906.971575, -151.0
1574808907.048444, -151.0
1574808907.130934, -151.0
1574808907.212482, -151.0
1574808907.289812, -151.0
1574808907.366569, -151.0
1574808907.442987, -151.0
1574808907.517141, -151.0
1574808907.594216, -151.0
1574808907.671609, -151.0
1574808907.750655, -151.0
1574808907.826806, -151.0
1574808907.907247, -151.0
1574808907.982746, -151.0
1574808908.057966, -151.0
1574808908.133686, -151.0
1574808908.219149, -151.0
1574808908.308084, -151.0
1574808908.387534, -151.0
1574808908.466131, -151.0
1574808908.541765, -151.0
1574808908.616075, -151.0
1574808908.693833, -151.0
1574808908.772503, -151.0
1574808908.852568, -151.0
1574808908.925844, -151.0
1574808909.001164, -151.0
1574808909.080151, -151.0
1574808909.155827, -151.0
1574808909.231563, -151.0
1574808909.30966, -151.0
1574808909.382705, -151.0
1574808909.463126, -151.0
1574808909.536973, -151.0
1574808909.61321, -151.0
1574808909.687663, -151.0
1574808909.77124, -151.0
1574808909.855292, -151.0
1574808909.935784, -151.0
1574808910.010264, -151.0
1574808910.086224, -151.0
1574808910.175229, -151.0
1574808910.250571, -151.0
1574808910.331407, -151.0
1574808910.407694, -151.0
1574808910.482035, -151.0
1574808910.557205, -151.0
1574808910.632303, -151.0
1574808910.715555, -151.0
1574808910.796656, -151.0
1574808910.874662, -151.0
1574808910.951452, -151.0
1574808911.034986, -151.0
1574808911.113509, -151.0
1574808911.193509, -151.0
1574808911.266369, -151.0
1574808911.349972, -151.0
1574808911.429324, -151.0
1574808911.508595, -151.0
1574808911.585111, -151.0
1574808911.663925, -151.0
1574808911.739865, -151.0
1574808911.814025, -151.0
1574808911.89534, -151.0
1574808911.975562, -151.0
1574808912.051037, -151.0
1574808912.125223, -151.0
1574808912.207125, -151.0
1574808912.286325, -151.0
1574808912.363138, -151.0
1574808912.439321, -151.0
1574808912.521473, -151.0
1574808912.604098, -151.0
1574808912.686128, -151.0
1574808912.767283, -151.0
1574808912.845673, -151.0
1574808912.926173, -151.0
1574808913.004669, -151.0
1574808913.081967, -151.0
1574808913.158354, -151.0
1574808913.234966, -151.0
1574808913.307971, -151.0
1574808913.378929, -151.0
1574808913.453994, -151.0
1574808913.535227, -151.0
1574808913.615314, -151.0
1574808913.692425, -151.0
1574808913.769041, -151.0
1574808913.848998, -151.0
1574808913.919183, -151.0
1574808913.993475, -151.0
1574808914.07001, -151.0
1574808914.148523, -151.0
1574808914.223841, -151.0
1574808914.303814, -151.0
1574808914.380898, -151.0
1574808914.455836, -151.0
1574808914.534579, -151.0
1574808914.605851, -151.0
1574808914.681419, -151.0
1574808914.75827, -151.0
1574808914.836232, -151.0
1574808914.91539, -151.0
1574808914.992919, -151.0
1574808915.071792, -151.0
1574808915.14427, -151.0
1574808915.22107, -151.0
1574808915.303081, -151.0
1574808915.37945, -151.0
1574808915.457978, -151.0
1574808915.53927, -151.0
1574808915.616122, -151.0
1574808915.705128, -151.0
1574808915.815868, -151.0
1574808915.887316, -151.0
1574808915.959519, -151.0
1574808916.039356, -151.0
1574808916.118823, -151.0
1574808916.192895, -151.0
1574808916.269244, -151.0
1574808916.350542, -151.0
1574808916.426019, -151.0
1574808916.495848, -151.0
1574808916.568187, -151.0
1574808916.647851, -151.0
1574808916.738323, -151.0
1574808916.816151, -151.0
1574808916.894087, -151.0
1574808916.967028, -151.0
1574808917.041361, -151.0
1574808917.117436, -151.0
1574808917.190607, -151.0
1574808917.272944, -151.0
1574808917.358978, -151.0
1574808917.440724, -151.0
1574808917.520254, -151.0
1574808917.599866, -151.0
1574808917.67502, -151.0
1574808917.754189, -151.0
1574808917.828097, -151.0
1574808917.912922, -151.0
1574808917.988886, -151.0
1574808918.066911, -151.0
1574808918.143573, -151.0
1574808918.226174, -151.0
1574808918.30639, -151.0
1574808918.377008, -151.0
1574808918.453797, -151.0
1574808918.535761, -151.0
1574808918.608773, -151.0
1574808918.684748, -151.0
1574808918.760007, -151.0
1574808918.839154, -151.0
1574808918.921843, -151.0
1574808918.998551, -151.0
1574808919.078508, -151.0
1574808919.162292, -151.0
1574808919.238662, -151.0
1574808919.311894, -151.0
1574808919.389217, -151.0
1574808919.455213, -151.0
1574808919.53301, -151.0
1574808919.608043, -151.0
1574808919.682903, -151.0
1574808919.772037, -151.0
1574808919.850783, -151.0
1574808919.922863, -151.0
1574808919.999416, -151.0
1574808920.073107, -151.0
1574808920.147816, -151.0
1574808920.225793, -151.0
1574808920.310256, -151.0
1574808920.385801, -151.0
1574808920.464544, -151.0
1574808920.543993, -151.0
1574808920.62208, -151.0
1574808920.704904, -151.0
1574808920.778433, -151.0
1574808920.855798, -151.0
1574808920.939783, -151.0
1574808921.019066, -151.0
1574808921.094322, -151.0
1574808921.161968, -151.0
1574808921.237487, -151.0
1574808921.314652, -151.0
1574808921.393198, -151.0
1574808921.469008, -151.0
1574808921.550723, -151.0
1574808921.622475, -151.0
1574808921.691258, -151.0
1574808921.763752, -151.0
1574808921.839381, -151.0
1574808921.918409, -151.0
1574808921.987914, -151.0
1574808922.060982, -151.0
1574808922.136934, -151.0
1574808922.208703, -151.0
1574808922.280837, -151.0
1574808922.358059, -151.0
1574808902.647292, -151.0
1574808902.652432, -151.0
1574808902.657332, -151.0
1574808902.661916, -151.0
1574808902.789649, -151.0
1574808902.794253, -151.0
1574808902.79874, -151.0
1574808902.803331, -151.0
1574808902.808215, -151.0
1574808902.813179, -151.0
1574808902.817686, -151.0
1574808902.822606, -151.0
1574808902.827252, -151.0
1574808902.831798, -151.0
1574808902.836339, -151.0
1574808902.841661, -151.0
1574808902.846271, -151.0
1574808902.92521, -151.0
1574808903.00859, -151.0
1574808903.013167, -151.0
1574808903.017667, -151.0
1574808903.022492, -151.0
1574808903.027392, -151.0
1574808903.032011, -151.0
1574808903.111069, -151.0
1574808903.198992, -151.0
1574808903.268934, -151.0
1574808903.351586, -151.0
1574808903.431937, -151.0
1574808903.518448, -151.0
1574808903.598341, -151.0
1574808903.673908, -151.0
1574808903.749397, -151.0
1574808903.820976, -151.0
1574808903.895423, -151.0
1574808903.962962, -151.0
1574808904.039009, -151.0
1574808904.118133, -151.0
1574808904.199146, -151.0
1574808904.280621, -151.0
1574808904.350793, -151.0
1574808904.42663, -151.0
1574808904.500705, -151.0
1574808904.583953, -151.0
1574808904.659364, -151.0
1574808904.738268, -151.0
1574808904.81527, -151.0
1574808904.893187, -151.0
1574808904.966178, -151.0
1574808905.042934, -151.0
1574808905.13031, -151.0
1574808905.208987, -151.0
1574808905.285253, -151.0
1574808905.36046, -151.0
1574808905.437586, -151.0
1574808905.516012, -151.0
1574808905.618, -151.0
1574808905.722242, -151.0
1574808905.795615, -151.0
1574808905.8699, -151.0
1574808905.948806, -151.0
1574808906.023363, -151.0
1574808906.103219, -151.0
1574808906.182583, -151.0
1574808906.256512, -151.0
1574808906.367206, -151.0
1574808906.441243, -151.0
1574808906.516006, -151.0
1574808906.593743, -151.0
1574808906.661157, -151.0
1574808906.739139, -151.0
1574808906.817392, -151.0
1574808906.889293, -151.0
1574808907.008312, -151.0
1574808907.088061, -151.0
1574808907.164978, -151.0
1574808907.238244, -151.0
1574808907.314365, -151.0
1574808907.397806, -151.0
1574808907.476692, -151.0
1574808907.555933, -151.0
1574808907.636763, -151.0
1574808907.719436, -151.0
1574808907.793995, -151.0
1574808907.870953, -151.0
1574808907.944411, -151.0
1574808908.02181, -151.0
1574808908.098897, -151.0
1574808908.177425, -151.0
1574808908.249784, -151.0
1574808908.324234, -151.0
1574808908.401141, -151.0
1574808908.480095, -151.0
1574808908.548997, -151.0
1574808908.624795, -151.0
1574808908.709612, -151.0
1574808908.785111, -151.0
1574808908.864026, -151.0
1574808908.939091, -151.0
1574808909.017852, -151.0
1574808909.097165, -151.0
1574808909.173299, -151.0
1574808909.248815, -151.0
1574808909.331641, -151.0
1574808909.402719, -151.0
1574808909.47777, -151.0
1574808909.56163, -151.0
1574808909.639265, -151.0
1574808909.710102, -151.0
1574808909.785361, -151.0
1574808909.858918, -151.0
1574808909.934852, -151.0
1574808910.009866, -151.0
1574808910.091747, -151.0
1574808910.166529, -151.0
1574808910.245549, -151.0
1574808910.32293, -151.0
1574808910.397116, -151.0
1574808910.467744, -151.0
1574808910.543447, -151.0
1574808910.618442, -151.0
1574808910.692058, -151.0
1574808910.769267, -151.0
1574808910.845918, -151.0
1574808910.920307, -151.0
1574808910.99669, -151.0
1574808911.073604, -151.0
1574808911.154982, -151.0
1574808911.233221, -151.0
1574808911.311484, -151.0
1574808911.39306, -151.0
1574808911.473222, -151.0
1574808911.551903, -151.0
1574808911.631571, -151.0
1574808911.708195, -151.0
1574808911.783751, -151.0
1574808911.866025, -151.0
1574808911.945359, -151.0
1574808912.020053, -151.0
1574808912.093041, -151.0
1574808912.17277, -151.0
1574808912.255784, -151.0
1574808912.333177, -151.0
1574808912.411607, -151.0
1574808912.494656, -151.0
1574808912.573624, -151.0
1574808912.651553, -151.0
1574808912.727063, -151.0
1574808912.800358, -151.0
1574808912.880203, -151.0
1574808912.95586, -151.0
1574808913.037932, -151.0
1574808913.113233, -151.0
1574808913.18844, -151.0
1574808913.265305, -151.0
1574808913.34202, -151.0
1574808913.418669, -151.0
1574808913.494412, -151.0
1574808913.563633, -151.0
1574808913.647724, -151.0
1574808913.729248, -151.0
1574808913.817516, -151.0
1574808913.89484, -151.0
1574808913.969676, -151.0
1574808914.047749, -151.0
1574808914.128638, -151.0
1574808914.200163, -151.0
1574808914.27543, -151.0
1574808914.348613, -151.0
1574808914.425238, -151.0
1574808914.499365, -151.0
1574808914.573823, -151.0
1574808914.641546, -151.0
1574808914.718077, -151.0
1574808914.802638, -151.0
1574808914.882004, -151.0
1574808914.95987, -151.0
1574808915.03757, -151.0
1574808915.116925, -151.0
1574808915.196248, -151.0
1574808915.28224, -151.0
1574808915.352307, -151.0
1574808915.424679, -151.0
1574808915.49921, -151.0
1574808915.575084, -151.0
1574808915.648019, -151.0
1574808915.763567, -151.0
1574808915.841891, -151.0
1574808915.914038, -151.0
1574808915.994509, -151.0
1574808916.076964, -151.0
1574808916.156603, -151.0
1574808916.23193, -151.0
1574808916.306275, -151.0
1574808916.385362, -151.0
1574808916.461652, -151.0
1574808916.534904, -151.0
1574808916.611567, -151.0
1574808916.681896, -151.0
1574808916.780044, -151.0
1574808916.852996, -151.0
1574808916.931843, -151.0
1574808917.009067, -151.0
1574808917.088651, -151.0
1574808917.162815, -151.0
1574808917.239243, -151.0
1574808917.314385, -151.0
1574808917.393703, -151.0
1574808917.46562, -151.0
1574808917.540462, -151.0
1574808917.608961, -151.0
1574808917.687702, -151.0
1574808917.759864, -151.0
1574808917.831594, -151.0
1574808917.905307, -151.0
1574808917.979442, -151.0
1574808918.053514, -151.0
1574808918.131656, -151.0
1574808918.204663, -151.0
1574808918.274585, -151.0
1574808918.354327, -151.0
1574808918.42981, -151.0
1574808918.502138, -151.0
1574808918.579716, -151.0
1574808918.66013, -151.0
1574808918.737441, -151.0
1574808918.806645, -151.0
1574808918.878477, -151.0
1574808918.953532, -151.0
1574808919.024746, -151.0
1574808919.105156, -151.0
1574808919.175668, -151.0
1574808919.249709, -151.0
1574808919.329271, -151.0
1574808919.399925, -151.0
1574808919.474707, -151.0
1574808919.54977, -151.0
1574808919.62602, -151.0
1574808919.703702, -151.0
1574808919.777565, -151.0
1574808919.859223, -151.0
1574808919.929893, -151.0
1574808920.012955, -151.0
1574808920.092761, -151.0
1574808920.173967, -151.0
1574808920.248396, -151.0
1574808920.3246, -151.0
1574808920.405723, -151.0
1574808920.482796, -151.0
1574808920.560687, -151.0
1574808920.387055, -151.0
1574808920.516521, -151.0
1574808920.629988, -151.0
1574808920.699472, -151.0
1574808920.770947, -151.0
1574808920.843331, -151.0
1574808920.918265, -151.0
1574808920.995365, -151.0
1574808921.074541, -151.0
1574808921.155079, -151.0
1574808921.232369, -151.0
1574808921.309778, -151.0
1574808921.381186, -151.0
1574808921.454871, -151.0
1574808921.529892, -151.0
1574808921.60704, -151.0
1574808921.679193, -151.0
1574808921.75147, -151.0
1574808921.828255, -151.0
1574808921.904691, -151.0
1574808921.97312, -151.0
1574808922.043793, -151.0
1574808922.117824, -151.0
1574808922.194465, -151.0
1574808922.263944, -151.0
1574808922.347428, -151.0
1574808922.417408, -151.0
1574808922.495581, -151.0
1574808922.568478, -151.0
1574808922.64311, -151.0
1574808922.71418, -151.0
1574808922.788359, -151.0
1574808922.861337, -151.0
1574808922.933592, -151.0
1574808923.007877, -151.0
1574808923.08068, -151.0
1574808923.158998, -151.0
1574808923.229848, -151.0
1574808923.308227, -151.0
1574808923.380447, -151.0
1574808923.459698, -151.0
1574808923.529206, -151.0
1574808923.605364, -151.0
1574808923.671845, -151.0
1574808923.74885, -151.0
1574808923.824814, -151.0
1574808923.899094, -151.0
1574808923.976837, -151.0
1574808924.049848, -151.0
1574808924.123051, -151.0
1574808924.193638, -151.0
1574808924.27139, -151.0
1574808924.344941, -151.0
1574808924.415684, -151.0
1574808924.494095, -151.0
1574808924.568206, -151.0
1574808924.639862, -151.0
1574808924.71636, -151.0
1574808924.795423, -151.0
1574808924.86489, -151.0
1574808924.940121, -151.0
1574808925.014663, -151.0
1574808925.090422, -151.0
1574808925.163591, -151.0
1574808925.234909, -151.0
1574808925.313095, -151.0
1574808925.400595, -151.0
1574808925.479612, -151.0
1574808925.553254, -151.0
1574808925.625171, -151.0
1574808925.697014, -151.0
1574808925.76866, -151.0
1574808925.843121, -151.0
1574808925.916434, -151.0
1574808925.98892, -151.0
1574808926.063625, -151.0
1574808926.137923, -151.0
1574808926.207206, -151.0
1574808926.282239, -151.0
1574808926.354136, -151.0
1574808926.435648, -151.0
1574808926.506465, -151.0
1574808926.581602, -151.0
1574808926.653532, -151.0
1574808926.729086, -151.0
1574808926.801291, -151.0
1574808926.876301, -151.0
1574808926.952639, -151.0
1574808927.027006, -151.0
1574808927.104694, -151.0
1574808927.179747, -151.0
1574808927.256444, -151.0
1574808927.334584, -151.0
1574808927.409523, -151.0
1574808927.484092, -151.0
1574808927.569094, -151.0
1574808927.639195, -151.0
1574808927.71201, -151.0
1574808927.783073, -151.0
1574808927.863514, -151.0
1574808927.930806, -151.0
1574808928.002408, -151.0
1574808928.072204, -151.0
1574808928.144381, -151.0
1574808928.213228, -151.0
1574808928.287657, -151.0
1574808928.36805, -151.0
1574808928.443194, -151.0
1574808928.516006, -151.0
1574808928.587249, -151.0
1574808928.664954, -151.0
1574808928.733447, -151.0
1574808928.804304, -151.0
1574808928.887327, -151.0
1574808928.964097, -151.0
1574808929.035211, -151.0
1574808929.108141, -151.0
1574808929.181611, -151.0
1574808929.254924, -151.0
1574808929.326857, -151.0
1574808929.411625, -151.0
1574808929.482275, -151.0
1574808929.556949, -151.0
1574808929.632505, -151.0
1574808929.705641, -151.0
1574808929.781944, -151.0
1574808929.857353, -151.0
1574808929.931476, -151.0
1574808930.006089, -151.0
1574808930.075752, -151.0
1574808930.153438, -151.0
1574808930.224758, -151.0
1574808930.298658, -151.0
1574808930.371176, -151.0
1574808930.444322, -151.0
1574808930.523579, -151.0
1574808930.597267, -151.0
1574808930.67168, -151.0
1574808930.749808, -151.0
1574808930.819791, -151.0
1574808930.894535, -151.0
1574808930.964905, -151.0
1574808931.038701, -151.0
1574808931.114192, -151.0
1574808931.187836, -151.0
1574808931.264254, -151.0
1574808931.334291, -151.0
1574808931.407, -151.0
1574808931.479462, -151.0
1574808931.556353, -151.0
1574808931.627486, -151.0
1574808931.700635, -151.0
1574808931.772925, -151.0
1574808931.848488, -151.0
1574808931.922455, -151.0
1574808932.001543, -151.0
1574808932.079431, -151.0
1574808932.151417, -151.0
1574808932.221942, -151.0
1574808932.296687, -151.0
1574808932.364412, -151.0
1574808932.439305, -151.0
1574808932.509388, -151.0
1574808932.584786, -151.0
1574808932.655952, -151.0
1574808932.731966, -151.0
1574808932.8049, -151.0
1574808932.88482, -151.0
1574808932.958872, -151.0
1574808933.032499, -151.0
1574808933.106549, -151.0
1574808933.183785, -151.0
1574808933.257732, -151.0
1574808933.33254, -151.0
1574808933.404352, -151.0
1574808933.483179, -151.0
1574808933.561435, -151.0
1574808933.63352, -151.0
1574808933.710487, -151.0
1574808933.787062, -151.0
1574808933.86479, -151.0
1574808933.938878, -151.0
1574808934.0113, -151.0
1574808934.088666, -151.0
1574808934.16488, -151.0
1574808934.236102, -151.0
1574808934.30669, -151.0
1574808934.37639, -151.0
1574808934.449657, -151.0
1574808934.522642, -151.0
1574808934.595758, -151.0
1574808934.671356, -151.0
1574808934.744702, -151.0
1574808934.81719, -151.0
1574808934.888697, -151.0
1574808934.958197, -151.0
1574808935.028128, -151.0
1574808935.10289, -151.0
1574808935.177141, -151.0
1574808935.249463, -151.0
1574808935.328127, -151.0
1574808935.399906, -151.0
1574808935.471983, -151.0
1574808935.540167, -151.0
1574808935.617016, -151.0
1574808935.689443, -151.0
1574808935.766211, -151.0
1574808935.844356, -151.0
1574808935.915496, -151.0
1574808935.986083, -151.0
1574808936.071976, -151.0
1574808936.151897, -151.0
1574808936.224406, -151.0
1574808936.299278, -151.0
1574808936.375477, -151.0
1574808936.445112, -151.0
1574808936.513836, -151.0
1574808936.589815, -151.0
1574808936.668202, -151.0
1574808936.748905, -151.0
1574808936.823921, -151.0
1574808936.89614, -151.0
1574808936.97336, -151.0
1574808937.050385, -151.0
1574808937.123362, -151.0
1574808937.201515, -151.0
1574808937.271433, -151.0
1574808937.343933, -151.0
1574808937.413817, -151.0
1574808937.487602, -151.0
1574808937.566749, -151.0
1574808937.642518, -151.0
1574808937.7185, -151.0
1574808937.793577, -151.0
1574808937.867261, -151.0
1574808937.937082, -151.0
1574808938.01108, -151.0
1574808938.085256, -151.0
1574808938.161022, -151.0
1574808938.236884, -151.0
1574808938.311438, -151.0
1574808938.383207, -151.0
1574808938.4592, -151.0
1574808938.540333, -151.0
1574808938.607421, -151.0
1574808938.682292, -151.0
1574808938.763072, -151.0
1574808938.83563, -151.0
1574808938.908344, -151.0
1574808938.9844, -151.0
