1574549203.166862, -2223.0
1574549205.164156, -2223.0
1574549206.840978, -1520.0
1574549208.520663, -1520.0
1574549210.204737, -1520.0
1574549211.877049, -1520.0
1574549213.524697, -1520.0
1574549215.172353, -1520.0
1574549216.820667, -1520.0
1574549218.463971, -1520.0
1574549220.141528, -1520.0
1574549221.783326, -1520.0
1574549223.446175, -1520.0
1574549225.087595, -1520.0
1574549226.727803, -1520.0
1574549228.375977, -1520.0
1574549230.015849, -1520.0
1574549231.685796, -1520.0
1574549233.324468, -1520.0
1574549234.967416, -1520.0
1574549236.608054, -1520.0
1574549238.261091, -1520.0
1574549240.090788, -65.0
1574549242.033172, -65.0
1574549243.881648, -65.0
1574549245.648713, -65.0
1574549247.343524, -65.0
1574549249.051933, -65.0
1574549250.781381, -63.0
1574549252.527131, -63.0
1574549254.307612, -63.0
1574549256.073334, -63.0
1574549257.809194, -63.0
1574549259.530203, -63.0
1574549261.227868, -63.0
1574549269.530987, -63.0
1574549277.571768, -63.0
1574549286.1988, -62.0
1574549295.299734, -62.0
1574549304.707801, -62.0
1574549310.892512, -62.0
1574549317.142419, -62.0
1574549323.466743, -62.0
1574549329.755759, -61.0
1574549336.022328, -61.0
1574549342.269976, -61.0
1574549348.624142, -61.0
1574549355.187475, -61.0
1574549361.27759, -61.0
1574549367.538717, -61.0
1574549206.75423, -1520.0
1574549212.544427, -1520.0
1574549217.599648, -1520.0
1574549222.552627, -1520.0
1574549227.472071, -1520.0
1574549232.387246, -1520.0
1574549237.304725, -1520.0
1574549242.216997, -65.0
1574549247.1324, -65.0
1574549252.080104, -63.0
1574549257.334298, -63.0
1574549263.065002, -63.0
1574549268.591158, -63.0
1574549274.080701, -63.0
1574549279.424595, -63.0
1574549284.497909, -63.0
1574549313.579928, -62.0
1574549338.077946, -61.0
1574549361.699583, -61.0
1574549384.962029, -61.0
1574549407.69713, -61.0
1574549431.886975, -60.0
1574549452.660629, -60.0
1574549476.392321, -60.0
1574549498.147708, -60.0
1574549518.624724, -60.0
1574549541.690844, -60.0
1574549559.890888, -60.0
1574549578.994488, -60.0
1574549602.520427, -60.0
1574549627.706777, -60.0
1574549641.188845, -60.0
1574549655.161713, -60.0
1574549669.414731, -60.0
1574549678.417203, -60.0
1574549692.742271, -60.0
1574549708.595911, -60.0
1574549734.576119, -60.0
1574549758.449035, -60.0
1574549781.621615, -60.0
1574549804.646617, -60.0
1574549827.585599, -60.0
1574549850.251773, -60.0
1574549872.53283, -60.0
1574549895.87319, -60.0
1574549916.978147, -60.0
1574549939.40528, -60.0
1574549962.035646, -60.0
1574549984.513623, -60.0
1574550007.006612, -60.0
1574549205.540946, -1520.0
1574549209.513346, -1520.0
1574549212.91206, -1520.0
1574549216.275075, -1520.0
1574549219.620089, -1520.0
1574549222.97544, -1520.0
1574549226.382363, -1520.0
1574549229.718822, -1520.0
1574549233.073236, -1520.0
1574549236.611268, -1520.0
1574549242.905239, -65.0
1574549246.319727, -65.0
1574549249.797946, -63.0
1574549253.26759, -63.0
1574549256.658755, -63.0
1574549260.073961, -63.0
1574549263.476028, -63.0
1574549266.874486, -63.0
1574549270.272053, -63.0
1574549273.645998, -63.0
1574549277.030687, -63.0
1574549280.443298, -63.0
1574549283.85328, -63.0
1574549287.238584, -62.0
1574549290.602721, -62.0
1574549293.958039, -62.0
1574549297.321324, -62.0
1574549300.74335, -62.0
1574549304.164251, -62.0
1574549307.607621, -62.0
1574549311.005584, -62.0
1574549326.682693, -61.0
1574549337.760209, -61.0
1574549346.377801, -61.0
1574549354.816337, -61.0
1574549368.315681, -61.0
1574549378.798936, -61.0
1574549384.68484, -61.0
1574549393.016244, -61.0
1574549401.385455, -61.0
1574549407.208234, -61.0
1574549413.149286, -61.0
1574549421.620807, -61.0
1574549429.841941, -61.0
1574549433.145432, -60.0
1574549438.812853, -60.0
1574549442.163007, -60.0
1574549450.381365, -60.0
1574549469.094319, -60.0
1574549474.818538, -60.0
1574549204.170038, -2223.0
1574549206.100817, -1520.0
1574549207.747662, -1520.0
1574549209.398198, -1520.0
1574549211.044764, -1520.0
1574549212.688153, -1520.0
1574549214.332248, -1520.0
1574549215.982376, -1520.0
1574549217.630158, -1520.0
1574549219.282877, -1520.0
1574549221.100874, -1520.0
1574549223.068125, -1520.0
1574549224.934237, -1520.0
1574549226.766697, -1520.0
1574549228.55841, -1520.0
1574549230.279103, -1520.0
1574549239.908994, -65.0
1574549241.794953, -65.0
1574549243.619722, -65.0
1574549245.404393, -65.0
1574549247.17287, -65.0
1574549248.936571, -65.0
1574549250.708343, -63.0
1574549252.402152, -63.0
1574549262.129098, -63.0
1574549269.850926, -63.0
1574549271.526392, -63.0
1574549273.200392, -63.0
1574549274.897374, -63.0
1574549276.609298, -63.0
1574549278.356, -63.0
1574549280.166125, -63.0
1574549281.878168, -63.0
1574549287.240316, -62.0
1574549296.853337, -62.0
1574549306.671567, -62.0
1574549314.957989, -62.0
1574549323.332691, -62.0
1574549331.638942, -61.0
1574549339.982279, -61.0
1574549348.156619, -61.0
1574549356.804425, -61.0
1574549365.179024, -61.0
1574549373.629043, -61.0
1574549381.685066, -61.0
1574549390.173647, -61.0
1574549398.597365, -61.0
1574549406.761128, -61.0
1574549415.11784, -61.0
1574549424.364693, -61.0
1574549370.859704, -61.0
1574549373.630701, -61.0
1574549376.724495, -61.0
1574549379.703825, -61.0
1574549382.56776, -61.0
1574549385.359149, -61.0
1574549388.096874, -61.0
1574549390.849045, -61.0
1574549393.633688, -61.0
1574549396.591948, -61.0
1574549399.401787, -61.0
1574549408.067052, -61.0
1574549416.783818, -61.0
1574549422.3454, -61.0
1574549428.531739, -61.0
1574549434.278074, -60.0
1574549437.089342, -60.0
1574549439.854364, -60.0
1574549442.616194, -60.0
1574549448.031685, -60.0
1574549453.425871, -60.0
1574549464.137098, -60.0
1574549474.713419, -60.0
1574549485.138553, -60.0
1574549495.973237, -60.0
1574549506.560118, -60.0
1574549517.564178, -60.0
1574549528.458879, -60.0
1574549539.250417, -60.0
1574549549.57384, -60.0
1574549560.212106, -60.0
1574549570.806469, -60.0
1574549578.65028, -60.0
1574549589.371927, -60.0
1574549599.599551, -60.0
1574549613.37274, -60.0
1574549627.257427, -60.0
1574549640.788318, -60.0
1574549646.137327, -60.0
1574549651.636287, -60.0
1574549657.391254, -60.0
1574549663.068276, -60.0
1574549677.235315, -60.0
1574549688.561234, -60.0
1574549697.33279, -60.0
1574549708.733964, -60.0
1574549720.118, -60.0
1574549731.135545, -60.0
1574549744.782152, -60.0
1574549761.333574, -60.0
1574549427.722272, -61.0
1574549430.553419, -61.0
1574549433.764761, -60.0
1574549436.58826, -60.0
1574549439.361933, -60.0
1574549442.170263, -60.0
1574549444.996588, -60.0
1574549447.83745, -60.0
1574549450.704692, -60.0
1574549453.856703, -60.0
1574549460.80893, -60.0
1574549476.920025, -60.0
1574549492.443134, -60.0
1574549507.677829, -60.0
1574549523.389796, -60.0
1574549539.10473, -60.0
1574549555.448843, -60.0
1574549571.724408, -60.0
1574549587.516834, -60.0
1574549603.170536, -60.0
1574549619.217257, -60.0
1574549634.954736, -60.0
1574549650.616265, -60.0
1574549666.375318, -60.0
1574549682.118269, -60.0
1574549697.724706, -60.0
1574549713.261133, -60.0
1574549728.844215, -60.0
1574549744.512425, -60.0
1574549760.442885, -60.0
1574549776.158631, -60.0
1574549791.466517, -60.0
1574549806.794549, -60.0
1574549822.643427, -60.0
1574549838.399012, -60.0
1574549854.196567, -60.0
1574549870.241691, -60.0
1574549886.277156, -60.0
1574549902.614416, -60.0
1574549918.805702, -60.0
1574549934.538759, -60.0
1574549951.121122, -60.0
1574549967.625014, -60.0
1574549983.598631, -60.0
1574549999.466236, -60.0
1574550015.609175, -60.0
1574550031.468717, -60.0
1574550046.885121, -60.0
1574550062.363083, -60.0
1574550077.720257, -60.0
1574549476.45673, -60.0
1574549477.558991, -60.0
1574549478.661593, -60.0
1574549479.764146, -60.0
1574549480.864462, -60.0
1574549481.970246, -60.0
1574549483.074633, -60.0
1574549484.182732, -60.0
1574549485.287442, -60.0
1574549486.385065, -60.0
1574549487.485423, -60.0
1574549488.588695, -60.0
1574549489.690065, -60.0
1574549490.791206, -60.0
1574549491.89221, -60.0
1574549492.995826, -60.0
1574549494.098706, -60.0
1574549495.202292, -60.0
1574549496.304962, -60.0
1574549497.408974, -60.0
1574549498.512069, -60.0
1574549499.615579, -60.0
1574549500.720917, -60.0
1574549501.824612, -60.0
1574549502.962597, -60.0
1574549504.097755, -60.0
1574549505.226485, -60.0
1574549506.346887, -60.0
1574549507.47128, -60.0
1574549508.605006, -60.0
1574549509.728272, -60.0
1574549513.308943, -60.0
1574549514.426292, -60.0
1574549515.571183, -60.0
1574549516.70711, -60.0
1574549517.829823, -60.0
1574549518.98192, -60.0
1574549520.110256, -60.0
1574549521.238529, -60.0
1574549522.356646, -60.0
1574549523.507781, -60.0
1574549524.644406, -60.0
1574549525.777409, -60.0
1574549526.908894, -60.0
1574549528.024048, -60.0
1574549529.127616, -60.0
1574549530.230739, -60.0
1574549531.336577, -60.0
1574549532.463975, -60.0
1574549533.58765, -60.0
1574549536.893708, -60.0
1574549539.807455, -60.0
1574549542.539876, -60.0
1574549545.281579, -60.0
1574549548.020142, -60.0
1574549550.759029, -60.0
1574549553.499307, -60.0
1574549556.234812, -60.0
1574549558.979804, -60.0
1574549561.747524, -60.0
1574549564.518911, -60.0
1574549567.651702, -60.0
1574549570.430925, -60.0
1574549573.202111, -60.0
1574549575.968121, -60.0
1574549578.815589, -60.0
1574549584.833506, -60.0
1574549587.676979, -60.0
1574549590.596748, -60.0
1574549593.534979, -60.0
1574549596.297939, -60.0
1574549599.061106, -60.0
1574549601.814579, -60.0
1574549604.858309, -60.0
1574549607.732932, -60.0
1574549610.915148, -60.0
1574549614.003058, -60.0
1574549617.054942, -60.0
1574549619.910678, -60.0
1574549622.762638, -60.0
1574549628.177787, -60.0
1574549644.515937, -60.0
1574549654.283575, -60.0
1574549657.102822, -60.0
1574549670.672333, -60.0
1574549683.155558, -60.0
1574549695.685445, -60.0
1574549709.059428, -60.0
1574549716.998434, -60.0
1574549719.868522, -60.0
1574549735.887307, -60.0
1574549751.645139, -60.0
1574549767.961204, -60.0
1574549783.618325, -60.0
1574549798.77997, -60.0
1574549814.482085, -60.0
1574549830.039707, -60.0
1574549846.368429, -60.0
1574549862.410103, -60.0
1574549877.228467, -60.0
1574549763.531732, -60.0
1574549765.190562, -60.0
1574549766.917777, -60.0
1574549768.578619, -60.0
1574549770.226686, -60.0
1574549771.872023, -60.0
1574549773.521571, -60.0
1574549775.163862, -60.0
1574549776.809254, -60.0
1574549778.452171, -60.0
1574549780.098112, -60.0
1574549781.741184, -60.0
1574549783.385579, -60.0
1574549785.033264, -60.0
1574549786.694872, -60.0
1574549788.34191, -60.0
1574549789.983081, -60.0
1574549791.629398, -60.0
1574549793.278777, -60.0
1574549794.924632, -60.0
1574549796.585777, -60.0
1574549798.287389, -60.0
1574549799.930572, -60.0
1574549801.873691, -60.0
1574549803.543879, -60.0
1574549812.98474, -60.0
1574549821.540559, -60.0
1574549830.204412, -60.0
1574549838.943382, -60.0
1574549847.816596, -60.0
1574549856.280789, -60.0
1574549864.988089, -60.0
1574549873.746601, -60.0
1574549882.422173, -60.0
1574549890.928035, -60.0
1574549899.53934, -60.0
1574549908.1697, -60.0
1574549916.846617, -60.0
1574549925.511342, -60.0
1574549934.053657, -60.0
1574549942.626454, -60.0
1574549951.206893, -60.0
1574549959.629794, -60.0
1574549968.194197, -60.0
1574549976.783157, -60.0
1574549985.419998, -60.0
1574549993.968319, -60.0
1574550002.835264, -60.0
1574550011.451989, -60.0
1574550019.905152, -60.0
1574549880.192444, -60.0
1574549882.52511, -60.0
1574549884.71, -60.0
1574549886.893459, -60.0
1574549889.092332, -60.0
1574549891.386351, -60.0
1574549893.588082, -60.0
1574549895.789519, -60.0
1574549897.991726, -60.0
1574549900.190911, -60.0
1574549902.48908, -60.0
1574549904.91555, -60.0
1574549907.430495, -60.0
1574549909.752412, -60.0
1574549915.367025, -60.0
1574549917.578443, -60.0
1574549919.78437, -60.0
1574549921.988761, -60.0
1574549926.631514, -60.0
1574549928.846193, -60.0
1574549931.048498, -60.0
1574549938.212117, -60.0
1574549942.827912, -60.0
1574549945.043808, -60.0
1574549947.496587, -60.0
1574549949.869332, -60.0
1574549952.086284, -60.0
1574549956.70609, -60.0
1574549958.911165, -60.0
1574549964.346835, -60.0
1574549966.557226, -60.0
1574549968.7618, -60.0
1574549974.218812, -60.0
1574549979.189585, -60.0
1574549985.080828, -60.0
1574549987.295387, -60.0
1574549989.53245, -60.0
1574549992.095063, -60.0
1574549994.453522, -60.0
1574549996.786044, -60.0
1574549999.193179, -60.0
1574550001.403834, -60.0
1574550003.658063, -60.0
1574550008.673197, -60.0
1574550010.954087, -60.0
1574550013.18478, -60.0
1574550015.561186, -60.0
1574550020.092271, -60.0
1574550024.52081, -60.0
1574550029.123415, -60.0
1574550009.295081, -60.0
1574550011.184849, -60.0
1574550012.849354, -60.0
1574550014.494932, -60.0
1574550016.143497, -60.0
1574550017.788952, -60.0
1574550019.433691, -60.0
1574550021.112181, -60.0
1574550022.811633, -60.0
1574550024.491319, -60.0
1574550026.172823, -60.0
1574550027.814964, -60.0
1574550029.463197, -60.0
1574550031.099318, -60.0
1574550032.737065, -60.0
1574550034.378313, -60.0
1574550036.028125, -60.0
1574550037.890073, -60.0
1574550039.573294, -60.0
1574550041.225379, -60.0
1574550042.91538, -60.0
1574550044.698595, -60.0
1574550046.635112, -60.0
1574550048.307968, -60.0
1574550049.978321, -60.0
1574550051.716404, -60.0
1574550053.379686, -60.0
1574550055.315368, -60.0
1574550057.016688, -60.0
1574550058.659812, -60.0
1574550060.300234, -60.0
1574550062.084366, -60.0
1574550064.003303, -60.0
1574550065.937996, -60.0
1574550067.864642, -60.0
1574550069.784972, -60.0
1574550071.680611, -60.0
1574550073.618585, -60.0
1574550075.486034, -60.0
1574550077.255507, -60.0
1574550078.931611, -60.0
1574550080.679429, -60.0
1574550089.14073, -60.0
1574550097.511361, -60.0
1574550106.043938, -60.0
1574550115.000088, -60.0
1574550123.420449, -60.0
1574550131.922823, -60.0
1574550140.49467, -60.0
1574550149.383145, -60.0
1574550021.519803, -60.0
1574550022.61975, -60.0
1574550023.723315, -60.0
1574550024.849043, -60.0
1574550026.033623, -60.0
1574550027.223099, -60.0
1574550028.371787, -60.0
1574550029.605505, -60.0
1574550030.739352, -60.0
1574550031.936233, -60.0
1574550033.097735, -60.0
1574550034.295773, -60.0
1574550035.546133, -60.0
1574550036.793252, -60.0
1574550041.205177, -60.0
1574550042.417407, -60.0
1574550043.606126, -60.0
1574550044.760739, -60.0
1574550045.972132, -60.0
1574550047.143592, -60.0
1574550048.310012, -60.0
1574550049.461924, -60.0
1574550050.568506, -60.0
1574550051.660423, -60.0
1574550052.755157, -60.0
1574550053.847914, -60.0
1574550054.944529, -60.0
1574550056.06992, -60.0
1574550057.288539, -60.0
1574550058.565201, -60.0
1574550059.822432, -60.0
1574550061.033262, -60.0
1574550062.27991, -60.0
1574550063.562345, -60.0
1574550064.852974, -60.0
1574550066.118381, -60.0
1574550067.332616, -60.0
1574550068.568261, -60.0
1574550069.792948, -60.0
1574550071.017869, -60.0
1574550072.231785, -60.0
1574550073.494297, -60.0
1574550074.764412, -60.0
1574550076.036388, -60.0
1574550077.292065, -60.0
1574550078.50267, -60.0
1574550079.667253, -60.0
1574550080.901337, -60.0
1574550082.0937, -60.0
1574550083.29991, -60.0
1574550304.098408, -60.0
1574550307.106135, -60.0
1574550309.764185, -60.0
1574550312.202058, -60.0
1574550314.60557, -60.0
1574550317.18836, -60.0
1574550319.760434, -60.0
1574550322.273697, -60.0
1574550324.747941, -60.0
1574550327.343437, -60.0
1574550329.798455, -60.0
1574550332.42771, -60.0
1574550334.966905, -60.0
1574550337.431953, -60.0
1574550340.7579, -60.0
1574550341.315981, -60.0
1574550341.899723, -60.0
1574550344.699808, -60.0
1574550347.134278, -60.0
1574550349.716628, -60.0
1574550352.199305, -60.0
1574550354.668687, -60.0
1574550357.099345, -60.0
1574550359.598982, -60.0
1574550362.093302, -60.0
1574550364.643487, -60.0
1574550367.11208, -60.0
1574550369.541561, -60.0
1574550372.04819, -60.0
1574550374.609961, -60.0
1574550377.149227, -60.0
1574550379.665468, -60.0
1574550382.105689, -60.0
1574550384.707697, -60.0
1574550387.133722, -60.0
1574550389.660703, -60.0
1574550392.12475, -60.0
1574550394.6735, -60.0
1574550397.214684, -60.0
1574550399.625849, -60.0
1574550402.109107, -60.0
1574550404.594836, -60.0
1574550407.119081, -60.0
1574550409.5535, -60.0
1574550411.988574, -60.0
1574550414.540689, -60.0
1574550417.201504, -60.0
1574550419.775785, -60.0
1574550422.474831, -60.0
1574550425.009538, -60.0
1574550427.428957, -60.0
1574550430.029841, -60.0
1574550432.519846, -60.0
1574550434.991013, -60.0
1574550437.617943, -60.0
1574550440.058248, -60.0
1574550442.471311, -60.0
1574550444.886412, -60.0
1574550447.410677, -60.0
1574550449.915137, -60.0
1574550452.60643, -60.0
1574550455.135696, -60.0
1574550457.696778, -60.0
1574550460.39524, -60.0
1574550462.865232, -60.0
1574550465.704211, -60.0
1574550466.264446, -60.0
1574550466.896705, -60.0
1574550467.446418, -60.0
1574550468.089141, -60.0
1574550471.375509, -60.0
1574550474.294645, -60.0
1574550477.770683, -60.0
1574550478.328237, -60.0
1574550478.894344, -60.0
1574550479.517156, -60.0
1574550484.31016, -60.0
1574550486.980981, -60.0
1574550489.723379, -60.0
1574550492.30284, -60.0
1574550494.936535, -60.0
1574550497.41294, -60.0
1574550499.982262, -60.0
1574550502.779639, -60.0
1574550505.510271, -60.0
1574550508.54772, -60.0
1574550509.10603, -60.0
1574550509.66318, -60.0
1574550510.226504, -60.0
1574550513.55359, -60.0
1574550516.198523, -60.0
1574550518.827347, -60.0
1574550521.384534, -60.0
1574550524.065065, -60.0
1574550527.391777, -60.0
1574550530.699794, -60.0
1574550534.496211, -60.0
1574550535.068389, -60.0
1574550535.646911, -60.0
1574550538.263931, -60.0
1574550540.860048, -60.0
1574550543.467437, -60.0
1574550546.068496, -60.0
1574550548.582367, -60.0
1574550551.167829, -60.0
1574550553.719855, -60.0
1574550556.241694, -60.0
1574550558.73478, -60.0
1574550561.313158, -60.0
1574550563.939156, -60.0
1574550566.391446, -60.0
1574550569.273169, -60.0
1574550572.262766, -60.0
1574550572.820485, -60.0
1574550573.418145, -60.0
1574550574.043437, -60.0
1574550574.638522, -60.0
1574550575.188959, -60.0
1574550575.737299, -60.0
1574550576.2868, -60.0
1574550576.837877, -60.0
1574550577.387311, -60.0
1574550577.935173, -60.0
1574550578.484754, -60.0
1574550579.033688, -60.0
1574550579.583833, -60.0
1574550580.138197, -60.0
1574550580.747044, -60.0
1574550581.309721, -60.0
1574550581.905492, -60.0
1574550582.49246, -60.0
1574550585.386006, -60.0
1574550587.929463, -60.0
1574550590.645326, -60.0
1574550593.201383, -60.0
1574550593.762557, -60.0
1574550594.334271, -60.0
1574550594.881711, -60.0
1574550595.429597, -60.0
1574550595.97809, -60.0
1574550596.529309, -60.0
1574550597.091011, -60.0
1574550597.643964, -60.0
1574550598.331881, -60.0
1574550601.400913, -60.0
1574550604.073038, -60.0
1574550606.725979, -60.0
1574550609.275298, -60.0
1574550611.878216, -60.0
1574550614.301603, -60.0
1574550616.883182, -60.0
1574550619.507404, -60.0
1574550622.180451, -60.0
1574550624.94874, -60.0
1574550627.786212, -60.0
1574550630.51053, -60.0
1574550633.337385, -60.0
1574550636.169588, -60.0
1574550638.818178, -60.0
1574550641.658306, -60.0
1574550644.339612, -60.0
1574550646.965706, -60.0
1574550649.93975, -60.0
1574550652.565814, -60.0
1574550655.121092, -60.0
1574550657.720323, -60.0
1574550660.442307, -60.0
1574550663.270865, -59.0
1574550665.783168, -59.0
1574550668.454512, -59.0
1574550671.055386, -59.0
1574550673.652869, -59.0
1574550676.257887, -59.0
1574550678.924332, -59.0
1574550681.592499, -59.0
1574550684.234519, -59.0
1574550686.844339, -59.0
1574550689.521398, -59.0
1574550692.146921, -59.0
1574550694.845236, -59.0
1574550697.320925, -59.0
1574550699.877221, -59.0
1574550702.522903, -59.0
1574550704.968164, -59.0
1574550707.528262, -59.0
1574550710.01388, -59.0
1574550712.522013, -59.0
1574550715.057974, -59.0
1574550717.606438, -59.0
1574550720.260116, -59.0
1574550722.679985, -59.0
1574550725.128268, -59.0
1574550727.720877, -59.0
1574550730.145795, -59.0
1574550732.696964, -59.0
1574550735.166389, -59.0
1574550737.741214, -59.0
1574550740.218785, -59.0
1574550742.82213, -59.0
1574550745.449008, -59.0
1574550747.983475, -59.0
1574550750.461898, -59.0
1574550753.064513, -59.0
1574550755.676724, -59.0
1574550758.23523, -59.0
1574550760.578525, -59.0
1574550763.083019, -59.0
1574550765.630018, -59.0
1574550768.11068, -59.0
1574550770.626032, -59.0
1574550773.118432, -59.0
1574550775.564583, -59.0
1574550778.080777, -59.0
1574550780.551742, -59.0
1574550783.050666, -59.0
1574550785.510029, -59.0
1574550787.990792, -59.0
1574550790.529266, -59.0
1574550793.050741, -59.0
1574550795.613622, -59.0
1574550798.172553, -59.0
1574550800.621827, -59.0
1574550803.348505, -59.0
1574550805.97859, -59.0
1574550808.453611, -59.0
1574550811.063828, -59.0
1574550813.487475, -59.0
1574550816.038103, -59.0
1574550818.56009, -59.0
1574550821.0029, -59.0
1574550823.550601, -59.0
1574550826.149828, -59.0
1574550828.64073, -59.0
1574550831.098578, -59.0
1574550833.596235, -59.0
1574550835.971246, -59.0
1574550838.50653, -59.0
1574550841.071489, -59.0
1574550843.507823, -59.0
1574550846.103578, -59.0
1574550848.671568, -59.0
1574550851.193861, -59.0
1574550853.69594, -59.0
1574550856.114409, -59.0
1574550858.58219, -59.0
1574550861.174618, -59.0
1574550863.748792, -59.0
1574550866.321225, -59.0
1574550868.871308, -59.0
1574550871.433607, -59.0
1574550304.55795, -60.0
1574550307.247009, -60.0
1574550309.786188, -60.0
1574550312.228433, -60.0
1574550314.670208, -60.0
1574550317.253593, -60.0
1574550319.882797, -60.0
1574550322.429243, -60.0
1574550324.906876, -60.0
1574550327.500119, -60.0
1574550329.96835, -60.0
1574550332.583632, -60.0
1574550335.102604, -60.0
1574550337.54683, -60.0
1574550341.167419, -60.0
1574550341.729635, -60.0
1574550342.315452, -60.0
1574550345.069661, -60.0
1574550347.516121, -60.0
1574550350.123033, -60.0
1574550352.65639, -60.0
1574550355.166264, -60.0
1574550357.635037, -60.0
1574550360.119764, -60.0
1574550362.601655, -60.0
1574550365.143734, -60.0
1574550367.642633, -60.0
1574550370.089007, -60.0
1574550372.623432, -60.0
1574550375.148534, -60.0
1574550377.781729, -60.0
1574550380.315668, -60.0
1574550382.735551, -60.0
1574550385.292703, -60.0
1574550387.763572, -60.0
1574550390.292131, -60.0
1574550392.823294, -60.0
1574550395.438974, -60.0
1574550398.002832, -60.0
1574550400.435358, -60.0
1574550402.939869, -60.0
1574550405.531488, -60.0
1574550408.054298, -60.0
1574550410.534961, -60.0
1574550413.045038, -60.0
1574550415.534343, -60.0
1574550418.132168, -60.0
1574550420.74054, -60.0
1574550423.330262, -60.0
1574550425.863701, -60.0
1574550428.307371, -60.0
1574550430.901163, -60.0
1574550433.453441, -60.0
1574550435.909114, -60.0
1574550438.499113, -60.0
1574550440.923258, -60.0
1574550443.372149, -60.0
1574550445.797601, -60.0
1574550448.354462, -60.0
1574550450.872674, -60.0
1574550453.544657, -60.0
1574550456.086473, -60.0
1574550458.638909, -60.0
1574550461.25782, -60.0
1574550463.74607, -60.0
1574550466.494549, -60.0
1574550467.054816, -60.0
1574550467.683509, -60.0
1574550468.232512, -60.0
1574550468.862046, -60.0
1574550471.987807, -60.0
1574550475.005223, -60.0
1574550478.400986, -60.0
1574550478.986709, -60.0
1574550479.564084, -60.0
1574550480.21648, -60.0
1574550480.785072, -60.0
1574550483.333992, -60.0
1574550485.835089, -60.0
1574550488.367502, -60.0
1574550490.971769, -60.0
1574550493.822291, -60.0
1574550496.707586, -60.0
1574550497.266481, -60.0
1574550497.837127, -60.0
1574550498.407008, -60.0
1574550498.984094, -60.0
1574550499.575256, -60.0
1574550502.278997, -60.0
1574550504.839019, -60.0
1574550507.487076, -60.0
1574550510.102637, -60.0
1574550512.628987, -60.0
1574550515.253672, -60.0
1574550517.766028, -60.0
1574550520.346496, -60.0
1574550522.901414, -60.0
1574550525.612477, -60.0
1574550528.25619, -60.0
1574550531.035051, -60.0
1574550533.617014, -60.0
1574550536.216358, -60.0
1574550538.861584, -60.0
1574550541.487971, -60.0
1574550543.978007, -60.0
1574550546.500368, -60.0
1574550549.12934, -60.0
1574550551.577877, -60.0
1574550554.083663, -60.0
1574550556.690075, -60.0
1574550559.737814, -60.0
1574550560.310962, -60.0
1574550560.881461, -60.0
1574550561.45008, -60.0
1574550562.059217, -60.0
1574550562.635447, -60.0
1574550563.206084, -60.0
1574550566.072969, -60.0
1574550568.681253, -60.0
1574550571.087263, -60.0
1574550573.681589, -60.0
1574550576.41946, -60.0
1574550579.167799, -60.0
1574550581.772429, -60.0
1574550584.468428, -60.0
1574550587.098928, -60.0
1574550589.790573, -60.0
1574550592.416706, -60.0
1574550595.142052, -60.0
1574550597.780359, -60.0
1574550600.445711, -60.0
1574550603.160187, -60.0
1574550605.832308, -60.0
1574550608.883486, -60.0
1574550611.798429, -60.0
1574550614.59126, -60.0
1574550617.380626, -60.0
1574550620.300949, -60.0
1574550623.182403, -60.0
1574550625.883041, -60.0
1574550628.564218, -60.0
1574550631.395425, -60.0
1574550634.14856, -60.0
1574550637.732706, -60.0
1574550638.330306, -60.0
1574550641.200555, -60.0
1574550643.91442, -60.0
1574550646.632763, -60.0
1574550649.248596, -60.0
1574550651.79677, -60.0
1574550654.411939, -60.0
1574550657.063739, -60.0
1574550659.704114, -60.0
1574550662.446562, -60.0
1574550664.943058, -59.0
1574550667.53498, -59.0
1574550670.048601, -59.0
1574550672.645649, -59.0
1574550675.346396, -59.0
1574550677.923982, -59.0
1574550680.567209, -59.0
1574550683.119633, -59.0
1574550685.688167, -59.0
1574550688.340324, -59.0
1574550690.981119, -59.0
1574550693.641092, -59.0
1574550696.367794, -59.0
1574550698.843727, -59.0
1574550701.40043, -59.0
1574550704.097139, -59.0
1574550706.658324, -59.0
1574550709.281169, -59.0
1574550711.786078, -59.0
1574550714.447246, -59.0
1574550716.988098, -59.0
1574550719.63633, -59.0
1574550722.15307, -59.0
1574550725.019367, -59.0
1574550727.658636, -59.0
1574550730.215042, -59.0
1574550732.823909, -59.0
1574550735.451207, -59.0
1574550738.056689, -59.0
1574550740.663587, -59.0
1574550743.303337, -59.0
1574550746.065066, -59.0
1574550748.915478, -59.0
1574550751.604841, -59.0
1574550754.236542, -59.0
1574550756.852504, -59.0
1574550759.538369, -59.0
1574550762.123729, -59.0
1574550764.61621, -59.0
1574550767.271411, -59.0
1574550769.796566, -59.0
1574550772.353342, -59.0
1574550774.818251, -59.0
1574550777.49984, -59.0
1574550780.108492, -59.0
1574550782.71694, -59.0
1574550785.241539, -59.0
1574550787.702511, -59.0
1574550790.29012, -59.0
1574550792.881745, -59.0
1574550795.436757, -59.0
1574550798.103848, -59.0
1574550800.723322, -59.0
1574550803.344776, -59.0
1574550805.877616, -59.0
1574550808.375866, -59.0
1574550811.034222, -59.0
1574550813.766755, -59.0
1574550816.276778, -59.0
1574550818.939078, -59.0
1574550821.631592, -59.0
1574550824.29364, -59.0
1574550826.982047, -59.0
1574550829.760774, -59.0
1574550832.418668, -59.0
1574550835.160811, -59.0
1574550837.827345, -59.0
1574550840.600836, -59.0
1574550843.286954, -59.0
1574550845.869095, -59.0
1574550848.608169, -59.0
1574550851.369982, -59.0
1574550854.097562, -59.0
1574550856.817538, -59.0
1574550859.421904, -59.0
1574550862.221684, -59.0
1574550864.800717, -59.0
1574550867.412948, -59.0
1574550870.013804, -59.0
1574550872.732165, -59.0
1574550875.304205, -59.0
1574550877.982641, -59.0
1574550880.602959, -59.0
1574550883.182166, -59.0
1574550885.720342, -59.0
1574550888.250807, -59.0
1574550890.852613, -59.0
1574550893.486188, -59.0
1574550896.050808, -59.0
1574550898.622891, -59.0
1574550901.268208, -59.0
1574550903.966755, -59.0
1574550906.620365, -59.0
1574550909.150519, -59.0
1574550911.693964, -59.0
1574550914.280845, -59.0
1574550304.704315, -60.0
1574550307.592629, -60.0
1574550310.296329, -60.0
1574550312.739499, -60.0
1574550315.110003, -60.0
1574550317.696012, -60.0
1574550320.31414, -60.0
1574550322.929961, -60.0
1574550325.424751, -60.0
1574550328.066295, -60.0
1574550330.600243, -60.0
1574550333.291116, -60.0
1574550335.827613, -60.0
1574550338.37682, -60.0
1574550341.983059, -60.0
1574550342.542637, -60.0
1574550343.129048, -60.0
1574550345.832229, -60.0
1574550348.258163, -60.0
1574550350.892178, -60.0
1574550353.457331, -60.0
1574550355.970879, -60.0
1574550358.493473, -60.0
1574550361.005689, -60.0
1574550363.530585, -60.0
1574550365.986802, -60.0
1574550368.455233, -60.0
1574550370.814573, -60.0
1574550373.323486, -60.0
1574550375.787236, -60.0
1574550378.350346, -60.0
1574550380.87714, -60.0
1574550383.314753, -60.0
1574550385.919853, -60.0
1574550388.327218, -60.0
1574550390.778307, -60.0
1574550393.237337, -60.0
1574550395.710444, -60.0
1574550398.194676, -60.0
1574550400.593659, -60.0
1574550403.023428, -60.0
1574550405.524756, -60.0
1574550407.993353, -60.0
1574550410.528084, -60.0
1574550412.945761, -60.0
1574550415.402578, -60.0
1574550417.992242, -60.0
1574550420.514043, -60.0
1574550423.127471, -60.0
1574550425.653095, -60.0
1574550428.052156, -60.0
1574550430.604819, -60.0
1574550433.08941, -60.0
1574550435.542536, -60.0
1574550438.091381, -60.0
1574550440.481974, -60.0
1574550442.878419, -60.0
1574550445.298356, -60.0
1574550447.782789, -60.0
1574550450.2981, -60.0
1574550452.947244, -60.0
1574550455.500102, -60.0
1574550458.084668, -60.0
1574550460.663788, -60.0
1574550463.17803, -60.0
1574550466.028531, -60.0
1574550466.614414, -60.0
1574550467.246392, -60.0
1574550467.795858, -60.0
1574550468.4294, -60.0
1574550471.857773, -60.0
1574550474.940999, -60.0
1574550478.395069, -60.0
1574550478.95303, -60.0
1574550479.521954, -60.0
1574550480.145815, -60.0
1574550480.703561, -60.0
1574550483.258535, -60.0
1574550485.740802, -60.0
1574550488.337561, -60.0
1574550491.010532, -60.0
1574550493.745975, -60.0
1574550496.627697, -60.0
1574550497.184839, -60.0
1574550497.757859, -60.0
1574550498.328329, -60.0
1574550498.905331, -60.0
1574550499.487713, -60.0
1574550502.822337, -60.0
1574550505.372423, -60.0
1574550508.006065, -60.0
1574550510.583968, -60.0
1574550513.115798, -60.0
1574550515.7765, -60.0
1574550518.260144, -60.0
1574550520.815632, -60.0
1574550523.396127, -60.0
1574550526.025902, -60.0
1574550528.708741, -60.0
1574550531.517093, -60.0
1574550534.032784, -60.0
1574550536.697354, -60.0
1574550539.389355, -60.0
1574550542.107572, -60.0
1574550544.751347, -60.0
1574550547.332865, -60.0
1574550549.982791, -60.0
1574550552.424065, -60.0
1574550554.962635, -60.0
1574550557.558132, -60.0
1574550560.450948, -60.0
1574550561.014026, -60.0
1574550561.585797, -60.0
1574550562.159669, -60.0
1574550562.77123, -60.0
1574550563.344253, -60.0
1574550563.902569, -60.0
1574550566.89267, -60.0
1574550569.444255, -60.0
1574550571.896135, -60.0
1574550574.477818, -60.0
1574550577.108226, -60.0
1574550579.627393, -60.0
1574550582.118467, -60.0
1574550584.695894, -60.0
1574550587.273494, -60.0
1574550589.946053, -60.0
1574550592.537259, -60.0
1574550595.138731, -60.0
1574550597.701754, -60.0
1574550600.305205, -60.0
1574550603.006132, -60.0
1574550605.667516, -60.0
1574550608.551407, -60.0
1574550611.311009, -60.0
1574550614.003873, -60.0
1574550616.585372, -60.0
1574550619.346247, -60.0
1574550622.045841, -60.0
1574550624.661823, -60.0
1574550627.199859, -60.0
1574550629.992532, -60.0
1574550632.762785, -60.0
1574550636.839684, -60.0
1574550637.40134, -60.0
1574550639.988296, -60.0
1574550642.472681, -60.0
1574550645.141489, -60.0
1574550647.614093, -60.0
1574550650.034315, -60.0
1574550652.583317, -60.0
1574550655.091365, -60.0
1574550657.671778, -60.0
1574550660.278668, -60.0
1574550662.630349, -59.0
1574550665.235769, -59.0
1574550667.773945, -59.0
1574550670.37841, -59.0
1574550673.007779, -59.0
1574550675.532997, -59.0
1574550678.10364, -59.0
1574550680.573213, -59.0
1574550683.107751, -59.0
1574550685.721398, -59.0
1574550688.285461, -59.0
1574550690.902381, -59.0
1574550693.593379, -59.0
1574550696.087324, -59.0
1574550698.647352, -59.0
1574550701.331598, -59.0
1574550703.918204, -59.0
1574550706.436114, -59.0
1574550708.841384, -59.0
1574550711.409793, -59.0
1574550713.936522, -59.0
1574550716.519452, -59.0
1574550718.91874, -59.0
1574550721.699302, -59.0
1574550724.301845, -59.0
1574550726.833902, -59.0
1574550729.422324, -59.0
1574550732.013896, -59.0
1574550734.555336, -59.0
1574550737.133389, -59.0
1574550739.720797, -59.0
1574550742.381463, -59.0
1574550745.141189, -59.0
1574550747.76525, -59.0
1574550750.358661, -59.0
1574550752.910737, -59.0
1574550755.522094, -59.0
1574550757.967722, -59.0
1574550760.401307, -59.0
1574550763.003962, -59.0
1574550765.523011, -59.0
1574550768.023169, -59.0
1574550770.44965, -59.0
1574550773.034246, -59.0
1574550775.609724, -59.0
1574550778.147895, -59.0
1574550780.672633, -59.0
1574550783.053406, -59.0
1574550785.622836, -59.0
1574550788.189419, -59.0
1574550790.707422, -59.0
1574550793.324633, -59.0
1574550795.905854, -59.0
1574550798.36008, -59.0
1574550800.85446, -59.0
1574550803.294837, -59.0
1574550805.929299, -59.0
1574550808.692732, -59.0
1574550811.152969, -59.0
1574550813.772224, -59.0
1574550816.372641, -59.0
1574550818.969102, -59.0
1574550821.642276, -59.0
1574550824.386212, -59.0
1574550826.959765, -59.0
1574550829.558981, -59.0
1574550832.118648, -59.0
1574550834.728156, -59.0
1574550837.33052, -59.0
1574550839.765561, -59.0
1574550842.344837, -59.0
1574550844.954227, -59.0
1574550847.522862, -59.0
1574550850.080885, -59.0
1574550852.580589, -59.0
1574550855.237373, -59.0
1574550857.762117, -59.0
1574550860.293672, -59.0
1574550862.896028, -59.0
1574550865.556464, -59.0
1574550868.045256, -59.0
1574550870.649059, -59.0
1574550873.333331, -59.0
1574550875.80791, -59.0
1574550878.275445, -59.0
1574550880.777787, -59.0
1574550883.369436, -59.0
1574550886.017301, -59.0
1574550888.516986, -59.0
1574550891.080468, -59.0
1574550893.64194, -59.0
1574550896.218392, -59.0
1574550898.811572, -59.0
1574550901.350351, -59.0
1574550903.847417, -59.0
1574550906.346425, -59.0
1574550305.716734, -60.0
1574550309.300632, -60.0
1574550312.240269, -60.0
1574550314.766966, -60.0
1574550317.268733, -60.0
1574550319.991006, -60.0
1574550322.641989, -60.0
1574550325.277086, -60.0
1574550327.801513, -60.0
1574550330.499542, -60.0
1574550333.051318, -60.0
1574550335.774892, -60.0
1574550338.457028, -60.0
1574550341.070694, -60.0
1574550345.014265, -60.0
1574550345.607793, -60.0
1574550346.237584, -60.0
1574550349.220771, -60.0
1574550351.787642, -60.0
1574550354.494021, -60.0
1574550357.112088, -60.0
1574550359.682387, -60.0
1574550362.24475, -60.0
1574550364.833086, -60.0
1574550367.477691, -60.0
1574550370.174892, -60.0
1574550372.843087, -60.0
1574550375.38345, -60.0
1574550378.119838, -60.0
1574550380.791981, -60.0
1574550383.591761, -60.0
1574550386.201495, -60.0
1574550388.745437, -60.0
1574550391.472818, -60.0
1574550394.079212, -60.0
1574550396.747007, -60.0
1574550399.422646, -60.0
1574550402.104068, -60.0
1574550404.74626, -60.0
1574550407.371858, -60.0
1574550409.980051, -60.0
1574550412.628286, -60.0
1574550415.19188, -60.0
1574550417.770717, -60.0
1574550420.34566, -60.0
1574550422.926498, -60.0
1574550425.698429, -60.0
1574550428.415718, -60.0
1574550431.1655, -60.0
1574550433.870556, -60.0
1574550436.358226, -60.0
1574550439.071205, -60.0
1574550441.800317, -60.0
1574550444.419514, -60.0
1574550447.172907, -60.0
1574550449.758906, -60.0
1574550452.293244, -60.0
1574550454.904503, -60.0
1574550457.519696, -60.0
1574550460.174939, -60.0
1574550463.057935, -60.0
1574550465.632206, -60.0
1574550468.338854, -60.0
1574550471.017391, -60.0
1574550473.654357, -60.0
1574550476.548712, -60.0
1574550477.141687, -60.0
1574550477.786517, -60.0
1574550478.345552, -60.0
1574550478.998407, -60.0
1574550482.363585, -60.0
1574550485.438111, -60.0
1574550488.936168, -60.0
1574550489.523593, -60.0
1574550490.142475, -60.0
1574550490.793364, -60.0
1574550491.398197, -60.0
1574550494.155859, -60.0
1574550496.822053, -60.0
1574550499.5368, -60.0
1574550502.43642, -60.0
1574550505.375507, -60.0
1574550508.399561, -60.0
1574550508.997086, -60.0
1574550509.605855, -60.0
1574550510.225841, -60.0
1574550510.840389, -60.0
1574550511.448891, -60.0
1574550514.837845, -60.0
1574550517.473244, -60.0
1574550520.242134, -60.0
1574550522.996616, -60.0
1574550525.5914, -60.0
1574550528.387037, -60.0
1574550530.974153, -60.0
1574550533.608122, -60.0
1574550536.311312, -60.0
1574550539.338242, -60.0
1574550542.143619, -60.0
1574550545.023706, -60.0
1574550547.568069, -60.0
1574550550.264606, -60.0
1574550553.044399, -60.0
1574550555.740773, -60.0
1574550558.293618, -60.0
1574550560.982258, -60.0
1574550563.786971, -60.0
1574550566.306884, -60.0
1574550568.905013, -60.0
1574550571.544804, -60.0
1574550574.829178, -60.0
1574550575.389974, -60.0
1574550575.958586, -60.0
1574550576.521404, -60.0
1574550577.129936, -60.0
1574550577.701414, -60.0
1574550578.258809, -60.0
1574550581.214611, -60.0
1574550583.694793, -60.0
1574550586.151721, -60.0
1574550588.78054, -60.0
1574550591.473198, -60.0
1574550594.118285, -60.0
1574550596.663948, -60.0
1574550599.300304, -60.0
1574550601.854052, -60.0
1574550604.494941, -60.0
1574550607.046235, -60.0
1574550609.651336, -60.0
1574550612.192121, -60.0
1574550614.814364, -60.0
1574550617.522965, -60.0
1574550620.165812, -60.0
1574550623.007622, -60.0
1574550625.724523, -60.0
1574550628.418939, -60.0
1574550630.980601, -60.0
1574550633.719689, -60.0
1574550636.522145, -60.0
1574550639.105529, -60.0
1574550641.65794, -60.0
1574550644.357666, -60.0
1574550647.088362, -60.0
1574550650.694933, -60.0
1574550651.255672, -60.0
1574550653.931238, -60.0
1574550656.512504, -60.0
1574550659.15843, -60.0
1574550661.589547, -60.0
1574550663.986294, -59.0
1574550666.499836, -59.0
1574550669.016193, -59.0
1574550671.524013, -59.0
1574550674.101309, -59.0
1574550676.496141, -59.0
1574550679.022902, -59.0
1574550681.449666, -59.0
1574550684.039722, -59.0
1574550686.611851, -59.0
1574550689.102838, -59.0
1574550691.621096, -59.0
1574550694.088982, -59.0
1574550696.628777, -59.0
1574550699.191161, -59.0
1574550701.738303, -59.0
1574550704.276958, -59.0
1574550706.951612, -59.0
1574550709.382237, -59.0
1574550711.903019, -59.0
1574550714.573729, -59.0
1574550717.157823, -59.0
1574550719.734232, -59.0
1574550722.146313, -59.0
1574550724.764978, -59.0
1574550727.306297, -59.0
1574550729.961819, -59.0
1574550732.428448, -59.0
1574550735.237268, -59.0
1574550737.863013, -59.0
1574550740.44508, -59.0
1574550743.093496, -59.0
1574550745.705455, -59.0
1574550748.320515, -59.0
1574550750.924304, -59.0
1574550753.563764, -59.0
1574550756.231107, -59.0
1574550759.035384, -59.0
1574550761.73711, -59.0
1574550764.379882, -59.0
1574550766.990016, -59.0
1574550769.696591, -59.0
1574550772.192251, -59.0
1574550774.688241, -59.0
1574550777.336156, -59.0
1574550779.916302, -59.0
1574550782.485237, -59.0
1574550784.97946, -59.0
1574550787.610499, -59.0
1574550790.247569, -59.0
1574550792.80561, -59.0
1574550795.336517, -59.0
1574550797.780632, -59.0
1574550800.370595, -59.0
1574550803.054056, -59.0
1574550805.704343, -59.0
1574550808.307209, -59.0
1574550810.847588, -59.0
1574550813.317001, -59.0
1574550815.910354, -59.0
1574550818.291631, -59.0
1574550820.866355, -59.0
1574550823.677711, -59.0
1574550826.258181, -59.0
1574550828.910821, -59.0
1574550831.564758, -59.0
1574550834.172156, -59.0
1574550836.807048, -59.0
1574550839.520704, -59.0
1574550842.048469, -59.0
1574550844.687899, -59.0
1574550847.256061, -59.0
1574550849.853134, -59.0
1574550852.427019, -59.0
1574550854.84726, -59.0
1574550857.433477, -59.0
1574550860.059701, -59.0
1574550862.649221, -59.0
1574550865.229687, -59.0
1574550867.702114, -59.0
1574550870.341552, -59.0
1574550872.837547, -59.0
1574550875.360094, -59.0
1574550877.930115, -59.0
1574550880.522607, -59.0
1574550883.021148, -59.0
1574550885.615354, -59.0
1574550888.138614, -59.0
1574550890.612745, -59.0
1574550893.0701, -59.0
1574550895.487898, -59.0
1574550898.022691, -59.0
1574550900.538736, -59.0
1574550903.017842, -59.0
1574550905.537275, -59.0
1574550908.178491, -59.0
1574550910.765984, -59.0
1574550913.283736, -59.0
1574550915.80614, -59.0
1574550918.267882, -59.0
1574550920.747424, -59.0
1574550875.437338, -59.0
1574550878.794043, -59.0
1574550879.34949, -59.0
1574550882.260722, -59.0
1574550884.905004, -59.0
1574550887.906218, -59.0
1574550890.373153, -59.0
1574550892.81651, -59.0
1574550895.41985, -59.0
1574550897.888025, -59.0
1574550900.425342, -59.0
1574550903.036453, -59.0
1574550905.502884, -59.0
1574550907.971782, -59.0
1574550910.751354, -59.0
1574550913.34009, -59.0
1574550916.08592, -59.0
1574550918.60992, -59.0
1574550921.13071, -59.0
1574550923.654115, -59.0
1574550926.179493, -59.0
1574550928.699416, -59.0
1574550931.26026, -59.0
1574550933.867108, -59.0
1574550936.225624, -59.0
1574550938.69371, -59.0
1574550941.276362, -59.0
1574550944.004178, -59.0
1574550946.555323, -59.0
1574550949.07019, -59.0
1574550951.661746, -59.0
1574550954.150117, -59.0
1574550956.623031, -59.0
1574550959.059804, -59.0
1574550961.657074, -59.0
1574550964.133, -59.0
1574550966.625616, -59.0
1574550969.216553, -59.0
1574550971.817036, -59.0
1574550974.54351, -59.0
1574550977.236575, -59.0
1574550979.922554, -59.0
1574550982.579691, -59.0
1574550985.225051, -59.0
1574550987.854638, -59.0
1574550990.41478, -59.0
1574550992.923005, -59.0
1574550995.462766, -59.0
1574550997.877318, -59.0
1574551000.460543, -59.0
1574551003.123259, -59.0
1574551005.71071, -59.0
1574551008.434221, -59.0
1574551011.07457, -59.0
1574551013.867928, -59.0
1574551016.477567, -59.0
1574551019.10795, -59.0
1574551021.586825, -59.0
1574551024.190492, -59.0
1574551026.767745, -59.0
1574551029.426431, -59.0
1574551032.088447, -59.0
1574551034.742596, -59.0
1574551037.245026, -59.0
1574551039.869887, -59.0
1574551042.29446, -59.0
1574551044.982056, -59.0
1574551047.674011, -59.0
1574551050.386046, -59.0
1574551053.145608, -59.0
1574551055.859782, -59.0
1574551058.485469, -59.0
1574551060.961874, -59.0
1574551063.660683, -59.0
1574551066.262493, -59.0
1574551068.88585, -59.0
1574551071.689808, -59.0
1574551074.358383, -59.0
1574551077.039653, -59.0
1574551079.701982, -59.0
1574551082.321932, -59.0
1574551084.894017, -59.0
1574551087.557912, -59.0
1574551090.22899, -59.0
1574551092.713736, -59.0
1574551095.434383, -59.0
1574551098.083243, -59.0
1574551100.768585, -59.0
1574551103.377147, -59.0
1574551105.89438, -59.0
1574551108.465947, -59.0
1574551111.106368, -59.0
1574551113.761125, -59.0
1574551116.378225, -59.0
1574551119.030554, -59.0
1574551121.681054, -59.0
1574551124.352602, -59.0
1574551126.963394, -59.0
1574551129.582899, -59.0
1574551132.262598, -59.0
1574551134.869674, -59.0
1574551137.406312, -59.0
1574551140.000731, -59.0
1574551142.591452, -59.0
1574551145.154067, -59.0
1574551147.804356, -59.0
1574551150.525747, -59.0
1574551153.01832, -59.0
1574551155.640633, -59.0
1574551158.201184, -59.0
1574551160.761484, -59.0
1574551163.216901, -59.0
1574551165.867169, -59.0
1574551168.490257, -59.0
1574551170.926979, -59.0
1574551173.586016, -59.0
1574551176.136466, -59.0
1574551178.793576, -59.0
1574551181.509923, -59.0
1574551184.132338, -59.0
1574551186.849819, -59.0
1574551189.521427, -59.0
1574551192.154941, -59.0
1574551194.793158, -59.0
1574551197.389074, -59.0
1574551200.128532, -59.0
1574551202.750822, -59.0
1574551205.538523, -59.0
1574551208.23484, -59.0
1574551210.928494, -59.0
1574551213.648295, -59.0
1574551216.191027, -59.0
1574551218.891838, -59.0
1574551221.622384, -59.0
1574551224.330452, -59.0
1574551226.797472, -59.0
1574551229.459554, -59.0
1574551232.039324, -59.0
1574551234.517569, -59.0
1574551236.985729, -59.0
1574551239.480762, -59.0
1574551242.080897, -59.0
1574551244.673974, -59.0
1574551247.205667, -59.0
1574551249.910529, -59.0
1574551252.469615, -59.0
1574551255.098847, -59.0
1574551257.794324, -59.0
1574551260.431482, -59.0
1574551262.994121, -59.0
1574551265.534586, -59.0
1574551268.169278, -59.0
1574551270.793273, -59.0
1574551273.367561, -59.0
1574551276.160273, -59.0
1574551278.655674, -59.0
1574551281.223072, -59.0
1574551283.729814, -59.0
1574551286.296127, -59.0
1574551288.771271, -59.0
1574551291.211505, -59.0
1574551293.777722, -59.0
1574551296.426388, -59.0
1574551299.007734, -59.0
1574551301.637371, -59.0
1574551304.202941, -59.0
1574551306.811229, -59.0
1574551309.421961, -59.0
1574551311.963294, -59.0
1574551314.637783, -59.0
1574551317.193036, -59.0
1574551319.919434, -59.0
1574551322.685576, -59.0
1574551325.402965, -59.0
1574551328.060212, -59.0
1574551330.699256, -59.0
1574551333.510893, -59.0
1574551336.193935, -59.0
1574551338.735934, -59.0
1574551341.285828, -59.0
1574551343.798005, -59.0
1574551346.446729, -59.0
1574551348.998771, -59.0
1574551351.443687, -59.0
1574551353.974251, -59.0
1574551356.547304, -59.0
1574551359.027197, -59.0
1574551361.607477, -59.0
1574551364.31221, -59.0
1574551367.040937, -59.0
1574551369.684801, -59.0
1574551372.274126, -59.0
1574551374.743501, -59.0
1574551377.283304, -59.0
1574551379.876574, -59.0
1574551382.386371, -59.0
1574551384.890887, -59.0
1574551387.508106, -59.0
1574551390.202764, -59.0
1574551392.772544, -59.0
1574551395.422858, -59.0
1574551397.852186, -59.0
1574551400.588578, -59.0
1574551403.185908, -59.0
1574551405.549242, -59.0
1574551408.090655, -59.0
1574551410.643223, -59.0
1574551413.186326, -59.0
1574551415.652896, -59.0
1574551418.1583, -59.0
1574551420.670933, -59.0
1574551423.164361, -59.0
1574551425.667506, -59.0
1574551428.280016, -59.0
1574551430.809356, -59.0
1574551433.455726, -59.0
1574551436.122343, -59.0
1574551438.605815, -59.0
1574551441.172055, -59.0
1574551443.748089, -59.0
1574551446.337157, -59.0
1574551448.854451, -59.0
1574551451.271211, -59.0
1574551453.800205, -59.0
1574551456.406501, -59.0
1574551458.909155, -59.0
1574551461.451529, -59.0
1574551463.965542, -59.0
1574551466.423946, -59.0
1574551468.935425, -59.0
1574551471.369165, -59.0
1574551473.824154, -59.0
1574551476.273778, -59.0
1574551478.80437, -59.0
1574551481.267754, -59.0
1574551483.800506, -59.0
1574551486.204761, -59.0
1574551488.73145, -59.0
1574551491.132208, -59.0
1574551493.69348, -59.0
1574551496.202655, -59.0
1574551498.723909, -59.0
1574551501.27817, -59.0
1574551503.816219, -59.0
1574551506.339907, -59.0
1574551508.886225, -59.0
1574551511.406221, -59.0
1574551513.880045, -59.0
1574551516.335924, -59.0
1574551518.836139, -59.0
1574550909.829454, -59.0
1574550910.394707, -59.0
1574550910.955863, -59.0
1574550911.500848, -59.0
1574550912.047335, -59.0
1574550912.59722, -59.0
1574550913.151274, -59.0
1574550913.710269, -59.0
1574550914.355956, -59.0
1574550915.014759, -59.0
1574550918.996602, -59.0
1574550921.747124, -59.0
1574550924.49312, -59.0
1574550927.194152, -59.0
1574550929.692138, -59.0
1574550932.232442, -59.0
1574550934.84412, -59.0
1574550937.591116, -59.0
1574550940.275382, -59.0
1574550942.88084, -59.0
1574550945.663694, -59.0
1574550948.264986, -59.0
1574550950.892162, -59.0
1574550953.463132, -59.0
1574550956.22085, -59.0
1574550958.843628, -59.0
1574550961.473944, -59.0
1574550964.204955, -59.0
1574550966.819194, -59.0
1574550969.499677, -59.0
1574550972.141422, -59.0
1574550974.693125, -59.0
1574550977.209612, -59.0
1574550979.780312, -59.0
1574550982.308691, -59.0
1574550984.784268, -59.0
1574550987.283922, -59.0
1574550989.823128, -59.0
1574550992.20178, -59.0
1574550994.711988, -59.0
1574550997.287872, -59.0
1574550999.747229, -59.0
1574551002.330424, -59.0
1574551004.884096, -59.0
1574551007.532768, -59.0
1574551010.093945, -59.0
1574551012.662199, -59.0
1574551015.208123, -59.0
1574551017.7237, -59.0
1574551020.174243, -59.0
1574551022.868195, -59.0
1574551025.464063, -59.0
1574551028.075078, -59.0
1574551030.567442, -59.0
1574551033.217018, -59.0
1574551035.640972, -59.0
1574551038.285184, -59.0
1574551040.96532, -59.0
1574551043.561204, -59.0
1574551046.236624, -59.0
1574551048.819506, -59.0
1574551051.371869, -59.0
1574551053.709838, -59.0
1574551056.238144, -59.0
1574551058.756579, -59.0
1574551061.22628, -59.0
1574551063.926358, -59.0
1574551066.458809, -59.0
1574551069.012485, -59.0
1574551071.598908, -59.0
1574551074.134862, -59.0
1574551076.700841, -59.0
1574551079.355685, -59.0
1574551082.022578, -59.0
1574551084.494653, -59.0
1574551087.130947, -59.0
1574551089.638955, -59.0
1574551092.185558, -59.0
1574551094.710763, -59.0
1574551097.166019, -59.0
1574551099.616574, -59.0
1574551102.165137, -59.0
1574551104.756161, -59.0
1574551107.271284, -59.0
1574551109.806823, -59.0
1574551112.334568, -59.0
1574551114.926003, -59.0
1574551117.482864, -59.0
1574551120.065935, -59.0
1574551122.675709, -59.0
1574551125.290853, -59.0
1574551127.728553, -59.0
1574551130.271646, -59.0
1574551132.763048, -59.0
1574551135.386783, -59.0
1574551138.029367, -59.0
1574551140.704132, -59.0
1574551143.217079, -59.0
1574551145.754036, -59.0
1574551148.215165, -59.0
1574551150.721977, -59.0
1574551153.141545, -59.0
1574551155.727517, -59.0
1574551158.226819, -59.0
1574551160.624007, -59.0
1574551163.259599, -59.0
1574551165.763753, -59.0
1574551168.308918, -59.0
1574551170.890273, -59.0
1574551173.398579, -59.0
1574551176.03507, -59.0
1574551178.551219, -59.0
1574551181.06743, -59.0
1574551183.578167, -59.0
1574551186.048767, -59.0
1574551188.668746, -59.0
1574551191.164408, -59.0
1574551193.828715, -59.0
1574551196.457752, -59.0
1574551198.999684, -59.0
1574551201.634523, -59.0
1574551204.154697, -59.0
1574551206.763315, -59.0
1574551209.373047, -59.0
1574551212.009842, -59.0
1574551214.416742, -59.0
1574551217.043136, -59.0
1574551219.551251, -59.0
1574551221.978466, -59.0
1574551224.390511, -59.0
1574551226.848624, -59.0
1574551229.435819, -59.0
1574551232.011157, -59.0
1574551234.472984, -59.0
1574551237.080973, -59.0
1574551239.611779, -59.0
1574551242.183589, -59.0
1574551244.809328, -59.0
1574551247.315058, -59.0
1574551249.808305, -59.0
1574551252.352521, -59.0
1574551254.929197, -59.0
1574551257.490619, -59.0
1574551260.001477, -59.0
1574551262.687819, -59.0
1574551265.16457, -59.0
1574551267.701067, -59.0
1574551270.150965, -59.0
1574551272.68748, -59.0
1574551275.111174, -59.0
1574551277.490033, -59.0
1574551280.011194, -59.0
1574551282.622809, -59.0
1574551285.177881, -59.0
1574551287.730083, -59.0
1574551290.278348, -59.0
1574551292.825385, -59.0
1574551295.40645, -59.0
1574551297.914308, -59.0
1574551300.514298, -59.0
1574551303.002407, -59.0
1574551305.602193, -59.0
1574551308.215072, -59.0
1574551310.832006, -59.0
1574551313.369189, -59.0
1574551315.91057, -59.0
1574551318.612107, -59.0
1574551321.202005, -59.0
1574551323.676455, -59.0
1574551326.20873, -59.0
1574551328.725026, -59.0
1574551331.265894, -59.0
1574551333.777006, -59.0
1574551336.240584, -59.0
1574551338.726872, -59.0
1574551341.287376, -59.0
1574551343.709628, -59.0
1574551346.254347, -59.0
1574551348.842204, -59.0
1574551351.506745, -59.0
1574551354.046075, -59.0
1574551356.576735, -59.0
1574551358.977652, -59.0
1574551361.467122, -59.0
1574551363.984223, -59.0
1574551366.490808, -59.0
1574551368.985667, -59.0
1574551371.613864, -59.0
1574551374.30533, -59.0
1574551376.885235, -59.0
1574551379.590761, -59.0
1574551382.037114, -59.0
1574551384.74571, -59.0
1574551387.250784, -59.0
1574551389.649168, -59.0
1574551392.15337, -59.0
1574551394.714835, -59.0
1574551397.235438, -59.0
1574551399.730361, -59.0
1574551402.27407, -59.0
1574551404.993675, -59.0
1574551407.384801, -59.0
1574551409.8531, -59.0
1574551412.409124, -59.0
1574551414.880296, -59.0
1574551417.593168, -59.0
1574551420.189298, -59.0
1574551422.652888, -59.0
1574551425.138621, -59.0
1574551427.746497, -59.0
1574551430.336213, -59.0
1574551432.888715, -59.0
1574551435.320121, -59.0
1574551437.907856, -59.0
1574551440.495197, -59.0
1574551443.001772, -59.0
1574551445.587238, -59.0
1574551448.078521, -59.0
1574551450.552524, -59.0
1574551453.071799, -59.0
1574551455.55132, -59.0
1574551457.982537, -59.0
1574551460.460303, -59.0
1574551462.987164, -59.0
1574551465.51617, -59.0
1574551468.081125, -59.0
1574551470.496494, -59.0
1574551473.024929, -59.0
1574551475.439399, -59.0
1574551478.04034, -59.0
1574551480.573987, -59.0
1574551483.114186, -59.0
1574551485.688579, -59.0
1574551488.395482, -59.0
1574551490.948794, -59.0
1574551493.644812, -59.0
1574551496.17862, -59.0
1574551498.686403, -59.0
1574551501.23235, -59.0
1574551503.699551, -59.0
1574551506.222056, -59.0
1574551508.841181, -59.0
1574551511.492708, -59.0
1574551513.93707, -59.0
1574551516.557661, -59.0
1574551519.033296, -59.0
1574551521.604713, -59.0
1574551524.087482, -59.0
1574551526.667934, -59.0
1574551529.203408, -59.0
1574550915.351249, -59.0
1574550915.906596, -59.0
1574550916.457083, -59.0
1574550917.010358, -59.0
1574550919.922978, -59.0
1574550922.395274, -59.0
1574550924.958294, -59.0
1574550927.568848, -59.0
1574550930.09739, -59.0
1574550932.625179, -59.0
1574550935.352016, -59.0
1574550937.955549, -59.0
1574550940.557649, -59.0
1574550943.17857, -59.0
1574550945.608871, -59.0
1574550948.081369, -59.0
1574550950.606683, -59.0
1574550953.093096, -59.0
1574550955.718818, -59.0
1574550958.139996, -59.0
1574550960.72558, -59.0
1574550963.297066, -59.0
1574550965.843902, -59.0
1574550968.34282, -59.0
1574550970.883657, -59.0
1574550973.3899, -59.0
1574550975.966791, -59.0
1574550978.364014, -59.0
1574550980.924389, -59.0
1574550983.520352, -59.0
1574550986.05955, -59.0
1574550988.69891, -59.0
1574550991.210917, -59.0
1574550993.73594, -59.0
1574550996.16037, -59.0
1574550998.738256, -59.0
1574551001.230281, -59.0
1574551003.702078, -59.0
1574551006.374835, -59.0
1574551008.942252, -59.0
1574551011.53858, -59.0
1574551014.066073, -59.0
1574551016.635385, -59.0
1574551019.194003, -59.0
1574551021.7489, -59.0
1574551024.35407, -59.0
1574551026.916836, -59.0
1574551029.540442, -59.0
1574551031.949855, -59.0
1574551034.474118, -59.0
1574551036.976309, -59.0
1574551039.549208, -59.0
1574551042.165453, -59.0
1574551044.676025, -59.0
1574551047.231598, -59.0
1574551049.839993, -59.0
1574551052.311082, -59.0
1574551054.868, -59.0
1574551057.349534, -59.0
1574551059.805752, -59.0
1574551062.509408, -59.0
1574551064.940236, -59.0
1574551067.594707, -59.0
1574551070.062768, -59.0
1574551072.490518, -59.0
1574551074.929511, -59.0
1574551077.586567, -59.0
1574551080.132198, -59.0
1574551082.617339, -59.0
1574551085.242664, -59.0
1574551087.735877, -59.0
1574551090.219072, -59.0
1574551092.870661, -59.0
1574551095.398341, -59.0
1574551097.952041, -59.0
1574551100.50102, -59.0
1574551103.012043, -59.0
1574551105.567787, -59.0
1574551108.27262, -59.0
1574551110.850862, -59.0
1574551113.386179, -59.0
1574551115.969458, -59.0
1574551118.534476, -59.0
1574551120.99068, -59.0
1574551123.409471, -59.0
1574551125.951912, -59.0
1574551128.544894, -59.0
1574551131.138393, -59.0
1574551133.689213, -59.0
1574551136.296083, -59.0
1574551138.853299, -59.0
1574551141.430184, -59.0
1574551144.109365, -59.0
1574551146.70052, -59.0
1574551149.197125, -59.0
1574551151.894701, -59.0
1574551154.357647, -59.0
1574551156.923426, -59.0
1574551159.417484, -59.0
1574551162.16438, -59.0
1574551164.656576, -59.0
1574551167.199157, -59.0
1574551169.898589, -59.0
1574551172.509512, -59.0
1574551174.938003, -59.0
1574551177.397291, -59.0
1574551179.991482, -59.0
1574551182.528429, -59.0
1574551185.032072, -59.0
1574551187.563768, -59.0
1574551190.16724, -59.0
1574551192.696887, -59.0
1574551195.222486, -59.0
1574551197.770259, -59.0
1574551200.277052, -59.0
1574551202.854303, -59.0
1574551205.550147, -59.0
1574551208.107327, -59.0
1574551210.737374, -59.0
1574551213.316631, -59.0
1574551215.822782, -59.0
1574551218.288244, -59.0
1574551220.807958, -59.0
1574551223.349792, -59.0
1574551225.892672, -59.0
1574551228.532548, -59.0
1574551231.230263, -59.0
1574551233.714713, -59.0
1574551236.319426, -59.0
1574551238.778265, -59.0
1574551241.4315, -59.0
1574551244.001985, -59.0
1574551246.69808, -59.0
1574551249.330799, -59.0
1574551251.934524, -59.0
1574551254.372026, -59.0
1574551256.878967, -59.0
1574551259.416243, -59.0
1574551262.054412, -59.0
1574551264.755401, -59.0
1574551267.29672, -59.0
1574551269.868022, -59.0
1574551272.476749, -59.0
1574551274.939813, -59.0
1574551277.421767, -59.0
1574551280.076551, -59.0
1574551282.628477, -59.0
1574551285.144685, -59.0
1574551287.744658, -59.0
1574551290.369025, -59.0
1574551292.885158, -59.0
1574551295.416035, -59.0
1574551297.967402, -59.0
1574551300.432345, -59.0
1574551303.038927, -59.0
1574551305.516813, -59.0
1574551308.113813, -59.0
1574551310.732382, -59.0
1574551313.312932, -59.0
1574551315.849844, -59.0
1574551318.40453, -59.0
1574551321.118462, -59.0
1574551323.682675, -59.0
1574551326.136646, -59.0
1574551328.674138, -59.0
1574551331.168679, -59.0
1574551333.707735, -59.0
1574551336.190901, -59.0
1574551338.64982, -59.0
1574551341.210474, -59.0
1574551343.834086, -59.0
1574551346.266697, -59.0
1574551348.883277, -59.0
1574551351.512735, -59.0
1574551354.207406, -59.0
1574551356.76142, -59.0
1574551359.344963, -59.0
1574551361.751904, -59.0
1574551364.259334, -59.0
1574551366.749774, -59.0
1574551369.306134, -59.0
1574551371.901385, -59.0
1574551374.605398, -59.0
1574551377.406466, -59.0
1574551379.991114, -59.0
1574551382.830224, -59.0
1574551385.395589, -59.0
1574551388.24872, -59.0
1574551390.862658, -59.0
1574551393.362876, -59.0
1574551395.981498, -59.0
1574551398.698297, -59.0
1574551401.329019, -59.0
1574551403.965281, -59.0
1574551406.549303, -59.0
1574551409.233627, -59.0
1574551411.741128, -59.0
1574551414.321036, -59.0
1574551417.020512, -59.0
1574551419.601579, -59.0
1574551422.338549, -59.0
1574551425.022228, -59.0
1574551427.550325, -59.0
1574551430.061492, -59.0
1574551432.68498, -59.0
1574551435.345155, -59.0
1574551437.983147, -59.0
1574551440.449938, -59.0
1574551443.052052, -59.0
1574551445.704745, -59.0
1574551448.335648, -59.0
1574551450.964776, -59.0
1574551453.475438, -59.0
1574551456.154356, -59.0
1574551458.828052, -59.0
1574551461.41319, -59.0
1574551464.11137, -59.0
1574551466.719081, -59.0
1574551469.42423, -59.0
1574551472.029668, -59.0
1574551474.639653, -59.0
1574551477.272584, -59.0
1574551479.889567, -59.0
1574551482.425844, -59.0
1574551485.193247, -59.0
1574551487.810414, -59.0
1574551490.535485, -59.0
1574551493.080542, -59.0
1574551495.699772, -59.0
1574551498.405156, -59.0
1574551500.984805, -59.0
1574551503.619007, -59.0
1574551506.238207, -59.0
1574551508.766149, -59.0
1574551511.471758, -59.0
1574551514.210744, -59.0
1574551516.786272, -59.0
1574551519.543567, -59.0
1574551522.154754, -59.0
1574551524.740274, -59.0
1574551527.194329, -59.0
1574551529.83467, -59.0
1574551532.343321, -59.0
1574551534.764878, -59.0
1574551537.298931, -59.0
1574551539.922882, -59.0
1574551542.456284, -59.0
1574551544.968439, -59.0
1574551547.585261, -59.0
1574551549.998373, -59.0
1574550921.978891, -59.0
1574550922.620244, -59.0
1574550923.250267, -59.0
1574550923.815842, -59.0
1574550926.66912, -59.0
1574550929.130101, -59.0
1574550931.683643, -59.0
1574550934.271503, -59.0
1574550936.718247, -59.0
1574550939.130971, -59.0
1574550941.808707, -59.0
1574550944.331251, -59.0
1574550946.88875, -59.0
1574550949.505815, -59.0
1574550951.92557, -59.0
1574550954.370386, -59.0
1574550956.898896, -59.0
1574550959.387593, -59.0
1574550962.011354, -59.0
1574550964.429008, -59.0
1574550966.99938, -59.0
1574550969.592359, -59.0
1574550972.146393, -59.0
1574550974.649369, -59.0
1574550977.213287, -59.0
1574550979.729654, -59.0
1574550982.253001, -59.0
1574550984.64782, -59.0
1574550987.285975, -59.0
1574550989.996228, -59.0
1574550992.623185, -59.0
1574550995.384467, -59.0
1574550998.004687, -59.0
1574551000.578205, -59.0
1574551003.033679, -59.0
1574551005.620088, -59.0
1574551008.139007, -59.0
1574551010.610804, -59.0
1574551013.282492, -59.0
1574551015.863995, -59.0
1574551018.438945, -59.0
1574551021.01021, -59.0
1574551023.629382, -59.0
1574551026.138221, -59.0
1574551028.660137, -59.0
1574551031.282522, -59.0
1574551033.862474, -59.0
1574551036.502003, -59.0
1574551038.93251, -59.0
1574551041.448842, -59.0
1574551043.947969, -59.0
1574551046.540199, -59.0
1574551049.152784, -59.0
1574551051.680036, -59.0
1574551054.215731, -59.0
1574551056.84083, -59.0
1574551059.283548, -59.0
1574551061.852491, -59.0
1574551064.335995, -59.0
1574551066.822958, -59.0
1574551069.527904, -59.0
1574551071.944512, -59.0
1574551074.602127, -59.0
1574551077.043397, -59.0
1574551079.472476, -59.0
1574551081.91927, -59.0
1574551084.567752, -59.0
1574551087.08478, -59.0
1574551089.544811, -59.0
1574551092.134782, -59.0
1574551094.608755, -59.0
1574551097.041285, -59.0
1574551099.626336, -59.0
1574551102.319103, -59.0
1574551104.860864, -59.0
1574551107.397707, -59.0
1574551109.833023, -59.0
1574551112.373236, -59.0
1574551115.031984, -59.0
1574551117.594201, -59.0
1574551120.112228, -59.0
1574551122.654307, -59.0
1574551125.270324, -59.0
1574551127.781423, -59.0
1574551130.257617, -59.0
1574551132.885698, -59.0
1574551135.471036, -59.0
1574551138.056901, -59.0
1574551140.591292, -59.0
1574551143.189133, -59.0
1574551145.689713, -59.0
1574551148.215736, -59.0
1574551150.826192, -59.0
1574551153.409435, -59.0
1574551155.936661, -59.0
1574551158.639403, -59.0
1574551161.194056, -59.0
1574551163.796877, -59.0
1574551166.333462, -59.0
1574551169.09494, -59.0
1574551171.624707, -59.0
1574551174.213649, -59.0
1574551176.923314, -59.0
1574551179.533684, -59.0
1574551181.929499, -59.0
1574551184.379208, -59.0
1574551186.985179, -59.0
1574551189.525321, -59.0
1574551192.049301, -59.0
1574551194.60305, -59.0
1574551197.190014, -59.0
1574551199.715509, -59.0
1574551202.271347, -59.0
1574551204.794068, -59.0
1574551207.271421, -59.0
1574551209.862627, -59.0
1574551212.558043, -59.0
1574551215.154901, -59.0
1574551217.787964, -59.0
1574551220.349868, -59.0
1574551222.795404, -59.0
1574551225.197956, -59.0
1574551227.684645, -59.0
1574551230.17315, -59.0
1574551232.696738, -59.0
1574551235.270899, -59.0
1574551237.919856, -59.0
1574551240.343594, -59.0
1574551242.863646, -59.0
1574551245.289478, -59.0
1574551247.882248, -59.0
1574551250.443523, -59.0
1574551253.025527, -59.0
1574551255.616988, -59.0
1574551258.198931, -59.0
1574551260.64138, -59.0
1574551263.163084, -59.0
1574551265.720181, -59.0
1574551268.281804, -59.0
1574551270.900718, -59.0
1574551273.445854, -59.0
1574551275.976726, -59.0
1574551278.607129, -59.0
1574551281.087546, -59.0
1574551283.612595, -59.0
1574551286.365001, -59.0
1574551288.98646, -59.0
1574551291.592007, -59.0
1574551294.233066, -59.0
1574551296.941378, -59.0
1574551299.522132, -59.0
1574551302.087707, -59.0
1574551304.719487, -59.0
1574551307.230994, -59.0
1574551309.876005, -59.0
1574551312.380051, -59.0
1574551314.992141, -59.0
1574551317.620306, -59.0
1574551320.223663, -59.0
1574551322.758797, -59.0
1574551325.293605, -59.0
1574551327.976929, -59.0
1574551330.559491, -59.0
1574551333.00288, -59.0
1574551335.540692, -59.0
1574551338.054856, -59.0
1574551340.586119, -59.0
1574551343.071935, -59.0
1574551345.478911, -59.0
1574551347.953738, -59.0
1574551350.478374, -59.0
1574551352.890099, -59.0
1574551355.504735, -59.0
1574551358.146995, -59.0
1574551360.877694, -59.0
1574551363.468119, -59.0
1574551366.046398, -59.0
1574551368.454217, -59.0
1574551370.95773, -59.0
1574551373.491623, -59.0
1574551375.985281, -59.0
1574551378.507428, -59.0
1574551381.145855, -59.0
1574551383.843133, -59.0
1574551386.382155, -59.0
1574551389.082693, -59.0
1574551391.516801, -59.0
1574551394.206991, -59.0
1574551396.668956, -59.0
1574551399.05937, -59.0
1574551401.551332, -59.0
1574551404.334025, -59.0
1574551406.937246, -59.0
1574551409.409506, -59.0
1574551411.901693, -59.0
1574551414.428888, -59.0
1574551416.811408, -59.0
1574551419.2754, -59.0
1574551421.903067, -59.0
1574551424.338407, -59.0
1574551426.96012, -59.0
1574551429.5707, -59.0
1574551432.002105, -59.0
1574551434.486557, -59.0
1574551437.060836, -59.0
1574551439.612864, -59.0
1574551442.147832, -59.0
1574551444.557081, -59.0
1574551447.091169, -59.0
1574551449.677213, -59.0
1574551452.221167, -59.0
1574551454.72044, -59.0
1574551457.113603, -59.0
1574551459.685108, -59.0
1574551462.232173, -59.0
1574551464.707525, -59.0
1574551467.289381, -59.0
1574551469.793604, -59.0
1574551472.352958, -59.0
1574551474.803892, -59.0
1574551477.279949, -59.0
1574551479.777138, -59.0
1574551482.277111, -59.0
1574551484.668231, -59.0
1574551487.295985, -59.0
1574551489.836179, -59.0
1574551492.48518, -59.0
1574551494.939401, -59.0
1574551497.52993, -59.0
1574551500.088288, -59.0
1574551502.600952, -59.0
1574551505.230035, -59.0
1574551507.855386, -59.0
1574551510.285229, -59.0
1574551512.82878, -59.0
1574551515.468678, -59.0
1574551518.014046, -59.0
1574551520.642522, -59.0
1574551523.192547, -59.0
1574551525.760186, -59.0
1574551528.164437, -59.0
1574551530.778625, -59.0
1574551533.329144, -59.0
1574551535.746507, -59.0
1574551538.272035, -59.0
1574551541.004356, -59.0
1574551543.601436, -59.0
1574551546.102023, -59.0
1574551548.680077, -59.0
1574551551.189707, -59.0
1574551522.213697, -59.0
1574551525.167945, -59.0
1574551527.881029, -59.0
1574551530.438884, -59.0
1574551533.188204, -59.0
1574551535.811438, -59.0
1574551538.329031, -59.0
1574551540.857717, -59.0
1574551543.409039, -59.0
1574551545.953408, -59.0
1574551548.59124, -59.0
1574551551.296718, -59.0
1574551553.813202, -59.0
1574551556.582565, -59.0
1574551559.191557, -59.0
1574551561.711861, -59.0
1574551564.229745, -59.0
1574551566.760901, -59.0
1574551569.342201, -59.0
1574551571.969093, -59.0
1574551574.559158, -59.0
1574551577.030607, -59.0
1574551579.644991, -59.0
1574551582.226177, -59.0
1574551584.694957, -59.0
1574551587.114917, -59.0
1574551589.629168, -59.0
1574551592.045962, -59.0
1574551594.445331, -59.0
1574551597.076785, -59.0
1574551599.581421, -59.0
1574551601.969088, -59.0
1574551604.403994, -59.0
1574551606.896736, -59.0
1574551609.423285, -59.0
1574551611.940216, -59.0
1574551614.411609, -59.0
1574551617.027354, -59.0
1574551619.63047, -59.0
1574551622.181831, -59.0
1574551624.717433, -59.0
1574551627.263321, -59.0
1574551629.979365, -59.0
1574551632.452577, -59.0
1574551635.139725, -59.0
1574551637.877894, -59.0
1574551640.416304, -59.0
1574551643.1068, -59.0
1574551645.69869, -59.0
1574551648.249364, -59.0
1574551650.700893, -59.0
1574551653.24569, -59.0
1574551655.66009, -59.0
1574551658.227837, -59.0
1574551660.856776, -59.0
1574551663.488198, -59.0
1574551666.02077, -59.0
1574551668.531695, -59.0
1574551671.031991, -59.0
1574551673.5565, -59.0
1574551676.062435, -59.0
1574551678.569059, -59.0
1574551681.206021, -59.0
1574551683.780682, -59.0
1574551686.282232, -59.0
1574551689.0369, -59.0
1574551691.472904, -59.0
1574551694.083138, -59.0
1574551696.412347, -59.0
1574551698.966661, -59.0
1574551701.496565, -59.0
1574551704.098844, -59.0
1574551706.791619, -59.0
1574551709.366548, -59.0
1574551711.905907, -59.0
1574551714.482365, -59.0
1574551716.994352, -59.0
1574551719.748198, -59.0
1574551722.474427, -59.0
1574551725.181345, -59.0
1574551727.669355, -59.0
1574551730.316918, -59.0
1574551732.86563, -59.0
1574551735.410853, -59.0
1574551737.980346, -59.0
1574551740.618007, -59.0
1574551743.150675, -59.0
1574551745.729588, -59.0
1574551748.293369, -59.0
1574551750.832945, -59.0
1574551753.283529, -59.0
1574551755.82646, -59.0
1574551758.398712, -59.0
1574551760.934674, -59.0
1574551763.366224, -59.0
1574551765.732977, -59.0
1574551768.168204, -59.0
1574551770.632654, -59.0
1574551773.283847, -59.0
1574551775.917536, -59.0
1574551778.436933, -59.0
1574551780.997077, -59.0
1574551783.496231, -59.0
1574551786.31193, -59.0
1574551788.988912, -59.0
1574551791.533378, -59.0
1574551794.230108, -59.0
1574551796.723929, -59.0
1574551799.31006, -59.0
1574551801.93893, -59.0
1574551804.544392, -59.0
1574551807.024699, -59.0
1574551809.622094, -59.0
1574551812.196995, -59.0
1574551814.755018, -59.0
1574551817.356099, -59.0
1574551819.924224, -59.0
1574551822.592165, -59.0
1574551825.374551, -59.0
1574551827.984698, -59.0
1574551830.581447, -59.0
1574551833.277535, -59.0
1574551835.928143, -59.0
1574551838.478446, -59.0
1574551840.979511, -59.0
1574551843.621592, -59.0
1574551845.998427, -59.0
1574551848.528042, -59.0
1574551851.117269, -59.0
1574551853.591598, -59.0
1574551856.193511, -59.0
1574551858.779216, -59.0
1574551861.325507, -59.0
1574551863.862273, -59.0
1574551866.362965, -59.0
1574551868.849876, -59.0
1574551871.402455, -59.0
1574551873.83383, -59.0
1574551876.419118, -59.0
1574551878.912222, -59.0
1574551881.405841, -59.0
1574551883.983898, -59.0
1574551886.578132, -59.0
1574551889.06644, -59.0
1574551891.611094, -59.0
1574551894.083305, -59.0
1574551896.624408, -59.0
1574551899.226224, -59.0
1574551901.85074, -59.0
1574551904.285517, -59.0
1574551906.817948, -59.0
1574551909.337165, -59.0
1574551911.877838, -59.0
1574551914.414993, -59.0
1574551916.961882, -59.0
1574551919.397507, -59.0
1574551921.979621, -59.0
1574551924.501852, -59.0
1574551926.986743, -59.0
1574551929.495174, -59.0
1574551932.124773, -59.0
1574551934.596294, -59.0
1574551937.259036, -59.0
1574551939.956361, -59.0
1574551942.523431, -59.0
1574551945.110319, -59.0
1574551947.603532, -59.0
1574551950.171703, -59.0
1574551952.641303, -59.0
1574551955.28257, -59.0
1574551957.849085, -59.0
1574551960.448644, -59.0
1574551963.005939, -59.0
1574551965.6165, -59.0
1574551968.18331, -59.0
1574551970.686182, -59.0
1574551973.365519, -59.0
1574551975.985168, -59.0
1574551978.56975, -59.0
1574551981.147154, -59.0
1574551983.562986, -59.0
1574551986.082409, -59.0
1574551988.600564, -59.0
1574551991.241073, -59.0
1574551993.655965, -59.0
1574551996.120135, -59.0
1574551998.689604, -59.0
1574552001.28839, -59.0
1574552003.989262, -59.0
1574552006.594955, -59.0
1574552009.282155, -59.0
1574552011.7613, -59.0
1574552014.354278, -59.0
1574552016.873455, -59.0
1574552019.380222, -59.0
1574552021.846123, -59.0
1574552024.332977, -59.0
1574552026.977834, -59.0
1574552029.549145, -59.0
1574552032.064253, -59.0
1574552034.660493, -59.0
1574552037.156084, -59.0
1574552039.569035, -59.0
1574552042.046859, -59.0
1574552044.57496, -59.0
1574552047.054993, -59.0
1574552049.580147, -59.0
1574552052.189106, -59.0
1574552054.917716, -59.0
1574552057.487449, -59.0
1574552060.015756, -59.0
1574552062.490872, -59.0
1574552065.200772, -59.0
1574552067.976029, -59.0
1574552070.529831, -59.0
1574552073.290985, -59.0
1574552075.795649, -59.0
1574552078.224689, -59.0
1574552080.738807, -59.0
1574552083.356003, -59.0
1574552085.81845, -59.0
1574552088.208011, -59.0
1574552090.781541, -59.0
1574552093.39377, -59.0
1574552096.080894, -59.0
1574552098.53805, -59.0
1574552101.026551, -59.0
1574552103.538513, -59.0
1574552106.22324, -59.0
1574552108.783316, -59.0
1574552111.317055, -59.0
1574552113.80234, -59.0
1574552116.357946, -59.0
1574552118.882697, -59.0
1574552121.315287, -59.0
1574552123.899865, -59.0
1574552126.410578, -59.0
1574552128.931337, -59.0
1574552131.404091, -59.0
1574552134.064386, -59.0
1574552136.429984, -59.0
1574552139.05776, -59.0
1574552141.668128, -59.0
1574552144.189239, -59.0
1574552146.659947, -59.0
1574552149.076518, -59.0
1574552151.677975, -59.0
1574552154.250729, -59.0
1574552156.739144, -59.0
1574552159.229402, -59.0
1574551532.860729, -59.0
1574551535.748886, -59.0
1574551538.459617, -59.0
1574551541.284599, -59.0
1574551544.009986, -59.0
1574551546.724639, -59.0
1574551549.412754, -59.0
1574551552.092424, -59.0
1574551554.72873, -59.0
1574551557.348711, -59.0
1574551560.019847, -59.0
1574551562.58555, -59.0
1574551565.239574, -59.0
1574551567.798501, -59.0
1574551570.327407, -59.0
1574551572.846366, -59.0
1574551575.316872, -59.0
1574551577.772566, -59.0
1574551580.220466, -59.0
1574551582.929159, -59.0
1574551585.464071, -59.0
1574551587.901369, -59.0
1574551590.421408, -59.0
1574551592.887403, -59.0
1574551595.497448, -59.0
1574551598.107949, -59.0
1574551600.629002, -59.0
1574551603.301542, -59.0
1574551605.930648, -59.0
1574551608.473424, -59.0
1574551611.05015, -59.0
1574551613.595109, -59.0
1574551616.299055, -59.0
1574551618.795127, -59.0
1574551621.381857, -59.0
1574551624.100491, -59.0
1574551626.596418, -59.0
1574551629.27111, -59.0
1574551631.860799, -59.0
1574551634.495462, -59.0
1574551636.929325, -59.0
1574551639.517584, -59.0
1574551641.958609, -59.0
1574551644.536668, -59.0
1574551647.179665, -59.0
1574551649.83775, -59.0
1574551652.365301, -59.0
1574551654.893225, -59.0
1574551657.428016, -59.0
1574551659.956012, -59.0
1574551662.532456, -59.0
1574551665.02944, -59.0
1574551667.716964, -59.0
1574551670.269957, -59.0
1574551672.7904, -59.0
1574551675.51571, -59.0
1574551677.968086, -59.0
1574551680.579519, -59.0
1574551682.97776, -59.0
1574551685.485486, -59.0
1574551688.081677, -59.0
1574551690.624181, -59.0
1574551693.278577, -59.0
1574551695.848531, -59.0
1574551698.370941, -59.0
1574551700.965332, -59.0
1574551703.477125, -59.0
1574551706.243315, -59.0
1574551708.948559, -59.0
1574551711.640548, -59.0
1574551714.176838, -59.0
1574551716.822843, -59.0
1574551719.348051, -59.0
1574551721.934961, -59.0
1574551724.478728, -59.0
1574551727.161441, -59.0
1574551729.704925, -59.0
1574551732.332544, -59.0
1574551734.930843, -59.0
1574551737.465426, -59.0
1574551739.905959, -59.0
1574551742.452678, -59.0
1574551745.076672, -59.0
1574551747.614113, -59.0
1574551750.058583, -59.0
1574551752.459699, -59.0
1574551754.920528, -59.0
1574551757.405665, -59.0
1574551760.027433, -59.0
1574551762.678636, -59.0
1574551765.20389, -59.0
1574551767.75319, -59.0
1574551770.215654, -59.0
1574551772.926425, -59.0
1574551775.511726, -59.0
1574551778.00199, -59.0
1574551780.57068, -59.0
1574551783.041691, -59.0
1574551785.640715, -59.0
1574551788.309492, -59.0
1574551790.884147, -59.0
1574551793.372842, -59.0
1574551795.991291, -59.0
1574551798.568208, -59.0
1574551801.107639, -59.0
1574551803.736564, -59.0
1574551806.239077, -59.0
1574551808.842388, -59.0
1574551811.552927, -59.0
1574551814.121886, -59.0
1574551816.654856, -59.0
1574551819.270201, -59.0
1574551821.882837, -59.0
1574551824.432418, -59.0
1574551826.912801, -59.0
1574551829.562481, -59.0
1574551831.91405, -59.0
1574551834.447897, -59.0
1574551836.983067, -59.0
1574551839.469384, -59.0
1574551842.170937, -59.0
1574551844.750529, -59.0
1574551847.408948, -59.0
1574551849.996076, -59.0
1574551852.547103, -59.0
1574551855.067611, -59.0
1574551857.619631, -59.0
1574551860.12649, -59.0
1574551862.799124, -59.0
1574551865.330107, -59.0
1574551867.803138, -59.0
1574551870.406735, -59.0
1574551872.9834, -59.0
1574551875.485036, -59.0
1574551878.045913, -59.0
1574551880.523993, -59.0
1574551883.159271, -59.0
1574551885.916135, -59.0
1574551888.665182, -59.0
1574551891.230235, -59.0
1574551893.888902, -59.0
1574551896.589861, -59.0
1574551899.206399, -59.0
1574551901.856487, -59.0
1574551904.525051, -59.0
1574551907.083445, -59.0
1574551909.810408, -59.0
1574551912.494142, -59.0
1574551915.105931, -59.0
1574551917.775177, -59.0
1574551920.534639, -59.0
1574551923.15237, -59.0
1574551925.908924, -59.0
1574551928.764206, -59.0
1574551931.434221, -59.0
1574551934.10764, -59.0
1574551936.64532, -59.0
1574551939.28241, -59.0
1574551941.834768, -59.0
1574551944.53522, -59.0
1574551947.147347, -59.0
1574551949.861132, -59.0
1574551952.523317, -59.0
1574551955.247703, -59.0
1574551957.857131, -59.0
1574551960.391908, -59.0
1574551963.165496, -59.0
1574551965.920808, -59.0
1574551968.579268, -59.0
1574551971.284419, -59.0
1574551973.870481, -59.0
1574551976.551255, -59.0
1574551979.183026, -59.0
1574551982.001814, -59.0
1574551984.523809, -59.0
1574551987.08368, -59.0
1574551989.804147, -59.0
1574551992.543639, -59.0
1574551995.187112, -59.0
1574551997.913515, -59.0
1574552000.702599, -59.0
1574552003.420852, -59.0
1574552006.173721, -59.0
1574552008.76366, -59.0
1574552011.351032, -59.0
1574552013.854818, -59.0
1574552016.420435, -59.0
1574552019.149811, -59.0
1574552021.743177, -59.0
1574552024.35244, -59.0
1574552026.987207, -59.0
1574552029.630445, -59.0
1574552032.149596, -59.0
1574552034.835545, -59.0
1574552037.475963, -59.0
1574552040.07364, -59.0
1574552042.745776, -59.0
1574552045.511552, -59.0
1574552048.297959, -59.0
1574552050.91411, -59.0
1574552053.430102, -59.0
1574552055.934039, -59.0
1574552058.634095, -59.0
1574552061.409966, -59.0
1574552064.055851, -59.0
1574552066.912981, -59.0
1574552069.507942, -59.0
1574552072.149837, -59.0
1574552074.811126, -59.0
1574552077.544133, -59.0
1574552080.142167, -59.0
1574552082.713965, -59.0
1574552085.424038, -59.0
1574552088.169089, -59.0
1574552090.800727, -59.0
1574552093.260744, -59.0
1574552095.732309, -59.0
1574552098.277683, -59.0
1574552100.960475, -59.0
1574552103.560188, -59.0
1574552106.114435, -59.0
1574552108.614388, -59.0
1574552111.175267, -59.0
1574552113.696079, -59.0
1574552116.085264, -59.0
1574552118.694394, -59.0
1574552121.161942, -59.0
1574552123.726134, -59.0
1574552126.19178, -59.0
1574552128.864081, -59.0
1574552131.251651, -59.0
1574552133.881992, -59.0
1574552136.523384, -59.0
1574552139.075073, -59.0
1574552141.574468, -59.0
1574552144.004623, -59.0
1574552146.614772, -59.0
1574552149.300684, -59.0
1574552151.860014, -59.0
1574552154.472991, -59.0
1574552157.135374, -59.0
1574552159.753711, -59.0
1574552162.141049, -59.0
1574552164.702488, -59.0
1574552167.27514, -59.0
1574552169.826911, -59.0
1574552172.279001, -59.0
1574552174.770352, -59.0
1574552177.407742, -59.0
1574552179.99701, -59.0
1574551553.217974, -59.0
1574551556.256144, -59.0
1574551559.020832, -59.0
1574551561.589404, -59.0
1574551564.092548, -59.0
1574551566.656848, -59.0
1574551569.209133, -59.0
1574551571.696021, -59.0
1574551574.172987, -59.0
1574551576.762204, -59.0
1574551579.366632, -59.0
1574551581.883035, -59.0
1574551584.577957, -59.0
1574551587.206259, -59.0
1574551589.679703, -59.0
1574551592.115208, -59.0
1574551594.590002, -59.0
1574551597.136837, -59.0
1574551599.729575, -59.0
1574551602.214789, -59.0
1574551604.752261, -59.0
1574551607.366435, -59.0
1574551609.980393, -59.0
1574551612.528357, -59.0
1574551615.134585, -59.0
1574551617.655256, -59.0
1574551620.137495, -59.0
1574551622.738091, -59.0
1574551625.321731, -59.0
1574551627.870674, -59.0
1574551630.504285, -59.0
1574551633.069617, -59.0
1574551635.637391, -59.0
1574551638.251643, -59.0
1574551640.765409, -59.0
1574551643.349705, -59.0
1574551646.02431, -59.0
1574551648.712395, -59.0
1574551651.370411, -59.0
1574551653.828275, -59.0
1574551656.416927, -59.0
1574551659.055307, -59.0
1574551661.605758, -59.0
1574551664.225453, -59.0
1574551666.800196, -59.0
1574551669.420508, -59.0
1574551672.101193, -59.0
1574551674.621073, -59.0
1574551677.161665, -59.0
1574551679.772762, -59.0
1574551682.385127, -59.0
1574551685.017887, -59.0
1574551687.750686, -59.0
1574551690.351048, -59.0
1574551693.022409, -59.0
1574551695.590172, -59.0
1574551698.177943, -59.0
1574551700.712713, -59.0
1574551703.351682, -59.0
1574551705.897543, -59.0
1574551708.548946, -59.0
1574551711.161086, -59.0
1574551713.745246, -59.0
1574551716.367696, -59.0
1574551718.957639, -59.0
1574551721.446383, -59.0
1574551723.841034, -59.0
1574551726.395824, -59.0
1574551729.04515, -59.0
1574551731.68907, -59.0
1574551734.359464, -59.0
1574551736.92064, -59.0
1574551739.561814, -59.0
1574551742.250604, -59.0
1574551744.809759, -59.0
1574551747.328222, -59.0
1574551749.939511, -59.0
1574551752.608595, -59.0
1574551755.186638, -59.0
1574551757.636332, -59.0
1574551759.970821, -59.0
1574551762.434843, -59.0
1574551764.897676, -59.0
1574551767.498627, -59.0
1574551770.097556, -59.0
1574551772.644035, -59.0
1574551775.177297, -59.0
1574551777.648654, -59.0
1574551780.39567, -59.0
1574551782.925504, -59.0
1574551785.409015, -59.0
1574551787.942172, -59.0
1574551790.485266, -59.0
1574551793.018857, -59.0
1574551795.564201, -59.0
1574551797.944903, -59.0
1574551800.610531, -59.0
1574551803.192203, -59.0
1574551805.740239, -59.0
1574551808.343027, -59.0
1574551810.844199, -59.0
1574551813.366372, -59.0
1574551816.095719, -59.0
1574551818.691196, -59.0
1574551821.189829, -59.0
1574551823.729542, -59.0
1574551826.377116, -59.0
1574551828.888153, -59.0
1574551831.479476, -59.0
1574551834.029901, -59.0
1574551836.51759, -59.0
1574551839.114317, -59.0
1574551841.782067, -59.0
1574551844.401905, -59.0
1574551846.889768, -59.0
1574551849.383612, -59.0
1574551851.873744, -59.0
1574551854.476166, -59.0
1574551857.094962, -59.0
1574551859.49619, -59.0
1574551862.073362, -59.0
1574551864.593064, -59.0
1574551867.281544, -59.0
1574551869.842908, -59.0
1574551872.402559, -59.0
1574551875.126544, -59.0
1574551877.719398, -59.0
1574551880.288733, -59.0
1574551882.777852, -59.0
1574551885.262895, -59.0
1574551887.763456, -59.0
1574551890.279073, -59.0
1574551892.852125, -59.0
1574551895.370838, -59.0
1574551897.935674, -59.0
1574551900.393116, -59.0
1574551903.002719, -59.0
1574551905.558709, -59.0
1574551908.094318, -59.0
1574551910.533196, -59.0
1574551913.00584, -59.0
1574551915.490538, -59.0
1574551918.142381, -59.0
1574551920.607619, -59.0
1574551923.218423, -59.0
1574551925.664561, -59.0
1574551928.261913, -59.0
1574551930.852602, -59.0
1574551933.47534, -59.0
1574551935.996287, -59.0
1574551938.499211, -59.0
1574551941.109146, -59.0
1574551943.741627, -59.0
1574551946.370902, -59.0
1574551949.054574, -59.0
1574551951.650247, -59.0
1574551954.177137, -59.0
1574551956.73243, -59.0
1574551959.349605, -59.0
1574551961.981682, -59.0
1574551964.421288, -59.0
1574551966.943387, -59.0
1574551969.455429, -59.0
1574551971.977825, -59.0
1574551974.405202, -59.0
1574551976.951929, -59.0
1574551979.430848, -59.0
1574551981.99872, -59.0
1574551984.546131, -59.0
1574551987.143087, -59.0
1574551989.689342, -59.0
1574551992.250872, -59.0
1574551994.707754, -59.0
1574551997.275789, -59.0
1574551999.715818, -59.0
1574552002.324715, -59.0
1574552004.824757, -59.0
1574552007.354882, -59.0
1574552009.86859, -59.0
1574552012.420485, -59.0
1574552014.992916, -59.0
1574552017.595068, -59.0
1574552020.218688, -59.0
1574552022.845734, -59.0
1574552025.556746, -59.0
1574552028.101578, -59.0
1574552030.598122, -59.0
1574552033.111521, -59.0
1574552035.69706, -59.0
1574552038.206852, -59.0
1574552040.752627, -59.0
1574552043.29183, -59.0
1574552045.762348, -59.0
1574552048.281838, -59.0
1574552050.893891, -59.0
1574552053.515632, -59.0
1574552056.090762, -59.0
1574552058.581343, -59.0
1574552061.070138, -59.0
1574552063.576462, -59.0
1574552066.19163, -59.0
1574552068.583482, -59.0
1574552070.9333, -59.0
1574552073.394083, -59.0
1574552075.921477, -59.0
1574552078.401494, -59.0
1574552080.960928, -59.0
1574552083.361963, -59.0
1574552085.878968, -59.0
1574552088.595857, -59.0
1574552091.315671, -59.0
1574552093.978105, -59.0
1574552096.672146, -59.0
1574552099.361103, -59.0
1574552101.99262, -59.0
1574552104.691898, -59.0
1574552107.487125, -59.0
1574552110.128863, -59.0
1574552112.80587, -59.0
1574552115.537798, -59.0
1574552118.194936, -59.0
1574552120.883756, -59.0
1574552123.476487, -59.0
1574552126.028291, -59.0
1574552128.732546, -59.0
1574552131.380763, -59.0
1574552133.923645, -59.0
1574552136.515427, -59.0
1574552139.034392, -59.0
1574552141.682206, -59.0
1574552144.343074, -59.0
1574552146.819551, -59.0
1574552149.39709, -59.0
1574552151.965644, -59.0
1574552154.689897, -59.0
1574552157.309316, -59.0
1574552159.915145, -59.0
1574552162.452642, -59.0
1574552165.030578, -59.0
1574552167.630463, -59.0
1574552170.227329, -59.0
1574552172.772854, -59.0
1574552175.269671, -59.0
1574552177.792036, -59.0
1574552180.314145, -59.0
1574552182.764634, -59.0
1574552185.286241, -59.0
1574552187.856745, -59.0
1574552190.223382, -59.0
1574552192.69007, -59.0
1574551552.214961, -59.0
1574551552.790486, -59.0
1574551553.393112, -59.0
1574551553.969951, -59.0
1574551554.526303, -59.0
1574551555.088987, -59.0
1574551555.64878, -59.0
1574551556.263723, -59.0
1574551559.330886, -59.0
1574551562.928811, -59.0
1574551566.496911, -59.0
1574551569.90743, -59.0
1574551573.184187, -59.0
1574551573.766109, -59.0
1574551574.358509, -59.0
1574551574.954989, -59.0
1574551575.53707, -59.0
1574551576.118528, -59.0
1574551576.702492, -59.0
1574551577.306836, -59.0
1574551580.073205, -59.0
1574551582.659916, -59.0
1574551585.52178, -59.0
1574551588.964549, -59.0
1574551591.687245, -59.0
1574551594.286234, -59.0
1574551596.96214, -59.0
1574551599.592595, -59.0
1574551602.166777, -59.0
1574551604.613687, -59.0
1574551607.201433, -59.0
1574551609.843926, -59.0
1574551612.467948, -59.0
1574551615.035879, -59.0
1574551617.677232, -59.0
1574551620.331357, -59.0
1574551623.034078, -59.0
1574551625.644528, -59.0
1574551628.322623, -59.0
1574551630.917976, -59.0
1574551633.437355, -59.0
1574551636.082591, -59.0
1574551638.731638, -59.0
1574551641.359932, -59.0
1574551644.065606, -59.0
1574551646.639796, -59.0
1574551649.373752, -59.0
1574551652.0525, -59.0
1574551654.663042, -59.0
1574551657.268316, -59.0
1574551659.89714, -59.0
1574551662.576945, -59.0
1574551665.211626, -59.0
1574551667.688348, -59.0
1574551670.300107, -59.0
1574551672.916497, -59.0
1574551675.460565, -59.0
1574551678.094952, -59.0
1574551680.649121, -59.0
1574551683.332812, -59.0
1574551685.947275, -59.0
1574551688.494408, -59.0
1574551691.136211, -59.0
1574551693.870863, -59.0
1574551696.51546, -59.0
1574551699.223935, -59.0
1574551702.109146, -59.0
1574551704.685831, -59.0
1574551707.499233, -59.0
1574551710.188582, -59.0
1574551712.864855, -59.0
1574551715.44819, -59.0
1574551718.106075, -59.0
1574551720.655416, -59.0
1574551723.410303, -59.0
1574551726.005721, -59.0
1574551728.773489, -59.0
1574551731.388446, -59.0
1574551733.994638, -59.0
1574551736.588425, -59.0
1574551739.112363, -59.0
1574551741.77819, -59.0
1574551744.401094, -59.0
1574551747.078247, -59.0
1574551749.753818, -59.0
1574551752.416717, -59.0
1574551755.044762, -59.0
1574551757.802055, -59.0
1574551760.474982, -59.0
1574551763.049025, -59.0
1574551765.738081, -59.0
1574551768.489351, -59.0
1574551771.17193, -59.0
1574551773.724133, -59.0
1574551776.227034, -59.0
1574551778.784728, -59.0
1574551781.361155, -59.0
1574551784.04431, -59.0
1574551786.75109, -59.0
1574551789.318111, -59.0
1574551791.914128, -59.0
1574551794.515534, -59.0
1574551797.278606, -59.0
1574551799.910077, -59.0
1574551802.528038, -59.0
1574551805.214155, -59.0
1574551807.88146, -59.0
1574551810.566453, -59.0
1574551813.175643, -59.0
1574551815.608566, -59.0
1574551818.340738, -59.0
1574551820.944069, -59.0
1574551823.615828, -59.0
1574551826.276979, -59.0
1574551828.845753, -59.0
1574551831.437369, -59.0
1574551834.186372, -59.0
1574551836.913582, -59.0
1574551839.558781, -59.0
1574551842.199289, -59.0
1574551844.98908, -59.0
1574551847.574458, -59.0
1574551850.282935, -59.0
1574551852.904336, -59.0
1574551855.499013, -59.0
1574551858.190297, -59.0
1574551860.946728, -59.0
1574551863.686291, -59.0
1574551866.216304, -59.0
1574551868.79465, -59.0
1574551871.328928, -59.0
1574551873.972402, -59.0
1574551876.631702, -59.0
1574551879.132593, -59.0
1574551881.787451, -59.0
1574551884.302783, -59.0
1574551886.910121, -59.0
1574551889.405572, -59.0
1574551891.920305, -59.0
1574551894.553841, -59.0
1574551897.102733, -59.0
1574551899.667945, -59.0
1574551902.157654, -59.0
1574551904.660636, -59.0
1574551907.185302, -59.0
1574551909.72217, -59.0
1574551912.313259, -59.0
1574551914.842272, -59.0
1574551917.406642, -59.0
1574551919.898867, -59.0
1574551922.547038, -59.0
1574551925.153256, -59.0
1574551927.674822, -59.0
1574551930.099174, -59.0
1574551932.627965, -59.0
1574551935.149784, -59.0
1574551937.793589, -59.0
1574551940.276656, -59.0
1574551942.93022, -59.0
1574551945.403626, -59.0
1574551948.02874, -59.0
1574551950.527178, -59.0
1574551953.103772, -59.0
1574551955.626778, -59.0
1574551958.118724, -59.0
1574551960.67656, -59.0
1574551963.230427, -59.0
1574551965.773143, -59.0
1574551968.436452, -59.0
1574551971.030524, -59.0
1574551973.622523, -59.0
1574551976.192144, -59.0
1574551978.79781, -59.0
1574551981.376543, -59.0
1574551983.836415, -59.0
1574551986.374854, -59.0
1574551988.930558, -59.0
1574551991.476506, -59.0
1574551993.900664, -59.0
1574551996.464767, -59.0
1574551998.963357, -59.0
1574552001.554581, -59.0
1574552004.382004, -59.0
1574552007.008803, -59.0
1574552009.597545, -59.0
1574552012.148579, -59.0
1574552014.603706, -59.0
1574552017.166932, -59.0
1574552019.632667, -59.0
1574552022.178495, -59.0
1574552024.607277, -59.0
1574552027.135295, -59.0
1574552029.661129, -59.0
1574552032.176659, -59.0
1574552034.697393, -59.0
1574552037.226883, -59.0
1574552039.81842, -59.0
1574552042.437385, -59.0
1574552045.128636, -59.0
1574552047.59551, -59.0
1574552050.168939, -59.0
1574552052.686462, -59.0
1574552055.290466, -59.0
1574552057.821279, -59.0
1574552060.386874, -59.0
1574552062.913824, -59.0
1574552065.390258, -59.0
1574552067.948898, -59.0
1574552070.559173, -59.0
1574552073.177008, -59.0
1574552075.752523, -59.0
1574552078.220264, -59.0
1574552080.696932, -59.0
1574552083.22439, -59.0
1574552085.801719, -59.0
1574552088.22689, -59.0
1574552090.610012, -59.0
1574552093.085778, -59.0
1574552095.637117, -59.0
1574552098.147133, -59.0
1574552100.749468, -59.0
1574552103.167188, -59.0
1574552105.700287, -59.0
1574552108.246757, -59.0
1574552110.83611, -59.0
1574552113.374995, -59.0
1574552115.935507, -59.0
1574552118.537027, -59.0
1574552121.046617, -59.0
1574552123.724026, -59.0
1574552126.393484, -59.0
1574552128.93695, -59.0
1574552131.522745, -59.0
1574552134.151267, -59.0
1574552136.775902, -59.0
1574552139.407612, -59.0
1574552142.043815, -59.0
1574552144.601863, -59.0
1574552147.241386, -59.0
1574552149.77138, -59.0
1574552152.270679, -59.0
1574552154.829463, -59.0
1574552157.305513, -59.0
1574552159.855383, -59.0
1574552162.46923, -59.0
1574552164.93878, -59.0
1574552167.467778, -59.0
1574552169.924322, -59.0
1574552172.515412, -59.0
1574552175.06906, -59.0
