1574811978.810258, -84.0
1574811978.859855, -84.0
1574811978.906694, -84.0
1574811978.953895, -84.0
1574811978.996944, -84.0
1574811979.043727, -84.0
1574811979.086053, -84.0
1574811979.131668, -84.0
1574811979.177791, -84.0
1574811979.225072, -84.0
1574811979.267864, -84.0
1574811979.308478, -84.0
1574811979.354065, -84.0
1574811979.39515, -84.0
1574811979.436259, -84.0
1574811979.476898, -84.0
1574811979.517621, -84.0
1574811979.561846, -84.0
1574811979.603262, -84.0
1574811979.644144, -84.0
1574811979.684671, -84.0
1574811979.724985, -84.0
1574811979.765781, -84.0
1574811979.807228, -84.0
1574811979.856617, -84.0
1574811979.906462, -84.0
1574811979.950595, -84.0
1574811980.00585, -84.0
1574811980.057638, -84.0
1574811980.112312, -84.0
1574811980.168215, -84.0
1574811980.219213, -84.0
1574811980.270758, -84.0
1574811980.334601, -84.0
1574811980.381853, -84.0
1574811980.451543, -84.0
1574811980.527943, -84.0
1574811980.586874, -84.0
1574811980.645009, -84.0
1574811980.686835, -84.0
1574811980.72753, -84.0
1574811980.807992, -84.0
1574811980.8718, -84.0
1574811980.945467, -84.0
1574811981.032053, -84.0
1574811981.112066, -84.0
1574811981.176027, -84.0
1574811981.245988, -84.0
1574811981.311203, -84.0
1574811981.392599, -84.0
1574811978.82153, -84.0
1574811979.441072, -84.0
1574811979.481401, -84.0
1574811979.521566, -84.0
1574811979.564128, -84.0
1574811979.606982, -84.0
1574811979.648615, -84.0
1574811979.691001, -84.0
1574811979.733605, -84.0
1574811979.821755, -84.0
1574811979.921169, -84.0
1574811980.015355, -84.0
1574811980.081021, -84.0
1574811980.128121, -84.0
1574811980.175798, -84.0
1574811980.232273, -84.0
1574811980.29112, -84.0
1574811981.043677, -84.0
1574811981.104423, -84.0
1574811981.163693, -84.0
1574811981.600969, -84.0
1574811981.672323, -84.0
1574811981.722965, -84.0
1574811981.767598, -84.0
1574811982.092703, -84.0
1574811982.75447, -84.0
1574811983.341905, -84.0
1574811983.961096, -84.0
1574811984.004236, -84.0
1574811984.046533, -84.0
1574811984.09015, -84.0
1574811984.137067, -84.0
1574811984.442801, -84.0
1574811984.784148, -84.0
1574811985.144997, -83.0
1574811985.868779, -83.0
1574811987.155486, -83.0
1574811988.521742, -83.0
1574811989.68704, -83.0
1574811990.510954, -81.0
1574811991.401891, -81.0
1574811992.503989, -81.0
1574811993.244271, -81.0
1574811993.957723, -81.0
1574811994.70036, -81.0
1574811995.418817, -81.0
1574811996.133859, -81.0
1574811996.889983, -81.0
1574811997.624852, -80.0
1574811998.88911, -80.0
1574811978.843247, -84.0
1574811979.788265, -84.0
1574811981.135803, -84.0
1574811982.227736, -84.0
1574811982.578829, -84.0
1574811983.127486, -84.0
1574811983.169979, -84.0
1574811983.516029, -84.0
1574811984.40588, -84.0
1574811985.450729, -83.0
1574811986.114463, -83.0
1574811986.786174, -83.0
1574811987.440928, -83.0
1574811988.247925, -83.0
1574811988.294255, -83.0
1574811988.643784, -83.0
1574811988.702621, -83.0
1574811988.747088, -83.0
1574811988.78999, -83.0
1574811989.099113, -83.0
1574811989.144109, -83.0
1574811989.980402, -81.0
1574811990.54628, -81.0
1574811990.940565, -81.0
1574811990.992242, -81.0
1574811991.038216, -81.0
1574811991.080263, -81.0
1574811991.485043, -81.0
1574811992.087937, -81.0
1574811992.887483, -81.0
1574811992.930792, -81.0
1574811993.340019, -81.0
1574811994.355788, -81.0
1574811994.966891, -81.0
1574811995.279944, -81.0
1574811995.323453, -81.0
1574811995.364544, -81.0
1574811995.407918, -81.0
1574811995.450788, -81.0
1574811996.310195, -81.0
1574811997.165744, -81.0
1574811997.983639, -80.0
1574811998.908597, -80.0
1574811999.27931, -80.0
1574811999.322795, -80.0
1574811999.366567, -80.0
1574811999.409353, -80.0
1574811999.799896, -80.0
1574812000.572571, -80.0
1574812001.692258, -80.0
1574811979.033563, -84.0
1574811982.291413, -84.0
1574811982.392239, -84.0
1574811982.500393, -84.0
1574811982.59337, -84.0
1574811982.688675, -84.0
1574811982.784264, -84.0
1574811982.875696, -84.0
1574811982.966492, -84.0
1574811983.068233, -84.0
1574811983.159037, -84.0
1574811983.252293, -84.0
1574811983.349737, -84.0
1574811983.443974, -84.0
1574811983.534191, -84.0
1574811983.626022, -84.0
1574811983.722188, -84.0
1574811984.819032, -83.0
1574811987.329547, -83.0
1574811989.875443, -81.0
1574811992.080808, -81.0
1574811993.996314, -81.0
1574811995.974112, -81.0
1574811998.186702, -80.0
1574812000.343535, -80.0
1574812002.632745, -80.0
1574812004.440247, -80.0
1574812005.857304, -80.0
1574812007.274129, -80.0
1574812008.618711, -80.0
1574812009.994135, -80.0
1574812011.372389, -80.0
1574812012.767281, -80.0
1574812014.144654, -80.0
1574812015.556725, -80.0
1574812016.933608, -80.0
1574812018.349641, -80.0
1574812019.751648, -80.0
1574812021.100571, -80.0
1574812022.460105, -80.0
1574812023.880098, -80.0
1574812025.297435, -80.0
1574812026.655485, -80.0
1574812028.068896, -80.0
1574812029.500997, -80.0
1574812030.892906, -80.0
1574812032.274526, -80.0
1574812033.662756, -80.0
1574812035.076599, -80.0
1574812036.935119, -80.0
1574811981.56239, -84.0
1574811981.627914, -84.0
1574811981.693463, -84.0
1574811981.757155, -84.0
1574811981.814717, -84.0
1574811981.87055, -84.0
1574811981.932594, -84.0
1574811981.993958, -84.0
1574811982.059764, -84.0
1574811982.122829, -84.0
1574811982.178998, -84.0
1574811982.236262, -84.0
1574811983.254375, -84.0
1574811984.087264, -84.0
1574811984.871724, -83.0
1574811985.963759, -83.0
1574811986.587305, -83.0
1574811987.17583, -83.0
1574811988.17807, -83.0
1574811989.016295, -83.0
1574811989.835333, -83.0
1574811990.651593, -81.0
1574811991.45962, -81.0
1574811992.203989, -81.0
1574811992.960642, -81.0
1574811993.741824, -81.0
1574811994.506248, -81.0
1574811995.315541, -81.0
1574811995.794567, -81.0
1574811996.207238, -81.0
1574811996.760556, -81.0
1574811996.955584, -81.0
1574811997.353985, -81.0
1574811998.271952, -80.0
1574811998.613471, -80.0
1574811998.950016, -80.0
1574811999.309047, -80.0
1574811999.647767, -80.0
1574812000.408429, -80.0
1574812001.153607, -80.0
1574812002.141554, -80.0
1574812002.802513, -80.0
1574812003.732508, -80.0
1574812004.470913, -80.0
1574812005.285104, -80.0
1574812005.898768, -80.0
1574812006.68598, -80.0
1574812007.45552, -80.0
1574812008.216048, -80.0
1574812009.013058, -80.0
1574811998.966229, -80.0
1574812000.059502, -80.0
1574812000.10278, -80.0
1574812000.143574, -80.0
1574812000.186586, -80.0
1574812000.227284, -80.0
1574812000.268187, -80.0
1574812000.317148, -80.0
1574812000.358765, -80.0
1574812000.401102, -80.0
1574812000.444253, -80.0
1574812001.246569, -80.0
1574812002.269719, -80.0
1574812002.833527, -80.0
1574812003.159816, -80.0
1574812004.123424, -80.0
1574812004.779801, -80.0
1574812005.397913, -80.0
1574812005.999416, -80.0
1574812006.618453, -80.0
1574812007.344461, -80.0
1574812008.392377, -80.0
1574812009.088735, -80.0
1574812009.716342, -80.0
1574812010.31946, -80.0
1574812010.95432, -80.0
1574812011.574936, -80.0
1574812012.201654, -80.0
1574812012.828507, -80.0
1574812013.445093, -80.0
1574812014.075357, -80.0
1574812014.700806, -80.0
1574812015.351213, -80.0
1574812015.953551, -80.0
1574812016.586595, -80.0
1574812017.20091, -80.0
1574812017.828769, -80.0
1574812018.497594, -80.0
1574812019.123095, -80.0
1574812019.72828, -80.0
1574812020.360803, -80.0
1574812021.175978, -80.0
1574812022.129849, -80.0
1574812022.818327, -80.0
1574812023.457165, -80.0
1574812024.060979, -80.0
1574812025.012641, -80.0
1574812025.881431, -80.0
1574812026.748903, -80.0
1574812027.593418, -80.0
1574812001.772436, -80.0
1574812002.887769, -80.0
1574812002.928585, -80.0
1574812002.969486, -80.0
1574812003.010047, -80.0
1574812003.05146, -80.0
1574812003.345153, -80.0
1574812004.189955, -80.0
1574812004.230479, -80.0
1574812004.270559, -80.0
1574812004.310994, -80.0
1574812004.351702, -80.0
1574812005.402519, -80.0
1574812006.145715, -80.0
1574812006.857229, -80.0
1574812007.558824, -80.0
1574812008.266851, -80.0
1574812008.984121, -80.0
1574812009.710805, -80.0
1574812010.4235, -80.0
1574812011.205379, -80.0
1574812012.146645, -80.0
1574812013.156239, -80.0
1574812014.178351, -80.0
1574812014.842016, -80.0
1574812015.521904, -80.0
1574812016.168282, -80.0
1574812016.797554, -80.0
1574812017.446717, -80.0
1574812018.0802, -80.0
1574812018.687187, -80.0
1574812019.295507, -80.0
1574812019.898493, -80.0
1574812020.551732, -80.0
1574812021.158888, -80.0
1574812021.749948, -80.0
1574812022.395762, -80.0
1574812023.021045, -80.0
1574812023.634888, -80.0
1574812024.264306, -80.0
1574812024.85954, -80.0
1574812025.449472, -80.0
1574812026.060657, -80.0
1574812026.659482, -80.0
1574812027.30456, -80.0
1574812027.914252, -80.0
1574812028.545273, -80.0
1574812029.137825, -80.0
1574812029.741419, -80.0
1574812030.365576, -80.0
1574812009.092497, -80.0
1574812009.677703, -80.0
1574812009.720366, -80.0
1574812009.760313, -80.0
1574812009.801978, -80.0
1574812009.842185, -80.0
1574812009.882416, -80.0
1574812010.197959, -80.0
1574812010.239003, -80.0
1574812010.279277, -80.0
1574812010.321034, -80.0
1574812010.361449, -80.0
1574812010.403265, -80.0
1574812010.443545, -80.0
1574812011.318164, -80.0
1574812011.358907, -80.0
1574812012.20492, -80.0
1574812012.758862, -80.0
1574812013.557009, -80.0
1574812013.853913, -80.0
1574812013.89608, -80.0
1574812014.436623, -80.0
1574812014.477917, -80.0
1574812014.772842, -80.0
1574812015.083112, -80.0
1574812015.125104, -80.0
1574812015.165321, -80.0
1574812015.205508, -80.0
1574812015.247128, -80.0
1574812015.287056, -80.0
1574812015.331817, -80.0
1574812015.624931, -80.0
1574812015.665274, -80.0
1574812015.70551, -80.0
1574812015.745566, -80.0
1574812016.307635, -80.0
1574812016.700527, -80.0
1574812017.276021, -80.0
1574812017.91131, -80.0
1574812018.421223, -80.0
1574812018.937591, -80.0
1574812019.464175, -80.0
1574812019.97323, -80.0
1574812020.49844, -80.0
1574812021.014522, -80.0
1574812021.797418, -80.0
1574812022.318639, -80.0
1574812022.836769, -80.0
1574812023.361239, -80.0
1574812023.914516, -80.0
1574812023.992952, -80.0
1574812024.554937, -80.0
1574812024.598105, -80.0
1574812024.638763, -80.0
1574812024.681582, -80.0
1574812024.722375, -80.0
1574812024.763336, -80.0
1574812024.80583, -80.0
1574812025.101119, -80.0
1574812025.142681, -80.0
1574812025.184265, -80.0
1574812025.227029, -80.0
1574812025.268729, -80.0
1574812025.31007, -80.0
1574812026.519167, -80.0
1574812026.565973, -80.0
1574812026.609724, -80.0
1574812026.654403, -80.0
1574812026.698916, -80.0
1574812026.750565, -80.0
1574812027.288142, -80.0
1574812027.335416, -80.0
1574812027.942842, -80.0
1574812028.884243, -80.0
1574812029.49479, -80.0
1574812030.486908, -80.0
1574812031.143207, -80.0
1574812032.091608, -80.0
1574812032.408751, -80.0
1574812032.974924, -80.0
1574812033.282328, -80.0
1574812033.325308, -80.0
1574812033.366791, -80.0
1574812033.408796, -80.0
1574812034.458445, -80.0
1574812034.819238, -80.0
1574812035.139678, -80.0
1574812036.002696, -80.0
1574812037.000362, -80.0
1574812037.93718, -80.0
1574812038.83846, -80.0
1574812039.750908, -80.0
1574812040.560771, -80.0
1574812041.495462, -80.0
1574812042.458475, -80.0
1574812043.439141, -80.0
1574812044.400942, -80.0
1574812045.409075, -80.0
1574812046.373308, -80.0
1574812047.377776, -80.0
1574812027.676588, -80.0
1574812028.481227, -80.0
1574812028.524694, -80.0
1574812028.565718, -80.0
1574812028.609265, -80.0
1574812028.650416, -80.0
1574812028.694385, -80.0
1574812028.736151, -80.0
1574812028.77692, -80.0
1574812028.820109, -80.0
1574812029.143579, -80.0
1574812029.186013, -80.0
1574812029.229153, -80.0
1574812029.27023, -80.0
1574812029.314916, -80.0
1574812029.358781, -80.0
1574812029.404652, -80.0
1574812029.4487, -80.0
1574812029.496204, -80.0
1574812029.540074, -80.0
1574812029.843669, -80.0
1574812030.869838, -80.0
1574812031.183081, -80.0
1574812031.223681, -80.0
1574812031.265412, -80.0
1574812031.30628, -80.0
1574812032.079922, -80.0
1574812032.123095, -80.0
1574812032.164234, -80.0
1574812032.207557, -80.0
1574812032.528681, -80.0
1574812032.569609, -80.0
1574812033.324665, -80.0
1574812033.834604, -80.0
1574812034.537479, -80.0
1574812035.277527, -80.0
1574812035.765937, -80.0
1574812036.490517, -80.0
1574812036.99893, -80.0
1574812037.695953, -80.0
1574812038.318693, -80.0
1574812038.9101, -80.0
1574812039.49611, -80.0
1574812040.103056, -80.0
1574812040.692644, -80.0
1574812041.275769, -80.0
1574812041.858107, -80.0
1574812042.470618, -80.0
1574812043.068716, -80.0
1574812043.67578, -80.0
1574812030.441677, -80.0
1574812030.482615, -80.0
1574812030.522691, -80.0
1574812031.333907, -80.0
1574812031.374733, -80.0
1574812031.648038, -80.0
1574812032.222832, -80.0
1574812032.263636, -80.0
1574812032.30504, -80.0
1574812032.34628, -80.0
1574812032.386965, -80.0
1574812032.42769, -80.0
1574812032.468541, -80.0
1574812032.509482, -80.0
1574812032.549989, -80.0
1574812033.139072, -80.0
1574812033.184664, -80.0
1574812033.49291, -80.0
1574812033.814501, -80.0
1574812034.110181, -80.0
1574812034.416486, -80.0
1574812034.796017, -80.0
1574812035.177525, -80.0
1574812035.802792, -80.0
1574812036.105364, -80.0
1574812036.410234, -80.0
1574812037.008692, -80.0
1574812037.581144, -80.0
1574812038.101409, -80.0
1574812038.915293, -80.0
1574812039.191304, -80.0
1574812039.516119, -80.0
1574812040.391388, -80.0
1574812041.223249, -80.0
1574812041.569534, -80.0
1574812042.190165, -80.0
1574812042.493694, -80.0
1574812043.476819, -80.0
1574812044.479581, -80.0
1574812044.783444, -80.0
1574812045.583562, -80.0
1574812046.573429, -80.0
1574812047.542719, -80.0
1574812048.622937, -80.0
1574812048.963318, -80.0
1574812049.00279, -80.0
1574812049.042428, -80.0
1574812049.894043, -80.0
1574812050.46759, -80.0
1574812051.042094, -80.0
1574812056.765428, -80.0
1574812056.77635, -80.0
1574812056.786857, -80.0
1574812057.067501, -80.0
1574812057.077802, -80.0
1574812057.370473, -80.0
1574812057.617173, -80.0
1574812057.968181, -80.0
1574812058.395977, -80.0
1574812058.66449, -80.0
1574812058.674896, -80.0
1574812058.841156, -80.0
1574812058.985995, -80.0
1574812059.14024, -80.0
1574812059.312067, -80.0
1574812059.471702, -80.0
1574812059.623361, -80.0
1574812059.783599, -80.0
1574812059.928483, -80.0
1574812060.095236, -80.0
1574812060.249902, -80.0
1574812060.395939, -80.0
1574812060.562578, -80.0
1574812060.730069, -80.0
1574812060.913312, -80.0
1574812061.072079, -80.0
1574812061.227116, -80.0
1574812061.377183, -80.0
1574812061.520955, -80.0
1574812061.700348, -80.0
1574812061.908327, -80.0
1574812062.083292, -80.0
1574812062.253659, -80.0
1574812062.430039, -80.0
1574812062.679901, -80.0
1574812062.690598, -80.0
1574812062.702732, -80.0
1574812062.865772, -80.0
1574812063.029049, -80.0
1574812063.175344, -80.0
1574812063.339945, -80.0
1574812063.487007, -80.0
1574812063.658222, -80.0
1574812063.82401, -80.0
1574812063.974721, -80.0
1574812064.144813, -80.0
1574812064.319797, -80.0
1574812064.468917, -80.0
1574812064.628727, -80.0
1574812064.785829, -80.0
1574812064.938585, -80.0
1574812065.092859, -80.0
1574812065.242084, -80.0
1574812065.389951, -80.0
1574812065.529569, -80.0
1574812065.754134, -80.0
1574812065.765066, -80.0
1574812065.776975, -80.0
1574812065.788978, -80.0
1574812065.801128, -80.0
1574812066.160194, -80.0
1574812066.335915, -80.0
1574812066.509204, -80.0
1574812066.666647, -80.0
1574812066.835124, -80.0
1574812066.985847, -80.0
1574812067.147603, -80.0
1574812067.307976, -80.0
1574812067.77979, -80.0
1574812067.791262, -80.0
1574812067.803029, -80.0
1574812067.814883, -80.0
1574812068.110163, -80.0
1574812068.272184, -80.0
1574812068.431427, -80.0
1574812068.591219, -80.0
1574812068.798485, -80.0
1574812069.101672, -80.0
1574812069.112009, -80.0
1574812069.413282, -80.0
1574812069.582522, -80.0
1574812069.830852, -80.0
1574812070.237574, -80.0
1574812070.248516, -80.0
1574812070.625877, -80.0
1574812070.978958, -80.0
1574812071.318187, -80.0
1574812071.328883, -80.0
1574812071.339257, -80.0
1574812071.349916, -80.0
1574812071.657717, -80.0
1574812071.866555, -80.0
1574812072.118144, -80.0
1574812072.280225, -80.0
1574812072.423269, -80.0
1574812072.697728, -80.0
1574812072.980239, -80.0
1574812073.285543, -80.0
1574812073.467256, -80.0
1574812073.621244, -80.0
1574812073.791699, -80.0
1574812073.954195, -80.0
1574812074.276435, -80.0
1574812074.289514, -80.0
1574812074.300139, -80.0
1574812074.312434, -80.0
1574812074.532851, -80.0
1574812074.686234, -80.0
1574812074.835023, -80.0
1574812074.990837, -80.0
1574812075.137837, -80.0
1574812075.366571, -80.0
1574812075.37711, -80.0
1574812075.38847, -80.0
1574812075.400421, -80.0
1574812075.413705, -80.0
1574812075.425731, -80.0
1574812075.437385, -80.0
1574812075.448987, -80.0
1574812075.460753, -80.0
1574812075.472241, -80.0
1574812075.484705, -80.0
1574812075.496264, -80.0
1574812075.509359, -80.0
1574812075.520939, -80.0
1574812075.532463, -80.0
1574812075.544089, -80.0
1574812075.555638, -80.0
1574812075.567224, -80.0
1574812075.579104, -80.0
1574812075.590142, -80.0
1574812076.219675, -80.0
1574812076.231029, -80.0
1574812076.61304, -80.0
1574812076.822013, -80.0
1574812077.014367, -80.0
1574812077.498794, -80.0
1574812077.510593, -80.0
1574812077.522605, -80.0
1574812077.53417, -80.0
1574812077.545428, -80.0
1574812077.557238, -80.0
1574812077.568534, -80.0
1574812077.580048, -80.0
1574812077.590974, -80.0
1574812077.602069, -80.0
1574812077.877519, -80.0
1574812078.163378, -80.0
1574812078.419537, -80.0
1574812078.6849, -80.0
1574812078.872883, -80.0
1574812079.116874, -80.0
1574812079.129772, -80.0
1574812079.390898, -80.0
1574812079.638344, -80.0
1574812079.881568, -80.0
1574812080.12206, -80.0
1574812080.378613, -80.0
1574812080.561237, -80.0
1574812080.774933, -80.0
1574812081.00271, -80.0
1574812081.21896, -80.0
1574812081.419439, -80.0
1574812081.639134, -80.0
1574812081.894198, -80.0
1574812082.17459, -80.0
1574812082.448016, -80.0
1574812082.721057, -80.0
1574812082.988632, -80.0
1574812083.274553, -80.0
1574812083.52813, -80.0
1574812083.742314, -80.0
1574812083.950675, -80.0
1574812084.157742, -80.0
1574812084.343916, -80.0
1574812084.514636, -80.0
1574812084.641168, -80.0
1574812084.792498, -80.0
1574812084.952129, -80.0
1574812085.125751, -80.0
1574812085.310384, -80.0
1574812085.49118, -80.0
1574812085.701718, -80.0
1574812085.931234, -80.0
1574812086.174308, -80.0
1574812086.427411, -80.0
1574812086.600772, -80.0
1574812086.774718, -80.0
1574812086.966991, -80.0
1574812087.143493, -80.0
1574812087.343047, -80.0
1574812087.529772, -80.0
1574812087.679629, -80.0
1574812087.844078, -80.0
1574812087.973147, -80.0
1574812088.169827, -80.0
1574812088.534361, -80.0
1574812088.888623, -80.0
1574812089.133473, -80.0
1574812089.317684, -80.0
1574812089.525132, -80.0
1574812089.751071, -80.0
1574812090.03016, -80.0
1574812090.219903, -80.0
1574812090.434859, -80.0
1574812090.624466, -80.0
1574812090.800717, -80.0
1574812090.995846, -80.0
1574812091.179724, -80.0
1574812091.342918, -80.0
1574812091.533908, -80.0
1574812091.762069, -80.0
1574812092.0116, -80.0
1574812092.022938, -80.0
1574812092.034643, -80.0
1574812092.061782, -80.0
1574812092.435946, -80.0
1574812092.633136, -80.0
1574812092.850928, -80.0
1574812093.063481, -80.0
1574812093.287623, -80.0
1574812093.480758, -80.0
1574812093.70016, -80.0
1574812093.922138, -80.0
1574812094.118337, -80.0
1574812094.310089, -80.0
1574812094.501488, -80.0
1574812094.714863, -80.0
1574812094.925164, -80.0
1574812095.130718, -80.0
1574812095.316269, -80.0
1574812095.561285, -80.0
1574812095.805443, -80.0
1574812096.018388, -80.0
1574812096.236937, -80.0
1574812096.473095, -80.0
1574812096.721992, -80.0
1574812097.063361, -80.0
1574812097.074603, -80.0
1574812097.085715, -80.0
1574812097.097673, -80.0
1574812097.108585, -80.0
1574812097.120177, -80.0
1574812097.419652, -80.0
1574812097.430739, -80.0
1574812097.666473, -80.0
1574812097.933126, -80.0
1574812098.305426, -80.0
1574812098.525048, -80.0
1574812098.734802, -80.0
1574812056.983519, -80.0
1574812057.238164, -80.0
1574812057.621598, -80.0
1574812057.634058, -80.0
1574812057.645503, -80.0
1574812057.656678, -80.0
1574812057.66819, -80.0
1574812057.679936, -80.0
1574812058.117632, -80.0
1574812058.353939, -80.0
1574812058.602965, -80.0
1574812058.842405, -80.0
1574812059.099148, -80.0
1574812059.373724, -80.0
1574812059.668626, -80.0
1574812059.946441, -80.0
1574812060.227218, -80.0
1574812060.49861, -80.0
1574812060.770963, -80.0
1574812060.992479, -80.0
1574812061.170731, -80.0
1574812061.356032, -80.0
1574812061.368088, -80.0
1574812061.379873, -80.0
1574812061.391454, -80.0
1574812061.58403, -80.0
1574812061.805832, -80.0
1574812061.971314, -80.0
1574812062.135108, -80.0
1574812062.406202, -80.0
1574812062.41685, -80.0
1574812062.427557, -80.0
1574812062.438208, -80.0
1574812062.766043, -80.0
1574812062.935424, -80.0
1574812063.099837, -80.0
1574812063.274823, -80.0
1574812063.516407, -80.0
1574812063.684212, -80.0
1574812063.835263, -80.0
1574812064.000958, -80.0
1574812064.168053, -80.0
1574812064.326297, -80.0
1574812064.470159, -80.0
1574812064.631913, -80.0
1574812064.779871, -80.0
1574812064.944074, -80.0
1574812065.108925, -80.0
1574812065.264684, -80.0
1574812065.435662, -80.0
1574812065.612402, -80.0
1574812065.764095, -80.0
1574812065.925226, -80.0
1574812066.085662, -80.0
1574812066.235524, -80.0
1574812066.393922, -80.0
1574812066.548907, -80.0
1574812066.704905, -80.0
1574812066.845322, -80.0
1574812067.072415, -80.0
1574812067.083602, -80.0
1574812067.095083, -80.0
1574812067.107279, -80.0
1574812067.118926, -80.0
1574812067.492756, -80.0
1574812067.664216, -80.0
1574812067.838278, -80.0
1574812067.995775, -80.0
1574812068.166054, -80.0
1574812068.311279, -80.0
1574812068.469477, -80.0
1574812068.643672, -80.0
1574812068.654886, -80.0
1574812068.666339, -80.0
1574812068.922418, -80.0
1574812069.331154, -80.0
1574812069.720193, -80.0
1574812070.041041, -80.0
1574812070.203138, -80.0
1574812070.388839, -80.0
1574812070.608637, -80.0
1574812070.809531, -80.0
1574812071.017592, -80.0
1574812071.209666, -80.0
1574812071.37716, -80.0
1574812071.566387, -80.0
1574812071.577174, -80.0
1574812071.588189, -80.0
1574812071.599482, -80.0
1574812071.93669, -80.0
1574812072.118611, -80.0
1574812072.272855, -80.0
1574812072.419242, -80.0
1574812072.577342, -80.0
1574812072.741923, -80.0
1574812072.891938, -80.0
1574812073.041388, -80.0
1574812073.186288, -80.0
1574812073.341932, -80.0
1574812073.482306, -80.0
1574812073.630115, -80.0
1574812073.770573, -80.0
1574812073.934579, -80.0
1574812074.129484, -80.0
1574812074.461996, -80.0
1574812074.472768, -80.0
1574812074.748573, -80.0
1574812074.921575, -80.0
1574812075.101557, -80.0
1574812075.30057, -80.0
1574812075.606958, -80.0
1574812076.034491, -80.0
1574812076.046575, -80.0
1574812076.05796, -80.0
1574812076.069214, -80.0
1574812076.080722, -80.0
1574812076.092004, -80.0
1574812076.103942, -80.0
1574812076.11528, -80.0
1574812076.12669, -80.0
1574812076.138243, -80.0
1574812076.149549, -80.0
1574812076.160753, -80.0
1574812076.17224, -80.0
1574812076.183559, -80.0
1574812076.194755, -80.0
1574812076.206498, -80.0
1574812076.217523, -80.0
1574812076.228667, -80.0
1574812076.239735, -80.0
1574812076.250629, -80.0
1574812076.261748, -80.0
1574812076.272667, -80.0
1574812076.283715, -80.0
1574812076.295207, -80.0
1574812076.306912, -80.0
1574812076.318168, -80.0
1574812076.329767, -80.0
1574812076.340714, -80.0
1574812076.495429, -80.0
1574812076.667554, -80.0
1574812076.839776, -80.0
1574812076.995284, -80.0
1574812077.157746, -80.0
1574812077.16929, -80.0
1574812077.338191, -80.0
1574812077.50257, -80.0
1574812077.647531, -80.0
1574812077.79025, -80.0
1574812077.947874, -80.0
1574812078.112597, -80.0
1574812078.474632, -80.0
1574812078.485697, -80.0
1574812078.496529, -80.0
1574812078.507621, -80.0
1574812078.518438, -80.0
1574812078.52899, -80.0
1574812078.54018, -80.0
1574812078.551478, -80.0
1574812078.562453, -80.0
1574812078.573458, -80.0
1574812078.584332, -80.0
1574812078.595182, -80.0
1574812078.606396, -80.0
1574812078.617266, -80.0
1574812079.020293, -80.0
1574812079.223156, -80.0
1574812079.389252, -80.0
1574812079.547312, -80.0
1574812079.707371, -80.0
1574812079.850059, -80.0
1574812080.02782, -80.0
1574812080.309835, -80.0
1574812080.608868, -80.0
1574812080.620264, -80.0
1574812080.631018, -80.0
1574812080.926098, -80.0
1574812081.173657, -80.0
1574812081.42736, -80.0
1574812081.609336, -80.0
1574812081.814004, -80.0
1574812081.984538, -80.0
1574812082.137783, -80.0
1574812082.297987, -80.0
1574812082.452263, -80.0
1574812082.621639, -80.0
1574812082.809116, -80.0
1574812083.077574, -80.0
1574812083.395352, -80.0
1574812083.406268, -80.0
1574812083.417657, -80.0
1574812083.4287, -80.0
1574812083.440569, -80.0
1574812083.459617, -80.0
1574812083.471055, -80.0
1574812083.79779, -80.0
1574812083.958836, -80.0
1574812084.126054, -80.0
1574812084.289782, -80.0
1574812084.482884, -80.0
1574812084.744313, -80.0
1574812084.94663, -80.0
1574812085.15562, -80.0
1574812085.389403, -80.0
1574812085.599836, -80.0
1574812085.817235, -80.0
1574812086.04852, -80.0
1574812086.265431, -80.0
1574812086.452114, -80.0
1574812086.622191, -80.0
1574812086.810631, -80.0
1574812086.99101, -80.0
1574812087.165233, -80.0
1574812087.346858, -80.0
1574812087.514829, -80.0
1574812087.667607, -80.0
1574812087.829934, -80.0
1574812088.002532, -80.0
1574812088.177833, -80.0
1574812088.399947, -80.0
1574812088.584207, -80.0
1574812088.753518, -80.0
1574812088.940638, -80.0
1574812089.133495, -80.0
1574812089.323413, -80.0
1574812089.48672, -80.0
1574812089.709884, -80.0
1574812089.953172, -80.0
1574812090.147263, -80.0
1574812090.370722, -80.0
1574812090.591886, -80.0
1574812090.850432, -80.0
1574812091.054804, -80.0
1574812091.263106, -80.0
1574812091.517651, -80.0
1574812091.773144, -80.0
1574812091.956099, -80.0
1574812092.163095, -80.0
1574812092.397429, -80.0
1574812092.680213, -80.0
1574812092.691096, -80.0
1574812092.915557, -80.0
1574812093.186684, -80.0
1574812093.197492, -80.0
1574812093.208138, -80.0
1574812093.218979, -80.0
1574812093.230584, -80.0
1574812093.241793, -80.0
1574812093.252882, -80.0
1574812093.263989, -80.0
1574812056.777645, -80.0
1574812056.78987, -80.0
1574812056.801435, -80.0
1574812056.813312, -80.0
1574812056.823925, -80.0
1574812056.836096, -80.0
1574812056.84696, -80.0
1574812056.857724, -80.0
1574812056.868231, -80.0
1574812056.881988, -80.0
1574812056.893222, -80.0
1574812056.905007, -80.0
1574812056.916626, -80.0
1574812056.927937, -80.0
1574812056.939964, -80.0
1574812056.951291, -80.0
1574812056.96242, -80.0
1574812056.973966, -80.0
1574812056.985287, -80.0
1574812056.997112, -80.0
1574812057.008546, -80.0
1574812057.019688, -80.0
1574812057.030962, -80.0
1574812057.043836, -80.0
1574812057.063061, -80.0
1574812057.074487, -80.0
1574812057.08635, -80.0
1574812057.278369, -80.0
1574812057.708634, -80.0
1574812058.14105, -80.0
1574812058.310693, -80.0
1574812058.460474, -80.0
1574812058.471148, -80.0
1574812058.481606, -80.0
1574812058.492196, -80.0
1574812058.504403, -80.0
1574812058.515301, -80.0
1574812058.52633, -80.0
1574812058.53701, -80.0
1574812058.547731, -80.0
1574812058.558295, -80.0
1574812058.568707, -80.0
1574812058.579379, -80.0
1574812058.589857, -80.0
1574812058.600132, -80.0
1574812058.611459, -80.0
1574812058.621874, -80.0
1574812058.632445, -80.0
1574812058.909242, -80.0
1574812059.079306, -80.0
1574812059.353333, -80.0
1574812059.364192, -80.0
1574812059.375385, -80.0
1574812059.38638, -80.0
1574812059.397321, -80.0
1574812059.65525, -80.0
1574812059.82985, -80.0
1574812060.098547, -80.0
1574812060.110209, -80.0
1574812060.122601, -80.0
1574812060.134326, -80.0
1574812060.145882, -80.0
1574812060.157777, -80.0
1574812060.169358, -80.0
1574812060.180719, -80.0
1574812060.374737, -80.0
1574812060.594226, -80.0
1574812060.822622, -80.0
1574812061.111851, -80.0
1574812061.484678, -80.0
1574812061.86161, -80.0
1574812062.167514, -80.0
1574812062.40632, -80.0
1574812062.609061, -80.0
1574812062.62053, -80.0
1574812062.632439, -80.0
1574812062.644256, -80.0
1574812062.656301, -80.0
1574812062.668504, -80.0
1574812062.680344, -80.0
1574812062.691874, -80.0
1574812062.705299, -80.0
1574812062.717498, -80.0
1574812062.908557, -80.0
1574812063.061471, -80.0
1574812063.216499, -80.0
1574812063.369597, -80.0
1574812063.511312, -80.0
1574812063.662064, -80.0
1574812063.872948, -80.0
1574812063.884958, -80.0
1574812063.896647, -80.0
1574812063.910158, -80.0
1574812063.921745, -80.0
1574812064.085453, -80.0
1574812064.2318, -80.0
1574812064.389674, -80.0
1574812064.552574, -80.0
1574812064.704973, -80.0
1574812064.861794, -80.0
1574812065.011205, -80.0
1574812065.174745, -80.0
1574812065.343187, -80.0
1574812065.491412, -80.0
1574812065.649186, -80.0
1574812065.808264, -80.0
1574812065.957894, -80.0
1574812066.116959, -80.0
1574812066.267991, -80.0
1574812066.420863, -80.0
1574812066.561737, -80.0
1574812066.751698, -80.0
1574812066.762456, -80.0
1574812066.773931, -80.0
1574812066.785546, -80.0
1574812066.797147, -80.0
1574812067.005686, -80.0
1574812067.179292, -80.0
1574812067.352123, -80.0
1574812067.506164, -80.0
1574812067.673045, -80.0
1574812067.814897, -80.0
1574812067.969491, -80.0
1574812068.125271, -80.0
1574812068.289091, -80.0
1574812068.470792, -80.0
1574812068.74546, -80.0
1574812069.010472, -80.0
1574812069.02143, -80.0
1574812069.191555, -80.0
1574812069.356008, -80.0
1574812069.523857, -80.0
1574812069.670892, -80.0
1574812069.836526, -80.0
1574812070.054136, -80.0
1574812070.272733, -80.0
1574812070.504352, -80.0
1574812070.682204, -80.0
1574812070.873566, -80.0
1574812071.081167, -80.0
1574812071.252111, -80.0
1574812071.423079, -80.0
1574812071.607181, -80.0
1574812071.803793, -80.0
1574812072.02766, -80.0
1574812072.209543, -80.0
1574812072.44177, -80.0
1574812072.690491, -80.0
1574812072.964097, -80.0
1574812073.176583, -80.0
1574812073.354628, -80.0
1574812073.54162, -80.0
1574812073.694719, -80.0
1574812073.854869, -80.0
1574812073.992817, -80.0
1574812074.188311, -80.0
1574812074.373926, -80.0
1574812074.528225, -80.0
1574812074.688329, -80.0
1574812074.859277, -80.0
1574812075.03572, -80.0
1574812075.360149, -80.0
1574812075.51055, -80.0
1574812075.65973, -80.0
1574812075.822169, -80.0
1574812075.983303, -80.0
1574812076.134728, -80.0
1574812076.302338, -80.0
1574812076.473696, -80.0
1574812076.642872, -80.0
1574812076.808316, -80.0
1574812076.984075, -80.0
1574812077.136188, -80.0
1574812077.279042, -80.0
1574812077.461149, -80.0
1574812077.609524, -80.0
1574812077.764731, -80.0
1574812077.921741, -80.0
1574812078.089962, -80.0
1574812078.258033, -80.0
1574812078.408471, -80.0
1574812078.55564, -80.0
1574812078.714491, -80.0
1574812078.871009, -80.0
1574812079.017779, -80.0
1574812079.174669, -80.0
1574812079.347163, -80.0
1574812079.517816, -80.0
1574812079.675493, -80.0
1574812079.826179, -80.0
1574812079.984449, -80.0
1574812080.128201, -80.0
1574812080.283155, -80.0
1574812080.448623, -80.0
1574812080.589973, -80.0
1574812080.757598, -80.0
1574812080.928818, -80.0
1574812081.081998, -80.0
1574812081.361661, -80.0
1574812081.526723, -80.0
1574812081.669444, -80.0
1574812081.8257, -80.0
1574812081.998445, -80.0
1574812082.164551, -80.0
1574812082.323314, -80.0
1574812082.476274, -80.0
1574812082.631894, -80.0
1574812082.77696, -80.0
1574812082.932882, -80.0
1574812083.077642, -80.0
1574812083.234552, -80.0
1574812083.384894, -80.0
1574812083.548911, -80.0
1574812083.689151, -80.0
1574812083.852099, -80.0
1574812084.015235, -80.0
1574812084.161986, -80.0
1574812084.313428, -80.0
1574812084.472302, -80.0
1574812084.622453, -80.0
1574812084.781943, -80.0
1574812084.927864, -80.0
1574812085.085138, -80.0
1574812085.241806, -80.0
1574812085.435276, -80.0
1574812085.66062, -80.0
1574812085.851422, -80.0
1574812086.017141, -80.0
1574812086.186747, -80.0
1574812086.335628, -80.0
1574812086.536539, -80.0
1574812086.740934, -80.0
1574812086.978484, -80.0
1574812087.194991, -80.0
1574812087.422496, -80.0
1574812087.639888, -80.0
1574812087.846315, -80.0
1574812088.247648, -80.0
1574812088.25942, -80.0
1574812088.270575, -80.0
1574812088.282131, -80.0
1574812088.29372, -80.0
1574812088.305235, -80.0
1574812088.316702, -80.0
1574812088.328686, -80.0
1574812088.340081, -80.0
1574812088.351824, -80.0
1574812088.363274, -80.0
1574812088.374502, -80.0
1574812088.547189, -80.0
1574812057.04399, -80.0
1574812057.308034, -80.0
1574812057.606589, -80.0
1574812057.949443, -80.0
1574812057.960788, -80.0
1574812057.972326, -80.0
1574812057.983559, -80.0
1574812058.358914, -80.0
1574812058.616529, -80.0
1574812058.758204, -80.0
1574812058.919382, -80.0
1574812059.086891, -80.0
1574812059.277363, -80.0
1574812059.46094, -80.0
1574812059.646834, -80.0
1574812059.829519, -80.0
1574812060.009908, -80.0
1574812060.185525, -80.0
1574812060.366687, -80.0
1574812060.526466, -80.0
1574812060.787899, -80.0
1574812060.799074, -80.0
1574812060.969997, -80.0
1574812061.126755, -80.0
1574812061.289367, -80.0
1574812061.441196, -80.0
1574812061.606495, -80.0
1574812061.81132, -80.0
1574812061.976937, -80.0
1574812062.143523, -80.0
1574812062.312386, -80.0
1574812062.506238, -80.0
1574812062.716119, -80.0
1574812062.938049, -80.0
1574812063.170132, -80.0
1574812063.373165, -80.0
1574812063.644748, -80.0
1574812063.932056, -80.0
1574812064.295821, -80.0
1574812064.780948, -80.0
1574812065.141007, -80.0
1574812065.433103, -80.0
1574812065.77078, -80.0
1574812066.180047, -80.0
1574812066.477287, -80.0
1574812066.754586, -80.0
1574812067.093986, -80.0
1574812067.4489, -80.0
1574812067.872552, -80.0
1574812068.2689, -80.0
1574812068.588351, -80.0
1574812068.884991, -80.0
1574812069.164398, -80.0
1574812069.425305, -80.0
1574812069.750688, -80.0
1574812070.13114, -80.0
1574812070.142108, -80.0
1574812070.479185, -80.0
1574812070.490017, -80.0
1574812070.5084, -80.0
1574812070.520192, -80.0
1574812070.531034, -80.0
1574812070.542416, -80.0
1574812070.553472, -80.0
1574812070.564437, -80.0
1574812070.57565, -80.0
1574812070.866105, -80.0
1574812071.019664, -80.0
1574812071.193966, -80.0
1574812071.351835, -80.0
1574812071.510522, -80.0
1574812071.66152, -80.0
1574812071.829693, -80.0
1574812071.991354, -80.0
1574812072.133104, -80.0
1574812072.287419, -80.0
1574812072.449861, -80.0
1574812072.607022, -80.0
1574812072.775464, -80.0
1574812072.954441, -80.0
1574812073.130233, -80.0
1574812073.28505, -80.0
1574812073.442718, -80.0
1574812073.630837, -80.0
1574812073.781102, -80.0
1574812073.940025, -80.0
1574812074.113092, -80.0
1574812074.608389, -80.0
1574812074.619758, -80.0
1574812074.630977, -80.0
1574812074.642641, -80.0
1574812074.654149, -80.0
1574812074.666305, -80.0
1574812074.676967, -80.0
1574812074.853312, -80.0
1574812075.025029, -80.0
1574812075.18931, -80.0
1574812075.351171, -80.0
1574812075.36199, -80.0
1574812075.515232, -80.0
1574812075.678455, -80.0
1574812075.824695, -80.0
1574812075.991237, -80.0
1574812076.15378, -80.0
1574812076.332095, -80.0
1574812076.488795, -80.0
1574812076.671628, -80.0
1574812076.906605, -80.0
1574812077.065154, -80.0
1574812077.236533, -80.0
1574812077.386359, -80.0
1574812077.527349, -80.0
1574812077.699745, -80.0
1574812077.866649, -80.0
1574812078.025649, -80.0
1574812078.187186, -80.0
1574812078.354372, -80.0
1574812078.509334, -80.0
1574812078.674992, -80.0
1574812078.821673, -80.0
1574812079.008117, -80.0
1574812079.261945, -80.0
1574812079.428875, -80.0
1574812079.592973, -80.0
1574812079.763421, -80.0
1574812079.932694, -80.0
1574812080.117103, -80.0
1574812080.273643, -80.0
1574812080.440575, -80.0
1574812080.59321, -80.0
1574812080.75714, -80.0
1574812080.934925, -80.0
1574812081.098017, -80.0
1574812081.257227, -80.0
1574812081.430773, -80.0
1574812081.592517, -80.0
1574812081.752792, -80.0
1574812081.927414, -80.0
1574812082.087985, -80.0
1574812082.261483, -80.0
1574812082.425356, -80.0
1574812082.580909, -80.0
1574812082.732733, -80.0
1574812082.872046, -80.0
1574812083.045647, -80.0
1574812083.209445, -80.0
1574812083.3521, -80.0
1574812083.526638, -80.0
1574812083.698805, -80.0
1574812083.859621, -80.0
1574812084.117485, -80.0
1574812084.280058, -80.0
1574812084.430644, -80.0
1574812084.591421, -80.0
1574812084.761932, -80.0
1574812084.940516, -80.0
1574812085.102591, -80.0
1574812085.256681, -80.0
1574812085.404189, -80.0
1574812085.554008, -80.0
1574812085.706598, -80.0
1574812085.850075, -80.0
1574812086.009312, -80.0
1574812086.169237, -80.0
1574812086.334963, -80.0
1574812086.477393, -80.0
1574812086.645719, -80.0
1574812086.813424, -80.0
1574812086.966672, -80.0
1574812087.119481, -80.0
1574812087.280378, -80.0
1574812087.441652, -80.0
1574812087.60521, -80.0
1574812087.751671, -80.0
1574812087.917522, -80.0
1574812088.077456, -80.0
1574812088.229784, -80.0
1574812088.39691, -80.0
1574812088.559984, -80.0
1574812088.702846, -80.0
1574812088.868173, -80.0
1574812089.029975, -80.0
1574812089.188797, -80.0
1574812089.33991, -80.0
1574812089.509417, -80.0
1574812089.659739, -80.0
1574812089.813148, -80.0
1574812089.981791, -80.0
1574812090.144379, -80.0
1574812090.275889, -80.0
1574812090.48382, -80.0
1574812090.49491, -80.0
1574812090.506656, -80.0
1574812090.51893, -80.0
1574812090.530651, -80.0
1574812090.541714, -80.0
1574812090.552543, -80.0
1574812090.564139, -80.0
1574812090.575258, -80.0
1574812090.81063, -80.0
1574812091.107902, -80.0
1574812091.292108, -80.0
1574812091.457753, -80.0
1574812091.628853, -80.0
1574812091.786437, -80.0
1574812091.94837, -80.0
1574812092.11333, -80.0
1574812092.2769, -80.0
1574812092.530127, -80.0
1574812092.540978, -80.0
1574812092.55205, -80.0
1574812092.563428, -80.0
1574812092.875837, -80.0
1574812093.084262, -80.0
1574812093.314253, -80.0
1574812093.550077, -80.0
1574812093.774565, -80.0
1574812093.999085, -80.0
1574812094.276213, -80.0
1574812094.4447, -80.0
1574812094.607695, -80.0
1574812094.765207, -80.0
1574812094.948429, -80.0
1574812095.116853, -80.0
1574812095.321086, -80.0
1574812095.505606, -80.0
1574812095.711553, -80.0
1574812095.866642, -80.0
1574812096.021662, -80.0
1574812096.198958, -80.0
1574812096.412702, -80.0
1574812096.642939, -80.0
1574812096.852269, -80.0
1574812097.07632, -80.0
1574812097.308145, -80.0
1574812097.535484, -80.0
1574812097.774906, -80.0
1574812098.077697, -80.0
1574812098.088579, -80.0
1574812098.412336, -80.0
1574812098.423435, -80.0
1574812098.958935, -80.0
1574812098.970217, -80.0
1574812099.204348, -80.0
1574812099.395735, -80.0
1574812099.60542, -80.0
1574812099.94925, -80.0
1574812100.451388, -80.0
1574812100.462603, -80.0
1574812100.473416, -80.0
1574812088.695793, -80.0
1574812088.911375, -80.0
1574812088.922004, -80.0
1574812088.933077, -80.0
1574812088.943398, -80.0
1574812088.954313, -80.0
1574812088.965299, -80.0
1574812088.975662, -80.0
1574812088.986851, -80.0
1574812088.997422, -80.0
1574812089.295498, -80.0
1574812089.306213, -80.0
1574812089.317487, -80.0
1574812089.327917, -80.0
1574812089.338601, -80.0
1574812089.34927, -80.0
1574812089.620066, -80.0
1574812089.939803, -80.0
1574812090.342767, -80.0
1574812090.828276, -80.0
1574812091.35521, -80.0
1574812091.955205, -80.0
1574812092.560223, -80.0
1574812092.571377, -80.0
1574812092.582715, -80.0
1574812093.147615, -80.0
1574812093.708378, -80.0
1574812094.262103, -80.0
1574812094.817869, -80.0
1574812095.015164, -80.0
1574812095.200929, -80.0
1574812095.343798, -80.0
1574812095.556037, -80.0
1574812095.831117, -80.0
1574812096.110908, -80.0
1574812096.261586, -80.0
1574812096.425565, -80.0
1574812096.589904, -80.0
1574812096.754007, -80.0
1574812096.924825, -80.0
1574812097.077369, -80.0
1574812097.222715, -80.0
1574812097.385085, -80.0
1574812097.552007, -80.0
1574812097.706869, -80.0
1574812097.858513, -80.0
1574812098.026222, -80.0
1574812098.183751, -80.0
1574812098.345634, -80.0
1574812098.494432, -80.0
1574812098.653312, -80.0
1574812098.832153, -80.0
1574812098.9978, -80.0
1574812099.148876, -80.0
1574812099.331181, -80.0
1574812099.476624, -80.0
1574812099.634254, -80.0
1574812099.870271, -80.0
1574812100.130454, -80.0
1574812100.400216, -80.0
1574812100.709533, -80.0
1574812101.055615, -80.0
1574812101.428907, -80.0
1574812101.752028, -80.0
1574812102.151425, -80.0
1574812102.676354, -80.0
1574812103.032104, -80.0
1574812103.418589, -80.0
1574812103.778416, -80.0
1574812104.142243, -80.0
1574812104.341315, -80.0
1574812104.523403, -80.0
1574812104.784506, -80.0
1574812104.795442, -80.0
1574812104.806144, -80.0
1574812105.080395, -80.0
1574812105.318497, -80.0
1574812105.696443, -80.0
1574812106.074302, -80.0
1574812106.449944, -80.0
1574812106.821711, -80.0
1574812107.2115, -80.0
1574812107.607315, -80.0
1574812107.991177, -80.0
1574812108.359831, -80.0
1574812108.739244, -80.0
1574812109.089443, -80.0
1574812109.469174, -80.0
1574812109.857041, -80.0
1574812110.224496, -80.0
1574812110.60666, -80.0
1574812110.989153, -80.0
1574812111.377701, -80.0
1574812111.775519, -80.0
1574812112.307627, -80.0
1574812112.319102, -80.0
1574812112.330812, -80.0
1574812112.342301, -80.0
1574812112.354282, -80.0
1574812112.365769, -80.0
1574812112.377114, -80.0
1574812112.388558, -80.0
1574812112.399874, -80.0
1574812112.411028, -80.0
1574812112.422656, -80.0
1574812112.434137, -80.0
1574812112.445422, -80.0
1574812112.835277, -80.0
1574812112.993634, -80.0
1574812113.279943, -80.0
1574812113.291043, -80.0
1574812113.302277, -80.0
1574812113.31356, -80.0
1574812113.324558, -80.0
1574812113.336108, -80.0
1574812113.347355, -80.0
1574812113.610789, -80.0
1574812113.827072, -80.0
1574812113.982729, -80.0
1574812114.138048, -80.0
1574812114.473504, -80.0
1574812114.48492, -80.0
1574812114.728565, -80.0
1574812114.896783, -80.0
1574812115.059198, -80.0
1574812115.213011, -80.0
1574812115.376885, -80.0
1574812115.518334, -80.0
1574812115.686895, -80.0
1574812115.827424, -80.0
1574812115.978748, -80.0
1574812116.143731, -80.0
1574812116.30858, -80.0
1574812116.4671, -80.0
1574812116.620346, -80.0
1574812116.778746, -80.0
1574812116.927524, -80.0
1574812117.086316, -80.0
1574812117.24218, -80.0
1574812117.40539, -80.0
1574812117.617017, -80.0
1574812117.791541, -80.0
1574812117.953261, -80.0
1574812118.107661, -80.0
1574812118.270063, -80.0
1574812118.426923, -80.0
1574812118.713505, -80.0
1574812118.724095, -80.0
1574812118.890667, -80.0
1574812119.068326, -80.0
1574812119.228768, -80.0
1574812119.395419, -80.0
1574812119.55941, -80.0
1574812119.718507, -80.0
1574812119.861712, -80.0
1574812120.02261, -80.0
1574812120.186652, -80.0
1574812120.345948, -80.0
1574812120.503843, -80.0
1574812120.670455, -80.0
1574812120.836789, -80.0
1574812120.985362, -80.0
1574812121.147707, -80.0
1574812121.301795, -80.0
1574812121.523662, -80.0
1574812121.53552, -80.0
1574812121.90037, -80.0
1574812121.91241, -80.0
1574812122.217453, -80.0
1574812122.487703, -80.0
1574812122.736374, -80.0
1574812122.971999, -80.0
1574812123.151122, -80.0
1574812123.3168, -80.0
1574812123.470888, -80.0
1574812123.64226, -80.0
1574812123.797127, -80.0
1574812123.960412, -80.0
1574812124.122234, -80.0
1574812124.27304, -80.0
1574812124.416508, -80.0
1574812124.573369, -80.0
1574812124.744927, -80.0
1574812124.903121, -80.0
1574812125.064765, -80.0
1574812125.224055, -80.0
1574812125.389434, -80.0
1574812125.545014, -80.0
1574812125.714596, -80.0
1574812125.919975, -80.0
1574812126.095089, -80.0
1574812126.247106, -80.0
1574812126.41578, -80.0
1574812126.6275, -80.0
1574812126.789631, -80.0
1574812126.943475, -80.0
1574812127.112543, -80.0
1574812127.332123, -80.0
1574812127.495741, -80.0
1574812127.644021, -80.0
1574812127.800417, -80.0
1574812127.956108, -80.0
1574812128.125365, -80.0
1574812128.286788, -80.0
1574812128.452843, -80.0
1574812128.623678, -80.0
1574812128.781166, -80.0
1574812128.935044, -80.0
1574812129.104383, -80.0
1574812129.256739, -80.0
1574812129.419349, -80.0
1574812129.578372, -80.0
1574812129.740277, -80.0
1574812129.899016, -80.0
1574812130.049784, -80.0
1574812130.223413, -80.0
1574812130.379813, -80.0
1574812130.536077, -80.0
1574812130.691634, -80.0
1574812130.849131, -80.0
1574812130.994546, -80.0
1574812131.153053, -80.0
1574812131.477155, -80.0
1574812131.769992, -80.0
1574812132.060821, -80.0
1574812132.071246, -80.0
1574812132.228929, -80.0
1574812132.38551, -80.0
1574812132.612229, -80.0
1574812132.807631, -80.0
1574812132.989264, -80.0
1574812133.196969, -80.0
1574812133.37748, -80.0
1574812133.548065, -80.0
1574812133.711899, -80.0
1574812133.896433, -80.0
1574812134.062077, -80.0
1574812134.24445, -80.0
1574812134.424927, -80.0
1574812134.579214, -80.0
1574812134.740953, -80.0
1574812134.90723, -80.0
1574812135.066614, -80.0
1574812135.228055, -80.0
1574812135.394423, -80.0
1574812135.558123, -80.0
1574812135.711314, -80.0
1574812135.866323, -80.0
1574812136.039628, -80.0
1574812136.190564, -80.0
1574812093.575494, -80.0
1574812093.587228, -80.0
1574812093.598249, -80.0
1574812093.609722, -80.0
1574812093.876308, -80.0
1574812094.174939, -80.0
1574812094.416529, -80.0
1574812094.630274, -80.0
1574812094.880663, -80.0
1574812095.138087, -80.0
1574812095.375763, -80.0
1574812095.669523, -80.0
1574812095.990014, -80.0
1574812096.290635, -80.0
1574812096.612278, -80.0
1574812096.944369, -80.0
1574812097.185722, -80.0
1574812097.56726, -80.0
1574812098.037903, -80.0
1574812098.051539, -80.0
1574812098.064038, -80.0
1574812098.075276, -80.0
1574812098.086768, -80.0
1574812098.474243, -80.0
1574812098.65195, -80.0
1574812098.876742, -80.0
1574812099.148331, -80.0
1574812099.411788, -80.0
1574812099.690691, -80.0
1574812099.966801, -80.0
1574812100.2871, -80.0
1574812100.60396, -80.0
1574812100.915685, -80.0
1574812101.265233, -80.0
1574812101.622421, -80.0
1574812102.040446, -80.0
1574812102.46865, -80.0
1574812102.850094, -80.0
1574812103.255743, -80.0
1574812103.641126, -80.0
1574812103.981993, -80.0
1574812104.202811, -80.0
1574812104.470684, -80.0
1574812104.48171, -80.0
1574812104.493198, -80.0
1574812104.505024, -80.0
1574812104.517139, -80.0
1574812104.528582, -80.0
1574812104.938082, -80.0
1574812105.086689, -80.0
1574812105.240123, -80.0
1574812105.414301, -80.0
1574812105.573707, -80.0
1574812105.804771, -80.0
1574812105.991022, -80.0
1574812106.164121, -80.0
1574812106.32479, -80.0
1574812106.482327, -80.0
1574812106.644353, -80.0
1574812106.806424, -80.0
1574812106.972015, -80.0
1574812107.140211, -80.0
1574812107.308248, -80.0
1574812107.471677, -80.0
1574812107.626196, -80.0
1574812107.782525, -80.0
1574812107.949911, -80.0
1574812108.109127, -80.0
1574812108.269393, -80.0
1574812108.427967, -80.0
1574812108.591653, -80.0
1574812108.74481, -80.0
1574812108.915213, -80.0
1574812109.074518, -80.0
1574812109.235504, -80.0
1574812109.380474, -80.0
1574812109.553681, -80.0
1574812109.70873, -80.0
1574812109.881949, -80.0
1574812110.056529, -80.0
1574812110.226412, -80.0
1574812110.390624, -80.0
1574812110.550673, -80.0
1574812110.713276, -80.0
1574812110.878038, -80.0
1574812111.028936, -80.0
1574812111.183594, -80.0
1574812111.33882, -80.0
1574812111.516129, -80.0
1574812111.682077, -80.0
1574812111.845333, -80.0
1574812112.013271, -80.0
1574812112.17437, -80.0
1574812112.331159, -80.0
1574812112.505484, -80.0
1574812112.670636, -80.0
1574812112.821692, -80.0
1574812112.972874, -80.0
1574812113.141281, -80.0
1574812113.291606, -80.0
1574812113.449599, -80.0
1574812113.602537, -80.0
1574812113.756944, -80.0
1574812113.93542, -80.0
1574812114.088243, -80.0
1574812114.258607, -80.0
1574812114.421165, -80.0
1574812114.568014, -80.0
1574812114.719971, -80.0
1574812114.886329, -80.0
1574812115.04445, -80.0
1574812115.203678, -80.0
1574812115.370629, -80.0
1574812115.549986, -80.0
1574812115.687395, -80.0
1574812115.851827, -80.0
1574812116.005589, -80.0
1574812116.167016, -80.0
1574812116.329731, -80.0
1574812116.490072, -80.0
1574812116.652984, -80.0
1574812116.818659, -80.0
1574812116.999096, -80.0
1574812117.161933, -80.0
1574812117.332857, -80.0
1574812117.50039, -80.0
1574812117.99387, -80.0
1574812118.005765, -80.0
1574812118.018306, -80.0
1574812118.029616, -80.0
1574812118.041028, -80.0
1574812118.060997, -80.0
1574812118.072685, -80.0
1574812118.083998, -80.0
1574812118.443497, -80.0
1574812118.606671, -80.0
1574812118.747383, -80.0
1574812118.911615, -80.0
1574812119.071806, -80.0
1574812119.245796, -80.0
1574812119.412531, -80.0
1574812119.567933, -80.0
1574812119.734577, -80.0
1574812119.959426, -80.0
1574812120.272712, -80.0
1574812120.283659, -80.0
1574812120.294269, -80.0
1574812120.312074, -80.0
1574812120.653429, -80.0
1574812120.664164, -80.0
1574812121.005622, -80.0
1574812121.300597, -80.0
1574812121.6041, -80.0
1574812121.837378, -80.0
1574812122.072765, -80.0
1574812122.236765, -80.0
1574812122.394589, -80.0
1574812122.558716, -80.0
1574812122.731594, -80.0
1574812122.912024, -80.0
1574812123.063747, -80.0
1574812123.23814, -80.0
1574812123.481368, -80.0
1574812123.702095, -80.0
1574812123.983159, -80.0
1574812124.303957, -80.0
1574812124.53792, -80.0
1574812124.724546, -80.0
1574812124.900716, -80.0
1574812125.091288, -80.0
1574812125.284657, -80.0
1574812125.482762, -80.0
1574812125.692119, -80.0
1574812125.979761, -80.0
1574812126.206788, -80.0
1574812126.451967, -80.0
1574812126.669081, -80.0
1574812126.898024, -80.0
1574812127.184167, -80.0
1574812127.46481, -80.0
1574812127.718938, -80.0
1574812127.973194, -80.0
1574812128.186641, -80.0
1574812128.505593, -80.0
1574812128.735405, -80.0
1574812128.967281, -80.0
1574812129.171452, -80.0
1574812129.376666, -80.0
1574812129.610543, -80.0
1574812129.858131, -80.0
1574812130.086278, -80.0
1574812130.28806, -80.0
1574812130.471482, -80.0
1574812130.668941, -80.0
1574812130.940699, -80.0
1574812131.372766, -80.0
1574812131.384309, -80.0
1574812131.396101, -80.0
1574812131.409301, -80.0
1574812131.421481, -80.0
1574812131.432878, -80.0
1574812131.870349, -80.0
1574812131.882131, -80.0
1574812131.893529, -80.0
1574812131.907077, -80.0
1574812131.919292, -80.0
1574812131.931045, -80.0
1574812131.942389, -80.0
1574812131.953849, -80.0
1574812131.965679, -80.0
1574812131.977085, -80.0
1574812131.988469, -80.0
1574812131.999889, -80.0
1574812132.178049, -80.0
1574812132.333747, -80.0
1574812132.488692, -80.0
1574812132.968663, -80.0
1574812132.979702, -80.0
1574812132.991435, -80.0
1574812133.004921, -80.0
1574812133.017408, -80.0
1574812133.028821, -80.0
1574812133.040272, -80.0
1574812133.053027, -80.0
1574812133.064781, -80.0
1574812133.076398, -80.0
1574812133.087868, -80.0
1574812133.099282, -80.0
1574812133.113432, -80.0
1574812133.124812, -80.0
1574812133.136527, -80.0
1574812133.147971, -80.0
1574812133.159318, -80.0
1574812133.171023, -80.0
1574812133.182441, -80.0
1574812133.193734, -80.0
1574812133.207244, -80.0
1574812133.219387, -80.0
1574812133.2311, -80.0
1574812133.242463, -80.0
1574812133.253942, -80.0
1574812133.265695, -80.0
1574812133.277036, -80.0
1574812133.288649, -80.0
1574812133.300001, -80.0
1574812133.313889, -80.0
1574812133.325935, -80.0
1574812133.337376, -80.0
1574812133.348705, -80.0
1574812133.360394, -80.0
1574812098.900489, -80.0
1574812099.139147, -80.0
1574812099.149503, -80.0
1574812099.16023, -80.0
1574812099.171021, -80.0
1574812099.436413, -80.0
1574812099.711329, -80.0
1574812099.721681, -80.0
1574812099.732249, -80.0
1574812099.742777, -80.0
1574812099.753478, -80.0
1574812099.764727, -80.0
1574812099.775427, -80.0
1574812099.786617, -80.0
1574812099.797251, -80.0
1574812099.809701, -80.0
1574812099.820858, -80.0
1574812099.83172, -80.0
1574812099.842473, -80.0
1574812099.853479, -80.0
1574812100.227989, -80.0
1574812100.570617, -80.0
1574812100.93091, -80.0
1574812101.254983, -80.0
1574812101.577952, -80.0
1574812101.906441, -80.0
1574812102.306162, -80.0
1574812102.671869, -80.0
1574812102.937855, -80.0
1574812103.117899, -80.0
1574812103.316938, -80.0
1574812103.530387, -80.0
1574812103.747845, -80.0
1574812103.951084, -80.0
1574812104.161652, -80.0
1574812104.3593, -80.0
1574812104.370497, -80.0
1574812104.381708, -80.0
1574812104.392627, -80.0
1574812104.405689, -80.0
1574812104.416958, -80.0
1574812104.427916, -80.0
1574812104.439624, -80.0
1574812104.806857, -80.0
1574812105.004479, -80.0
1574812105.167176, -80.0
1574812105.412627, -80.0
1574812105.728974, -80.0
1574812105.739343, -80.0
1574812105.901823, -80.0
1574812106.058437, -80.0
1574812106.208143, -80.0
1574812106.218602, -80.0
1574812106.414433, -80.0
1574812106.565525, -80.0
1574812106.732509, -80.0
1574812106.743277, -80.0
1574812106.906453, -80.0
1574812107.064734, -80.0
1574812107.226848, -80.0
1574812107.237497, -80.0
1574812107.397686, -80.0
1574812107.539045, -80.0
1574812107.693288, -80.0
1574812107.705785, -80.0
1574812107.86359, -80.0
1574812108.03356, -80.0
1574812108.186704, -80.0
1574812108.350542, -80.0
1574812108.518157, -80.0
1574812108.654526, -80.0
1574812108.808745, -80.0
1574812108.969242, -80.0
1574812109.12862, -80.0
1574812109.358766, -80.0
1574812109.514066, -80.0
1574812109.671331, -80.0
1574812109.833197, -80.0
1574812110.00015, -80.0
1574812110.16688, -80.0
1574812110.327724, -80.0
1574812110.489044, -80.0
1574812110.660979, -80.0
1574812110.828153, -80.0
1574812110.983786, -80.0
1574812111.131107, -80.0
1574812111.297493, -80.0
1574812111.466497, -80.0
1574812111.616703, -80.0
1574812111.775758, -80.0
1574812111.929261, -80.0
1574812112.095465, -80.0
1574812112.257705, -80.0
1574812112.422206, -80.0
1574812112.433213, -80.0
1574812112.583263, -80.0
1574812112.748558, -80.0
1574812112.884625, -80.0
1574812113.044664, -80.0
1574812113.209845, -80.0
1574812113.374832, -80.0
1574812113.550839, -80.0
1574812113.713809, -80.0
1574812113.882049, -80.0
1574812114.032846, -80.0
1574812114.186042, -80.0
1574812114.336505, -80.0
1574812114.512661, -80.0
1574812114.681679, -80.0
1574812114.843325, -80.0
1574812115.001928, -80.0
1574812115.162724, -80.0
1574812115.325366, -80.0
1574812115.490133, -80.0
1574812115.648062, -80.0
1574812115.80001, -80.0
1574812115.955131, -80.0
1574812116.108072, -80.0
1574812116.265617, -80.0
1574812116.425791, -80.0
1574812116.587524, -80.0
1574812116.745331, -80.0
1574812116.915285, -80.0
1574812117.089892, -80.0
1574812117.246004, -80.0
1574812117.404378, -80.0
1574812117.576527, -80.0
1574812117.747166, -80.0
1574812117.919982, -80.0
1574812118.08593, -80.0
1574812118.237377, -80.0
1574812118.393727, -80.0
1574812118.561299, -80.0
1574812118.722491, -80.0
1574812118.875459, -80.0
1574812119.02971, -80.0
1574812119.182807, -80.0
1574812119.331, -80.0
1574812119.489607, -80.0
1574812119.636458, -80.0
1574812119.788967, -80.0
1574812119.95533, -80.0
1574812120.094149, -80.0
1574812120.231299, -80.0
1574812120.397215, -80.0
1574812120.556768, -80.0
1574812120.72984, -80.0
1574812120.883522, -80.0
1574812121.038897, -80.0
1574812121.195755, -80.0
1574812121.339157, -80.0
1574812121.495831, -80.0
1574812121.669828, -80.0
1574812121.804497, -80.0
1574812121.981325, -80.0
1574812122.147201, -80.0
1574812122.31309, -80.0
1574812122.47071, -80.0
1574812122.635211, -80.0
1574812122.803147, -80.0
1574812122.948659, -80.0
1574812123.119531, -80.0
1574812123.287307, -80.0
1574812123.439309, -80.0
1574812123.597074, -80.0
1574812123.749686, -80.0
1574812123.914146, -80.0
1574812124.053409, -80.0
1574812124.208094, -80.0
1574812124.358317, -80.0
1574812124.521699, -80.0
1574812124.690853, -80.0
1574812124.855555, -80.0
1574812125.019673, -80.0
1574812125.182454, -80.0
1574812125.347196, -80.0
1574812125.486071, -80.0
1574812125.649981, -80.0
1574812125.85992, -80.0
1574812126.019521, -80.0
1574812126.186613, -80.0
1574812126.35041, -80.0
1574812126.578635, -80.0
1574812126.738055, -80.0
1574812126.904718, -80.0
1574812127.079087, -80.0
1574812127.278536, -80.0
1574812127.439622, -80.0
1574812127.596075, -80.0
1574812127.772548, -80.0
1574812127.936164, -80.0
1574812128.099095, -80.0
1574812128.268468, -80.0
1574812128.421913, -80.0
1574812128.612211, -80.0
1574812128.763415, -80.0
1574812128.917039, -80.0
1574812129.080844, -80.0
1574812129.221084, -80.0
1574812129.392939, -80.0
1574812129.540753, -80.0
1574812129.704105, -80.0
1574812129.886971, -80.0
1574812130.076852, -80.0
1574812130.216013, -80.0
1574812130.359774, -80.0
1574812130.525144, -80.0
1574812130.684039, -80.0
1574812130.854007, -80.0
1574812131.0064, -80.0
1574812131.172283, -80.0
1574812131.33585, -80.0
1574812131.48701, -80.0
1574812131.653318, -80.0
1574812131.795953, -80.0
1574812132.024361, -80.0
1574812132.225004, -80.0
1574812132.49143, -80.0
1574812132.502829, -80.0
1574812132.514248, -80.0
1574812132.74797, -80.0
1574812132.95134, -80.0
1574812133.120044, -80.0
1574812133.265442, -80.0
1574812133.420542, -80.0
1574812133.565635, -80.0
1574812133.719147, -80.0
1574812133.880326, -80.0
1574812134.037126, -80.0
1574812134.194746, -80.0
1574812134.360531, -80.0
1574812134.524519, -80.0
1574812134.678105, -80.0
1574812134.831755, -80.0
1574812134.98496, -80.0
1574812135.133343, -80.0
1574812135.289177, -80.0
1574812135.438617, -80.0
1574812135.607228, -80.0
1574812135.767788, -80.0
1574812135.926316, -80.0
1574812136.087598, -80.0
1574812136.242523, -80.0
1574812136.3934, -80.0
1574812136.544966, -80.0
1574812136.694388, -80.0
1574812136.860908, -80.0
1574812137.014793, -80.0
1574812137.209136, -80.0
1574812137.371473, -80.0
1574812100.764621, -80.0
1574812101.044976, -80.0
1574812101.303979, -80.0
1574812101.723867, -80.0
1574812102.026314, -80.0
1574812102.367539, -80.0
1574812102.747234, -80.0
1574812103.096915, -80.0
1574812103.54492, -80.0
1574812103.938224, -80.0
1574812104.377188, -80.0
1574812104.781355, -80.0
1574812105.074433, -80.0
1574812105.344241, -80.0
1574812105.608505, -80.0
1574812105.861464, -80.0
1574812106.097709, -80.0
1574812106.49359, -80.0
1574812106.511358, -80.0
1574812106.522816, -80.0
1574812106.534493, -80.0
1574812106.545283, -80.0
1574812106.900343, -80.0
1574812107.189683, -80.0
1574812107.534816, -80.0
1574812107.545486, -80.0
1574812107.55605, -80.0
1574812107.929182, -80.0
1574812108.258681, -80.0
1574812108.468532, -80.0
1574812108.749324, -80.0
1574812108.968742, -80.0
1574812109.311746, -80.0
1574812109.322616, -80.0
1574812109.333346, -80.0
1574812109.344362, -80.0
1574812109.355231, -80.0
1574812109.366013, -80.0
1574812109.377055, -80.0
1574812109.550429, -80.0
1574812109.709089, -80.0
1574812109.923771, -80.0
1574812110.244292, -80.0
1574812110.492075, -80.0
1574812110.725339, -80.0
1574812111.038245, -80.0
1574812111.496505, -80.0
1574812111.905817, -80.0
1574812111.917241, -80.0
1574812111.928065, -80.0
1574812112.310328, -80.0
1574812112.529437, -80.0
1574812112.681939, -80.0
1574812112.847608, -80.0
1574812113.020973, -80.0
1574812113.174724, -80.0
1574812113.32435, -80.0
1574812113.471133, -80.0
1574812113.642742, -80.0
1574812113.885843, -80.0
1574812114.061519, -80.0
1574812114.299173, -80.0
1574812114.31021, -80.0
1574812114.524779, -80.0
1574812114.68071, -80.0
1574812114.826068, -80.0
1574812114.998446, -80.0
1574812115.009412, -80.0
1574812115.177188, -80.0
1574812115.327367, -80.0
1574812115.486523, -80.0
1574812115.644751, -80.0
1574812115.812518, -80.0
1574812115.971784, -80.0
1574812116.143161, -80.0
1574812116.307501, -80.0
1574812116.468375, -80.0
1574812116.625671, -80.0
1574812116.780682, -80.0
1574812116.933064, -80.0
1574812117.097786, -80.0
1574812117.259417, -80.0
1574812117.463036, -80.0
1574812117.891215, -80.0
1574812117.902839, -80.0
1574812117.913997, -80.0
1574812118.156327, -80.0
1574812118.322953, -80.0
1574812118.464955, -80.0
1574812118.622862, -80.0
1574812118.787402, -80.0
1574812118.950592, -80.0
1574812119.109899, -80.0
1574812119.249131, -80.0
1574812119.399022, -80.0
1574812119.556039, -80.0
1574812119.711288, -80.0
1574812119.866601, -80.0
1574812120.033136, -80.0
1574812120.196558, -80.0
1574812120.342703, -80.0
1574812120.499519, -80.0
1574812120.647935, -80.0
1574812120.945568, -80.0
1574812120.957327, -80.0
1574812120.968401, -80.0
1574812120.979377, -80.0
1574812121.319166, -80.0
1574812121.472372, -80.0
1574812121.626673, -80.0
1574812121.864814, -80.0
1574812121.875284, -80.0
1574812121.885999, -80.0
1574812121.897558, -80.0
1574812121.909002, -80.0
1574812121.920166, -80.0
1574812121.931414, -80.0
1574812121.9425, -80.0
1574812121.95741, -80.0
1574812122.184723, -80.0
1574812122.377962, -80.0
1574812122.6157, -80.0
1574812122.878518, -80.0
1574812122.889312, -80.0
1574812122.902166, -80.0
1574812122.913706, -80.0
1574812122.924614, -80.0
1574812122.935592, -80.0
1574812122.94626, -80.0
1574812122.957779, -80.0
1574812122.969303, -80.0
1574812122.980635, -80.0
1574812122.991616, -80.0
1574812123.004524, -80.0
1574812123.015389, -80.0
1574812123.407754, -80.0
1574812123.572993, -80.0
1574812123.825418, -80.0
1574812124.088542, -80.0
1574812124.372356, -80.0
1574812124.383136, -80.0
1574812124.393891, -80.0
1574812124.404856, -80.0
1574812124.415751, -80.0
1574812124.426256, -80.0
1574812124.436973, -80.0
1574812124.447641, -80.0
1574812124.692865, -80.0
1574812124.8712, -80.0
1574812125.03832, -80.0
1574812125.206646, -80.0
1574812125.381388, -80.0
1574812125.563822, -80.0
1574812125.801378, -80.0
1574812126.03293, -80.0
1574812126.228029, -80.0
1574812126.52306, -80.0
1574812126.748103, -80.0
1574812126.953616, -80.0
1574812127.249291, -80.0
1574812127.464241, -80.0
1574812127.660064, -80.0
1574812127.884735, -80.0
1574812128.138544, -80.0
1574812128.355534, -80.0
1574812128.536429, -80.0
1574812128.735524, -80.0
1574812128.959933, -80.0
1574812129.174592, -80.0
1574812129.403818, -80.0
1574812129.647362, -80.0
1574812129.851968, -80.0
1574812130.072282, -80.0
1574812130.275248, -80.0
1574812130.491675, -80.0
1574812130.695535, -80.0
1574812130.889138, -80.0
1574812131.07802, -80.0
1574812131.256133, -80.0
1574812131.439083, -80.0
1574812131.631639, -80.0
1574812131.797065, -80.0
1574812131.981716, -80.0
1574812132.179458, -80.0
1574812132.364089, -80.0
1574812132.528003, -80.0
1574812132.701021, -80.0
1574812132.8955, -80.0
1574812133.077129, -80.0
1574812133.275543, -80.0
1574812133.444568, -80.0
1574812133.671365, -80.0
1574812133.888192, -80.0
1574812134.104871, -80.0
1574812134.262843, -80.0
1574812134.419419, -80.0
1574812134.580344, -80.0
1574812134.748622, -80.0
1574812134.911575, -80.0
1574812135.071262, -80.0
1574812135.232598, -80.0
1574812135.385234, -80.0
1574812135.5455, -80.0
1574812135.718835, -80.0
1574812135.875527, -80.0
1574812136.034047, -80.0
1574812136.186033, -80.0
1574812136.351768, -80.0
1574812136.503708, -80.0
1574812136.661015, -80.0
1574812136.821505, -80.0
1574812136.98196, -80.0
1574812137.122451, -80.0
1574812137.271565, -80.0
1574812137.443321, -80.0
1574812137.670823, -80.0
1574812137.848441, -80.0
1574812138.025339, -80.0
1574812138.224639, -80.0
1574812138.428848, -80.0
1574812138.584445, -80.0
1574812138.752782, -80.0
1574812138.913755, -80.0
1574812139.090739, -80.0
1574812139.294828, -80.0
1574812139.48334, -80.0
1574812139.640332, -80.0
1574812139.8035, -80.0
1574812139.957831, -80.0
1574812140.12489, -80.0
1574812140.29502, -80.0
1574812140.455239, -80.0
1574812140.614149, -80.0
1574812140.776717, -80.0
1574812140.9343, -80.0
1574812141.097314, -80.0
1574812141.254731, -80.0
1574812141.398925, -80.0
1574812141.557454, -80.0
1574812141.709763, -80.0
1574812141.908386, -80.0
1574812142.089152, -80.0
1574812142.25154, -80.0
1574812142.407793, -80.0
1574812142.56861, -80.0
1574812142.887899, -80.0
1574812143.053187, -80.0
1574812143.21653, -80.0
1574812143.359438, -80.0
1574812143.508778, -80.0
1574812133.632473, -80.0
1574812133.903859, -80.0
1574812134.328821, -80.0
1574812134.339919, -80.0
1574812134.741793, -80.0
1574812134.947871, -80.0
1574812135.167002, -80.0
1574812135.392493, -80.0
1574812135.653005, -80.0
1574812135.90406, -80.0
1574812136.22027, -80.0
1574812136.614543, -80.0
1574812137.077648, -80.0
1574812137.58535, -80.0
1574812138.070851, -80.0
1574812138.534886, -80.0
1574812138.993203, -80.0
1574812139.428797, -80.0
1574812139.896931, -80.0
1574812140.390191, -80.0
1574812140.574521, -80.0
1574812140.833278, -80.0
1574812140.844455, -80.0
1574812140.855703, -80.0
1574812140.866852, -80.0
1574812141.221379, -80.0
1574812141.732983, -80.0
1574812141.743988, -80.0
1574812142.212673, -80.0
1574812142.441308, -80.0
1574812142.649465, -80.0
1574812142.913757, -80.0
1574812143.217713, -80.0
1574812143.567067, -80.0
1574812143.932316, -80.0
1574812144.320024, -80.0
1574812144.736089, -80.0
1574812145.100815, -80.0
1574812145.361622, -80.0
1574812145.696293, -80.0
1574812146.057606, -80.0
1574812146.31244, -80.0
1574812146.484119, -80.0
1574812146.90584, -80.0
1574812146.916893, -80.0
1574812146.928211, -80.0
1574812146.939504, -80.0
1574812146.950861, -80.0
1574812146.962304, -80.0
1574812146.973615, -80.0
1574812146.98451, -80.0
1574812147.181088, -80.0
1574812147.328803, -80.0
1574812147.659665, -80.0
1574812148.009197, -80.0
1574812148.390432, -80.0
1574812148.731692, -80.0
1574812149.098589, -80.0
1574812149.109199, -80.0
1574812149.119745, -80.0
1574812149.43218, -80.0
1574812149.587081, -80.0
1574812149.737312, -80.0
1574812149.888695, -80.0
1574812150.04406, -80.0
1574812150.195304, -80.0
1574812150.352429, -80.0
1574812150.507425, -80.0
1574812150.645854, -80.0
1574812150.797425, -80.0
1574812150.945101, -80.0
1574812151.095832, -80.0
1574812151.235484, -80.0
1574812151.388731, -80.0
1574812151.53132, -80.0
1574812151.689195, -80.0
1574812151.842946, -80.0
1574812152.001287, -80.0
1574812152.15208, -80.0
1574812152.290103, -80.0
1574812152.448779, -80.0
1574812152.609055, -80.0
1574812152.7751, -80.0
1574812152.927731, -80.0
1574812153.08354, -80.0
1574812153.2223, -80.0
1574812153.373066, -80.0
1574812153.52389, -80.0
1574812153.676512, -80.0
1574812153.818394, -80.0
1574812154.112341, -80.0
1574812154.123788, -80.0
1574812154.134977, -80.0
1574812154.146185, -80.0
1574812154.525876, -80.0
1574812154.691934, -80.0
1574812154.834153, -80.0
1574812155.140893, -80.0
1574812155.15179, -80.0
1574812155.163066, -80.0
1574812155.174498, -80.0
1574812155.185962, -80.0
1574812155.197442, -80.0
1574812155.20893, -80.0
1574812155.220324, -80.0
1574812155.231851, -80.0
1574812155.383405, -80.0
1574812155.547292, -80.0
1574812155.706146, -80.0
1574812155.855368, -80.0
1574812156.066427, -80.0
1574812156.400492, -80.0
1574812156.411057, -80.0
1574812156.421676, -80.0
1574812156.431983, -80.0
1574812156.442304, -80.0
1574812156.591336, -80.0
1574812156.748248, -80.0
1574812156.898162, -80.0
1574812157.062698, -80.0
1574812157.20909, -80.0
1574812157.361508, -80.0
1574812157.510962, -80.0
1574812157.706526, -80.0
1574812158.043714, -80.0
1574812158.314551, -80.0
1574812158.462012, -80.0
1574812158.613985, -80.0
1574812158.757024, -80.0
1574812158.910751, -80.0
1574812159.064705, -80.0
1574812159.440655, -80.0
1574812159.451672, -80.0
1574812159.724318, -80.0
1574812159.91196, -80.0
1574812160.087107, -80.0
1574812160.237602, -80.0
1574812160.379123, -80.0
1574812160.530424, -80.0
1574812160.679264, -80.0
1574812160.827094, -80.0
1574812160.980471, -80.0
1574812161.172597, -80.0
1574812161.331213, -80.0
1574812161.513305, -80.0
1574812161.691456, -80.0
1574812161.982951, -80.0
1574812162.301497, -80.0
1574812162.497386, -80.0
1574812162.702941, -80.0
1574812162.889746, -80.0
1574812163.081172, -80.0
1574812163.279593, -80.0
1574812163.489837, -80.0
1574812163.713011, -80.0
1574812163.891355, -80.0
1574812164.026801, -80.0
1574812164.178267, -80.0
1574812164.340238, -80.0
1574812164.505956, -80.0
1574812164.639569, -80.0
1574812164.790618, -80.0
1574812165.010766, -80.0
1574812165.156167, -80.0
1574812165.305606, -80.0
1574812165.450291, -80.0
1574812165.609141, -80.0
1574812165.756303, -80.0
1574812165.923529, -80.0
1574812166.146444, -80.0
1574812166.422494, -80.0
1574812166.59878, -80.0
1574812166.776406, -80.0
1574812167.038995, -80.0
1574812167.233053, -80.0
1574812167.243314, -80.0
1574812167.416521, -80.0
1574812167.577535, -80.0
1574812167.80973, -80.0
1574812168.056032, -80.0
1574812168.311672, -80.0
1574812168.571091, -80.0
1574812168.737537, -80.0
1574812168.747927, -80.0
1574812168.967574, -80.0
1574812169.182163, -80.0
1574812169.357441, -80.0
1574812169.547831, -80.0
1574812169.885992, -80.0
1574812169.896829, -80.0
1574812169.907621, -80.0
1574812169.918822, -80.0
1574812169.929943, -80.0
1574812169.941136, -80.0
1574812169.952542, -80.0
1574812169.963871, -80.0
1574812169.975002, -80.0
1574812169.986266, -80.0
1574812169.997544, -80.0
1574812170.008748, -80.0
1574812170.019795, -80.0
1574812170.03088, -80.0
1574812170.042132, -80.0
1574812170.053366, -80.0
1574812170.064569, -80.0
1574812170.075727, -80.0
1574812170.086832, -80.0
1574812170.097977, -80.0
1574812170.109189, -80.0
1574812170.120338, -80.0
1574812170.131516, -80.0
1574812170.14266, -80.0
1574812170.153773, -80.0
1574812170.164929, -80.0
1574812170.176084, -80.0
1574812170.187146, -80.0
1574812170.40097, -80.0
1574812170.563479, -80.0
1574812170.712531, -80.0
1574812170.863415, -80.0
1574812171.029289, -80.0
1574812171.223601, -80.0
1574812171.541678, -80.0
1574812171.901589, -80.0
1574812172.293298, -80.0
1574812172.622837, -80.0
1574812172.633755, -80.0
1574812172.915862, -80.0
1574812173.351543, -80.0
1574812173.762557, -80.0
1574812174.048493, -80.0
1574812174.369322, -80.0
1574812174.529656, -80.0
1574812174.689616, -80.0
1574812174.832842, -80.0
1574812175.195904, -80.0
1574812175.583834, -80.0
1574812175.729268, -80.0
1574812175.888156, -80.0
1574812176.06042, -80.0
1574812176.226193, -80.0
1574812176.383093, -80.0
1574812176.582963, -80.0
1574812176.823468, -80.0
1574812176.993124, -80.0
1574812177.161862, -80.0
1574812177.339247, -80.0
1574812177.499421, -80.0
1574812177.653366, -80.0
1574812177.800884, -80.0
1574812136.37449, -80.0
1574812136.57337, -80.0
1574812136.585077, -80.0
1574812136.596983, -80.0
1574812136.608525, -80.0
1574812136.619598, -80.0
1574812136.631444, -80.0
1574812136.642436, -80.0
1574812136.907774, -80.0
1574812137.114475, -80.0
1574812137.262431, -80.0
1574812137.43605, -80.0
1574812137.58708, -80.0
1574812137.750772, -80.0
1574812137.915309, -80.0
1574812138.228623, -80.0
1574812138.24048, -80.0
1574812138.252338, -80.0
1574812138.263826, -80.0
1574812138.27519, -80.0
1574812138.287283, -80.0
1574812138.299604, -80.0
1574812138.311485, -80.0
1574812138.323815, -80.0
1574812138.335457, -80.0
1574812138.618425, -80.0
1574812138.871774, -80.0
1574812139.07899, -80.0
1574812139.367742, -80.0
1574812139.695458, -80.0
1574812140.00356, -80.0
1574812140.318174, -80.0
1574812140.626718, -80.0
1574812140.921077, -80.0
1574812141.208254, -80.0
1574812141.427481, -80.0
1574812141.850142, -80.0
1574812142.370268, -80.0
1574812142.948573, -80.0
1574812143.389104, -80.0
1574812143.608278, -80.0
1574812143.890214, -80.0
1574812144.172668, -80.0
1574812144.465167, -80.0
1574812144.733831, -80.0
1574812145.078362, -80.0
1574812145.354918, -80.0
1574812145.669267, -80.0
1574812145.94209, -80.0
1574812146.209094, -80.0
1574812146.530363, -80.0
1574812146.889962, -80.0
1574812147.26583, -80.0
1574812147.646987, -80.0
1574812147.95802, -80.0
1574812148.401019, -80.0
1574812148.412286, -80.0
1574812148.423119, -80.0
1574812148.709749, -80.0
1574812149.00512, -80.0
1574812149.334116, -80.0
1574812149.704287, -80.0
1574812150.054424, -80.0
1574812150.293764, -80.0
1574812150.595176, -80.0
1574812150.948213, -80.0
1574812151.227692, -80.0
1574812151.542092, -80.0
1574812151.873842, -80.0
1574812152.124364, -80.0
1574812152.467247, -80.0
1574812152.866586, -80.0
1574812152.877577, -80.0
1574812152.888618, -80.0
1574812152.899749, -80.0
1574812152.910576, -80.0
1574812153.297271, -80.0
1574812153.606745, -80.0
1574812153.617117, -80.0
1574812153.627441, -80.0
1574812153.927087, -80.0
1574812154.202246, -80.0
1574812154.664525, -80.0
1574812154.675386, -80.0
1574812154.686173, -80.0
1574812154.69752, -80.0
1574812154.708532, -80.0
1574812155.045009, -80.0
1574812155.347919, -80.0
1574812155.358517, -80.0
1574812155.697779, -80.0
1574812155.924756, -80.0
1574812155.935697, -80.0
1574812155.94676, -80.0
1574812155.95781, -80.0
1574812155.968902, -80.0
1574812156.250073, -80.0
1574812156.260628, -80.0
1574812156.27117, -80.0
1574812156.281903, -80.0
1574812156.292491, -80.0
1574812156.303016, -80.0
1574812156.313445, -80.0
1574812156.323876, -80.0
1574812156.334249, -80.0
1574812156.34472, -80.0
1574812156.355152, -80.0
1574812156.610349, -80.0
1574812156.776177, -80.0
1574812156.967922, -80.0
1574812157.330574, -80.0
1574812157.706832, -80.0
1574812157.925915, -80.0
1574812158.105128, -80.0
1574812158.378498, -80.0
1574812158.677293, -80.0
1574812158.991424, -80.0
1574812159.189492, -80.0
1574812159.65247, -80.0
1574812159.843028, -80.0
1574812159.853461, -80.0
1574812159.863845, -80.0
1574812159.874283, -80.0
1574812159.884813, -80.0
1574812160.161966, -80.0
1574812160.311739, -80.0
1574812160.475128, -80.0
1574812160.857599, -80.0
1574812161.032062, -80.0
1574812161.2587, -80.0
1574812161.402765, -80.0
1574812161.561909, -80.0
1574812161.727854, -80.0
1574812161.892363, -80.0
1574812162.178411, -80.0
1574812162.342435, -80.0
1574812162.511461, -80.0
1574812162.661766, -80.0
1574812162.810065, -80.0
1574812162.962172, -80.0
1574812163.119258, -80.0
1574812163.275168, -80.0
1574812163.425566, -80.0
1574812163.57841, -80.0
1574812163.747379, -80.0
1574812163.909973, -80.0
1574812164.082121, -80.0
1574812164.092683, -80.0
1574812164.103571, -80.0
1574812164.114779, -80.0
1574812164.125371, -80.0
1574812164.135756, -80.0
1574812164.146142, -80.0
1574812164.428358, -80.0
1574812164.589081, -80.0
1574812164.79156, -80.0
1574812165.033324, -80.0
1574812165.271344, -80.0
1574812165.457674, -80.0
1574812165.635377, -80.0
1574812165.812693, -80.0
1574812165.997388, -80.0
1574812166.184172, -80.0
1574812166.338441, -80.0
1574812166.512973, -80.0
1574812166.692655, -80.0
1574812166.874703, -80.0
1574812167.04042, -80.0
1574812167.206066, -80.0
1574812167.4728, -80.0
1574812167.839125, -80.0
1574812168.079603, -80.0
1574812168.280088, -80.0
1574812168.521979, -80.0
1574812168.765618, -80.0
1574812168.989615, -80.0
1574812169.204524, -80.0
1574812169.449466, -80.0
1574812169.658592, -80.0
1574812169.866912, -80.0
1574812170.05735, -80.0
1574812170.223542, -80.0
1574812170.399621, -80.0
1574812170.572864, -80.0
1574812170.766537, -80.0
1574812170.958995, -80.0
1574812171.201675, -80.0
1574812171.43156, -80.0
1574812171.633208, -80.0
1574812171.798822, -80.0
1574812172.014375, -80.0
1574812172.204937, -80.0
1574812172.396775, -80.0
1574812172.578778, -80.0
1574812172.771926, -80.0
1574812172.966929, -80.0
1574812173.148966, -80.0
1574812173.32047, -80.0
1574812173.488757, -80.0
1574812173.697826, -80.0
1574812173.907106, -80.0
1574812174.184912, -80.0
1574812174.437648, -80.0
1574812174.603722, -80.0
1574812174.881686, -80.0
1574812175.031499, -80.0
1574812175.183556, -80.0
1574812175.335335, -80.0
1574812175.501052, -80.0
1574812175.654284, -80.0
1574812175.807093, -80.0
1574812175.962519, -80.0
1574812176.132228, -80.0
1574812176.27871, -80.0
1574812176.427142, -80.0
1574812176.581199, -80.0
1574812176.722797, -80.0
1574812176.873616, -80.0
1574812177.033044, -80.0
1574812177.179672, -80.0
1574812177.340223, -80.0
1574812177.526799, -80.0
1574812177.681555, -80.0
1574812177.833403, -80.0
1574812177.991, -80.0
1574812178.138426, -80.0
1574812178.292, -80.0
1574812178.445922, -80.0
1574812178.608305, -80.0
1574812178.767242, -80.0
1574812178.928422, -80.0
1574812179.082367, -80.0
1574812179.214437, -80.0
1574812179.374546, -80.0
1574812179.653597, -80.0
1574812179.912319, -80.0
1574812180.174651, -80.0
1574812180.338094, -80.0
1574812180.518414, -80.0
1574812180.660659, -80.0
1574812180.805347, -80.0
1574812180.948834, -80.0
1574812181.107718, -80.0
1574812181.256975, -80.0
1574812181.404926, -80.0
1574812181.63877, -80.0
1574812181.923287, -80.0
1574812182.238374, -80.0
1574812182.39115, -80.0
1574812182.52078, -80.0
1574812137.657216, -80.0
1574812137.912434, -80.0
1574812137.92387, -80.0
1574812137.935531, -80.0
1574812137.946973, -80.0
1574812138.236456, -80.0
1574812138.518692, -80.0
1574812138.796629, -80.0
1574812139.081922, -80.0
1574812139.394468, -80.0
1574812139.406715, -80.0
1574812139.417326, -80.0
1574812139.428334, -80.0
1574812139.438907, -80.0
1574812139.449288, -80.0
1574812139.459998, -80.0
1574812139.470543, -80.0
1574812139.754491, -80.0
1574812139.916103, -80.0
1574812140.082572, -80.0
1574812140.250867, -80.0
1574812140.261929, -80.0
1574812140.273513, -80.0
1574812140.28464, -80.0
1574812140.430087, -80.0
1574812140.57827, -80.0
1574812140.732873, -80.0
1574812140.892688, -80.0
1574812140.905812, -80.0
1574812141.068362, -80.0
1574812141.217067, -80.0
1574812141.369254, -80.0
1574812141.52346, -80.0
1574812141.673273, -80.0
1574812141.842369, -80.0
1574812142.000277, -80.0
1574812142.16184, -80.0
1574812142.321935, -80.0
1574812142.478648, -80.0
1574812142.642362, -80.0
1574812142.801417, -80.0
1574812142.95202, -80.0
1574812143.112343, -80.0
1574812143.277254, -80.0
1574812143.432235, -80.0
1574812143.591478, -80.0
1574812143.7391, -80.0
1574812143.894823, -80.0
1574812144.039786, -80.0
1574812144.191768, -80.0
1574812144.337162, -80.0
1574812144.492437, -80.0
1574812144.655681, -80.0
1574812144.797532, -80.0
1574812145.022927, -80.0
1574812145.0334, -80.0
1574812145.228069, -80.0
1574812145.387288, -80.0
1574812145.54696, -80.0
1574812145.70603, -80.0
1574812145.856898, -80.0
1574812146.013855, -80.0
1574812146.181656, -80.0
1574812146.336485, -80.0
1574812146.484501, -80.0
1574812146.636284, -80.0
1574812146.781981, -80.0
1574812146.987229, -80.0
1574812147.260944, -80.0
1574812147.562992, -80.0
1574812147.852144, -80.0
1574812148.164579, -80.0
1574812148.46739, -80.0
1574812148.811093, -80.0
1574812149.138951, -80.0
1574812149.464184, -80.0
1574812149.818251, -80.0
1574812150.171801, -80.0
1574812150.47973, -80.0
1574812150.823691, -80.0
1574812151.166846, -80.0
1574812151.483244, -80.0
1574812151.81762, -80.0
1574812152.178387, -80.0
1574812152.420277, -80.0
1574812152.62052, -80.0
1574812152.811022, -80.0
1574812153.016052, -80.0
1574812153.256751, -80.0
1574812153.656635, -80.0
1574812153.848406, -80.0
1574812154.055394, -80.0
1574812154.243998, -80.0
1574812154.443445, -80.0
1574812154.632809, -80.0
1574812154.856837, -80.0
1574812155.084389, -80.0
1574812155.28393, -80.0
1574812155.496587, -80.0
1574812155.759547, -80.0
1574812156.170187, -80.0
1574812156.519425, -80.0
1574812156.931249, -80.0
1574812156.942054, -80.0
1574812157.276483, -80.0
1574812157.440858, -80.0
1574812157.605361, -80.0
1574812157.766644, -80.0
1574812157.907288, -80.0
1574812158.05946, -80.0
1574812158.206722, -80.0
1574812158.36088, -80.0
1574812158.521483, -80.0
1574812158.673632, -80.0
1574812158.820449, -80.0
1574812158.977281, -80.0
1574812159.120194, -80.0
1574812159.278915, -80.0
1574812159.43355, -80.0
1574812159.597564, -80.0
1574812159.744764, -80.0
1574812159.896522, -80.0
1574812160.037524, -80.0
1574812160.191399, -80.0
1574812160.341229, -80.0
1574812160.494089, -80.0
1574812160.643696, -80.0
1574812160.801966, -80.0
1574812160.812429, -80.0
1574812160.822791, -80.0
1574812160.96925, -80.0
1574812161.111294, -80.0
1574812161.267249, -80.0
1574812161.411243, -80.0
1574812161.548274, -80.0
1574812161.689955, -80.0
1574812162.183319, -80.0
1574812162.194781, -80.0
1574812162.205212, -80.0
1574812162.404744, -80.0
1574812162.558496, -80.0
1574812162.715518, -80.0
1574812162.873811, -80.0
1574812163.042279, -80.0
1574812163.191813, -80.0
1574812163.341293, -80.0
1574812163.495294, -80.0
1574812163.685955, -80.0
1574812163.836099, -80.0
1574812163.994991, -80.0
1574812164.147638, -80.0
1574812164.291531, -80.0
1574812164.458728, -80.0
1574812164.621047, -80.0
1574812164.782151, -80.0
1574812164.96452, -80.0
1574812165.117228, -80.0
1574812165.271824, -80.0
1574812165.425245, -80.0
1574812165.583611, -80.0
1574812165.735983, -80.0
1574812165.889936, -80.0
1574812166.041261, -80.0
1574812166.213064, -80.0
1574812166.380782, -80.0
1574812166.547757, -80.0
1574812166.694697, -80.0
1574812166.850916, -80.0
1574812167.006623, -80.0
1574812167.167637, -80.0
1574812167.338665, -80.0
1574812167.482362, -80.0
1574812167.632471, -80.0
1574812167.785338, -80.0
1574812167.942261, -80.0
1574812168.093754, -80.0
1574812168.246197, -80.0
1574812168.411767, -80.0
1574812168.562233, -80.0
1574812168.719429, -80.0
1574812168.984059, -80.0
1574812168.995162, -80.0
1574812169.006478, -80.0
1574812169.200848, -80.0
1574812169.35681, -80.0
1574812169.504083, -80.0
1574812169.67045, -80.0
1574812169.821782, -80.0
1574812169.966318, -80.0
1574812170.120525, -80.0
1574812170.267035, -80.0
1574812170.413696, -80.0
1574812170.575167, -80.0
1574812170.721913, -80.0
1574812170.858295, -80.0
1574812171.013088, -80.0
1574812171.163639, -80.0
1574812171.305827, -80.0
1574812171.459833, -80.0
1574812171.617809, -80.0
1574812171.893569, -80.0
1574812172.187473, -80.0
1574812172.430476, -80.0
1574812172.752016, -80.0
1574812173.145479, -80.0
1574812173.576186, -80.0
1574812173.851712, -80.0
1574812174.088369, -80.0
1574812174.334552, -80.0
1574812174.649175, -80.0
1574812175.000787, -80.0
1574812175.011227, -80.0
1574812175.229159, -80.0
1574812175.402219, -80.0
1574812175.586702, -80.0
1574812175.757247, -80.0
1574812175.943451, -80.0
1574812176.126922, -80.0
1574812176.330844, -80.0
1574812176.538928, -80.0
1574812176.715235, -80.0
1574812176.93726, -80.0
1574812177.140226, -80.0
1574812177.357293, -80.0
1574812177.619669, -80.0
1574812177.878359, -80.0
1574812178.06535, -80.0
1574812178.291867, -80.0
1574812178.50962, -80.0
1574812178.699248, -80.0
1574812178.857676, -80.0
1574812179.030414, -80.0
1574812179.197858, -80.0
1574812179.355802, -80.0
1574812179.514573, -80.0
1574812179.666504, -80.0
1574812179.818649, -80.0
1574812179.963532, -80.0
1574812180.116789, -80.0
1574812180.262209, -80.0
1574812180.409917, -80.0
1574812180.553803, -80.0
1574812180.725992, -80.0
1574812181.059355, -80.0
1574812181.07063, -80.0
1574812181.081554, -80.0
1574812181.092229, -80.0
1574812181.298736, -80.0
1574812181.509021, -80.0
1574812181.717824, -80.0
