1574553024.64034, -3888.0
1574553026.921354, -3888.0
1574553028.947626, -48.0
1574553030.977176, -16.0
1574553033.01837, -16.0
1574553035.111517, -16.0
1574553037.17993, -16.0
1574553039.238128, -16.0
1574553041.490641, -16.0
1574553043.890744, -16.0
1574553045.995271, -16.0
1574553048.100196, -16.0
1574553050.16268, -16.0
1574553052.210507, -16.0
1574553054.275112, -16.0
1574553056.345915, -16.0
1574553058.391587, -16.0
1574553060.462376, -16.0
1574553062.648325, -16.0
1574553064.651614, -16.0
1574553066.740077, -16.0
1574553068.823437, -16.0
1574553070.860885, -16.0
1574553072.90171, -16.0
1574553075.513768, -16.0
1574553077.595792, -16.0
1574553079.711305, -16.0
1574553081.89388, -16.0
1574553084.167576, -16.0
1574553086.400529, -16.0
1574553088.708926, -16.0
1574553090.872108, -16.0
1574553094.312569, -16.0
1574553096.374848, -16.0
1574553098.457813, -16.0
1574553100.522528, -16.0
1574553102.684004, -16.0
1574553105.04164, -16.0
1574553107.142475, -16.0
1574553109.216017, -16.0
1574553111.295234, -16.0
1574553113.3996, -16.0
1574553115.508118, -16.0
1574553117.599525, -16.0
1574553119.67835, -16.0
1574553121.815499, -16.0
1574553124.00656, -16.0
1574553126.142354, -16.0
1574553128.293287, -16.0
1574553130.366363, -16.0
1574553023.29129, -3888.0
1574553023.920607, -3888.0
1574553024.49319, -3888.0
1574553025.055496, -3888.0
1574553025.630663, -3888.0
1574553026.212233, -3888.0
1574553026.792309, -3888.0
1574553027.382631, -253.0
1574553028.00719, -48.0
1574553028.671341, -48.0
1574553029.246923, -48.0
1574553029.828346, -48.0
1574553030.396758, -16.0
1574553030.965145, -16.0
1574553031.53538, -16.0
1574553032.107904, -16.0
1574553032.674336, -16.0
1574553033.248233, -16.0
1574553033.84886, -16.0
1574553034.41913, -16.0
1574553035.016496, -16.0
1574553035.630509, -16.0
1574553037.933854, -16.0
1574553040.140979, -16.0
1574553042.451073, -16.0
1574553043.026431, -16.0
1574553043.659119, -16.0
1574553044.245962, -16.0
1574553044.823148, -16.0
1574553045.393667, -16.0
1574553046.487577, -16.0
1574553049.098718, -16.0
1574553051.228248, -16.0
1574553053.402802, -16.0
1574553054.001872, -16.0
1574553054.603826, -16.0
1574553055.191229, -16.0
1574553057.342088, -16.0
1574553059.449186, -16.0
1574553062.126441, -16.0
1574553064.812448, -16.0
1574553067.464047, -16.0
1574553070.191228, -16.0
1574553072.83099, -16.0
1574553075.484927, -16.0
1574553078.159669, -16.0
1574553080.822338, -16.0
1574553081.402623, -16.0
1574553082.546091, -16.0
1574553083.114764, -16.0
1574553023.354257, -3888.0
1574553023.980243, -3888.0
1574553024.54323, -3888.0
1574553025.105373, -3888.0
1574553025.669519, -3888.0
1574553026.246967, -3888.0
1574553026.826364, -3888.0
1574553027.395117, -48.0
1574553028.011936, -48.0
1574553028.684075, -48.0
1574553029.254237, -48.0
1574553029.841453, -48.0
1574553030.410376, -16.0
1574553030.979603, -16.0
1574553031.54753, -16.0
1574553032.114628, -16.0
1574553032.690069, -16.0
1574553033.264562, -16.0
1574553033.861017, -16.0
1574553034.424103, -16.0
1574553035.007581, -16.0
1574553035.590549, -16.0
1574553036.171978, -16.0
1574553036.744226, -16.0
1574553037.322833, -16.0
1574553037.892875, -16.0
1574553038.476026, -16.0
1574553039.053022, -16.0
1574553039.633809, -16.0
1574553040.207732, -16.0
1574553040.777401, -16.0
1574553041.394301, -16.0
1574553042.061492, -16.0
1574553042.684846, -16.0
1574553043.305655, -16.0
1574553043.889725, -16.0
1574553044.462201, -16.0
1574553045.031169, -16.0
1574553045.605046, -16.0
1574553046.226266, -16.0
1574553046.844086, -16.0
1574553047.509103, -16.0
1574553048.178005, -16.0
1574553048.839784, -16.0
1574553049.500662, -16.0
1574553050.16112, -16.0
1574553050.819876, -16.0
1574553051.480178, -16.0
1574553052.137162, -16.0
1574553052.802186, -16.0
1574553023.654363, -3888.0
1574553024.444474, -3888.0
1574553025.174267, -3888.0
1574553025.891247, -3888.0
1574553026.603957, -3888.0
1574553027.338327, -3888.0
1574553028.063132, -48.0
1574553028.776876, -48.0
1574553029.55215, -48.0
1574553030.389386, -48.0
1574553031.102494, -16.0
1574553031.832019, -16.0
1574553032.546413, -16.0
1574553033.260701, -16.0
1574553033.971434, -16.0
1574553034.684007, -16.0
1574553035.396207, -16.0
1574553036.112432, -16.0
1574553036.867709, -16.0
1574553037.572038, -16.0
1574553038.300917, -16.0
1574553039.132564, -16.0
1574553039.895469, -16.0
1574553040.670167, -16.0
1574553041.423687, -16.0
1574553042.162052, -16.0
1574553042.888589, -16.0
1574553043.625711, -16.0
1574553044.359257, -16.0
1574553045.080125, -16.0
1574553045.797361, -16.0
1574553049.233235, -16.0
1574553049.976443, -16.0
1574553050.730919, -16.0
1574553051.456342, -16.0
1574553052.187941, -16.0
1574553052.944411, -16.0
1574553053.665773, -16.0
1574553054.388056, -16.0
1574553055.103247, -16.0
1574553058.27432, -16.0
1574553061.433286, -16.0
1574553064.67755, -16.0
1574553067.91694, -16.0
1574553071.15582, -16.0
1574553074.446118, -16.0
1574553075.208623, -16.0
1574553075.945914, -16.0
1574553076.705298, -16.0
1574553077.496489, -16.0
1574553053.795635, -16.0
1574553054.645404, -16.0
1574553055.494157, -16.0
1574553056.345588, -16.0
1574553057.205991, -16.0
1574553058.108058, -16.0
1574553058.955911, -16.0
1574553059.831175, -16.0
1574553060.720645, -16.0
1574553061.590817, -16.0
1574553062.446679, -16.0
1574553063.832312, -16.0
1574553065.12768, -16.0
1574553066.489092, -16.0
1574553067.392687, -16.0
1574553068.309193, -16.0
1574553069.699818, -16.0
1574553071.111382, -16.0
1574553072.498927, -16.0
1574553073.892422, -16.0
1574553075.272844, -16.0
1574553076.672576, -16.0
1574553078.105058, -16.0
1574553079.507732, -16.0
1574553080.918499, -16.0
1574553082.371776, -16.0
1574553083.767685, -16.0
1574553085.184195, -16.0
1574553086.100947, -16.0
1574553087.554681, -16.0
1574553088.970098, -16.0
1574553090.393751, -16.0
1574553091.343772, -16.0
1574553092.323633, -16.0
1574553093.276233, -16.0
1574553094.222902, -16.0
1574553095.159752, -16.0
1574553096.130461, -16.0
1574553097.098704, -16.0
1574553098.068032, -16.0
1574553099.036245, -16.0
1574553100.02428, -16.0
1574553101.019788, -16.0
1574553101.978363, -16.0
1574553102.92943, -16.0
1574553103.86681, -16.0
1574553104.831251, -16.0
1574553105.798125, -16.0
1574553106.767371, -16.0
1574553107.735782, -16.0
1574553078.417041, -16.0
1574553079.129402, -16.0
1574553079.843571, -16.0
1574553080.557767, -16.0
1574553081.278653, -16.0
1574553081.991305, -16.0
1574553082.703437, -16.0
1574553083.422774, -16.0
1574553084.138312, -16.0
1574553084.861943, -16.0
1574553085.595148, -16.0
1574553086.348974, -16.0
1574553087.082072, -16.0
1574553087.812069, -16.0
1574553088.626063, -16.0
1574553089.396605, -16.0
1574553090.200891, -16.0
1574553090.959479, -16.0
1574553091.70452, -16.0
1574553092.426821, -16.0
1574553093.130457, -16.0
1574553093.834358, -16.0
1574553094.537744, -16.0
1574553095.240452, -16.0
1574553095.9441, -16.0
1574553096.653377, -16.0
1574553097.35763, -16.0
1574553098.063619, -16.0
1574553098.76879, -16.0
1574553099.494382, -16.0
1574553100.234817, -16.0
1574553100.962561, -16.0
1574553103.343447, -16.0
1574553105.473343, -16.0
1574553107.564521, -16.0
1574553109.655109, -16.0
1574553111.792915, -16.0
1574553113.940383, -16.0
1574553114.665903, -16.0
1574553115.379587, -16.0
1574553116.09592, -16.0
1574553116.925639, -16.0
1574553117.712536, -16.0
1574553118.491694, -16.0
1574553119.209349, -16.0
1574553119.946239, -16.0
1574553120.731274, -16.0
1574553121.513257, -16.0
1574553122.300717, -16.0
1574553123.074037, -16.0
1574553083.749536, -16.0
1574553084.179276, -16.0
1574553084.608428, -16.0
1574553085.047892, -16.0
1574553085.494262, -16.0
1574553085.98709, -16.0
1574553086.456017, -16.0
1574553086.890302, -16.0
1574553087.322488, -16.0
1574553087.754312, -16.0
1574553088.206717, -16.0
1574553088.65131, -16.0
1574553089.136723, -16.0
1574553089.577698, -16.0
1574553090.016655, -16.0
1574553090.459864, -16.0
1574553090.908051, -16.0
1574553091.389078, -16.0
1574553091.819765, -16.0
1574553092.245928, -16.0
1574553092.682338, -16.0
1574553093.113054, -16.0
1574553093.559764, -16.0
1574553093.994894, -16.0
1574553094.435789, -16.0
1574553094.858741, -16.0
1574553095.282772, -16.0
1574553095.708846, -16.0
1574553096.15417, -16.0
1574553096.586313, -16.0
1574553097.039206, -16.0
1574553097.539774, -16.0
1574553097.974782, -16.0
1574553098.402269, -16.0
1574553098.828409, -16.0
1574553099.254217, -16.0
1574553099.750257, -16.0
1574553100.249663, -16.0
1574553100.741661, -16.0
1574553101.247648, -16.0
1574553101.751077, -16.0
1574553102.247715, -16.0
1574553102.737667, -16.0
1574553103.228414, -16.0
1574553103.733461, -16.0
1574553104.230898, -16.0
1574553104.729085, -16.0
1574553105.226321, -16.0
1574553105.720525, -16.0
1574553106.216423, -16.0
1574553106.696331, -16.0
1574553106.995924, -16.0
1574553107.309722, -16.0
1574553107.599555, -16.0
1574553107.884561, -16.0
1574553108.177225, -16.0
1574553108.466377, -16.0
1574553108.751272, -16.0
1574553109.037227, -16.0
1574553109.324617, -16.0
1574553109.610467, -16.0
1574553109.897209, -16.0
1574553110.187979, -16.0
1574553110.513125, -16.0
1574553110.807337, -16.0
1574553111.097924, -16.0
1574553111.40511, -16.0
1574553111.706435, -16.0
1574553112.004503, -16.0
1574553112.289271, -16.0
1574553112.576314, -16.0
1574553112.878489, -16.0
1574553113.199609, -16.0
1574553113.494549, -16.0
1574553113.778791, -16.0
1574553114.067118, -16.0
1574553114.367785, -16.0
1574553114.683151, -16.0
1574553115.000446, -16.0
1574553115.31302, -16.0
1574553115.632595, -16.0
1574553115.955329, -16.0
1574553116.278317, -16.0
1574553116.604608, -16.0
1574553116.92372, -16.0
1574553117.226992, -16.0
1574553117.526449, -16.0
1574553117.826028, -16.0
1574553118.148286, -16.0
1574553118.480346, -16.0
1574553118.811366, -16.0
1574553119.127417, -16.0
1574553119.461948, -16.0
1574553119.783812, -16.0
1574553120.085896, -16.0
1574553120.373914, -16.0
1574553120.661588, -16.0
1574553120.956256, -16.0
1574553121.242931, -16.0
1574553121.526586, -16.0
1574553108.637845, -16.0
1574553109.407082, -16.0
1574553110.217253, -16.0
1574553110.928406, -16.0
1574553111.633446, -16.0
1574553112.337605, -16.0
1574553113.046137, -16.0
1574553113.854871, -16.0
1574553114.630901, -16.0
1574553117.804964, -16.0
1574553120.846808, -16.0
1574553122.021662, -16.0
1574553123.23067, -16.0
1574553123.943122, -16.0
1574553125.112998, -16.0
1574553126.308089, -16.0
1574553127.531171, -16.0
1574553128.793077, -16.0
1574553130.01061, -16.0
1574553130.769176, -16.0
1574553131.506144, -16.0
1574553132.260312, -16.0
1574553133.009242, -16.0
1574553133.747988, -16.0
1574553134.46927, -16.0
1574553135.193481, -16.0
1574553135.913777, -16.0
1574553136.639602, -16.0
1574553137.407772, -16.0
1574553138.206051, -16.0
1574553139.021246, -16.0
1574553139.757673, -16.0
1574553140.465921, -16.0
1574553141.172497, -16.0
1574553141.978468, -16.0
1574553142.764422, -16.0
1574553143.546072, -16.0
1574553144.306332, -16.0
1574553145.077543, -16.0
1574553145.854414, -16.0
1574553146.611117, -16.0
1574553147.339908, -16.0
1574553148.114231, -16.0
1574553148.909357, -16.0
1574553149.702369, -16.0
1574553150.48921, -16.0
1574553151.249493, -16.0
1574553152.066069, -16.0
1574553152.885581, -16.0
1574553153.705344, -16.0
1574553121.868227, -16.0
1574553122.010165, -16.0
1574553122.697302, -16.0
1574553122.843731, -16.0
1574553122.988158, -16.0
1574553123.138714, -16.0
1574553123.290041, -16.0
1574553123.440753, -16.0
1574553123.587313, -16.0
1574553123.734821, -16.0
1574553123.886156, -16.0
1574553124.039069, -16.0
1574553124.183071, -16.0
1574553124.333102, -16.0
1574553124.483662, -16.0
1574553124.625729, -16.0
1574553124.768036, -16.0
1574553124.910724, -16.0
1574553125.052766, -16.0
1574553125.195508, -16.0
1574553125.338898, -16.0
1574553125.485828, -16.0
1574553125.63143, -16.0
1574553125.777234, -16.0
1574553125.919234, -16.0
1574553126.06595, -16.0
1574553126.223469, -16.0
1574553126.372726, -16.0
1574553126.519059, -16.0
1574553126.669531, -16.0
1574553126.81694, -16.0
1574553126.968783, -16.0
1574553127.116221, -16.0
1574553127.260898, -16.0
1574553127.403971, -16.0
1574553127.54796, -16.0
1574553127.690983, -16.0
1574553127.833037, -16.0
1574553127.977026, -16.0
1574553128.143585, -16.0
1574553128.295979, -16.0
1574553128.450995, -16.0
1574553128.593489, -16.0
1574553128.736253, -16.0
1574553128.885251, -16.0
1574553129.028514, -16.0
1574553129.180193, -16.0
1574553129.328048, -16.0
1574553129.471046, -16.0
1574553129.614414, -16.0
1574553123.327945, -16.0
1574553123.476907, -16.0
1574553123.629814, -16.0
1574553123.772754, -16.0
1574553123.915136, -16.0
1574553124.057933, -16.0
1574553124.201385, -16.0
1574553124.343561, -16.0
1574553124.48619, -16.0
1574553124.630127, -16.0
1574553124.773178, -16.0
1574553124.91815, -16.0
1574553125.062544, -16.0
1574553125.212742, -16.0
1574553125.357857, -16.0
1574553125.500688, -16.0
1574553125.643138, -16.0
1574553125.78624, -16.0
1574553125.934098, -16.0
1574553126.086929, -16.0
1574553126.229181, -16.0
1574553126.372842, -16.0
1574553126.516802, -16.0
1574553126.658642, -16.0
1574553126.801002, -16.0
1574553126.943412, -16.0
1574553127.086525, -16.0
1574553127.236924, -16.0
1574553127.379411, -16.0
1574553127.522927, -16.0
1574553127.665868, -16.0
1574553127.811194, -16.0
1574553127.958107, -16.0
1574553128.125063, -16.0
1574553128.279903, -16.0
1574553128.423475, -16.0
1574553128.568058, -16.0
1574553128.719259, -16.0
1574553128.876288, -16.0
1574553129.022609, -16.0
1574553129.165709, -16.0
1574553129.308267, -16.0
1574553129.475418, -16.0
1574553129.617516, -16.0
1574553129.760608, -16.0
1574553129.902929, -16.0
1574553130.045186, -16.0
1574553130.197716, -16.0
1574553130.338515, -16.0
1574553130.479517, -16.0
1574553191.314426, -16.0
1574553191.482082, -16.0
1574553191.6289, -16.0
1574553191.782595, -16.0
1574553191.953133, -16.0
1574553192.114197, -16.0
1574553192.270766, -16.0
1574553192.426963, -16.0
1574553192.587863, -16.0
1574553192.743445, -16.0
1574553192.898578, -16.0
1574553193.051345, -16.0
1574553193.204051, -16.0
1574553193.36416, -16.0
1574553193.528475, -16.0
1574553193.685846, -16.0
1574553193.840701, -16.0
1574553193.990279, -16.0
1574553194.145747, -16.0
1574553194.302482, -16.0
1574553194.459739, -16.0
1574553194.609471, -16.0
1574553194.755878, -16.0
1574553194.914835, -16.0
1574553195.074958, -16.0
1574553195.232337, -16.0
1574553195.3857, -16.0
1574553195.538472, -16.0
1574553195.6924, -16.0
1574553195.846957, -16.0
1574553195.999903, -16.0
1574553196.154647, -16.0
1574553196.304565, -16.0
1574553196.458595, -16.0
1574553196.63468, -16.0
1574553196.818249, -16.0
1574553196.983474, -16.0
1574553197.139058, -16.0
1574553197.300466, -16.0
1574553197.459821, -16.0
1574553197.622776, -16.0
1574553197.782211, -16.0
1574553197.953896, -16.0
1574553198.108936, -16.0
1574553198.260614, -16.0
1574553198.415558, -16.0
1574553198.567332, -16.0
1574553198.727647, -16.0
1574553198.88623, -16.0
1574553199.04126, -16.0
1574553199.202709, -16.0
1574553199.366687, -16.0
1574553199.540307, -16.0
1574553199.710226, -16.0
1574553199.901003, -16.0
1574553200.069483, -16.0
1574553200.240374, -16.0
1574553200.40893, -16.0
1574553200.577317, -16.0
1574553200.750622, -16.0
1574553200.935623, -16.0
1574553201.100164, -16.0
1574553201.259238, -16.0
1574553201.421126, -16.0
1574553201.583688, -16.0
1574553201.743291, -16.0
1574553201.899776, -16.0
1574553202.058589, -16.0
1574553202.267219, -16.0
1574553202.429773, -16.0
1574553202.595515, -16.0
1574553202.815577, -16.0
1574553202.958809, -16.0
1574553203.101159, -16.0
1574553203.242914, -16.0
1574553203.386371, -16.0
1574553203.528144, -16.0
1574553203.671755, -16.0
1574553203.835869, -16.0
1574553203.997794, -16.0
1574553204.163296, -16.0
1574553204.331235, -16.0
1574553204.4918, -16.0
1574553204.650707, -16.0
1574553204.822828, -16.0
1574553204.970298, -16.0
1574553205.114459, -16.0
1574553205.257174, -16.0
1574553205.400873, -16.0
1574553205.543899, -16.0
1574553205.686828, -16.0
1574553205.835129, -16.0
1574553205.985293, -16.0
1574553206.152139, -16.0
1574553206.2965, -16.0
1574553206.43868, -16.0
1574553206.579857, -16.0
1574553206.722305, -16.0
1574553206.864453, -16.0
1574553207.006592, -16.0
1574553207.151515, -16.0
1574553207.305648, -16.0
1574553207.457683, -16.0
1574553207.611816, -16.0
1574553207.763215, -16.0
1574553207.918786, -16.0
1574553208.078007, -16.0
1574553208.233358, -16.0
1574553208.390442, -16.0
1574553208.544836, -16.0
1574553208.691072, -16.0
1574553208.8482, -16.0
1574553209.001169, -16.0
1574553209.155302, -16.0
1574553209.308971, -16.0
1574553209.464064, -16.0
1574553209.619521, -16.0
1574553209.772702, -16.0
1574553209.926878, -16.0
1574553210.102957, -16.0
1574553210.2588, -16.0
1574553210.413559, -16.0
1574553210.563038, -16.0
1574553210.714782, -16.0
1574553210.864037, -16.0
1574553211.012794, -16.0
1574553211.16378, -16.0
1574553211.311729, -16.0
1574553211.462575, -16.0
1574553211.612631, -16.0
1574553211.761545, -16.0
1574553211.914156, -16.0
1574553212.064879, -16.0
1574553212.214206, -16.0
1574553212.36361, -16.0
1574553212.51298, -16.0
1574553212.655136, -16.0
1574553212.79722, -16.0
1574553212.939601, -16.0
1574553213.082366, -16.0
1574553213.226629, -16.0
1574553213.369815, -16.0
1574553213.511906, -16.0
1574553213.654506, -16.0
1574553213.797042, -16.0
1574553213.938992, -16.0
1574553214.081552, -16.0
1574553214.226545, -16.0
1574553214.372195, -16.0
1574553214.517199, -16.0
1574553214.659672, -16.0
1574553214.824968, -16.0
1574553214.974342, -16.0
1574553215.127391, -16.0
1574553215.277089, -16.0
1574553215.429191, -16.0
1574553215.580874, -16.0
1574553215.733641, -16.0
1574553215.884475, -16.0
1574553216.031612, -16.0
1574553216.182957, -16.0
1574553216.334352, -16.0
1574553216.485778, -16.0
1574553216.635561, -16.0
1574553216.79041, -16.0
1574553216.943604, -16.0
1574553217.095484, -16.0
1574553217.246973, -16.0
1574553217.399171, -16.0
1574553217.548802, -16.0
1574553217.698184, -16.0
1574553217.848907, -16.0
1574553218.002087, -16.0
1574553218.153329, -16.0
1574553218.304835, -16.0
1574553218.454605, -16.0
1574553218.605755, -16.0
1574553218.755294, -16.0
1574553218.906431, -16.0
1574553219.05713, -16.0
1574553219.207002, -16.0
1574553219.361812, -16.0
1574553219.509235, -16.0
1574553219.650893, -16.0
1574553219.794734, -16.0
1574553219.936062, -16.0
1574553220.078722, -16.0
1574553220.221362, -16.0
1574553220.363443, -16.0
1574553220.505658, -16.0
1574553220.647502, -16.0
1574553220.790784, -16.0
1574553220.933215, -16.0
1574553221.075985, -16.0
1574553221.21894, -16.0
1574553221.361985, -16.0
1574553221.504295, -16.0
1574553221.646998, -16.0
1574553221.790155, -16.0
1574553221.933261, -16.0
1574553222.076096, -16.0
1574553222.217699, -16.0
1574553222.360783, -16.0
1574553222.502769, -16.0
1574553222.645235, -16.0
1574553222.786829, -16.0
1574553222.928809, -16.0
1574553223.07098, -16.0
1574553223.213055, -16.0
1574553223.356588, -16.0
1574553223.49931, -16.0
1574553223.641142, -16.0
1574553223.783095, -16.0
1574553223.925486, -16.0
1574553224.067791, -16.0
1574553224.209347, -16.0
1574553224.35215, -16.0
1574553224.493311, -16.0
1574553224.635911, -16.0
1574553224.778838, -16.0
1574553224.921365, -16.0
1574553225.064368, -16.0
1574553225.207479, -16.0
1574553225.351759, -16.0
1574553225.494514, -16.0
1574553225.636199, -16.0
1574553225.779187, -16.0
1574553225.921215, -16.0
1574553226.063966, -16.0
1574553226.205598, -16.0
1574553226.347561, -16.0
1574553226.488511, -16.0
1574553226.630327, -16.0
1574553226.772292, -16.0
1574553226.914809, -16.0
1574553227.056889, -16.0
1574553227.199701, -16.0
1574553227.342593, -16.0
1574553227.485366, -16.0
1574553227.627898, -16.0
1574553227.775393, -16.0
1574553227.924981, -16.0
1574553228.07969, -16.0
1574553228.237934, -16.0
1574553228.431142, -16.0
1574553228.573547, -16.0
1574553228.715878, -16.0
1574553228.857938, -16.0
1574553229.000044, -16.0
1574553229.14266, -16.0
1574553191.434457, -16.0
1574553191.605022, -16.0
1574553191.753251, -16.0
1574553191.900463, -16.0
1574553192.06402, -16.0
1574553192.210985, -16.0
1574553192.356705, -16.0
1574553192.503495, -16.0
1574553192.651355, -16.0
1574553192.803431, -16.0
1574553192.956156, -16.0
1574553193.106356, -16.0
1574553193.253147, -16.0
1574553193.403853, -16.0
1574553193.554178, -16.0
1574553193.703479, -16.0
1574553193.857295, -16.0
1574553194.008148, -16.0
1574553194.152122, -16.0
1574553194.297234, -16.0
1574553194.439076, -16.0
1574553194.580574, -16.0
1574553194.722144, -16.0
1574553194.864858, -16.0
1574553195.008047, -16.0
1574553195.154069, -16.0
1574553195.300484, -16.0
1574553195.446191, -16.0
1574553195.591454, -16.0
1574553195.737173, -16.0
1574553195.885721, -16.0
1574553196.03919, -16.0
1574553196.200342, -16.0
1574553196.355931, -16.0
1574553196.507655, -16.0
1574553196.659223, -16.0
1574553196.810951, -16.0
1574553196.961552, -16.0
1574553197.115317, -16.0
1574553197.266783, -16.0
1574553197.417623, -16.0
1574553197.568765, -16.0
1574553197.71951, -16.0
1574553197.870202, -16.0
1574553198.022454, -16.0
1574553198.172322, -16.0
1574553198.315537, -16.0
1574553198.45741, -16.0
1574553198.598893, -16.0
1574553198.742225, -16.0
1574553198.88607, -16.0
1574553199.028942, -16.0
1574553199.173378, -16.0
1574553199.320741, -16.0
1574553199.475634, -16.0
1574553199.623581, -16.0
1574553199.784, -16.0
1574553199.940395, -16.0
1574553200.102225, -16.0
1574553200.250694, -16.0
1574553200.395097, -16.0
1574553200.541651, -16.0
1574553200.685307, -16.0
1574553200.833072, -16.0
1574553200.97454, -16.0
1574553201.116949, -16.0
1574553201.257939, -16.0
1574553201.400703, -16.0
1574553201.542923, -16.0
1574553201.684765, -16.0
1574553201.833841, -16.0
1574553201.983048, -16.0
1574553202.128247, -16.0
1574553202.281592, -16.0
1574553202.42514, -16.0
1574553202.707728, -16.0
1574553202.886774, -16.0
1574553203.579819, -16.0
1574553203.73349, -16.0
1574553203.881847, -16.0
1574553204.038015, -16.0
1574553204.193017, -16.0
1574553204.357808, -16.0
1574553204.523292, -16.0
1574553204.669314, -16.0
1574553204.814489, -16.0
1574553204.968474, -16.0
1574553205.129564, -16.0
1574553205.289788, -16.0
1574553205.450049, -16.0
1574553205.623506, -16.0
1574553205.785209, -16.0
1574553205.940303, -16.0
1574553206.093956, -16.0
1574553206.245758, -16.0
1574553206.403136, -16.0
1574553206.55883, -16.0
1574553206.712958, -16.0
1574553206.877729, -16.0
1574553207.041166, -16.0
1574553207.202309, -16.0
1574553207.35836, -16.0
1574553207.510468, -16.0
1574553207.66241, -16.0
1574553207.814513, -16.0
1574553207.968302, -16.0
1574553208.121377, -16.0
1574553208.273714, -16.0
1574553208.42303, -16.0
1574553208.577905, -16.0
1574553208.737179, -16.0
1574553208.889257, -16.0
1574553209.043143, -16.0
1574553209.197056, -16.0
1574553209.351725, -16.0
1574553209.503961, -16.0
1574553209.65721, -16.0
1574553209.81207, -16.0
1574553209.964935, -16.0
1574553210.119585, -16.0
1574553210.27246, -16.0
1574553210.427144, -16.0
1574553210.579349, -16.0
1574553210.73759, -16.0
1574553210.889818, -16.0
1574553211.042205, -16.0
1574553211.196168, -16.0
1574553211.351709, -16.0
1574553211.507879, -16.0
1574553211.66302, -16.0
1574553211.817723, -16.0
1574553211.972534, -16.0
1574553212.128603, -16.0
1574553212.283298, -16.0
1574553212.43593, -16.0
1574553212.590408, -16.0
1574553212.744301, -16.0
1574553212.897027, -16.0
1574553213.051422, -16.0
1574553213.205891, -16.0
1574553213.360546, -16.0
1574553213.513541, -16.0
1574553213.671172, -16.0
1574553213.823079, -16.0
1574553213.978053, -16.0
1574553214.13087, -16.0
1574553214.283542, -16.0
1574553214.439002, -16.0
1574553214.593802, -16.0
1574553214.746253, -16.0
1574553214.895383, -16.0
1574553215.041999, -16.0
1574553215.196984, -16.0
1574553215.351749, -16.0
1574553215.505402, -16.0
1574553215.658182, -16.0
1574553215.812138, -16.0
1574553215.964219, -16.0
1574553216.11599, -16.0
1574553216.267804, -16.0
1574553216.420443, -16.0
1574553216.575644, -16.0
1574553216.733796, -16.0
1574553216.886655, -16.0
1574553217.04113, -16.0
1574553217.194204, -16.0
1574553217.349048, -16.0
1574553217.500839, -16.0
1574553217.650533, -16.0
1574553217.808973, -16.0
1574553217.964621, -16.0
1574553218.117942, -16.0
1574553218.272154, -16.0
1574553218.427026, -16.0
1574553218.583809, -16.0
1574553218.735963, -16.0
1574553218.891225, -16.0
1574553219.043993, -16.0
1574553219.196929, -16.0
1574553219.353074, -16.0
1574553219.509295, -16.0
1574553219.671861, -16.0
1574553219.837593, -16.0
1574553219.996918, -16.0
1574553220.157315, -16.0
1574553220.319959, -16.0
1574553220.481636, -16.0
1574553220.64374, -16.0
1574553220.804839, -16.0
1574553220.971908, -16.0
1574553221.131318, -16.0
1574553221.290652, -16.0
1574553221.443531, -16.0
1574553221.593843, -16.0
1574553221.745831, -16.0
1574553221.90424, -16.0
1574553222.705397, -16.0
1574553222.855949, -16.0
1574553223.012856, -16.0
1574553223.174722, -16.0
1574553223.339255, -16.0
1574553223.497709, -16.0
1574553223.659839, -16.0
1574553223.81939, -16.0
1574553223.976085, -16.0
1574553224.130915, -16.0
1574553224.283269, -16.0
1574553224.435385, -16.0
1574553224.589338, -16.0
1574553224.743288, -16.0
1574553224.896731, -16.0
1574553225.043948, -16.0
1574553225.198212, -16.0
1574553225.348222, -16.0
1574553225.496014, -16.0
1574553225.642782, -16.0
1574553225.797684, -16.0
1574553225.956951, -16.0
1574553226.108554, -16.0
1574553226.266667, -16.0
1574553226.42811, -16.0
1574553226.587562, -16.0
1574553226.743456, -16.0
1574553226.896062, -16.0
1574553227.054054, -16.0
1574553227.202934, -16.0
1574553227.356301, -16.0
1574553227.510296, -16.0
1574553227.660926, -16.0
1574553227.81313, -16.0
1574553227.960053, -16.0
1574553228.105445, -16.0
1574553228.261939, -16.0
1574553228.421649, -16.0
1574553228.583421, -16.0
1574553228.740846, -16.0
1574553228.897018, -16.0
1574553229.054095, -16.0
1574553229.210437, -16.0
1574553229.367164, -16.0
1574553229.524369, -16.0
1574553229.679598, -16.0
1574553229.835228, -16.0
1574553229.990607, -16.0
1574553230.142908, -16.0
1574553230.3035, -16.0
1574553230.459985, -16.0
1574553230.615101, -16.0
1574553230.769994, -16.0
1574553230.924855, -16.0
1574553191.535072, -16.0
1574553191.703362, -16.0
1574553191.858021, -16.0
1574553192.020783, -16.0
1574553192.193293, -16.0
1574553192.351181, -16.0
1574553192.502021, -16.0
1574553192.657382, -16.0
1574553192.813332, -16.0
1574553192.974782, -16.0
1574553193.12944, -16.0
1574553193.279577, -16.0
1574553193.425294, -16.0
1574553193.573846, -16.0
1574553193.72391, -16.0
1574553193.872762, -16.0
1574553194.018944, -16.0
1574553194.162166, -16.0
1574553194.304546, -16.0
1574553194.448363, -16.0
1574553194.595821, -16.0
1574553194.753303, -16.0
1574553194.899723, -16.0
1574553195.044034, -16.0
1574553195.186751, -16.0
1574553195.330595, -16.0
1574553195.474979, -16.0
1574553195.619767, -16.0
1574553195.764328, -16.0
1574553195.913203, -16.0
1574553196.059491, -16.0
1574553196.203258, -16.0
1574553196.345382, -16.0
1574553196.487462, -16.0
1574553196.629152, -16.0
1574553196.772313, -16.0
1574553196.914297, -16.0
1574553197.060499, -16.0
1574553197.205516, -16.0
1574553197.351476, -16.0
1574553197.496942, -16.0
1574553197.643114, -16.0
1574553197.787959, -16.0
1574553197.933622, -16.0
1574553198.080627, -16.0
1574553198.238119, -16.0
1574553198.406406, -16.0
1574553198.580813, -16.0
1574553198.724029, -16.0
1574553198.866317, -16.0
1574553199.010176, -16.0
1574553199.15303, -16.0
1574553199.295907, -16.0
1574553199.439136, -16.0
1574553199.5821, -16.0
1574553199.725909, -16.0
1574553199.869817, -16.0
1574553200.013992, -16.0
1574553200.157561, -16.0
1574553200.301608, -16.0
1574553200.442932, -16.0
1574553200.584137, -16.0
1574553200.725692, -16.0
1574553200.867247, -16.0
1574553201.008765, -16.0
1574553201.151621, -16.0
1574553201.293832, -16.0
1574553201.436048, -16.0
1574553201.577796, -16.0
1574553201.71988, -16.0
1574553201.861025, -16.0
1574553202.082615, -16.0
1574553202.240541, -16.0
1574553202.401482, -16.0
1574553202.558972, -16.0
1574553202.71948, -16.0
1574553202.884803, -16.0
1574553203.030332, -16.0
1574553203.206054, -16.0
1574553203.378765, -16.0
1574553203.556533, -16.0
1574553203.731182, -16.0
1574553203.906746, -16.0
1574553204.053308, -16.0
1574553204.218865, -16.0
1574553204.366079, -16.0
1574553204.509156, -16.0
1574553204.652214, -16.0
1574553204.794722, -16.0
1574553204.937698, -16.0
1574553205.081365, -16.0
1574553205.228702, -16.0
1574553205.380275, -16.0
1574553205.545575, -16.0
1574553205.68838, -16.0
1574553205.836526, -16.0
1574553205.981559, -16.0
1574553206.124009, -16.0
1574553206.2663, -16.0
1574553206.408406, -16.0
1574553206.550074, -16.0
1574553206.691516, -16.0
1574553206.833518, -16.0
1574553206.997797, -16.0
1574553207.163952, -16.0
1574553207.307481, -16.0
1574553207.449025, -16.0
1574553207.591911, -16.0
1574553207.732924, -16.0
1574553207.874524, -16.0
1574553208.015994, -16.0
1574553208.158585, -16.0
1574553208.2993, -16.0
1574553208.439822, -16.0
1574553208.581533, -16.0
1574553208.722304, -16.0
1574553208.862593, -16.0
1574553209.003438, -16.0
1574553209.165427, -16.0
1574553209.308331, -16.0
1574553209.45076, -16.0
1574553209.592491, -16.0
1574553209.734012, -16.0
1574553209.875301, -16.0
1574553210.01698, -16.0
1574553210.158961, -16.0
1574553210.300034, -16.0
1574553210.442564, -16.0
1574553210.583657, -16.0
1574553210.725298, -16.0
1574553210.867063, -16.0
1574553211.009101, -16.0
1574553211.151603, -16.0
1574553211.29381, -16.0
1574553211.435306, -16.0
1574553211.576912, -16.0
1574553211.719222, -16.0
1574553211.861081, -16.0
1574553212.002949, -16.0
1574553212.144921, -16.0
1574553212.286676, -16.0
1574553212.428398, -16.0
1574553212.569968, -16.0
1574553212.711996, -16.0
1574553212.853214, -16.0
1574553212.995434, -16.0
1574553213.137845, -16.0
1574553213.280601, -16.0
1574553213.426562, -16.0
1574553213.572199, -16.0
1574553213.71768, -16.0
1574553213.862863, -16.0
1574553214.008545, -16.0
1574553214.152373, -16.0
1574553214.294028, -16.0
1574553214.437194, -16.0
1574553214.579361, -16.0
1574553214.724303, -16.0
1574553214.866285, -16.0
1574553215.012074, -16.0
1574553215.162905, -16.0
1574553215.305051, -16.0
1574553215.459107, -16.0
1574553215.6043, -16.0
1574553215.74948, -16.0
1574553215.893971, -16.0
1574553216.038574, -16.0
1574553216.183686, -16.0
1574553216.326597, -16.0
1574553216.467113, -16.0
1574553216.610465, -16.0
1574553216.751794, -16.0
1574553216.898222, -16.0
1574553217.043068, -16.0
1574553217.187249, -16.0
1574553217.331858, -16.0
1574553217.476653, -16.0
1574553217.645842, -16.0
1574553217.787959, -16.0
1574553217.932253, -16.0
1574553218.076338, -16.0
1574553218.217943, -16.0
1574553218.362232, -16.0
1574553218.50575, -16.0
1574553218.648006, -16.0
1574553218.790498, -16.0
1574553218.93317, -16.0
1574553219.076813, -16.0
1574553219.21911, -16.0
1574553219.374748, -16.0
1574553219.517856, -16.0
1574553219.662004, -16.0
1574553219.804167, -16.0
1574553219.950543, -16.0
1574553220.095882, -16.0
1574553220.241984, -16.0
1574553220.393622, -16.0
1574553220.5398, -16.0
1574553220.685122, -16.0
1574553220.832251, -16.0
1574553220.988191, -16.0
1574553221.13437, -16.0
1574553221.280243, -16.0
1574553221.430376, -16.0
1574553221.578172, -16.0
1574553221.727057, -16.0
1574553221.876738, -16.0
1574553222.0228, -16.0
1574553222.169533, -16.0
1574553222.314151, -16.0
1574553222.459283, -16.0
1574553222.613441, -16.0
1574553222.764075, -16.0
1574553222.912892, -16.0
1574553223.056455, -16.0
1574553223.201943, -16.0
1574553223.344334, -16.0
1574553223.485965, -16.0
1574553223.627668, -16.0
1574553223.769651, -16.0
1574553223.91181, -16.0
1574553224.054291, -16.0
1574553224.196155, -16.0
1574553224.338713, -16.0
1574553224.480569, -16.0
1574553224.625274, -16.0
1574553224.767697, -16.0
1574553224.910826, -16.0
1574553225.053292, -16.0
1574553225.199294, -16.0
1574553225.345942, -16.0
1574553225.497768, -16.0
1574553225.652884, -16.0
1574553225.804437, -16.0
1574553225.956379, -16.0
1574553226.109277, -16.0
1574553226.256109, -16.0
1574553226.402375, -16.0
1574553226.556759, -16.0
1574553226.710342, -16.0
1574553226.863115, -16.0
1574553227.016564, -16.0
1574553227.16871, -16.0
1574553227.322392, -16.0
1574553227.473528, -16.0
1574553227.622626, -16.0
1574553227.765033, -16.0
1574553227.91032, -16.0
1574553228.053073, -16.0
1574553228.196588, -16.0
1574553191.702203, -16.0
1574553191.860228, -16.0
1574553192.004636, -16.0
1574553192.15625, -16.0
1574553192.322649, -16.0
1574553192.472698, -16.0
1574553192.622776, -16.0
1574553192.778444, -16.0
1574553192.935584, -16.0
1574553193.099293, -16.0
1574553193.261826, -16.0
1574553193.418525, -16.0
1574553193.571711, -16.0
1574553193.724914, -16.0
1574553193.879666, -16.0
1574553194.029066, -16.0
1574553194.174784, -16.0
1574553194.317629, -16.0
1574553194.460157, -16.0
1574553194.602373, -16.0
1574553194.744157, -16.0
1574553194.886321, -16.0
1574553195.028767, -16.0
1574553195.173676, -16.0
1574553195.324214, -16.0
1574553195.474412, -16.0
1574553195.623852, -16.0
1574553195.777095, -16.0
1574553195.922013, -16.0
1574553196.066175, -16.0
1574553196.209804, -16.0
1574553196.353595, -16.0
1574553196.495676, -16.0
1574553196.637735, -16.0
1574553196.779697, -16.0
1574553196.933393, -16.0
1574553197.090283, -16.0
1574553197.241027, -16.0
1574553197.392911, -16.0
1574553197.543531, -16.0
1574553197.694722, -16.0
1574553197.844082, -16.0
1574553197.995466, -16.0
1574553198.147546, -16.0
1574553198.293964, -16.0
1574553198.437328, -16.0
1574553198.580125, -16.0
1574553198.724602, -16.0
1574553198.865235, -16.0
1574553199.006801, -16.0
1574553199.149099, -16.0
1574553199.29115, -16.0
1574553199.433668, -16.0
1574553199.576036, -16.0
1574553199.718104, -16.0
1574553199.86351, -16.0
1574553200.010368, -16.0
1574553200.154187, -16.0
1574553200.300907, -16.0
1574553200.443638, -16.0
1574553200.58604, -16.0
1574553200.728843, -16.0
1574553200.87091, -16.0
1574553201.012887, -16.0
1574553201.155345, -16.0
1574553201.297344, -16.0
1574553201.438881, -16.0
1574553201.580899, -16.0
1574553201.723951, -16.0
1574553201.866199, -16.0
1574553202.022759, -16.0
1574553202.186445, -16.0
1574553202.368872, -16.0
1574553202.542608, -16.0
1574553202.700341, -16.0
1574553202.878603, -16.0
1574553203.02081, -16.0
1574553203.163619, -16.0
1574553203.306972, -16.0
1574553203.449317, -16.0
1574553203.591754, -16.0
1574553203.733218, -16.0
1574553203.875169, -16.0
1574553204.018431, -16.0
1574553204.159939, -16.0
1574553204.334954, -16.0
1574553204.483577, -16.0
1574553204.626292, -16.0
1574553204.767736, -16.0
1574553204.909546, -16.0
1574553205.053855, -16.0
1574553205.196179, -16.0
1574553205.342019, -16.0
1574553205.488365, -16.0
1574553205.632784, -16.0
1574553205.77592, -16.0
1574553205.918186, -16.0
1574553206.069422, -16.0
1574553206.223718, -16.0
1574553206.374225, -16.0
1574553206.525552, -16.0
1574553206.672913, -16.0
1574553206.814907, -16.0
1574553206.958014, -16.0
1574553207.10029, -16.0
1574553207.247314, -16.0
1574553207.39104, -16.0
1574553207.532939, -16.0
1574553207.675816, -16.0
1574553207.817677, -16.0
1574553207.959484, -16.0
1574553208.101783, -16.0
1574553208.243569, -16.0
1574553208.38603, -16.0
1574553208.528206, -16.0
1574553208.669815, -16.0
1574553208.810933, -16.0
1574553208.953986, -16.0
1574553209.096788, -16.0
1574553209.23915, -16.0
1574553209.3806, -16.0
1574553209.523597, -16.0
1574553209.665606, -16.0
1574553209.808252, -16.0
1574553209.95015, -16.0
1574553210.092385, -16.0
1574553210.235411, -16.0
1574553210.378669, -16.0
1574553210.523366, -16.0
1574553210.669108, -16.0
1574553210.814148, -16.0
1574553210.958889, -16.0
1574553211.103942, -16.0
1574553211.250079, -16.0
1574553211.395973, -16.0
1574553211.54275, -16.0
1574553211.688999, -16.0
1574553211.834067, -16.0
1574553211.979266, -16.0
1574553212.124809, -16.0
1574553212.269978, -16.0
1574553212.415009, -16.0
1574553212.563075, -16.0
1574553212.714787, -16.0
1574553212.868645, -16.0
1574553213.023216, -16.0
1574553213.174414, -16.0
1574553213.32614, -16.0
1574553213.475102, -16.0
1574553213.625405, -16.0
1574553213.774745, -16.0
1574553213.924791, -16.0
1574553214.07391, -16.0
1574553214.222891, -16.0
1574553214.37092, -16.0
1574553214.519166, -16.0
1574553214.669507, -16.0
1574553214.820847, -16.0
1574553214.97193, -16.0
1574553215.116136, -16.0
1574553215.270113, -16.0
1574553215.411074, -16.0
1574553215.563036, -16.0
1574553215.704205, -16.0
1574553215.845822, -16.0
1574553215.987749, -16.0
1574553216.128302, -16.0
1574553216.268654, -16.0
1574553216.411487, -16.0
1574553216.552659, -16.0
1574553216.695425, -16.0
1574553216.838571, -16.0
1574553216.980505, -16.0
1574553217.121562, -16.0
1574553217.262206, -16.0
1574553217.403754, -16.0
1574553217.545615, -16.0
1574553217.711112, -16.0
1574553217.852586, -16.0
1574553217.996545, -16.0
1574553218.139251, -16.0
1574553218.281045, -16.0
1574553218.42355, -16.0
1574553218.564384, -16.0
1574553218.710108, -16.0
1574553218.853146, -16.0
1574553218.99673, -16.0
1574553219.140069, -16.0
1574553219.28403, -16.0
1574553219.428183, -16.0
1574553219.571617, -16.0
1574553219.715847, -16.0
1574553219.858431, -16.0
1574553220.00058, -16.0
1574553220.144286, -16.0
1574553220.285401, -16.0
1574553220.427531, -16.0
1574553220.569173, -16.0
1574553220.711312, -16.0
1574553220.854628, -16.0
1574553221.006447, -16.0
1574553221.149066, -16.0
1574553221.291415, -16.0
1574553221.435648, -16.0
1574553221.580718, -16.0
1574553221.726201, -16.0
1574553221.869217, -16.0
1574553222.01177, -16.0
1574553222.154837, -16.0
1574553222.296317, -16.0
1574553222.438285, -16.0
1574553222.579954, -16.0
1574553222.722357, -16.0
1574553222.864446, -16.0
1574553223.008878, -16.0
1574553223.151849, -16.0
1574553223.29717, -16.0
1574553223.441873, -16.0
1574553223.586373, -16.0
1574553223.732133, -16.0
1574553223.886952, -16.0
1574553224.042028, -16.0
1574553224.196534, -16.0
1574553224.350035, -16.0
1574553224.500999, -16.0
1574553224.649906, -16.0
1574553224.798677, -16.0
1574553224.950607, -16.0
1574553225.104273, -16.0
1574553225.24771, -16.0
1574553225.389712, -16.0
1574553225.533056, -16.0
1574553225.676241, -16.0
1574553225.818041, -16.0
1574553225.960594, -16.0
1574553226.10244, -16.0
1574553226.244599, -16.0
1574553226.386205, -16.0
1574553226.528165, -16.0
1574553226.670582, -16.0
1574553226.812011, -16.0
1574553226.954293, -16.0
1574553227.095735, -16.0
1574553227.237646, -16.0
1574553227.380685, -16.0
1574553227.523595, -16.0
1574553227.665458, -16.0
1574553227.808677, -16.0
1574553227.950382, -16.0
1574553228.092529, -16.0
1574553228.41985, -16.0
1574553228.564394, -16.0
1574553228.707656, -16.0
1574553228.84951, -16.0
1574553228.992015, -16.0
1574553229.134449, -16.0
1574553229.277282, -16.0
1574553229.422252, -16.0
1574553229.563459, -16.0
1574553229.705506, -16.0
1574553229.848823, -16.0
1574553229.993513, -16.0
1574553230.137495, -16.0
1574553230.280391, -16.0
1574553230.424071, -16.0
1574553230.567572, -16.0
1574553230.711425, -16.0
1574553230.855971, -16.0
1574553231.000271, -16.0
1574553231.144303, -16.0
1574553231.287888, -16.0
1574553231.434123, -16.0
1574553231.576706, -16.0
1574553231.721038, -16.0
1574553231.864682, -16.0
1574553232.007816, -16.0
1574553232.149928, -16.0
1574553232.292128, -16.0
1574553232.433489, -16.0
1574553232.575777, -16.0
1574553232.71832, -16.0
1574553232.860129, -16.0
1574553233.003295, -16.0
1574553233.145212, -16.0
1574553233.287899, -16.0
1574553233.430707, -16.0
1574553233.575872, -16.0
1574553233.726848, -16.0
1574553233.880999, -16.0
1574553234.033592, -16.0
1574553234.18741, -16.0
1574553234.341865, -16.0
1574553234.49599, -16.0
1574553234.650173, -16.0
1574553234.803793, -16.0
1574553234.957651, -16.0
1574553235.10996, -16.0
1574553235.262764, -16.0
1574553235.416657, -16.0
1574553235.567012, -16.0
1574553235.71222, -16.0
1574553235.856033, -16.0
1574553235.999098, -16.0
1574553236.149457, -16.0
1574553236.296779, -16.0
1574553236.438886, -16.0
1574553236.580189, -16.0
1574553236.723693, -16.0
1574553236.866682, -16.0
1574553237.010804, -16.0
1574553237.176685, -16.0
1574553237.319871, -16.0
1574553237.461884, -16.0
1574553237.60371, -16.0
1574553237.744635, -16.0
1574553237.887272, -16.0
1574553238.029573, -16.0
1574553238.1717, -16.0
1574553238.313734, -16.0
1574553238.455648, -16.0
1574553238.599732, -16.0
1574553238.741375, -16.0
1574553238.882616, -16.0
1574553239.02633, -16.0
1574553239.168274, -16.0
1574553239.313238, -16.0
1574553239.455539, -16.0
1574553239.597347, -16.0
1574553239.73963, -16.0
1574553239.881143, -16.0
1574553240.022733, -16.0
1574553240.164269, -16.0
1574553240.309372, -16.0
1574553240.454745, -16.0
1574553240.605291, -16.0
1574553240.754515, -16.0
1574553240.901742, -16.0
1574553241.052072, -16.0
1574553241.200984, -16.0
1574553241.347291, -16.0
1574553241.489673, -16.0
1574553241.631169, -16.0
1574553241.774267, -16.0
1574553241.917596, -16.0
1574553242.060012, -16.0
1574553242.202829, -16.0
1574553242.356206, -16.0
1574553242.524763, -16.0
1574553242.673919, -16.0
1574553242.844618, -16.0
1574553242.99911, -16.0
1574553243.151539, -16.0
1574553243.305397, -16.0
1574553243.458537, -16.0
1574553243.603981, -16.0
1574553243.754453, -16.0
1574553243.904028, -16.0
1574553244.058358, -16.0
1574553244.212301, -16.0
1574553244.37126, -16.0
1574553244.524129, -16.0
1574553244.669123, -16.0
1574553244.813839, -16.0
1574553244.956716, -16.0
1574553245.100914, -16.0
1574553245.242824, -16.0
1574553245.386839, -16.0
1574553245.528513, -16.0
1574553245.670716, -16.0
1574553245.811734, -16.0
1574553245.953755, -16.0
1574553246.095605, -16.0
1574553246.238511, -16.0
1574553246.380845, -16.0
1574553246.523272, -16.0
1574553246.665725, -16.0
1574553246.809276, -16.0
1574553246.959767, -16.0
1574553247.100587, -16.0
1574553247.24603, -16.0
1574553247.398812, -16.0
1574553247.551556, -16.0
1574553247.704825, -16.0
1574553247.855373, -16.0
1574553248.005648, -16.0
1574553248.169658, -16.0
1574553248.330286, -16.0
1574553248.482949, -16.0
1574553248.635261, -16.0
1574553248.788853, -16.0
1574553248.939284, -16.0
1574553249.089331, -16.0
1574553249.238894, -16.0
1574553249.390405, -16.0
1574553249.539259, -16.0
1574553249.689712, -16.0
1574553249.839211, -16.0
1574553249.989398, -16.0
1574553250.137953, -16.0
1574553250.287798, -16.0
1574553250.437134, -16.0
1574553250.587138, -16.0
1574553250.735802, -16.0
1574553250.884365, -16.0
1574553251.036516, -16.0
1574553251.18924, -16.0
1574553251.336217, -16.0
1574553251.48574, -16.0
1574553251.628215, -16.0
1574553251.772057, -16.0
1574553251.914308, -16.0
1574553252.05924, -16.0
1574553252.206156, -16.0
1574553252.35323, -16.0
1574553252.503509, -16.0
1574553252.648717, -16.0
1574553252.795185, -16.0
1574553252.941524, -16.0
1574553253.08531, -16.0
1574553253.227167, -16.0
1574553253.369206, -16.0
1574553253.510492, -16.0
1574553253.652819, -16.0
1574553253.794926, -16.0
1574553253.937731, -16.0
1574553254.081698, -16.0
1574553254.224768, -16.0
1574553254.367887, -16.0
1574553254.509756, -16.0
1574553254.652502, -16.0
1574553254.793807, -16.0
1574553254.936136, -16.0
1574553255.077946, -16.0
1574553255.220292, -16.0
1574553255.363153, -16.0
1574553255.50469, -16.0
1574553255.646801, -16.0
1574553255.788963, -16.0
1574553255.930402, -16.0
1574553256.076312, -16.0
1574553256.219238, -16.0
1574553256.363067, -16.0
1574553256.504962, -16.0
1574553256.647193, -16.0
1574553256.793485, -16.0
1574553256.937523, -16.0
1574553257.081626, -16.0
1574553257.225318, -16.0
1574553257.370735, -16.0
1574553257.513416, -16.0
1574553257.656779, -16.0
1574553257.799905, -16.0
1574553257.943806, -16.0
1574553258.089249, -16.0
1574553258.235272, -16.0
1574553258.380225, -16.0
1574553258.52616, -16.0
1574553258.669877, -16.0
1574553258.812727, -16.0
1574553258.957449, -16.0
1574553259.102866, -16.0
1574553259.249246, -16.0
1574553259.394891, -16.0
1574553259.540833, -16.0
1574553259.686506, -16.0
1574553259.835278, -16.0
1574553259.987803, -16.0
1574553260.145114, -16.0
1574553260.303316, -16.0
1574553260.458783, -16.0
1574553260.614478, -16.0
1574553260.767415, -16.0
1574553260.918386, -16.0
1574553261.067929, -16.0
1574553261.217609, -16.0
1574553261.368883, -16.0
1574553261.521389, -16.0
1574553261.673779, -16.0
1574553261.825259, -16.0
1574553261.969745, -16.0
1574553262.112233, -16.0
1574553262.255835, -16.0
1574553262.399351, -16.0
1574553262.540842, -16.0
1574553262.683024, -16.0
1574553262.826677, -16.0
1574553262.968929, -16.0
1574553263.114101, -16.0
1574553263.259401, -16.0
1574553263.401667, -16.0
1574553263.543808, -16.0
1574553263.685861, -16.0
1574553263.829573, -16.0
1574553263.971493, -16.0
1574553264.115412, -16.0
1574553264.260628, -16.0
1574553264.403551, -16.0
1574553264.549383, -16.0
1574553264.695412, -16.0
1574553264.840192, -16.0
1574553228.549873, -16.0
1574553228.692967, -16.0
1574553228.837973, -16.0
1574553228.989308, -16.0
1574553229.143232, -16.0
1574553229.297135, -16.0
1574553229.446789, -16.0
1574553229.599669, -16.0
1574553229.750998, -16.0
1574553229.900741, -16.0
1574553230.051681, -16.0
1574553230.203259, -16.0
1574553230.35168, -16.0
1574553230.502956, -16.0
1574553230.654987, -16.0
1574553230.806275, -16.0
1574553230.957362, -16.0
1574553231.11984, -16.0
1574553231.273408, -16.0
1574553231.427782, -16.0
1574553231.584655, -16.0
1574553231.736196, -16.0
1574553231.894229, -16.0
1574553232.045543, -16.0
1574553232.192971, -16.0
1574553232.343949, -16.0
1574553232.503279, -16.0
1574553232.666245, -16.0
1574553232.826964, -16.0
1574553232.98311, -16.0
1574553233.139134, -16.0
1574553233.299212, -16.0
1574553233.458573, -16.0
1574553233.618284, -16.0
1574553233.777956, -16.0
1574553233.937442, -16.0
1574553234.096812, -16.0
1574553234.242155, -16.0
1574553234.384766, -16.0
1574553234.526482, -16.0
1574553234.66892, -16.0
1574553234.810872, -16.0
1574553234.953024, -16.0
1574553235.096626, -16.0
1574553235.23913, -16.0
1574553235.381679, -16.0
1574553235.524721, -16.0
1574553235.668553, -16.0
1574553235.811929, -16.0
1574553235.955417, -16.0
1574553236.102741, -16.0
1574553236.255411, -16.0
1574553236.398932, -16.0
1574553236.543436, -16.0
1574553236.688316, -16.0
1574553236.83657, -16.0
1574553236.987777, -16.0
1574553237.140797, -16.0
1574553237.290313, -16.0
1574553237.438766, -16.0
1574553237.588393, -16.0
1574553237.737771, -16.0
1574553237.887311, -16.0
1574553238.033255, -16.0
1574553238.180959, -16.0
1574553238.32714, -16.0
1574553238.469656, -16.0
1574553238.611711, -16.0
1574553238.753993, -16.0
1574553238.896491, -16.0
1574553239.039791, -16.0
1574553239.18375, -16.0
1574553239.328417, -16.0
1574553239.470746, -16.0
1574553239.613089, -16.0
1574553239.755829, -16.0
1574553239.897734, -16.0
1574553240.044235, -16.0
1574553240.18706, -16.0
1574553240.328552, -16.0
1574553240.471594, -16.0
1574553240.614451, -16.0
1574553240.758362, -16.0
1574553240.901892, -16.0
1574553241.045352, -16.0
1574553241.189039, -16.0
1574553241.335544, -16.0
1574553241.477976, -16.0
1574553241.620337, -16.0
1574553241.764611, -16.0
1574553241.909338, -16.0
1574553242.075777, -16.0
1574553242.220579, -16.0
1574553242.362032, -16.0
1574553242.524945, -16.0
1574553242.668005, -16.0
1574553242.810702, -16.0
1574553242.952163, -16.0
1574553243.094014, -16.0
1574553243.236897, -16.0
1574553243.380664, -16.0
1574553243.522486, -16.0
1574553243.665342, -16.0
1574553243.807266, -16.0
1574553243.948983, -16.0
1574553244.091683, -16.0
1574553244.234745, -16.0
1574553244.376068, -16.0
1574553244.518196, -16.0
1574553244.659899, -16.0
1574553244.802746, -16.0
1574553244.944787, -16.0
1574553245.087029, -16.0
1574553245.230104, -16.0
1574553245.376781, -16.0
1574553245.533536, -16.0
1574553245.690693, -16.0
1574553245.832609, -16.0
1574553245.97442, -16.0
1574553246.116052, -16.0
1574553246.263216, -16.0
1574553246.428266, -16.0
1574553246.570453, -16.0
1574553246.712482, -16.0
1574553246.853569, -16.0
1574553246.99494, -16.0
1574553247.137303, -16.0
1574553247.279532, -16.0
1574553247.421332, -16.0
1574553247.562942, -16.0
1574553247.705209, -16.0
1574553247.847066, -16.0
1574553247.996522, -16.0
1574553248.142965, -16.0
1574553248.284878, -16.0
1574553248.43968, -16.0
1574553248.588473, -16.0
1574553248.731042, -16.0
1574553248.872578, -16.0
1574553249.01443, -16.0
1574553249.156583, -16.0
1574553249.299623, -16.0
1574553249.44555, -16.0
1574553249.590476, -16.0
1574553249.736406, -16.0
1574553249.882252, -16.0
1574553250.027964, -16.0
1574553250.175036, -16.0
1574553250.32028, -16.0
1574553250.472237, -16.0
1574553250.618276, -16.0
1574553250.763945, -16.0
1574553250.907485, -16.0
1574553251.04931, -16.0
1574553251.191111, -16.0
1574553251.335402, -16.0
1574553251.478157, -16.0
1574553251.620147, -16.0
1574553251.761877, -16.0
1574553251.907487, -16.0
1574553252.049912, -16.0
1574553252.192853, -16.0
1574553252.335659, -16.0
1574553252.478275, -16.0
1574553252.624594, -16.0
1574553252.767182, -16.0
1574553252.910105, -16.0
1574553253.052353, -16.0
1574553253.194958, -16.0
1574553253.337437, -16.0
1574553253.479697, -16.0
1574553253.621621, -16.0
1574553253.763837, -16.0
1574553253.906835, -16.0
1574553254.050755, -16.0
1574553254.194063, -16.0
1574553254.335937, -16.0
1574553254.479721, -16.0
1574553254.62195, -16.0
1574553254.769644, -16.0
1574553254.921568, -16.0
1574553255.071693, -16.0
1574553255.221492, -16.0
1574553255.369794, -16.0
1574553255.510768, -16.0
1574553255.65514, -16.0
1574553255.798724, -16.0
1574553255.940713, -16.0
1574553256.083883, -16.0
1574553256.226932, -16.0
1574553256.369239, -16.0
1574553256.512259, -16.0
1574553256.654864, -16.0
1574553256.796605, -16.0
1574553256.939068, -16.0
1574553257.082203, -16.0
1574553257.225144, -16.0
1574553257.367621, -16.0
1574553257.510298, -16.0
1574553257.652862, -16.0
1574553257.795536, -16.0
1574553257.938408, -16.0
1574553258.08162, -16.0
1574553258.22528, -16.0
1574553258.383863, -16.0
1574553258.524913, -16.0
1574553258.66717, -16.0
1574553258.808035, -16.0
1574553258.950374, -16.0
1574553259.091247, -16.0
1574553259.233225, -16.0
1574553259.374985, -16.0
1574553259.523136, -16.0
1574553259.6657, -16.0
1574553259.806872, -16.0
1574553259.949209, -16.0
1574553260.091157, -16.0
1574553260.234199, -16.0
1574553260.37629, -16.0
1574553260.518191, -16.0
1574553260.659749, -16.0
1574553260.801528, -16.0
1574553260.943885, -16.0
1574553261.086433, -16.0
1574553261.228227, -16.0
1574553261.370586, -16.0
1574553261.512272, -16.0
1574553261.655985, -16.0
1574553261.798672, -16.0
1574553261.946865, -16.0
1574553262.096112, -16.0
1574553262.25143, -16.0
1574553262.403345, -16.0
1574553262.549044, -16.0
1574553262.692175, -16.0
1574553262.834128, -16.0
1574553262.977969, -16.0
1574553263.120604, -16.0
1574553263.266522, -16.0
1574553263.415331, -16.0
1574553263.564689, -16.0
1574553263.712571, -16.0
1574553263.859512, -16.0
1574553264.001678, -16.0
1574553264.145633, -16.0
1574553264.288153, -16.0
1574553264.430069, -16.0
1574553264.571689, -16.0
1574553264.713796, -16.0
1574553264.855541, -16.0
1574553229.498164, -16.0
1574553229.640989, -16.0
1574553229.783583, -16.0
1574553229.926612, -16.0
1574553230.069579, -16.0
1574553230.211754, -16.0
1574553230.353786, -16.0
1574553230.495324, -16.0
1574553230.637766, -16.0
1574553230.779929, -16.0
1574553230.923888, -16.0
1574553231.068251, -16.0
1574553231.231727, -16.0
1574553231.374299, -16.0
1574553231.518623, -16.0
1574553231.661311, -16.0
1574553231.804231, -16.0
1574553231.947907, -16.0
1574553232.090909, -16.0
1574553232.234433, -16.0
1574553232.379212, -16.0
1574553232.522753, -16.0
1574553232.664918, -16.0
1574553232.806952, -16.0
1574553232.950124, -16.0
1574553233.092991, -16.0
1574553233.241292, -16.0
1574553233.402476, -16.0
1574553233.555855, -16.0
1574553233.698149, -16.0
1574553233.840252, -16.0
1574553233.982563, -16.0
1574553234.12543, -16.0
1574553234.26726, -16.0
1574553234.411811, -16.0
1574553234.559033, -16.0
1574553234.701293, -16.0
1574553234.844165, -16.0
1574553234.986991, -16.0
1574553235.128572, -16.0
1574553235.270425, -16.0
1574553235.413395, -16.0
1574553235.555724, -16.0
1574553235.698049, -16.0
1574553235.840697, -16.0
1574553235.983283, -16.0
1574553236.124605, -16.0
1574553236.266654, -16.0
1574553236.409801, -16.0
1574553236.552186, -16.0
1574553236.695654, -16.0
1574553236.838212, -16.0
1574553236.982489, -16.0
1574553237.131379, -16.0
1574553237.282392, -16.0
1574553237.427206, -16.0
1574553237.57229, -16.0
1574553237.716797, -16.0
1574553237.860898, -16.0
1574553238.00554, -16.0
1574553238.172564, -16.0
1574553238.32503, -16.0
1574553238.473331, -16.0
1574553238.615208, -16.0
1574553238.758611, -16.0
1574553238.90219, -16.0
1574553239.046259, -16.0
1574553239.189305, -16.0
1574553239.333241, -16.0
1574553239.476083, -16.0
1574553239.618234, -16.0
1574553239.760789, -16.0
1574553239.902331, -16.0
1574553240.044472, -16.0
1574553240.186286, -16.0
1574553240.328815, -16.0
1574553240.470575, -16.0
1574553240.613241, -16.0
1574553240.756447, -16.0
1574553240.899215, -16.0
1574553241.042092, -16.0
1574553241.185767, -16.0
1574553241.329524, -16.0
1574553241.474082, -16.0
1574553241.618861, -16.0
1574553241.761278, -16.0
1574553241.903342, -16.0
1574553242.045279, -16.0
1574553242.189824, -16.0
1574553242.333703, -16.0
1574553242.475393, -16.0
1574553242.618228, -16.0
1574553242.760048, -16.0
1574553242.902964, -16.0
1574553243.045185, -16.0
1574553243.187859, -16.0
1574553243.331858, -16.0
1574553243.477094, -16.0
1574553243.618622, -16.0
1574553243.761576, -16.0
1574553243.903771, -16.0
1574553244.044778, -16.0
1574553244.188163, -16.0
1574553244.332176, -16.0
1574553244.476884, -16.0
1574553244.620023, -16.0
1574553244.762155, -16.0
1574553244.905253, -16.0
1574553245.055073, -16.0
1574553245.209012, -16.0
1574553245.363378, -16.0
1574553245.514916, -16.0
1574553245.668197, -16.0
1574553245.829912, -16.0
1574553246.00254, -16.0
1574553246.146114, -16.0
1574553246.293638, -16.0
1574553246.447972, -16.0
1574553246.630941, -16.0
1574553246.791849, -16.0
1574553246.946581, -16.0
1574553247.095163, -16.0
1574553247.237887, -16.0
1574553247.381195, -16.0
1574553247.523539, -16.0
1574553247.665278, -16.0
1574553247.807843, -16.0
1574553247.950523, -16.0
1574553248.092169, -16.0
1574553248.233964, -16.0
1574553248.377295, -16.0
1574553248.519133, -16.0
1574553248.661915, -16.0
1574553248.805856, -16.0
1574553248.947925, -16.0
1574553249.091206, -16.0
1574553249.23447, -16.0
1574553249.377764, -16.0
1574553249.521537, -16.0
1574553249.66415, -16.0
1574553249.807279, -16.0
1574553249.949621, -16.0
1574553250.091438, -16.0
1574553250.23326, -16.0
1574553250.376804, -16.0
1574553250.519332, -16.0
1574553250.661555, -16.0
1574553250.804535, -16.0
1574553250.946172, -16.0
1574553251.088368, -16.0
1574553251.230625, -16.0
1574553251.37346, -16.0
1574553251.523269, -16.0
1574553251.675355, -16.0
1574553251.824788, -16.0
1574553251.974696, -16.0
1574553252.124478, -16.0
1574553252.275883, -16.0
1574553252.425605, -16.0
1574553252.576328, -16.0
1574553252.72712, -16.0
1574553252.881418, -16.0
1574553253.028432, -16.0
1574553253.177134, -16.0
1574553253.32029, -16.0
1574553253.463281, -16.0
1574553253.606063, -16.0
1574553253.758178, -16.0
1574553253.903801, -16.0
1574553254.04819, -16.0
1574553254.191902, -16.0
1574553254.335147, -16.0
1574553254.477716, -16.0
1574553254.619793, -16.0
1574553254.761898, -16.0
1574553254.904626, -16.0
1574553255.050755, -16.0
1574553255.195888, -16.0
1574553255.348781, -16.0
1574553255.500875, -16.0
1574553255.651457, -16.0
1574553255.800391, -16.0
1574553255.951307, -16.0
1574553256.100361, -16.0
1574553256.25134, -16.0
1574553256.403534, -16.0
1574553256.553985, -16.0
1574553256.70492, -16.0
1574553256.853107, -16.0
1574553257.005706, -16.0
1574553257.159743, -16.0
1574553257.311675, -16.0
1574553257.469192, -16.0
1574553257.629151, -16.0
1574553257.798659, -16.0
1574553257.970353, -16.0
1574553258.117341, -16.0
1574553258.278413, -16.0
1574553258.421801, -16.0
1574553258.56657, -16.0
1574553258.712127, -16.0
1574553258.85983, -16.0
1574553259.004807, -16.0
1574553259.148048, -16.0
1574553259.292029, -16.0
1574553259.43331, -16.0
1574553259.576074, -16.0
1574553259.719212, -16.0
1574553259.863982, -16.0
1574553260.006801, -16.0
1574553260.150983, -16.0
1574553260.301111, -16.0
1574553260.451431, -16.0
1574553260.59463, -16.0
1574553260.737554, -16.0
1574553260.883829, -16.0
1574553261.049971, -16.0
1574553261.195207, -16.0
1574553261.33934, -16.0
1574553261.483423, -16.0
1574553261.627974, -16.0
1574553261.771217, -16.0
1574553261.925736, -16.0
1574553262.068876, -16.0
1574553262.212311, -16.0
1574553262.35562, -16.0
1574553262.504862, -16.0
1574553262.658979, -16.0
1574553262.801365, -16.0
1574553262.944451, -16.0
1574553263.086936, -16.0
1574553263.229919, -16.0
1574553263.376753, -16.0
1574553263.522168, -16.0
1574553263.673954, -16.0
1574553263.817893, -16.0
1574553263.964048, -16.0
1574553264.106274, -16.0
1574553264.248456, -16.0
1574553264.39447, -16.0
1574553264.536372, -16.0
1574553264.678143, -16.0
1574553264.820719, -16.0
1574553264.964848, -16.0
1574553265.107614, -16.0
1574553265.250455, -16.0
1574553265.399088, -16.0
1574553265.544628, -16.0
1574553265.690023, -16.0
1574553265.836382, -16.0
1574553231.269446, -16.0
1574553231.422499, -16.0
1574553231.573193, -16.0
1574553231.72394, -16.0
1574553231.877826, -16.0
1574553232.039406, -16.0
1574553232.200798, -16.0
1574553232.361106, -16.0
1574553232.519733, -16.0
1574553232.679036, -16.0
1574553232.841414, -16.0
1574553233.006091, -16.0
1574553233.177251, -16.0
1574553233.343004, -16.0
1574553233.506118, -16.0
1574553233.667544, -16.0
1574553233.822395, -16.0
1574553233.975792, -16.0
1574553234.129865, -16.0
1574553234.288376, -16.0
1574553234.440691, -16.0
1574553234.5956, -16.0
1574553234.752362, -16.0
1574553234.906203, -16.0
1574553235.057776, -16.0
1574553235.213758, -16.0
1574553235.368863, -16.0
1574553235.519034, -16.0
1574553235.667656, -16.0
1574553235.825772, -16.0
1574553235.990984, -16.0
1574553236.141187, -16.0
1574553236.295306, -16.0
1574553236.453858, -16.0
1574553236.612758, -16.0
1574553236.770504, -16.0
1574553236.924203, -16.0
1574553237.079517, -16.0
1574553237.235481, -16.0
1574553237.388776, -16.0
1574553237.542398, -16.0
1574553237.695028, -16.0
1574553237.844747, -16.0
1574553237.991824, -16.0
1574553238.146866, -16.0
1574553238.301541, -16.0
1574553238.45501, -16.0
1574553238.606392, -16.0
1574553238.76189, -16.0
1574553238.922615, -16.0
1574553239.083621, -16.0
1574553239.244528, -16.0
1574553239.404427, -16.0
1574553239.568179, -16.0
1574553239.725345, -16.0
1574553239.88573, -16.0
1574553240.05424, -16.0
1574553240.21956, -16.0
1574553240.374999, -16.0
1574553240.53154, -16.0
1574553240.684939, -16.0
1574553240.837162, -16.0
1574553240.991967, -16.0
1574553241.144755, -16.0
1574553241.309106, -16.0
1574553241.465532, -16.0
1574553241.617872, -16.0
1574553241.770661, -16.0
1574553241.926224, -16.0
1574553242.089161, -16.0
1574553242.246309, -16.0
1574553242.401076, -16.0
1574553242.553617, -16.0
1574553242.706896, -16.0
1574553242.862055, -16.0
1574553243.019995, -16.0
1574553243.170805, -16.0
1574553243.323135, -16.0
1574553243.474327, -16.0
1574553243.635529, -16.0
1574553243.787733, -16.0
1574553243.931984, -16.0
1574553244.080257, -16.0
1574553244.229731, -16.0
1574553244.376585, -16.0
1574553244.522921, -16.0
1574553244.680102, -16.0
1574553244.840836, -16.0
1574553244.997158, -16.0
1574553245.152036, -16.0
1574553245.307477, -16.0
1574553245.462628, -16.0
1574553245.617033, -16.0
1574553245.786589, -16.0
1574553245.936182, -16.0
1574553246.09591, -16.0
1574553246.259307, -16.0
1574553246.41015, -16.0
1574553246.555644, -16.0
1574553246.701698, -16.0
1574553246.847259, -16.0
1574553247.00129, -16.0
1574553247.15979, -16.0
1574553247.320344, -16.0
1574553247.474653, -16.0
1574553247.629998, -16.0
1574553247.782453, -16.0
1574553247.938101, -16.0
1574553248.094021, -16.0
1574553248.24286, -16.0
1574553248.395799, -16.0
1574553248.552292, -16.0
1574553248.708143, -16.0
1574553248.863176, -16.0
1574553249.016592, -16.0
1574553249.171786, -16.0
1574553249.32733, -16.0
1574553249.482618, -16.0
1574553249.637385, -16.0
1574553249.790118, -16.0
1574553249.947014, -16.0
1574553250.099358, -16.0
1574553250.254314, -16.0
1574553250.414143, -16.0
1574553250.57039, -16.0
1574553250.723057, -16.0
1574553250.875459, -16.0
1574553251.030642, -16.0
1574553251.184025, -16.0
1574553251.334997, -16.0
1574553251.488852, -16.0
1574553251.650132, -16.0
1574553251.802074, -16.0
1574553251.955951, -16.0
1574553252.108049, -16.0
1574553252.261827, -16.0
1574553252.414488, -16.0
1574553252.568978, -16.0
1574553252.720811, -16.0
1574553252.872984, -16.0
1574553253.035219, -16.0
1574553253.202107, -16.0
1574553253.361135, -16.0
1574553253.526462, -16.0
1574553253.69017, -16.0
1574553253.849748, -16.0
1574553254.013481, -16.0
1574553254.172263, -16.0
1574553254.327937, -16.0
1574553254.48504, -16.0
1574553254.652333, -16.0
1574553254.806226, -16.0
1574553254.955854, -16.0
1574553255.107191, -16.0
1574553255.258325, -16.0
1574553255.406898, -16.0
1574553255.555842, -16.0
1574553255.707628, -16.0
1574553255.861555, -16.0
1574553256.014763, -16.0
1574553256.165838, -16.0
1574553256.32078, -16.0
1574553256.473953, -16.0
1574553256.627879, -16.0
1574553256.78057, -16.0
1574553256.932626, -16.0
1574553257.084743, -16.0
1574553257.235851, -16.0
1574553257.40272, -16.0
1574553257.556576, -16.0
1574553257.711256, -16.0
1574553257.864339, -16.0
1574553258.019371, -16.0
1574553258.177032, -16.0
1574553258.340147, -16.0
1574553258.499311, -16.0
1574553258.661402, -16.0
1574553258.819138, -16.0
1574553258.979484, -16.0
1574553259.137644, -16.0
1574553259.299477, -16.0
1574553259.463213, -16.0
1574553259.624061, -16.0
1574553259.786791, -16.0
1574553259.941452, -16.0
1574553260.096267, -16.0
1574553260.255273, -16.0
1574553260.412034, -16.0
1574553260.569742, -16.0
1574553260.725335, -16.0
1574553260.877965, -16.0
1574553261.030447, -16.0
1574553261.182991, -16.0
1574553261.334266, -16.0
1574553261.480785, -16.0
1574553261.627529, -16.0
1574553261.774368, -16.0
1574553261.920311, -16.0
1574553262.068873, -16.0
1574553262.222867, -16.0
1574553262.370397, -16.0
1574553262.517807, -16.0
1574553262.663749, -16.0
1574553262.823263, -16.0
1574553263.005737, -16.0
1574553263.171988, -16.0
1574553263.331305, -16.0
1574553263.506299, -16.0
1574553263.663143, -16.0
1574553263.812955, -16.0
1574553263.96763, -16.0
1574553264.125449, -16.0
1574553264.291938, -16.0
1574553264.448492, -16.0
1574553264.628452, -16.0
1574553264.788834, -16.0
1574553264.950898, -16.0
1574553265.111065, -16.0
1574553265.274153, -16.0
1574553265.434257, -16.0
1574553265.591794, -16.0
1574553265.750987, -16.0
1574553265.912646, -16.0
1574553266.073232, -16.0
1574553266.225013, -16.0
1574553266.370147, -16.0
1574553266.521986, -16.0
1574553266.673861, -16.0
1574553266.829746, -16.0
1574553266.983659, -16.0
1574553267.134747, -16.0
1574553267.290054, -16.0
1574553267.440913, -16.0
1574553267.591979, -16.0
1574553267.746608, -16.0
1574553267.906317, -16.0
1574553268.059073, -16.0
1574553268.21346, -16.0
1574553268.369964, -16.0
1574553268.524377, -16.0
1574553268.679015, -16.0
1574553268.831657, -16.0
1574553268.985633, -16.0
1574553269.142257, -16.0
1574553269.296888, -16.0
1574553269.454768, -16.0
1574553269.610304, -16.0
1574553269.767599, -16.0
1574553269.920571, -16.0
1574553270.074324, -16.0
1574553265.097598, -16.0
1574553265.241146, -16.0
1574553265.383001, -16.0
1574553265.525214, -16.0
1574553265.67382, -16.0
1574553265.816524, -16.0
1574553265.959852, -16.0
1574553266.101516, -16.0
1574553266.243155, -16.0
1574553266.385062, -16.0
1574553266.52714, -16.0
1574553266.6693, -16.0
1574553266.81143, -16.0
1574553266.955405, -16.0
1574553267.104006, -16.0
1574553267.258118, -16.0
1574553267.406477, -16.0
1574553267.553341, -16.0
1574553267.70476, -16.0
1574553267.857036, -16.0
1574553268.007185, -16.0
1574553268.155937, -16.0
1574553268.305817, -16.0
1574553268.45589, -16.0
1574553268.607373, -16.0
1574553268.755889, -16.0
1574553268.903536, -16.0
1574553269.053781, -16.0
1574553269.204613, -16.0
1574553269.354546, -16.0
1574553269.506343, -16.0
1574553269.66031, -16.0
1574553269.815001, -16.0
1574553269.969016, -16.0
1574553270.125481, -16.0
1574553270.269225, -16.0
1574553270.413437, -16.0
1574553270.579173, -16.0
1574553270.722917, -16.0
1574553270.88875, -16.0
1574553271.031557, -16.0
1574553271.173913, -16.0
1574553271.315866, -16.0
1574553271.457577, -16.0
1574553271.599833, -16.0
1574553271.741945, -16.0
1574553271.883676, -16.0
1574553272.025403, -16.0
1574553272.167341, -16.0
1574553272.309999, -16.0
1574553272.451327, -16.0
1574553272.593774, -16.0
1574553272.73518, -16.0
1574553272.87717, -16.0
1574553273.018679, -16.0
1574553273.160098, -16.0
1574553273.301991, -16.0
1574553273.443951, -16.0
1574553273.584944, -16.0
1574553273.727553, -16.0
1574553273.869738, -16.0
1574553274.011714, -16.0
1574553274.153244, -16.0
1574553274.294823, -16.0
1574553274.436599, -16.0
1574553274.578101, -16.0
1574553274.719947, -16.0
1574553274.862062, -16.0
1574553275.003258, -16.0
1574553275.145261, -16.0
1574553275.287211, -16.0
1574553275.429827, -16.0
1574553275.572058, -16.0
1574553275.713659, -16.0
1574553275.855465, -16.0
1574553275.99788, -16.0
1574553276.14728, -16.0
1574553276.296626, -16.0
1574553276.44813, -16.0
1574553276.613337, -16.0
1574553276.755812, -16.0
1574553276.898183, -16.0
1574553277.039794, -16.0
1574553277.182132, -16.0
1574553277.323411, -16.0
1574553277.465354, -16.0
1574553277.607199, -16.0
1574553277.749601, -16.0
1574553277.891932, -16.0
1574553278.033665, -16.0
1574553278.175607, -16.0
1574553278.317872, -16.0
1574553278.459153, -16.0
1574553278.60105, -16.0
1574553278.74275, -16.0
1574553278.884514, -16.0
1574553279.026509, -16.0
1574553279.168345, -16.0
1574553279.310284, -16.0
1574553279.452417, -16.0
1574553279.593665, -16.0
1574553279.735378, -16.0
1574553279.877032, -16.0
1574553280.018317, -16.0
1574553280.160128, -16.0
1574553280.302223, -16.0
1574553280.443081, -16.0
1574553280.585016, -16.0
1574553280.726033, -16.0
1574553280.867333, -16.0
1574553281.009748, -16.0
1574553281.150804, -16.0
1574553281.292688, -16.0
1574553281.433875, -16.0
1574553281.575899, -16.0
1574553281.718006, -16.0
1574553281.860124, -16.0
1574553282.002276, -16.0
1574553282.144058, -16.0
1574553282.285758, -16.0
1574553282.427581, -16.0
1574553282.569718, -16.0
1574553282.712226, -16.0
1574553282.854704, -16.0
1574553282.996144, -16.0
1574553283.13784, -16.0
1574553283.279283, -16.0
1574553283.421242, -16.0
1574553283.562522, -16.0
1574553283.70406, -16.0
1574553283.846179, -16.0
1574553283.987908, -16.0
1574553284.129956, -16.0
1574553284.271774, -16.0
1574553284.413837, -16.0
1574553284.555296, -16.0
1574553284.697081, -16.0
1574553284.838231, -16.0
1574553284.979874, -16.0
1574553285.121346, -16.0
1574553285.263259, -16.0
1574553285.405144, -16.0
1574553285.545866, -16.0
1574553285.687199, -16.0
1574553285.8291, -16.0
1574553285.971093, -16.0
1574553286.112705, -16.0
1574553286.256857, -16.0
1574553286.399748, -16.0
1574553286.541458, -16.0
1574553286.684654, -16.0
1574553286.82694, -16.0
1574553286.972392, -16.0
1574553287.119592, -16.0
1574553287.262899, -16.0
1574553287.40518, -16.0
1574553287.547862, -16.0
1574553287.68999, -16.0
1574553287.832304, -16.0
1574553287.975022, -16.0
1574553288.116848, -16.0
1574553288.258856, -16.0
1574553288.401663, -16.0
1574553288.543263, -16.0
1574553288.68439, -16.0
1574553288.825781, -16.0
1574553288.967273, -16.0
1574553289.108778, -16.0
1574553289.251079, -16.0
1574553289.394511, -16.0
1574553289.538997, -16.0
1574553289.682557, -16.0
1574553289.824606, -16.0
1574553289.966405, -16.0
1574553290.108317, -16.0
1574553290.250688, -16.0
1574553290.392204, -16.0
1574553290.533702, -16.0
1574553290.675751, -16.0
1574553290.817681, -16.0
1574553290.959849, -16.0
1574553291.101311, -16.0
1574553291.242874, -16.0
1574553291.384513, -16.0
1574553291.526064, -16.0
1574553291.667341, -16.0
1574553291.809788, -16.0
1574553291.952023, -16.0
1574553292.093483, -16.0
1574553292.235164, -16.0
1574553292.376702, -16.0
1574553292.518569, -16.0
1574553292.660499, -16.0
1574553292.801927, -16.0
1574553292.94404, -16.0
1574553293.085775, -16.0
1574553293.227759, -16.0
1574553293.369559, -16.0
1574553293.511687, -16.0
1574553293.653062, -16.0
1574553293.795354, -16.0
1574553293.938592, -16.0
1574553294.080796, -16.0
1574553294.223545, -16.0
1574553294.36489, -16.0
1574553294.506752, -16.0
1574553294.648823, -16.0
1574553294.791354, -16.0
1574553294.933162, -16.0
1574553295.074607, -16.0
1574553295.216781, -16.0
1574553295.360512, -16.0
1574553295.504224, -16.0
1574553295.646177, -16.0
1574553295.788061, -16.0
1574553295.930431, -16.0
1574553296.092547, -16.0
1574553296.239424, -16.0
1574553296.381732, -16.0
1574553296.524125, -16.0
1574553296.666166, -16.0
1574553296.807332, -16.0
1574553296.949428, -16.0
1574553297.091045, -16.0
1574553297.232597, -16.0
1574553297.375176, -16.0
1574553297.518463, -16.0
1574553297.659948, -16.0
1574553297.815135, -16.0
1574553297.956034, -16.0
1574553298.110826, -16.0
1574553298.252313, -16.0
1574553298.393049, -16.0
1574553298.53422, -16.0
1574553298.675213, -16.0
1574553298.817049, -16.0
1574553298.958788, -16.0
1574553299.101189, -16.0
1574553299.242626, -16.0
1574553299.385246, -16.0
1574553299.525906, -16.0
1574553299.666928, -16.0
1574553299.807983, -16.0
1574553299.950375, -16.0
1574553300.092085, -16.0
1574553300.232634, -16.0
1574553300.373475, -16.0
1574553300.51531, -16.0
1574553300.657855, -16.0
1574553300.799171, -16.0
1574553265.279842, -16.0
1574553265.898035, -16.0
1574553266.531163, -16.0
1574553267.160114, -16.0
1574553267.304855, -16.0
1574553267.447108, -16.0
1574553267.589781, -16.0
1574553267.732146, -16.0
1574553267.874412, -16.0
1574553268.501769, -16.0
1574553269.111909, -16.0
1574553269.729701, -16.0
1574553270.35257, -16.0
1574553270.976353, -16.0
1574553271.610655, -16.0
1574553271.753295, -16.0
1574553271.89489, -16.0
1574553272.037165, -16.0
1574553272.179225, -16.0
1574553272.321155, -16.0
1574553272.464206, -16.0
1574553272.60677, -16.0
1574553272.749057, -16.0
1574553272.891311, -16.0
1574553273.033582, -16.0
1574553273.176066, -16.0
1574553273.318825, -16.0
1574553273.46124, -16.0
1574553273.603552, -16.0
1574553273.745366, -16.0
1574553273.887899, -16.0
1574553274.03031, -16.0
1574553274.17384, -16.0
1574553274.316358, -16.0
1574553274.458692, -16.0
1574553274.601118, -16.0
1574553274.743349, -16.0
1574553274.885269, -16.0
1574553275.027454, -16.0
1574553275.169446, -16.0
1574553275.312246, -16.0
1574553275.455927, -16.0
1574553275.598045, -16.0
1574553275.740301, -16.0
1574553275.883372, -16.0
1574553276.026246, -16.0
1574553276.167674, -16.0
1574553276.309956, -16.0
1574553276.451662, -16.0
1574553276.594048, -16.0
1574553276.736015, -16.0
1574553276.878057, -16.0
1574553277.020309, -16.0
1574553277.162291, -16.0
1574553277.304761, -16.0
1574553277.447771, -16.0
1574553277.591989, -16.0
1574553277.735805, -16.0
1574553277.878033, -16.0
1574553278.020144, -16.0
1574553278.162207, -16.0
1574553278.304858, -16.0
1574553278.447669, -16.0
1574553278.589644, -16.0
1574553278.731499, -16.0
1574553278.873199, -16.0
1574553279.015149, -16.0
1574553279.157929, -16.0
1574553279.299395, -16.0
1574553279.442272, -16.0
1574553279.584006, -16.0
1574553279.726203, -16.0
1574553279.86863, -16.0
1574553280.011656, -16.0
1574553280.153969, -16.0
1574553280.296478, -16.0
1574553280.438871, -16.0
1574553280.581, -16.0
1574553280.723164, -16.0
1574553280.865428, -16.0
1574553281.007686, -16.0
1574553281.15039, -16.0
1574553281.292688, -16.0
1574553281.435264, -16.0
1574553281.576954, -16.0
1574553281.719574, -16.0
1574553281.861826, -16.0
1574553282.00459, -16.0
1574553282.146474, -16.0
1574553282.288382, -16.0
1574553282.430861, -16.0
1574553282.573051, -16.0
1574553282.715635, -16.0
1574553282.857771, -16.0
1574553283.000293, -16.0
1574553283.142835, -16.0
1574553283.284788, -16.0
1574553283.427128, -16.0
1574553283.56862, -16.0
1574553283.710976, -16.0
1574553283.853741, -16.0
1574553283.996987, -16.0
1574553284.139504, -16.0
1574553284.282089, -16.0
1574553284.425341, -16.0
1574553284.568767, -16.0
1574553284.711899, -16.0
1574553284.868831, -16.0
1574553285.013031, -16.0
1574553285.16011, -16.0
1574553285.30444, -16.0
1574553285.446642, -16.0
1574553285.588834, -16.0
1574553285.731916, -16.0
1574553285.873457, -16.0
1574553286.015663, -16.0
1574553286.158157, -16.0
1574553286.301066, -16.0
1574553286.444266, -16.0
1574553286.58728, -16.0
1574553286.7297, -16.0
1574553286.87372, -16.0
1574553287.015946, -16.0
1574553287.159082, -16.0
1574553287.302156, -16.0
1574553287.44664, -16.0
1574553287.589019, -16.0
1574553287.73202, -16.0
1574553287.874458, -16.0
1574553288.017433, -16.0
1574553288.15935, -16.0
1574553288.301721, -16.0
1574553288.444817, -16.0
1574553288.587746, -16.0
1574553288.732253, -16.0
1574553288.880476, -16.0
1574553289.023542, -16.0
1574553289.166278, -16.0
1574553289.308754, -16.0
1574553289.450781, -16.0
1574553289.592148, -16.0
1574553289.734094, -16.0
1574553289.875711, -16.0
1574553290.016936, -16.0
1574553290.158178, -16.0
1574553290.300131, -16.0
1574553290.442675, -16.0
1574553290.584473, -16.0
1574553290.726931, -16.0
1574553290.870403, -16.0
1574553291.015797, -16.0
1574553291.160602, -16.0
1574553291.30439, -16.0
1574553291.447263, -16.0
1574553291.592251, -16.0
1574553291.758176, -16.0
1574553291.900059, -16.0
1574553292.041235, -16.0
1574553292.198205, -16.0
1574553292.342262, -16.0
1574553292.484421, -16.0
1574553292.62794, -16.0
1574553292.77002, -16.0
1574553292.91184, -16.0
1574553293.054547, -16.0
1574553293.196926, -16.0
1574553293.339726, -16.0
1574553293.481331, -16.0
1574553293.623005, -16.0
1574553293.766289, -16.0
1574553293.908873, -16.0
1574553294.051122, -16.0
1574553294.193519, -16.0
1574553294.336177, -16.0
1574553294.478775, -16.0
1574553294.620897, -16.0
1574553294.763938, -16.0
1574553294.90621, -16.0
1574553295.04925, -16.0
1574553295.191842, -16.0
1574553295.334864, -16.0
1574553295.498621, -16.0
1574553295.640857, -16.0
1574553295.78402, -16.0
1574553295.926893, -16.0
1574553296.06949, -16.0
1574553296.212588, -16.0
1574553296.355599, -16.0
1574553296.497572, -16.0
1574553296.641091, -16.0
1574553296.783894, -16.0
1574553296.925901, -16.0
1574553297.067793, -16.0
1574553297.209175, -16.0
1574553297.351371, -16.0
1574553297.492716, -16.0
1574553297.635398, -16.0
1574553297.777424, -16.0
1574553297.919623, -16.0
1574553298.061822, -16.0
1574553298.204092, -16.0
1574553298.345329, -16.0
1574553298.486881, -16.0
1574553298.628681, -16.0
1574553298.770423, -16.0
1574553298.912433, -16.0
1574553299.054905, -16.0
1574553299.197176, -16.0
1574553299.339631, -16.0
1574553299.482924, -16.0
1574553299.639778, -16.0
1574553299.782235, -16.0
1574553299.924369, -16.0
1574553300.066296, -16.0
1574553300.208657, -16.0
1574553300.349894, -16.0
1574553300.492158, -16.0
1574553300.634205, -16.0
1574553300.776546, -16.0
1574553300.91921, -16.0
1574553301.060959, -16.0
1574553301.202901, -16.0
1574553301.345398, -16.0
1574553301.48781, -16.0
1574553301.630272, -16.0
1574553301.77256, -16.0
1574553301.914482, -16.0
1574553302.056601, -16.0
1574553302.198337, -16.0
1574553302.339805, -16.0
1574553302.4821, -16.0
1574553302.624231, -16.0
1574553302.765638, -16.0
1574553302.907553, -16.0
1574553303.049423, -16.0
1574553303.191198, -16.0
1574553303.332251, -16.0
1574553303.47381, -16.0
1574553303.615604, -16.0
1574553303.758217, -16.0
1574553303.90013, -16.0
1574553304.043032, -16.0
1574553304.184723, -16.0
1574553304.325559, -16.0
1574553304.467138, -16.0
1574553304.609558, -16.0
1574553304.752077, -16.0
1574553304.894059, -16.0
1574553305.035785, -16.0
1574553305.179218, -16.0
1574553266.091272, -16.0
1574553266.241093, -16.0
1574553266.389866, -16.0
1574553266.536954, -16.0
1574553266.689832, -16.0
1574553266.832239, -16.0
1574553266.974587, -16.0
1574553267.116805, -16.0
1574553267.259429, -16.0
1574553267.403386, -16.0
1574553267.546395, -16.0
1574553267.688246, -16.0
1574553267.83153, -16.0
1574553267.976972, -16.0
1574553268.122161, -16.0
1574553268.267872, -16.0
1574553268.414398, -16.0
1574553268.560644, -16.0
1574553268.706622, -16.0
1574553268.851969, -16.0
1574553268.997463, -16.0
1574553269.14404, -16.0
1574553269.288764, -16.0
1574553269.4308, -16.0
1574553269.572873, -16.0
1574553269.714315, -16.0
1574553269.8564, -16.0
1574553269.99822, -16.0
1574553270.140842, -16.0
1574553270.281838, -16.0
1574553270.424963, -16.0
1574553270.580257, -16.0
1574553270.723741, -16.0
1574553270.866127, -16.0
1574553271.008313, -16.0
1574553271.150523, -16.0
1574553271.292788, -16.0
1574553271.434997, -16.0
1574553271.577783, -16.0
1574553271.719557, -16.0
1574553271.861575, -16.0
1574553272.003445, -16.0
1574553272.144485, -16.0
1574553272.285945, -16.0
1574553272.429102, -16.0
1574553272.572057, -16.0
1574553272.714481, -16.0
1574553272.856567, -16.0
1574553272.998435, -16.0
1574553273.140135, -16.0
1574553273.283053, -16.0
1574553273.425182, -16.0
1574553273.567348, -16.0
1574553273.710197, -16.0
1574553273.852302, -16.0
1574553273.995271, -16.0
1574553274.139008, -16.0
1574553274.304631, -16.0
1574553274.446428, -16.0
1574553274.588756, -16.0
1574553274.730846, -16.0
1574553274.872902, -16.0
1574553275.014356, -16.0
1574553275.15607, -16.0
1574553275.297782, -16.0
1574553275.439203, -16.0
1574553275.581368, -16.0
1574553275.723727, -16.0
1574553275.866347, -16.0
1574553276.007875, -16.0
1574553276.150245, -16.0
1574553276.291754, -16.0
1574553276.433638, -16.0
1574553276.57559, -16.0
1574553276.718208, -16.0
1574553276.860778, -16.0
1574553277.00275, -16.0
1574553277.14494, -16.0
1574553277.309147, -16.0
1574553277.449899, -16.0
1574553277.590666, -16.0
1574553277.739415, -16.0
1574553277.881117, -16.0
1574553278.030109, -16.0
1574553278.172941, -16.0
1574553278.314444, -16.0
1574553278.456257, -16.0
1574553278.598069, -16.0
1574553278.740764, -16.0
1574553278.882375, -16.0
1574553279.025075, -16.0
1574553279.167347, -16.0
1574553279.309605, -16.0
1574553279.451458, -16.0
1574553279.593493, -16.0
1574553279.735937, -16.0
1574553279.878529, -16.0
1574553280.020029, -16.0
1574553280.162339, -16.0
1574553280.304359, -16.0
1574553280.446442, -16.0
1574553280.588171, -16.0
1574553280.73024, -16.0
1574553280.872286, -16.0
1574553281.014202, -16.0
1574553281.156315, -16.0
1574553281.298641, -16.0
1574553281.440964, -16.0
1574553281.582355, -16.0
1574553281.724398, -16.0
1574553281.866364, -16.0
1574553282.008779, -16.0
1574553282.15316, -16.0
1574553282.304792, -16.0
1574553282.451333, -16.0
1574553282.593369, -16.0
1574553282.734775, -16.0
1574553282.877641, -16.0
1574553283.018031, -16.0
1574553283.159788, -16.0
1574553283.302675, -16.0
1574553283.448294, -16.0
1574553283.591893, -16.0
1574553283.734214, -16.0
1574553283.876585, -16.0
1574553284.01877, -16.0
1574553284.160959, -16.0
1574553284.303232, -16.0
1574553284.445455, -16.0
1574553284.587894, -16.0
1574553284.730195, -16.0
1574553284.873023, -16.0
1574553285.014918, -16.0
1574553285.157377, -16.0
1574553285.298938, -16.0
1574553285.441509, -16.0
1574553285.584504, -16.0
1574553285.726321, -16.0
1574553285.868369, -16.0
1574553286.010378, -16.0
1574553286.153021, -16.0
1574553286.297177, -16.0
1574553286.459437, -16.0
1574553286.601904, -16.0
1574553286.744262, -16.0
1574553286.886899, -16.0
1574553287.029493, -16.0
1574553287.171901, -16.0
1574553287.313606, -16.0
1574553287.455393, -16.0
1574553287.597143, -16.0
1574553287.738904, -16.0
1574553287.881069, -16.0
1574553288.02245, -16.0
1574553288.165013, -16.0
1574553288.307282, -16.0
1574553288.449453, -16.0
1574553288.590829, -16.0
1574553288.733841, -16.0
1574553288.876081, -16.0
1574553289.019939, -16.0
1574553289.162329, -16.0
1574553289.305208, -16.0
1574553289.447591, -16.0
1574553289.589495, -16.0
1574553289.730711, -16.0
1574553289.873046, -16.0
1574553290.014695, -16.0
1574553290.157136, -16.0
1574553290.298999, -16.0
1574553290.442755, -16.0
1574553290.585796, -16.0
1574553290.727838, -16.0
1574553290.869502, -16.0
1574553291.012813, -16.0
1574553291.154596, -16.0
1574553291.297175, -16.0
1574553291.438713, -16.0
1574553291.581439, -16.0
1574553291.723373, -16.0
1574553291.865868, -16.0
1574553292.008316, -16.0
1574553292.150503, -16.0
1574553292.29265, -16.0
1574553292.435682, -16.0
1574553292.578315, -16.0
1574553292.720591, -16.0
1574553292.86193, -16.0
1574553293.004099, -16.0
1574553293.146855, -16.0
1574553293.289066, -16.0
1574553293.430893, -16.0
1574553293.572594, -16.0
1574553293.713827, -16.0
1574553293.856584, -16.0
1574553293.998886, -16.0
1574553294.141328, -16.0
1574553294.283633, -16.0
1574553294.425371, -16.0
1574553294.568549, -16.0
1574553294.711102, -16.0
1574553294.853837, -16.0
1574553294.995224, -16.0
1574553295.137312, -16.0
1574553295.279261, -16.0
1574553295.42123, -16.0
1574553295.563231, -16.0
1574553295.705459, -16.0
1574553295.85139, -16.0
1574553296.00359, -16.0
1574553296.156503, -16.0
1574553296.29906, -16.0
1574553296.440341, -16.0
1574553296.581225, -16.0
1574553296.723448, -16.0
1574553296.864908, -16.0
1574553297.006399, -16.0
1574553297.148269, -16.0
1574553297.29008, -16.0
1574553297.431393, -16.0
1574553297.572591, -16.0
1574553297.714631, -16.0
1574553297.856577, -16.0
1574553297.998606, -16.0
1574553298.142044, -16.0
1574553298.292875, -16.0
1574553298.443545, -16.0
1574553298.605111, -16.0
1574553298.751704, -16.0
1574553298.900087, -16.0
1574553299.062714, -16.0
1574553299.207965, -16.0
1574553299.35029, -16.0
1574553299.492769, -16.0
1574553299.634896, -16.0
1574553299.777496, -16.0
1574553299.920047, -16.0
1574553300.062427, -16.0
1574553300.204062, -16.0
1574553300.345645, -16.0
1574553300.486967, -16.0
1574553300.629175, -16.0
1574553300.77116, -16.0
1574553300.913479, -16.0
1574553301.055588, -16.0
1574553301.198057, -16.0
1574553301.340587, -16.0
1574553301.482448, -16.0
1574553301.624962, -16.0
1574553301.767002, -16.0
