1574458559.592409, -253903.0
1574458561.68064, -253903.0
1574458563.877787, -253903.0
1574458566.029835, -253903.0
1574458568.089281, -250516.0
1574458570.157062, -246789.0
1574458572.228736, -246789.0
1574458574.295281, -246789.0
1574458576.362977, -246789.0
1574458578.421186, -246789.0
1574458580.479217, -246789.0
1574458582.575965, -246789.0
1574458584.64116, -246789.0
1574458586.688206, -246789.0
1574458588.79179, -245751.0
1574458590.973482, -245751.0
1574458593.090156, -245751.0
1574458595.176437, -245751.0
1574458597.219066, -245751.0
1574458599.278951, -245751.0
1574458601.318951, -245751.0
1574458603.340351, -245751.0
1574458605.448522, -245751.0
1574458607.596898, -245751.0
1574458609.749438, -245751.0
1574458611.836713, -245751.0
1574458613.957251, -245751.0
1574458616.097385, -245751.0
1574458618.251488, -245751.0
1574458620.390743, -245751.0
1574458622.56074, -245751.0
1574458624.772683, -245751.0
1574458626.97341, -245751.0
1574458629.125024, -245751.0
1574458631.269555, -245751.0
1574458633.386164, -245751.0
1574458635.524374, -245751.0
1574458637.657027, -245751.0
1574458639.746938, -245751.0
1574458641.847868, -245751.0
1574458643.986992, -245751.0
1574458646.137455, -245751.0
1574458648.311087, -245751.0
1574458650.453675, -245751.0
1574458652.554898, -245751.0
1574458654.654492, -245751.0
1574458656.705804, -245751.0
1574458658.775171, -245751.0
1574458660.84202, -245751.0
1574458662.917007, -245751.0
1574458562.407043, -253903.0
1574458566.699468, -253903.0
1574458570.992035, -246789.0
1574458575.210023, -246789.0
1574458579.479351, -246789.0
1574458583.735613, -246789.0
1574458588.096239, -245751.0
1574458592.255293, -245751.0
1574458596.640895, -245751.0
1574458601.001104, -245751.0
1574458605.253974, -245751.0
1574458609.29184, -245751.0
1574458613.483667, -245751.0
1574458617.665841, -245751.0
1574458621.851335, -245751.0
1574458625.894124, -245751.0
1574458629.972102, -245751.0
1574458634.081765, -245751.0
1574458638.218099, -245751.0
1574458642.279256, -245751.0
1574458646.332323, -245751.0
1574458650.385441, -245751.0
1574458654.557254, -245751.0
1574458658.694729, -245751.0
1574458662.818928, -245751.0
1574458667.050597, -245751.0
1574458671.147252, -245751.0
1574458675.34597, -245751.0
1574458679.507883, -245751.0
1574458683.681396, -245751.0
1574458687.85534, -244073.0
1574458691.902137, -244073.0
1574458695.994662, -244073.0
1574458700.102536, -244073.0
1574458704.345819, -244073.0
1574458708.489127, -244073.0
1574458712.680636, -244073.0
1574458716.732515, -244073.0
1574458720.870635, -244073.0
1574458725.610588, -244073.0
1574458729.976804, -244073.0
1574458734.293145, -244073.0
1574458738.677232, -244073.0
1574458743.037129, -244073.0
1574458747.394802, -244073.0
1574458751.782384, -244073.0
1574458756.128839, -244073.0
1574458760.460625, -244073.0
1574458764.877091, -244073.0
1574458769.237761, -244073.0
1574458560.724893, -253903.0
1574458562.895506, -253903.0
1574458565.076309, -253903.0
1574458567.262768, -253620.0
1574458569.397748, -246789.0
1574458571.548052, -246789.0
1574458573.710709, -246789.0
1574458575.856059, -246789.0
1574458577.986127, -246789.0
1574458580.158768, -246789.0
1574458582.267993, -246789.0
1574458584.379013, -246789.0
1574458586.561055, -246789.0
1574458588.668947, -245751.0
1574458590.785095, -245751.0
1574458592.907244, -245751.0
1574458595.060161, -245751.0
1574458597.172263, -245751.0
1574458599.313191, -245751.0
1574458601.430089, -245751.0
1574458603.579294, -245751.0
1574458605.742518, -245751.0
1574458607.847239, -245751.0
1574458610.01531, -245751.0
1574458612.151531, -245751.0
1574458614.24542, -245751.0
1574458616.419624, -245751.0
1574458618.599283, -245751.0
1574458620.775144, -245751.0
1574458622.923736, -245751.0
1574458625.10405, -245751.0
1574458627.26525, -245751.0
1574458629.421686, -245751.0
1574458631.597999, -245751.0
1574458633.741233, -245751.0
1574458635.908984, -245751.0
1574458638.074461, -245751.0
1574458640.28152, -245751.0
1574458642.460891, -245751.0
1574458644.621229, -245751.0
1574458646.840634, -245751.0
1574458649.012275, -245751.0
1574458651.187647, -245751.0
1574458653.363007, -245751.0
1574458655.538742, -245751.0
1574458657.700467, -245751.0
1574458659.87679, -245751.0
1574458662.041772, -245751.0
1574458664.287833, -245751.0
1574458666.400411, -245751.0
1574458560.759291, -253903.0
1574458562.693886, -253903.0
1574458564.673328, -253903.0
1574458566.669995, -253903.0
1574458568.717581, -246789.0
1574458570.808651, -246789.0
1574458572.929798, -246789.0
1574458574.993472, -246789.0
1574458577.120621, -246789.0
1574458579.197106, -246789.0
1574458581.295069, -246789.0
1574458583.410557, -246789.0
1574458585.507036, -246789.0
1574458587.669674, -245751.0
1574458589.765028, -245751.0
1574458591.831838, -245751.0
1574458593.887643, -245751.0
1574458595.992158, -245751.0
1574458598.078457, -245751.0
1574458600.126289, -245751.0
1574458602.246122, -245751.0
1574458604.373876, -245751.0
1574458606.44328, -245751.0
1574458608.594107, -245751.0
1574458610.713565, -245751.0
1574458612.821995, -245751.0
1574458614.93458, -245751.0
1574458616.961366, -245751.0
1574458619.039113, -245751.0
1574458621.073836, -245751.0
1574458623.118543, -245751.0
1574458625.182581, -245751.0
1574458627.231305, -245751.0
1574458629.297183, -245751.0
1574458631.400632, -245751.0
1574458633.470236, -245751.0
1574458635.521635, -245751.0
1574458637.56732, -245751.0
1574458639.639884, -245751.0
1574458641.747816, -245751.0
1574458643.837782, -245751.0
1574458645.869251, -245751.0
1574458647.901183, -245751.0
1574458649.953722, -245751.0
1574458652.045698, -245751.0
1574458654.118325, -245751.0
1574458656.223926, -245751.0
1574458658.334653, -245751.0
1574458660.452405, -245751.0
1574458662.561975, -245751.0
1574458666.031644, -245751.0
1574458668.949472, -245751.0
1574458671.806426, -245751.0
1574458674.68547, -245751.0
1574458677.525085, -245751.0
1574458680.416782, -245751.0
1574458683.296291, -245751.0
1574458686.214307, -245751.0
1574458689.087154, -244073.0
1574458691.980235, -244073.0
1574458694.852133, -244073.0
1574458697.67691, -244073.0
1574458700.444853, -244073.0
1574458703.311682, -244073.0
1574458706.200911, -244073.0
1574458709.142362, -244073.0
1574458712.028339, -244073.0
1574458714.892943, -244073.0
1574458717.729962, -244073.0
1574458720.480501, -244073.0
1574458723.302943, -244073.0
1574458726.37248, -244073.0
1574458729.180007, -244073.0
1574458731.892527, -244073.0
1574458734.621921, -244073.0
1574458737.343038, -244073.0
1574458740.072868, -244073.0
1574458742.807551, -244073.0
1574458745.574169, -244073.0
1574458748.303748, -244073.0
1574458751.024239, -244073.0
1574458753.756053, -244073.0
1574458756.471093, -244073.0
1574458759.212126, -244073.0
1574458761.967903, -244073.0
1574458764.692112, -244073.0
1574458767.416041, -244073.0
1574458770.195118, -244073.0
1574458773.436588, -244073.0
1574458776.403144, -244073.0
1574458779.307114, -244073.0
1574458782.003939, -244073.0
1574458784.724474, -244073.0
1574458787.687926, -244073.0
1574458790.280736, -244073.0
1574458793.030609, -244073.0
1574458795.775068, -244073.0
1574458798.53605, -244073.0
1574458801.270335, -244073.0
1574458804.009586, -244073.0
1574458667.118278, -245751.0
1574458670.612669, -245751.0
1574458674.023995, -245751.0
1574458677.423405, -245751.0
1574458680.843455, -245751.0
1574458684.259346, -245751.0
1574458687.667299, -244073.0
1574458691.113301, -244073.0
1574458694.550074, -244073.0
1574458698.021028, -244073.0
1574458701.467611, -244073.0
1574458704.75589, -244073.0
1574458708.157305, -244073.0
1574458711.560368, -244073.0
1574458714.979999, -244073.0
1574458718.501669, -244073.0
1574458722.009319, -244073.0
1574458725.816453, -244073.0
1574458729.3193, -244073.0
1574458732.829002, -244073.0
1574458736.292581, -244073.0
1574458739.728578, -244073.0
1574458743.204369, -244073.0
1574458746.68295, -244073.0
1574458750.173171, -244073.0
1574458753.675418, -244073.0
1574458757.205854, -244073.0
1574458760.676849, -244073.0
1574458764.115586, -244073.0
1574458767.559273, -244073.0
1574458771.240501, -244073.0
1574458775.503546, -244073.0
1574458779.30768, -244073.0
1574458782.790304, -244073.0
1574458786.405987, -244073.0
1574458789.922616, -244073.0
1574458793.466467, -244073.0
1574458797.100652, -244073.0
1574458800.786312, -244073.0
1574458804.588446, -244073.0
1574458807.963413, -244073.0
1574458811.390144, -244073.0
1574458814.800334, -244073.0
1574458818.227809, -244073.0
1574458821.670729, -244073.0
1574458825.080761, -244073.0
1574458828.5822, -244073.0
1574458832.035588, -244073.0
1574458835.694161, -244073.0
1574458839.32435, -244073.0
1574458671.943557, -245751.0
1574458676.870027, -245751.0
1574458681.802902, -245751.0
1574458686.705059, -245751.0
1574458691.676561, -244073.0
1574458696.77795, -244073.0
1574458701.890563, -244073.0
1574458707.085079, -244073.0
1574458711.943843, -244073.0
1574458717.027426, -244073.0
1574458722.075148, -244073.0
1574458727.858511, -244073.0
1574458732.704695, -244073.0
1574458737.62589, -244073.0
1574458742.519009, -244073.0
1574458747.369061, -244073.0
1574458752.179461, -244073.0
1574458756.987887, -244073.0
1574458761.840221, -244073.0
1574458766.720672, -244073.0
1574458771.550086, -244073.0
1574458776.882551, -244073.0
1574458781.880604, -244073.0
1574458786.806582, -244073.0
1574458791.728008, -244073.0
1574458796.659031, -244073.0
1574458801.490317, -244073.0
1574458806.331001, -244073.0
1574458811.172192, -244073.0
1574458816.172457, -244073.0
1574458821.09398, -244073.0
1574458826.0869, -244073.0
1574458830.954068, -244073.0
1574458835.864527, -244073.0
1574458840.953665, -244073.0
1574458845.758511, -244073.0
1574458850.563972, -244073.0
1574458855.410479, -244073.0
1574458860.27273, -244073.0
1574458865.133545, -244073.0
1574458870.01345, -244073.0
1574458874.888753, -244073.0
1574458879.870107, -244073.0
1574458884.717619, -244073.0
1574458889.53077, -244073.0
1574458894.533288, -244073.0
1574458900.186322, -244073.0
1574458905.115774, -244073.0
1574458910.058668, -244073.0
1574458915.039522, -244073.0
1574458773.937637, -244073.0
1574458777.757716, -244073.0
1574458781.217126, -244073.0
1574458784.654594, -244073.0
1574458788.370725, -244073.0
1574458791.907427, -244073.0
1574458795.381417, -244073.0
1574458798.86316, -244073.0
1574458802.335021, -244073.0
1574458806.016941, -244073.0
1574458809.666732, -244073.0
1574458813.202691, -244073.0
1574458816.761966, -244073.0
1574458820.357871, -244073.0
1574458823.833832, -244073.0
1574458827.298402, -244073.0
1574458830.828987, -244073.0
1574458834.313119, -244073.0
1574458837.729129, -244073.0
1574458841.205131, -244073.0
1574458844.616519, -244073.0
1574458848.240591, -244073.0
1574458851.888793, -244073.0
1574458855.520626, -244073.0
1574458859.186804, -244073.0
1574458862.82576, -244073.0
1574458866.452562, -244073.0
1574458869.969549, -244073.0
1574458873.492785, -244073.0
1574458876.977627, -244073.0
1574458880.564498, -244073.0
1574458884.260358, -244073.0
1574458887.915007, -244073.0
1574458891.591988, -244073.0
1574458895.379368, -244073.0
1574458899.591631, -244073.0
1574458903.14872, -244073.0
1574458906.623408, -244073.0
1574458910.096502, -244073.0
1574458913.550511, -244073.0
1574458917.074809, -244073.0
1574458920.53389, -244073.0
1574458923.940425, -244073.0
1574458927.378165, -244073.0
1574458930.799101, -244073.0
1574458934.274894, -244073.0
1574458937.76759, -244073.0
1574458941.167801, -244073.0
1574458944.677696, -244073.0
1574458948.224073, -244073.0
1574458809.47509, -244073.0
1574458814.355483, -244073.0
1574458819.169307, -244073.0
1574458824.110443, -244073.0
1574458829.028303, -244073.0
1574458833.897117, -244073.0
1574458838.699169, -244073.0
1574458843.689991, -244073.0
1574458848.612, -244073.0
1574458853.48945, -244073.0
1574458858.348011, -244073.0
1574458863.26118, -244073.0
1574458868.147024, -244073.0
1574458873.116094, -244073.0
1574458878.024073, -244073.0
1574458882.966729, -244073.0
1574458887.896375, -244073.0
1574458892.809007, -244073.0
1574458898.152471, -244073.0
1574458903.166551, -244073.0
1574458907.899169, -244073.0
1574458912.686263, -244073.0
1574458917.562128, -244073.0
1574458922.412822, -244073.0
1574458927.151785, -244073.0
1574458931.968028, -244073.0
1574458936.703976, -244073.0
1574458941.478476, -244073.0
1574458946.18734, -244073.0
1574458950.991061, -244073.0
1574458955.477892, -244073.0
1574458959.995699, -244073.0
1574458964.48331, -244073.0
1574458968.989229, -244073.0
1574458973.481994, -244073.0
1574458977.972132, -244073.0
1574458982.464591, -244073.0
1574458986.957121, -244073.0
1574458991.4415, -244073.0
1574458995.928771, -244073.0
1574459000.422741, -244073.0
1574459004.9139, -244073.0
1574459009.404041, -244073.0
1574459013.892297, -244073.0
1574459018.381896, -244073.0
1574459022.868645, -244073.0
1574459027.356379, -244073.0
1574459031.857674, -244073.0
1574459036.34272, -244073.0
1574459040.829299, -244073.0
1574458843.489993, -244073.0
1574458847.011989, -244073.0
1574458850.45782, -244073.0
1574458853.891867, -244073.0
1574458857.310575, -244073.0
1574458860.710549, -244073.0
1574458864.119239, -244073.0
1574458867.559283, -244073.0
1574458871.009696, -244073.0
1574458874.489267, -244073.0
1574458877.937734, -244073.0
1574458881.379458, -244073.0
1574458884.791907, -244073.0
1574458888.189353, -244073.0
1574458891.866361, -244073.0
1574458895.429168, -244073.0
1574458899.279548, -244073.0
1574458902.866103, -244073.0
1574458906.261954, -244073.0
1574458909.645775, -244073.0
1574458913.224595, -244073.0
1574458916.827459, -244073.0
1574458920.315902, -244073.0
1574458923.850296, -244073.0
1574458927.337993, -244073.0
1574458930.842735, -244073.0
1574458934.355522, -244073.0
1574458937.864147, -244073.0
1574458941.354506, -244073.0
1574458944.980807, -244073.0
1574458948.636502, -244073.0
1574458952.096091, -244073.0
1574458955.329077, -244073.0
1574458958.561688, -244073.0
1574458961.797754, -244073.0
1574458965.034067, -244073.0
1574458968.265581, -244073.0
1574458971.518679, -244073.0
1574458974.795988, -244073.0
1574458978.035227, -244073.0
1574458981.272106, -244073.0
1574458984.499602, -244073.0
1574458987.725483, -244073.0
1574458990.952461, -244073.0
1574458994.178117, -244073.0
1574458997.398037, -244073.0
1574459000.621028, -244073.0
1574459003.855135, -244073.0
1574459007.081855, -244073.0
1574459010.309452, -244073.0
1574458916.344975, -244073.0
1574458917.034156, -244073.0
1574458917.726816, -244073.0
1574458918.421425, -244073.0
1574458919.110333, -244073.0
1574458919.78974, -244073.0
1574458920.472514, -244073.0
1574458921.149392, -244073.0
1574458921.832468, -244073.0
1574458922.535475, -244073.0
1574458923.234884, -244073.0
1574458923.913974, -244073.0
1574458924.620274, -244073.0
1574458925.316931, -244073.0
1574458926.033095, -244073.0
1574458926.726733, -244073.0
1574458927.427435, -244073.0
1574458928.12961, -244073.0
1574458928.827538, -244073.0
1574458929.520998, -244073.0
1574458930.214408, -244073.0
1574458930.902983, -244073.0
1574458931.591783, -244073.0
1574458932.265076, -244073.0
1574458932.941785, -244073.0
1574458933.62106, -244073.0
1574458934.309826, -244073.0
1574458934.997284, -244073.0
1574458935.688626, -244073.0
1574458936.378987, -244073.0
1574458937.056146, -244073.0
1574458937.759417, -244073.0
1574458938.449835, -244073.0
1574458939.144995, -244073.0
1574458939.836499, -244073.0
1574458940.541679, -244073.0
1574458941.234345, -244073.0
1574458941.913755, -244073.0
1574458942.588311, -244073.0
1574458943.279739, -244073.0
1574458943.976434, -244073.0
1574458944.654957, -244073.0
1574458945.335429, -244073.0
1574458946.018321, -244073.0
1574458946.701911, -244073.0
1574458947.377577, -244073.0
1574458948.089139, -244073.0
1574458948.838007, -244073.0
1574458949.537811, -244073.0
1574458950.27441, -244073.0
1574458949.410179, -244073.0
1574458950.088806, -244073.0
1574458950.811566, -244073.0
1574458951.474685, -244073.0
1574458952.132214, -244073.0
1574458952.774058, -244073.0
1574458953.420112, -244073.0
1574458954.065951, -244073.0
1574458954.707281, -244073.0
1574458955.349186, -244073.0
1574458955.990808, -244073.0
1574458956.629247, -244073.0
1574458957.272077, -244073.0
1574458957.910326, -244073.0
1574458958.55193, -244073.0
1574458959.194862, -244073.0
1574458959.835364, -244073.0
1574458960.476811, -244073.0
1574458961.116669, -244073.0
1574458961.757515, -244073.0
1574458962.397695, -244073.0
1574458963.03998, -244073.0
1574458963.681827, -244073.0
1574458964.324259, -244073.0
1574458964.965767, -244073.0
1574458965.606839, -244073.0
1574458966.247589, -244073.0
1574458966.90591, -244073.0
1574458967.58633, -244073.0
1574458968.225653, -244073.0
1574458968.86575, -244073.0
1574458969.506458, -244073.0
1574458970.147457, -244073.0
1574458970.789232, -244073.0
1574458971.428953, -244073.0
1574458972.070051, -244073.0
1574458972.710511, -244073.0
1574458973.347961, -244073.0
1574458973.989567, -244073.0
1574458974.63004, -244073.0
1574458975.271906, -244073.0
1574458975.91296, -244073.0
1574458976.555081, -244073.0
1574458977.197759, -244073.0
1574458977.839446, -244073.0
1574458978.480355, -244073.0
1574458979.120634, -244073.0
1574458979.762626, -244073.0
1574458980.431203, -244073.0
1574458981.088581, -244073.0
1574459145.910818, -244073.0
1574459146.653468, -244073.0
1574459147.324985, -244073.0
1574459147.974396, -244073.0
1574459148.619517, -244073.0
1574459149.258611, -244073.0
1574459149.881901, -244073.0
1574459150.584399, -244073.0
1574459151.177509, -39960.0
1574459151.761964, -35793.0
1574459152.336806, -23162.0
1574459152.923863, -12772.0
1574459153.506706, -11740.0
1574459154.112541, -11740.0
1574459154.692042, -11740.0
1574459155.269744, -11740.0
1574459155.86798, -11740.0
1574459156.463986, -11740.0
1574459157.063331, -11740.0
1574459157.670921, -11740.0
1574459158.28329, -11740.0
1574459158.899946, -11740.0
1574459159.502595, -11740.0
1574459160.128007, -11740.0
1574459160.750105, -11740.0
1574459161.367125, -11740.0
1574459161.988562, -11740.0
1574459162.59465, -11740.0
1574459163.196174, -207.0
1574459163.818831, -207.0
1574459164.430741, -207.0
1574459165.06683, -207.0
1574459165.67684, -207.0
1574459166.289876, -207.0
1574459166.912451, -207.0
1574459167.51139, -207.0
1574459168.117482, -207.0
1574459168.721622, -207.0
1574459169.323822, -207.0
1574459169.925764, -207.0
1574459170.536865, -207.0
1574459171.15006, -207.0
1574459171.75605, -207.0
1574459172.355931, -207.0
1574459172.954943, -207.0
1574459173.563445, -207.0
1574459174.176209, -207.0
1574459174.769452, -207.0
1574459175.363273, -207.0
1574459189.182782, -207.0
1574459189.790408, -207.0
1574459190.395119, -207.0
1574459191.010924, -207.0
1574459191.63386, -207.0
1574459192.253104, -207.0
1574459192.860413, -207.0
1574459193.445976, -207.0
1574459206.45691, -206.0
1574459207.054087, -206.0
1574459217.533853, -206.0
1574459228.232263, -206.0
1574459228.80511, -206.0
1574459229.411827, -206.0
1574459230.005842, -206.0
1574459242.036223, -206.0
1574459252.418342, -206.0
1574459263.553632, -206.0
1574459275.218989, -206.0
1574459286.588171, -206.0
1574459298.503338, -206.0
1574459310.196407, -206.0
1574459322.004007, -206.0
1574459332.104097, -206.0
1574459342.949547, -206.0
1574459343.540027, -206.0
1574459344.138976, -206.0
1574459344.726568, -206.0
1574459345.314985, -206.0
1574459345.908996, -206.0
1574459346.520066, -206.0
1574459347.110446, -206.0
1574459347.702337, -206.0
1574459348.300227, -206.0
1574459348.887915, -206.0
1574459349.483192, -206.0
1574459350.070198, -206.0
1574459350.656034, -206.0
1574459351.245041, -206.0
1574459351.83781, -206.0
1574459352.424376, -206.0
1574459353.010192, -206.0
1574459353.606248, -206.0
1574459354.204824, -206.0
1574459354.791408, -206.0
1574459365.964922, -206.0
1574459376.889901, -206.0
1574459387.774987, -206.0
1574459398.311453, -206.0
1574459409.897288, -206.0
1574459420.054298, -206.0
1574459430.910742, -206.0
1574459441.293745, -206.0
1574459451.693291, -203.0
1574459461.108255, -203.0
1574459470.5651, -203.0
1574459480.606636, -203.0
1574459490.766354, -203.0
1574459499.621792, -203.0
1574459509.855705, -203.0
1574459521.161537, -199.0
1574459531.856586, -199.0
1574459542.233571, -199.0
1574459553.422307, -199.0
1574459565.334726, -199.0
1574459577.525052, -199.0
1574459588.00785, -199.0
1574459600.418264, -199.0
1574459612.53002, -199.0
1574459613.119233, -199.0
1574459624.176699, -199.0
1574459635.096597, -199.0
1574459647.20145, -199.0
1574459659.877487, -199.0
1574459671.842005, -199.0
1574459681.994519, -199.0
1574459693.04536, -199.0
1574459704.245351, -199.0
1574459714.66002, -199.0
1574459725.469261, -199.0
1574459736.165521, -199.0
1574459747.108415, -199.0
1574459758.124235, -199.0
1574459768.935942, -199.0
1574459780.12623, -199.0
1574459790.929112, -199.0
1574459801.357569, -199.0
1574459811.81579, -199.0
1574459823.075698, -199.0
1574459834.913892, -199.0
1574459845.994726, -199.0
1574459857.718016, -199.0
1574459869.657199, -199.0
1574459880.847316, -199.0
1574459892.488433, -199.0
1574459903.743585, -199.0
1574459915.188284, -199.0
1574459926.146489, -199.0
1574459936.600233, -199.0
1574459947.077555, -199.0
1574459957.7442, -199.0
1574459968.335324, -199.0
1574459978.890333, -199.0
1574459989.795487, -199.0
1574459999.847088, -199.0
1574460011.346848, -199.0
1574460022.91501, -199.0
1574460034.156587, -199.0
1574460046.119823, -199.0
1574460058.052478, -199.0
1574460068.76247, -199.0
1574460079.204885, -199.0
1574460090.777564, -199.0
1574460102.164085, -199.0
1574460114.388472, -199.0
1574460125.755577, -199.0
1574460136.655468, -199.0
1574460147.26769, -199.0
1574460158.449112, -199.0
1574460168.812807, -199.0
1574460180.410871, -199.0
1574460191.542266, -199.0
1574460202.42034, -199.0
1574460212.907956, -199.0
1574460224.142213, -199.0
1574460235.188648, -199.0
1574460246.388879, -199.0
1574460257.552684, -199.0
1574460270.18627, -199.0
1574460281.577435, -199.0
1574460292.65914, -199.0
1574460304.436526, -199.0
1574460315.902244, -199.0
1574460327.717995, -199.0
1574460338.946342, -199.0
1574460350.66276, -199.0
1574460362.350618, -199.0
1574460374.201453, -199.0
1574460385.292132, -199.0
1574460396.550653, -199.0
1574460408.001389, -199.0
1574460420.092851, -199.0
1574460431.329001, -199.0
1574460441.915569, -199.0
1574460452.905302, -198.0
1574460463.852362, -198.0
1574460474.733999, -198.0
1574460485.922713, -198.0
1574460496.706163, -198.0
1574460507.403323, -198.0
1574460518.39784, -198.0
1574460529.398959, -198.0
1574460540.574089, -198.0
1574460551.503543, -198.0
1574460561.676039, -198.0
1574460572.110812, -198.0
1574460582.548417, -198.0
1574460593.522434, -198.0
1574460603.723916, -198.0
1574460615.175201, -198.0
1574460625.736325, -198.0
1574460635.907679, -198.0
1574460636.461185, -198.0
1574460647.616375, -198.0
1574460658.62185, -198.0
1574460670.286752, -198.0
1574460681.933416, -198.0
1574460693.071863, -198.0
1574460704.395733, -198.0
1574460715.356983, -198.0
1574460725.24993, -198.0
1574460736.853945, -198.0
1574460747.062929, -198.0
1574460757.487059, -198.0
1574460767.72349, -198.0
1574460778.433962, -198.0
1574460788.79671, -198.0
1574460800.230396, -198.0
1574460811.390262, -198.0
1574460823.077441, -198.0
1574460834.921364, -198.0
1574460845.730061, -198.0
1574460856.924056, -198.0
1574460867.7624, -198.0
1574460879.147021, -198.0
1574460891.189629, -198.0
1574460902.230319, -198.0
1574460913.688623, -198.0
1574460925.700521, -198.0
1574460937.465567, -198.0
1574460948.727582, -198.0
1574460960.288813, -198.0
1574460970.812451, -198.0
1574460981.586684, -198.0
1574460992.937086, -198.0
1574461004.089822, -198.0
1574461015.581439, -198.0
1574461026.655513, -198.0
1574461037.910602, -198.0
1574461048.484183, -198.0
1574461059.548217, -198.0
1574459146.354411, -244073.0
1574459147.031773, -244073.0
1574459147.671743, -244073.0
1574459148.311722, -244073.0
1574459148.942621, -244073.0
1574459149.579542, -244073.0
1574459150.207234, -244073.0
1574459150.900788, -244073.0
1574459151.513286, -39960.0
1574459152.138263, -23162.0
1574459152.759534, -19751.0
1574459153.355569, -11740.0
1574459153.975546, -11740.0
1574459154.610373, -11740.0
1574459155.2452, -11740.0
1574459155.864684, -11740.0
1574459156.489216, -11740.0
1574459157.110066, -11740.0
1574459157.742902, -11740.0
1574459158.363803, -11740.0
1574459158.975232, -11740.0
1574459171.729175, -207.0
1574459172.33392, -207.0
1574459172.932157, -207.0
1574459173.544655, -207.0
1574459174.156713, -207.0
1574459174.770697, -207.0
1574459175.389476, -207.0
1574459176.014362, -207.0
1574459176.642563, -207.0
1574459177.280371, -207.0
1574459177.915024, -207.0
1574459178.561469, -207.0
1574459179.209229, -207.0
1574459179.871014, -207.0
1574459180.515372, -207.0
1574459181.182516, -207.0
1574459181.817142, -207.0
1574459182.45123, -207.0
1574459183.077765, -207.0
1574459183.728066, -207.0
1574459194.368318, -207.0
1574459204.478252, -206.0
1574459213.632563, -206.0
1574459223.409266, -206.0
1574459235.967375, -206.0
1574459247.698473, -206.0
1574459258.815803, -206.0
1574459259.427175, -206.0
1574459271.024668, -206.0
1574459282.897141, -206.0
1574459295.069524, -206.0
1574459295.670807, -206.0
1574459296.267736, -206.0
1574459296.873329, -206.0
1574459308.310337, -206.0
1574459318.533146, -206.0
1574459328.4235, -206.0
1574459338.055477, -206.0
1574459347.851798, -206.0
1574459358.570809, -206.0
1574459369.519332, -206.0
1574459380.915017, -206.0
1574459391.288351, -206.0
1574459402.219766, -206.0
1574459414.147421, -206.0
1574459414.759814, -206.0
1574459426.355809, -206.0
1574459436.934259, -206.0
1574459447.549965, -203.0
1574459458.668934, -203.0
1574459468.932179, -203.0
1574459479.569987, -203.0
1574459490.222867, -203.0
1574459501.191445, -203.0
1574459511.484741, -203.0
1574459523.155075, -199.0
1574459534.788242, -199.0
1574459546.385312, -199.0
1574459558.551425, -199.0
1574459570.04697, -199.0
1574459581.080798, -199.0
1574459592.970394, -199.0
1574459604.742818, -199.0
1574459616.073561, -199.0
1574459627.834922, -199.0
1574459639.467779, -199.0
1574459650.949095, -199.0
1574459662.663989, -199.0
1574459673.90594, -199.0
1574459684.839888, -199.0
1574459695.025407, -199.0
1574459705.533056, -199.0
1574459716.642708, -199.0
1574459727.379847, -199.0
1574459738.074617, -199.0
1574459748.629655, -199.0
1574459759.944669, -199.0
1574459771.039076, -199.0
1574459780.87446, -199.0
1574459791.425951, -199.0
1574459802.506585, -199.0
1574459813.21686, -199.0
1574459824.288745, -199.0
1574459835.725068, -199.0
1574459846.258155, -199.0
1574459856.611975, -199.0
1574459867.925017, -199.0
1574459878.613077, -199.0
1574459889.348348, -199.0
1574459900.950586, -199.0
1574459911.862387, -199.0
1574459923.00866, -199.0
1574459933.915523, -199.0
1574459944.936098, -199.0
1574459955.743723, -199.0
1574459966.022875, -199.0
1574459976.716675, -199.0
1574459987.068348, -199.0
1574459998.075724, -199.0
1574460009.100789, -199.0
1574460019.319284, -199.0
1574460030.06173, -199.0
1574460030.615879, -199.0
1574460041.496643, -199.0
1574460051.774796, -199.0
1574460062.187812, -199.0
1574460072.668696, -199.0
1574460083.771086, -199.0
1574460094.53609, -199.0
1574460105.105052, -199.0
1574460115.142815, -199.0
1574460126.688979, -199.0
1574460137.423269, -199.0
1574460148.373362, -199.0
1574460159.183118, -199.0
1574460169.401617, -199.0
1574460179.903861, -199.0
1574460190.774167, -199.0
1574460200.964083, -199.0
1574460211.879386, -199.0
1574460222.401683, -199.0
1574460233.545543, -199.0
1574460244.523284, -199.0
1574460255.024656, -199.0
1574460265.58306, -199.0
1574460276.431724, -199.0
1574460287.308534, -199.0
1574460297.932337, -199.0
1574460308.525577, -199.0
1574460319.232234, -199.0
1574460329.710079, -199.0
1574460340.969824, -199.0
1574460351.448623, -199.0
1574460362.11188, -199.0
1574460372.984905, -199.0
1574460383.448434, -199.0
1574460393.967754, -199.0
1574460405.008882, -199.0
1574460416.022964, -199.0
1574460427.298173, -199.0
1574460438.676756, -199.0
1574460449.082907, -199.0
1574460460.042368, -198.0
1574460471.164451, -198.0
1574460481.885008, -198.0
1574460493.648791, -198.0
1574460504.796898, -198.0
1574460515.124592, -198.0
1574460526.209484, -198.0
1574460537.261943, -198.0
1574460548.127965, -198.0
1574460558.691652, -198.0
1574460569.093272, -198.0
1574460580.107204, -198.0
1574460591.176938, -198.0
1574460601.558521, -198.0
1574460612.534083, -198.0
1574460624.006298, -198.0
1574460634.50999, -198.0
1574460645.251109, -198.0
1574460645.819582, -198.0
1574460656.438528, -198.0
1574460666.777468, -198.0
1574460677.750597, -198.0
1574460688.257342, -198.0
1574460699.096722, -198.0
1574460709.840305, -198.0
1574460721.325222, -198.0
1574460732.17759, -198.0
1574460742.953412, -198.0
1574460753.771344, -198.0
1574460764.208929, -198.0
1574460774.751954, -198.0
1574460785.608523, -198.0
1574460797.123189, -198.0
1574460807.62624, -198.0
1574460818.395749, -198.0
1574460829.145178, -198.0
1574460839.735166, -198.0
1574460850.647912, -198.0
1574460861.405694, -198.0
1574460872.273606, -198.0
1574460883.516111, -198.0
1574460894.11483, -198.0
1574460904.873195, -198.0
1574460915.815655, -198.0
1574460926.490526, -198.0
1574460936.934732, -198.0
1574460947.559535, -198.0
1574460957.873023, -198.0
1574460968.555773, -198.0
1574460979.988163, -198.0
1574460991.182777, -198.0
1574461001.540456, -198.0
1574461012.238708, -198.0
1574461022.903094, -198.0
1574461033.71988, -198.0
1574461044.322886, -198.0
1574461055.154943, -198.0
1574461065.896023, -198.0
1574461077.904318, -198.0
1574461089.581578, -198.0
1574461101.451246, -198.0
1574461112.314436, -198.0
1574461123.444055, -198.0
1574461134.927915, -198.0
1574461145.775937, -198.0
1574461156.50834, -198.0
1574461167.690818, -198.0
1574461179.054343, -198.0
1574461189.940786, -198.0
1574461200.238146, -198.0
1574461210.893176, -198.0
1574461222.028042, -198.0
1574461232.287242, -198.0
1574461243.368407, -198.0
1574461254.577774, -198.0
1574461265.770771, -198.0
1574461276.764731, -198.0
1574461287.341385, -198.0
1574461298.114876, -198.0
1574461309.550661, -198.0
1574461320.281196, -198.0
1574461332.558209, -198.0
1574461344.697509, -198.0
1574461356.814273, -198.0
1574461368.804721, -198.0
1574461380.504203, -198.0
1574461392.341019, -198.0
1574459146.821468, -244073.0
1574459147.538997, -244073.0
1574459148.222495, -244073.0
1574459148.905017, -244073.0
1574459149.539324, -244073.0
1574459150.160525, -244073.0
1574459150.797319, -244073.0
1574459151.51722, -39960.0
1574459152.126623, -23162.0
1574459152.722474, -19751.0
1574459153.336894, -12772.0
1574459163.00713, -207.0
1574459163.609777, -207.0
1574459164.223738, -207.0
1574459164.826964, -207.0
1574459165.421734, -207.0
1574459166.027023, -207.0
1574459166.629682, -207.0
1574459167.235093, -207.0
1574459167.839474, -207.0
1574459180.12772, -207.0
1574459180.721293, -207.0
1574459191.949348, -207.0
1574459192.590624, -207.0
1574459193.248117, -207.0
1574459193.926752, -207.0
1574459194.571048, -207.0
1574459195.206573, -207.0
1574459195.84653, -207.0
1574459196.469736, -207.0
1574459197.0938, -207.0
1574459211.120162, -206.0
1574459220.91327, -206.0
1574459231.990331, -206.0
1574459244.722497, -206.0
1574459256.627965, -206.0
1574459269.377499, -206.0
1574459281.817792, -206.0
1574459293.51523, -206.0
1574459304.138096, -206.0
1574459314.241643, -206.0
1574459324.944601, -206.0
1574459336.010118, -206.0
1574459348.437661, -206.0
1574459360.060108, -206.0
1574459371.755349, -206.0
1574459383.355583, -206.0
1574459395.54816, -206.0
1574459407.366006, -206.0
1574459419.498395, -206.0
1574459431.613505, -206.0
1574459443.686943, -203.0
1574459455.495746, -203.0
1574459467.438101, -203.0
1574459479.47756, -203.0
1574459492.096502, -203.0
1574459503.974263, -203.0
1574459515.371701, -199.0
1574459527.378156, -199.0
1574459539.210879, -199.0
1574459550.913438, -199.0
1574459562.49379, -199.0
1574459574.769812, -199.0
1574459587.546665, -199.0
1574459599.42284, -199.0
1574459612.317768, -199.0
1574459624.22161, -199.0
1574459636.088223, -199.0
1574459647.855161, -199.0
1574459660.0428, -199.0
1574459671.244111, -199.0
1574459682.454024, -199.0
1574459693.367726, -199.0
1574459704.805346, -199.0
1574459715.523216, -199.0
1574459726.496254, -199.0
1574459736.749108, -199.0
1574459747.508937, -199.0
1574459758.113408, -199.0
1574459769.001621, -199.0
1574459779.450523, -199.0
1574459790.326654, -199.0
1574459801.285387, -199.0
1574459812.185283, -199.0
1574459822.679676, -199.0
1574459833.294394, -199.0
1574459843.718444, -199.0
1574459854.138537, -199.0
1574459864.841957, -199.0
1574459874.992655, -199.0
1574459885.569969, -199.0
1574459896.24599, -199.0
1574459907.493286, -199.0
1574459918.624109, -199.0
1574459929.746579, -199.0
1574459940.357585, -199.0
1574459950.726622, -199.0
1574459961.840877, -199.0
1574459972.619974, -199.0
1574459983.081443, -199.0
1574459993.528481, -199.0
1574460004.308517, -199.0
1574460014.397458, -199.0
1574460025.202826, -199.0
1574460035.808974, -199.0
1574460046.324536, -199.0
1574460057.1706, -199.0
1574460067.537887, -199.0
1574460078.5097, -199.0
1574460089.395359, -199.0
1574460099.946089, -199.0
1574460110.26776, -199.0
1574460120.82046, -199.0
1574460131.168684, -199.0
1574460141.840952, -199.0
1574460152.553258, -199.0
1574460163.20933, -199.0
1574460174.016798, -199.0
1574460184.712061, -199.0
1574460195.655395, -199.0
1574460206.584392, -199.0
1574460217.010748, -199.0
1574460227.457659, -199.0
1574460238.134644, -199.0
1574460248.701635, -199.0
1574460259.663497, -199.0
1574460270.326653, -199.0
1574460281.822569, -199.0
1574460292.09928, -199.0
1574460303.199474, -199.0
1574460314.073436, -199.0
1574460324.292657, -199.0
1574460334.589526, -199.0
1574460346.25853, -199.0
1574460356.998379, -199.0
1574460368.135405, -199.0
1574460378.967838, -199.0
1574460389.831954, -199.0
1574460401.167165, -199.0
1574460411.932504, -199.0
1574460422.381483, -199.0
1574460433.528553, -199.0
1574460444.53884, -199.0
1574460455.277985, -198.0
1574460466.01399, -198.0
1574460477.685541, -198.0
1574460489.266864, -198.0
1574460499.933104, -198.0
1574460510.920957, -198.0
1574460523.14674, -198.0
1574460534.617862, -198.0
1574460546.447696, -198.0
1574460558.362305, -198.0
1574460569.426006, -198.0
1574460581.296408, -198.0
1574460592.813709, -198.0
1574460604.265065, -198.0
1574460616.280138, -198.0
1574460626.798548, -198.0
1574460638.634185, -198.0
1574460650.16085, -198.0
1574460661.10561, -198.0
1574460671.663763, -198.0
1574460672.224684, -198.0
1574460683.096807, -198.0
1574460693.710689, -198.0
1574460704.323971, -198.0
1574460714.744376, -198.0
1574460725.522972, -198.0
1574460737.191633, -198.0
1574460748.635812, -198.0
1574460759.68286, -198.0
1574460770.967267, -198.0
1574460782.422747, -198.0
1574460794.513614, -198.0
1574460806.347, -198.0
1574460817.294872, -198.0
1574460828.362651, -198.0
1574460839.139267, -198.0
1574460849.995495, -198.0
1574460861.157963, -198.0
1574460871.946997, -198.0
1574460882.293875, -198.0
1574460893.112377, -198.0
1574460904.098364, -198.0
1574460914.91899, -198.0
1574460926.803135, -198.0
1574460937.338951, -198.0
1574460948.010308, -198.0
1574460958.537011, -198.0
1574460969.415667, -198.0
1574460979.808454, -198.0
1574460991.301343, -198.0
1574461001.800309, -198.0
1574461012.595309, -198.0
1574461023.534519, -198.0
1574461034.091845, -198.0
1574461044.086173, -198.0
1574461054.906208, -198.0
1574461065.597783, -198.0
1574461076.487228, -198.0
1574461087.629486, -198.0
1574461098.516618, -198.0
1574461109.112335, -198.0
1574461119.797432, -198.0
1574461131.183629, -198.0
1574461141.762486, -198.0
1574461152.466343, -198.0
1574461162.883945, -198.0
1574461173.200787, -198.0
1574461183.818048, -198.0
1574461194.023475, -198.0
1574461204.909988, -198.0
1574461215.536849, -198.0
1574461226.176663, -198.0
1574461236.992635, -198.0
1574461247.547237, -198.0
1574461257.950874, -198.0
1574461268.501864, -198.0
1574461278.567314, -198.0
1574461289.764492, -198.0
1574461301.131902, -198.0
1574461313.21562, -198.0
1574461324.943462, -198.0
1574461337.196562, -198.0
1574461347.780365, -198.0
1574461358.751185, -198.0
1574461369.662634, -198.0
1574461380.316233, -198.0
1574461391.658465, -198.0
1574461402.6331, -198.0
1574461413.655093, -198.0
1574461424.765405, -198.0
1574461436.129423, -198.0
1574461446.642358, -198.0
1574461457.387381, -198.0
1574461468.54693, -198.0
1574461479.820874, -198.0
1574461490.666598, -198.0
1574461501.723396, -198.0
1574461512.65018, -198.0
1574461522.99388, -198.0
1574461533.381901, -198.0
1574461544.071461, -198.0
1574461554.934185, -198.0
1574461565.343117, -198.0
1574461575.526384, -198.0
1574461586.259636, -198.0
1574461596.839104, -198.0
1574461607.807515, -198.0
1574459147.296878, -244073.0
1574459147.962239, -244073.0
1574459148.588417, -244073.0
1574459149.261036, -244073.0
1574459149.971114, -244073.0
1574459150.651193, -244073.0
1574459151.357663, -39960.0
1574459152.110497, -35793.0
1574459152.794956, -12772.0
1574459166.360868, -207.0
1574459179.057769, -207.0
1574459190.057285, -207.0
1574459199.929233, -206.0
1574459210.973686, -206.0
1574459221.200013, -206.0
1574459232.869636, -206.0
1574459244.277587, -206.0
1574459255.342195, -206.0
1574459266.567051, -206.0
1574459278.340664, -206.0
1574459290.470718, -206.0
1574459302.507122, -206.0
1574459313.816925, -206.0
1574459324.451128, -206.0
1574459335.940335, -206.0
1574459346.562276, -206.0
1574459357.279594, -206.0
1574459368.408898, -206.0
1574459379.366511, -206.0
1574459390.365901, -206.0
1574459401.564361, -206.0
1574459413.060251, -206.0
1574459424.132123, -206.0
1574459435.217984, -206.0
1574459446.582428, -203.0
1574459457.949568, -203.0
1574459470.143432, -203.0
1574459483.372479, -203.0
1574459495.518686, -203.0
1574459508.706225, -203.0
1574459521.195081, -199.0
1574459534.204464, -199.0
1574459546.744878, -199.0
1574459547.340794, -199.0
1574459559.243384, -199.0
1574459570.750439, -199.0
1574459583.07495, -199.0
1574459594.732236, -199.0
1574459606.471637, -199.0
1574459618.551084, -199.0
1574459630.124901, -199.0
1574459641.998699, -199.0
1574459653.554385, -199.0
1574459665.107606, -199.0
1574459676.621908, -199.0
1574459688.084971, -199.0
1574459699.464207, -199.0
1574459710.940239, -199.0
1574459722.301448, -199.0
1574459733.643781, -199.0
1574459745.487118, -199.0
1574459756.987493, -199.0
1574459768.515682, -199.0
1574459779.795959, -199.0
1574459791.145134, -199.0
1574459802.484367, -199.0
1574459814.094409, -199.0
1574459826.046356, -199.0
1574459837.309153, -199.0
1574459848.078426, -199.0
1574459859.166994, -199.0
1574459870.365645, -199.0
1574459881.259541, -199.0
1574459892.471489, -199.0
1574459903.287029, -199.0
1574459914.421091, -199.0
1574459925.811876, -199.0
1574459936.519048, -199.0
1574459947.414839, -199.0
1574459958.951343, -199.0
1574459970.69482, -199.0
1574459982.522736, -199.0
1574459994.051795, -199.0
1574460005.241581, -199.0
1574460016.269061, -199.0
1574460027.067118, -199.0
1574460038.141097, -199.0
1574460048.721486, -199.0
1574460059.454523, -199.0
1574460070.435933, -199.0
1574460081.529089, -199.0
1574460092.34943, -199.0
1574460103.031938, -199.0
1574460113.23525, -199.0
1574460124.067732, -199.0
1574460134.828307, -199.0
1574460146.861203, -199.0
1574460158.238661, -199.0
1574460169.401773, -199.0
1574460180.591986, -199.0
1574460191.660963, -199.0
1574460203.314807, -199.0
1574460214.643933, -199.0
1574460225.334478, -199.0
1574460236.066361, -199.0
1574460247.21513, -199.0
1574460258.081402, -199.0
1574460268.696213, -199.0
1574460279.205435, -199.0
1574460289.843824, -199.0
1574460300.60453, -199.0
1574460310.970489, -199.0
1574460321.925471, -199.0
1574460332.853058, -199.0
1574460343.811604, -199.0
1574460354.561313, -199.0
1574460364.931317, -199.0
1574460375.556733, -199.0
1574460386.879242, -199.0
1574460397.713181, -199.0
1574460408.743382, -199.0
1574460419.208784, -199.0
1574460430.063782, -199.0
1574460441.169928, -199.0
1574460451.346891, -198.0
1574460462.265085, -198.0
1574460473.407951, -198.0
1574460484.313402, -198.0
1574460494.86781, -198.0
1574460505.561809, -198.0
1574460516.677546, -198.0
1574460527.756065, -198.0
1574460538.680009, -198.0
1574460548.984215, -198.0
1574460559.66648, -198.0
1574460570.306947, -198.0
1574460580.897883, -198.0
1574460591.011681, -198.0
1574460601.801803, -198.0
1574460612.21116, -198.0
1574460623.573012, -198.0
1574460633.785448, -198.0
1574460644.733316, -198.0
1574460655.387628, -198.0
1574460666.290233, -198.0
1574460677.466374, -198.0
1574460687.80903, -198.0
1574460698.415973, -198.0
1574460708.922715, -198.0
1574460720.166802, -198.0
1574460730.626901, -198.0
1574460741.935275, -198.0
1574460753.190242, -198.0
1574460763.511889, -198.0
1574460773.676579, -198.0
1574460784.418414, -198.0
1574460794.947602, -198.0
1574460806.031371, -198.0
1574460816.868448, -198.0
1574460827.930166, -198.0
1574460838.64942, -198.0
1574460848.952926, -198.0
1574460859.94784, -198.0
1574460870.977583, -198.0
1574460882.213598, -198.0
1574460892.946801, -198.0
1574460903.647765, -198.0
1574460914.584338, -198.0
1574460925.684921, -198.0
1574460936.273012, -198.0
1574460946.860319, -198.0
1574460957.097232, -198.0
1574460967.854108, -198.0
1574460977.820008, -198.0
1574460988.493972, -198.0
1574460999.025387, -198.0
1574461009.76561, -198.0
1574461020.241526, -198.0
1574461031.059537, -198.0
1574461041.525289, -198.0
1574461052.114002, -198.0
1574461063.359035, -198.0
1574461073.798195, -198.0
1574461084.977574, -198.0
1574461096.204381, -198.0
1574461107.24037, -198.0
1574461118.73468, -198.0
1574461129.494631, -198.0
1574461139.554401, -198.0
1574461150.332861, -198.0
1574461161.310873, -198.0
1574461171.712856, -198.0
1574461182.503005, -198.0
1574461193.42926, -198.0
1574461204.709065, -198.0
1574461215.712749, -198.0
1574461226.239656, -198.0
1574461236.75716, -198.0
1574461247.932736, -198.0
1574461248.489165, -198.0
1574461259.504117, -198.0
1574461270.216866, -198.0
1574461281.554272, -198.0
1574461292.707577, -198.0
1574461303.640151, -198.0
1574461314.439191, -198.0
1574461326.006109, -198.0
1574461336.574372, -198.0
1574461347.583503, -198.0
1574461357.982443, -198.0
1574461368.961996, -198.0
1574461380.639111, -198.0
1574461391.547707, -198.0
1574461402.083366, -198.0
1574461412.867643, -198.0
1574461423.441863, -198.0
1574461434.32472, -198.0
1574461444.875284, -198.0
1574461455.951086, -198.0
1574461467.859244, -198.0
1574461479.564002, -198.0
1574461491.27328, -198.0
1574461502.668794, -198.0
1574461514.725198, -198.0
1574461525.850728, -198.0
1574461537.439162, -198.0
1574461548.867205, -198.0
1574461560.438371, -198.0
1574461571.451433, -198.0
1574461582.436926, -198.0
1574461592.773667, -198.0
1574461603.467987, -198.0
1574461614.137595, -198.0
1574461625.210082, -198.0
1574461635.880613, -198.0
1574461646.043024, -198.0
1574461657.270559, -198.0
1574461668.694479, -198.0
1574461680.219736, -198.0
1574461691.089006, -198.0
1574461702.694802, -198.0
1574461713.445686, -198.0
1574461724.741061, -198.0
1574461735.27079, -198.0
1574461746.315775, -198.0
1574461757.618207, -198.0
1574461769.172247, -198.0
1574461780.248628, -198.0
1574461791.454012, -198.0
1574461803.14896, -198.0
1574461060.618005, -198.0
1574461061.224579, -198.0
1574461061.838571, -198.0
1574461062.448045, -198.0
1574461063.055439, -198.0
1574461063.639913, -198.0
1574461064.199112, -198.0
1574461075.186643, -198.0
1574461086.163387, -198.0
1574461097.974371, -198.0
1574461108.880388, -198.0
1574461119.693618, -198.0
1574461130.889389, -198.0
1574461142.977119, -198.0
1574461154.546463, -198.0
1574461166.692992, -198.0
1574461179.059448, -198.0
1574461190.708556, -198.0
1574461202.446878, -198.0
1574461214.570224, -198.0
1574461226.737248, -198.0
1574461227.311445, -198.0
1574461238.96555, -198.0
1574461251.301597, -198.0
1574461263.167994, -198.0
1574461274.78711, -198.0
1574461286.535633, -198.0
1574461297.535561, -198.0
1574461310.119655, -198.0
1574461321.585041, -198.0
1574461333.163538, -198.0
1574461344.175228, -198.0
1574461355.198799, -198.0
1574461366.193526, -198.0
1574461377.916448, -198.0
1574461388.923243, -198.0
1574461400.776445, -198.0
1574461412.253731, -198.0
1574461423.901853, -198.0
1574461434.891789, -198.0
1574461445.91654, -198.0
1574461456.774889, -198.0
1574461468.672139, -198.0
1574461480.085283, -198.0
1574461490.989193, -198.0
1574461501.719227, -198.0
1574461513.178846, -198.0
1574461524.179516, -198.0
1574461535.377218, -198.0
1574461546.864856, -198.0
1574461557.941065, -198.0
1574461569.071183, -198.0
1574461580.042404, -198.0
1574461591.222172, -198.0
1574461602.348878, -198.0
1574461613.451059, -198.0
1574461624.184746, -198.0
1574461635.399464, -198.0
1574461646.124351, -198.0
1574461657.642107, -198.0
1574461669.045606, -198.0
1574461679.73631, -198.0
1574461690.779959, -198.0
1574461702.134248, -198.0
1574461713.706656, -198.0
1574461725.063314, -198.0
1574461736.377589, -198.0
1574461747.170526, -198.0
1574461757.881866, -198.0
1574461768.430017, -198.0
1574461779.089528, -198.0
1574461790.645881, -198.0
1574461802.075857, -198.0
1574461813.449174, -198.0
1574461824.563955, -198.0
1574461836.377253, -198.0
1574461847.08278, -198.0
1574461857.909285, -198.0
1574461868.632601, -198.0
1574461879.674751, -198.0
1574461890.857443, -198.0
1574461901.139051, -198.0
1574461912.376603, -198.0
1574461923.643994, -198.0
1574461935.261472, -198.0
1574461945.271473, -198.0
1574461955.985954, -198.0
1574461966.839748, -198.0
1574461977.620909, -198.0
1574461987.969777, -198.0
1574461998.847798, -198.0
1574462010.357186, -198.0
1574462021.263134, -198.0
1574462032.209707, -198.0
1574462043.473243, -198.0
1574462054.345038, -198.0
1574462065.446385, -198.0
1574462076.371245, -198.0
1574462087.410788, -198.0
1574462098.17051, -198.0
1574462108.98656, -198.0
1574462119.759669, -198.0
1574462130.382052, -198.0
1574462141.463485, -198.0
1574462152.756013, -198.0
1574462163.851712, -198.0
1574462175.080672, -198.0
1574462186.863354, -198.0
1574462198.649866, -198.0
1574462210.311736, -198.0
1574462221.622957, -198.0
1574462232.414494, -198.0
1574462243.924081, -198.0
1574462254.822584, -198.0
1574462266.426228, -198.0
1574462277.398153, -198.0
1574462287.79052, -198.0
1574462298.926893, -198.0
1574462310.022407, -198.0
1574462321.218628, -198.0
1574462332.432977, -198.0
1574462343.649981, -198.0
1574462355.236725, -198.0
1574462367.184992, -198.0
1574462378.311959, -198.0
1574462388.975019, -198.0
1574462399.194019, -198.0
1574462410.151138, -198.0
1574462421.214156, -198.0
1574462432.066746, -198.0
1574462442.860177, -198.0
1574462453.450789, -198.0
1574462463.666123, -198.0
1574462473.989802, -198.0
1574462484.625253, -198.0
1574462494.796394, -198.0
1574462505.460111, -198.0
1574462516.257908, -198.0
1574462526.792951, -198.0
1574462537.145586, -198.0
1574462548.488381, -198.0
1574462559.467105, -198.0
1574462570.331782, -198.0
1574462581.20712, -198.0
1574462592.530611, -198.0
1574462603.831248, -198.0
1574462614.669054, -198.0
1574462625.729037, -198.0
1574462636.232719, -198.0
1574462647.08779, -198.0
1574462657.955768, -198.0
1574462668.907775, -198.0
1574462679.478942, -198.0
1574462690.494323, -198.0
1574462701.092246, -198.0
1574462712.218806, -198.0
1574462723.482195, -198.0
1574462734.132705, -198.0
1574462744.529569, -198.0
1574462755.245074, -198.0
1574462766.169926, -198.0
1574462778.61074, -198.0
1574462789.83742, -198.0
1574462801.254561, -198.0
1574462812.137256, -198.0
1574462823.396305, -198.0
1574462835.324394, -198.0
1574462846.362684, -198.0
1574462857.09554, -198.0
1574462867.651231, -198.0
1574462878.345589, -198.0
1574462889.218425, -198.0
1574462900.870044, -198.0
1574462911.196455, -198.0
1574462922.557159, -198.0
1574462933.527112, -198.0
1574462945.288019, -198.0
1574462956.728512, -198.0
1574462968.053172, -198.0
1574462979.509989, -198.0
1574462990.756473, -198.0
1574463001.62709, -198.0
1574463012.075062, -198.0
1574463023.162003, -198.0
1574463033.678646, -198.0
1574463044.721795, -198.0
1574463055.337876, -198.0
1574463066.408567, -198.0
1574463077.565415, -198.0
1574463087.710798, -198.0
1574463098.84132, -198.0
1574463110.67529, -198.0
1574463121.261699, -198.0
1574463131.986195, -198.0
1574463143.793388, -198.0
1574463154.165112, -198.0
1574463164.762781, -198.0
1574463175.308354, -198.0
1574463185.927415, -198.0
1574463196.443764, -198.0
1574463207.538325, -198.0
1574463218.70735, -198.0
1574463228.768903, -198.0
1574463240.331889, -198.0
1574463251.09809, -198.0
1574463262.359847, -198.0
1574463272.288304, -198.0
1574463283.220496, -198.0
1574463293.967506, -198.0
1574463304.495542, -198.0
1574463314.673914, -198.0
1574463325.467482, -198.0
1574463335.803526, -198.0
1574463346.431753, -198.0
1574463357.128991, -198.0
1574463367.743985, -198.0
1574463378.467442, -198.0
1574463388.676436, -198.0
1574463399.605668, -198.0
1574463410.817289, -198.0
1574463421.793074, -198.0
1574463432.137858, -198.0
1574463442.826266, -198.0
1574463453.963404, -198.0
1574463464.955098, -198.0
1574463477.154158, -198.0
1574463488.176721, -198.0
1574463499.125397, -198.0
1574463510.283919, -198.0
1574463520.764431, -198.0
1574463532.304544, -198.0
1574463544.12195, -198.0
1574463555.253016, -198.0
1574463566.975679, -198.0
1574463579.383412, -198.0
1574463590.326731, -198.0
1574463602.00108, -198.0
1574463613.710613, -198.0
1574463625.970917, -198.0
1574463637.63474, -198.0
1574463649.369417, -198.0
1574463660.017285, -198.0
1574463671.042776, -198.0
1574463682.12441, -198.0
1574463692.621459, -198.0
1574463703.846735, -198.0
1574463715.334696, -198.0
1574463726.387965, -198.0
1574463737.129812, -198.0
1574463748.063518, -198.0
1574461393.532356, -198.0
1574461405.882008, -198.0
1574461417.255266, -198.0
1574461428.776613, -198.0
1574461439.759116, -198.0
1574461451.653985, -198.0
1574461464.361223, -198.0
1574461464.987388, -198.0
1574461465.606899, -198.0
1574461466.43694, -198.0
1574461467.032046, -198.0
1574461467.635251, -198.0
1574461468.336256, -198.0
1574461469.058597, -198.0
1574461469.76218, -198.0
1574461470.364482, -198.0
1574461471.110313, -198.0
1574461471.792591, -198.0
1574461483.559579, -198.0
1574461494.23211, -198.0
1574461505.528718, -198.0
1574461516.650478, -198.0
1574461526.894698, -198.0
1574461537.990468, -198.0
1574461548.949679, -198.0
1574461559.79253, -198.0
1574461570.761161, -198.0
1574461582.076871, -198.0
1574461593.97872, -198.0
1574461605.464559, -198.0
1574461616.583439, -198.0
1574461627.328942, -198.0
1574461638.639094, -198.0
1574461650.09841, -198.0
1574461661.378265, -198.0
1574461673.711668, -198.0
1574461685.561539, -198.0
1574461697.144099, -198.0
1574461708.393749, -198.0
1574461720.497943, -198.0
1574461732.124112, -198.0
1574461743.907318, -198.0
1574461755.209416, -198.0
1574461767.132286, -198.0
1574461778.472951, -198.0
1574461790.200406, -198.0
1574461801.836115, -198.0
1574461813.101597, -198.0
1574461825.054922, -198.0
1574461837.288925, -198.0
1574461848.86119, -198.0
1574461860.731973, -198.0
1574461872.409783, -198.0
1574461884.299429, -198.0
1574461896.295018, -198.0
1574461907.383349, -198.0
1574461918.651352, -198.0
1574461930.207169, -198.0
1574461941.771196, -198.0
1574461953.676197, -198.0
1574461965.059386, -198.0
1574461975.837175, -198.0
1574461986.772274, -198.0
1574461997.807094, -198.0
1574462008.825904, -198.0
1574462019.953673, -198.0
1574462030.906518, -198.0
1574462042.602039, -198.0
1574462053.583806, -198.0
1574462064.708099, -198.0
1574462075.62287, -198.0
1574462087.557151, -198.0
1574462099.832754, -198.0
1574462111.755336, -198.0
1574462123.794132, -198.0
1574462134.955663, -198.0
1574462146.595767, -198.0
1574462158.284757, -198.0
1574462168.990048, -198.0
1574462180.127751, -198.0
1574462190.904818, -198.0
1574462201.709313, -198.0
1574462212.654912, -198.0
1574462223.750829, -198.0
1574462234.823641, -198.0
1574462245.541477, -198.0
1574462256.241778, -198.0
1574462266.963324, -198.0
1574462277.97773, -198.0
1574462288.806906, -198.0
1574462299.117227, -198.0
1574462310.550682, -198.0
1574462321.41314, -198.0
1574462332.313462, -198.0
1574462342.880084, -198.0
1574462353.370766, -198.0
1574462364.421759, -198.0
1574462375.979891, -198.0
1574462386.997074, -198.0
1574462398.317963, -198.0
1574462408.562687, -198.0
1574462419.430471, -198.0
1574462430.000254, -198.0
1574462440.610037, -198.0
1574462451.033243, -198.0
1574462461.334692, -198.0
1574462471.81016, -198.0
1574462482.624388, -198.0
1574462493.315636, -198.0
1574462503.897229, -198.0
1574462514.897674, -198.0
1574462525.614969, -198.0
1574462536.492663, -198.0
1574462547.517676, -198.0
1574462558.705509, -198.0
1574462569.175644, -198.0
1574462580.09655, -198.0
1574462590.609565, -198.0
1574462601.793144, -198.0
1574462612.497362, -198.0
1574462624.169519, -198.0
1574462634.546227, -198.0
1574462645.00077, -198.0
1574462655.554006, -198.0
1574462666.025421, -198.0
1574462676.550595, -198.0
1574462686.953999, -198.0
1574462697.893033, -198.0
1574462708.545244, -198.0
1574462719.306039, -198.0
1574462730.038115, -198.0
1574462740.698746, -198.0
1574462751.030021, -198.0
1574462761.473915, -198.0
1574462772.201572, -198.0
1574462782.864376, -198.0
1574462793.489397, -198.0
1574462804.512938, -198.0
1574462814.85562, -198.0
1574462825.497763, -198.0
1574462836.358288, -198.0
1574462847.698464, -198.0
1574462858.989771, -198.0
1574462870.381821, -198.0
1574462881.487971, -198.0
1574462892.435502, -198.0
1574462903.959278, -198.0
1574462915.491875, -198.0
1574462925.924298, -198.0
1574462936.50816, -198.0
1574462946.901493, -198.0
1574462957.611017, -198.0
1574462968.329243, -198.0
1574462979.010876, -198.0
1574462989.758815, -198.0
1574463000.257839, -198.0
1574463011.122245, -198.0
1574463022.088976, -198.0
1574463032.600779, -198.0
1574463044.011911, -198.0
1574463054.927339, -198.0
1574463065.74531, -198.0
1574463076.259458, -198.0
1574463086.450567, -198.0
1574463098.465498, -198.0
1574463109.281053, -198.0
1574463119.839248, -198.0
1574463130.520258, -198.0
1574463141.12372, -198.0
1574463152.008007, -198.0
1574463162.420143, -198.0
1574463173.488986, -198.0
1574463184.580023, -198.0
1574463195.03492, -198.0
1574463205.787213, -198.0
1574463217.010895, -198.0
1574463228.09068, -198.0
1574463239.241459, -198.0
1574463250.410444, -198.0
1574463261.340095, -198.0
1574463271.684967, -198.0
1574463282.29167, -198.0
1574463292.846283, -198.0
1574463303.716514, -198.0
1574463315.015501, -198.0
1574463326.083402, -198.0
1574463336.311007, -198.0
1574463346.753787, -198.0
1574463358.233135, -198.0
1574463369.16901, -198.0
1574463379.531642, -198.0
1574463390.542379, -198.0
1574463401.024922, -198.0
1574463411.944358, -198.0
1574463422.484359, -198.0
1574463433.612299, -198.0
1574463443.869632, -198.0
1574463454.385457, -198.0
1574463465.289096, -198.0
1574463476.088033, -198.0
1574463487.780558, -198.0
1574463499.420745, -198.0
1574463511.336462, -198.0
1574463523.592252, -198.0
1574463535.852784, -198.0
1574463536.467211, -198.0
1574463547.835299, -198.0
1574463558.326048, -198.0
1574463569.451277, -198.0
1574463579.569873, -198.0
1574463591.052282, -198.0
1574463601.440353, -198.0
1574463611.887348, -198.0
1574463623.413089, -198.0
1574463634.5388, -198.0
1574463645.612261, -198.0
1574463656.06622, -198.0
1574463666.755123, -198.0
1574463677.809377, -198.0
1574463688.887098, -198.0
1574463699.306233, -198.0
1574463710.520114, -198.0
1574463721.484134, -198.0
1574463732.861386, -198.0
1574463743.193187, -198.0
1574463754.133111, -198.0
1574463765.341168, -198.0
1574463776.921623, -198.0
1574463788.415433, -198.0
1574463799.993824, -198.0
1574463810.588793, -198.0
1574463821.688998, -198.0
1574463832.07266, -198.0
1574463842.989662, -198.0
1574463854.569229, -198.0
1574463866.18753, -198.0
1574463877.103683, -198.0
1574463888.961901, -198.0
1574463900.573969, -198.0
1574463911.679334, -198.0
1574463923.129872, -198.0
1574463934.342108, -198.0
1574463945.751611, -198.0
1574463958.088028, -198.0
1574463969.690897, -198.0
1574463980.870293, -198.0
1574463991.940135, -198.0
1574464003.008695, -198.0
1574464013.876741, -198.0
1574464025.951801, -198.0
1574461608.993701, -198.0
1574461609.704857, -198.0
1574461623.026203, -198.0
1574461634.603467, -198.0
1574461646.318397, -198.0
1574461658.002931, -198.0
1574461669.008758, -198.0
1574461680.395773, -198.0
1574461691.172305, -198.0
1574461702.875719, -198.0
1574461713.704996, -198.0
1574461724.762378, -198.0
1574461735.453485, -198.0
1574461746.560021, -198.0
1574461757.131227, -198.0
1574461768.497649, -198.0
1574461779.2183, -198.0
1574461789.988561, -198.0
1574461800.740082, -198.0
1574461812.371577, -198.0
1574461823.011238, -198.0
1574461834.198868, -198.0
1574461845.512488, -198.0
1574461856.420518, -198.0
1574461867.489769, -198.0
1574461878.593482, -198.0
1574461889.75752, -198.0
1574461900.550969, -198.0
1574461911.193211, -198.0
1574461921.708529, -198.0
1574461932.675554, -198.0
1574461943.556958, -198.0
1574461954.967804, -198.0
1574461966.861413, -198.0
1574461978.176378, -198.0
1574461989.623707, -198.0
1574462001.302303, -198.0
1574462012.10773, -198.0
1574462023.675802, -198.0
1574462035.055725, -198.0
1574462046.906874, -198.0
1574462058.600751, -198.0
1574462070.427395, -198.0
1574462081.322051, -198.0
1574462092.521685, -198.0
1574462104.205462, -198.0
1574462115.358088, -198.0
1574462126.501322, -198.0
1574462137.790687, -198.0
1574462149.119286, -198.0
1574462160.547221, -198.0
1574462171.339891, -198.0
1574462182.505734, -198.0
1574462193.650435, -198.0
1574462204.452675, -198.0
1574462215.434525, -198.0
1574462226.492259, -198.0
1574462237.826346, -198.0
1574462249.085438, -198.0
1574462260.170598, -198.0
1574462270.815685, -198.0
1574462281.368517, -198.0
1574462292.524381, -198.0
1574462302.984318, -198.0
1574462314.294357, -198.0
1574462325.048893, -198.0
1574462335.827578, -198.0
1574462346.862321, -198.0
1574462357.771351, -198.0
1574462369.057022, -198.0
1574462380.591904, -198.0
1574462391.324343, -198.0
1574462403.239925, -198.0
1574462414.692671, -198.0
1574462426.192263, -198.0
1574462437.661321, -198.0
1574462448.712812, -198.0
1574462459.713105, -198.0
1574462470.658986, -198.0
1574462480.780484, -198.0
1574462491.173501, -198.0
1574462502.250724, -198.0
1574462513.278025, -198.0
1574462524.088418, -198.0
1574462534.876747, -198.0
1574462545.494548, -198.0
1574462557.036804, -198.0
1574462568.115216, -198.0
1574462578.98474, -198.0
1574462589.980713, -198.0
1574462600.486053, -198.0
1574462611.9338, -198.0
1574462622.648584, -198.0
1574462634.319582, -198.0
1574462644.672216, -198.0
1574462654.937397, -198.0
1574462665.408943, -198.0
1574462676.33471, -198.0
1574462687.281621, -198.0
1574462697.695018, -198.0
1574462708.295657, -198.0
1574462719.490715, -198.0
1574462730.037909, -198.0
1574462740.546996, -198.0
1574462751.585239, -198.0
1574462762.037011, -198.0
1574462772.404348, -198.0
1574462783.113633, -198.0
1574462793.943196, -198.0
1574462804.061762, -198.0
1574462815.126164, -198.0
1574462825.541873, -198.0
1574462836.632943, -198.0
1574462847.274898, -198.0
1574462858.45315, -198.0
1574462868.667612, -198.0
1574462879.786933, -198.0
1574462890.504395, -198.0
1574462900.797394, -198.0
1574462911.327564, -198.0
1574462922.368855, -198.0
1574462932.714846, -198.0
1574462943.219953, -198.0
1574462953.873167, -198.0
1574462964.369498, -198.0
1574462974.813456, -198.0
1574462985.389554, -198.0
1574462996.220921, -198.0
1574463006.682012, -198.0
1574463017.844994, -198.0
1574463028.666783, -198.0
1574463039.898619, -198.0
1574463051.545951, -198.0
1574463062.873261, -198.0
1574463074.491889, -198.0
1574463085.836185, -198.0
1574463096.838063, -198.0
1574463108.907793, -198.0
1574463120.315076, -198.0
1574463131.279765, -198.0
1574463142.400113, -198.0
1574463153.798411, -198.0
1574463165.184756, -198.0
1574463176.319092, -198.0
1574463187.287478, -198.0
1574463198.532804, -198.0
1574463208.976669, -198.0
1574463219.416928, -198.0
1574463230.642764, -198.0
1574463241.41461, -198.0
1574463252.132214, -198.0
1574463263.26642, -198.0
1574463274.341425, -198.0
1574463284.777493, -198.0
1574463295.25556, -198.0
1574463306.474021, -198.0
1574463317.165238, -198.0
1574463327.902599, -198.0
1574463339.13233, -198.0
1574463349.548284, -198.0
1574463360.530722, -198.0
1574463372.363804, -198.0
1574463383.673494, -198.0
1574463394.885019, -198.0
1574463406.617154, -198.0
1574463418.192332, -198.0
1574463429.144831, -198.0
1574463439.36098, -198.0
1574463450.304029, -198.0
1574463461.526724, -198.0
1574463472.552734, -198.0
1574463484.266891, -198.0
1574463494.929092, -198.0
1574463505.808475, -198.0
1574463516.624638, -198.0
1574463527.005967, -198.0
1574463538.192122, -198.0
1574463549.621056, -198.0
1574463560.582013, -198.0
1574463571.873135, -198.0
1574463582.614002, -198.0
1574463593.642648, -198.0
1574463604.059226, -198.0
1574463615.748725, -198.0
1574463626.421958, -198.0
1574463637.410925, -198.0
1574463648.334393, -198.0
1574463659.600075, -198.0
1574463671.264506, -198.0
1574463683.14193, -198.0
1574463694.447752, -198.0
1574463705.914164, -198.0
1574463717.038561, -198.0
1574463728.974551, -198.0
1574463741.047447, -198.0
1574463753.138496, -198.0
1574463763.545497, -198.0
1574463774.101579, -198.0
1574463784.292152, -198.0
1574463795.338567, -198.0
1574463806.38204, -198.0
1574463816.886817, -198.0
1574463827.757129, -198.0
1574463838.904518, -198.0
1574463849.744499, -198.0
1574463860.566379, -198.0
1574463871.223601, -198.0
1574463881.726823, -198.0
1574463892.094717, -198.0
1574463902.556981, -198.0
1574463913.420615, -198.0
1574463923.897583, -198.0
1574463934.268739, -198.0
1574463944.930723, -198.0
1574463955.807993, -198.0
1574463967.237723, -198.0
1574463977.98637, -198.0
1574463988.158243, -198.0
1574463999.065887, -198.0
1574464010.045672, -198.0
1574464020.954863, -198.0
1574464032.129639, -198.0
1574464042.784894, -198.0
1574464054.065347, -198.0
1574464064.619951, -198.0
1574464075.009914, -198.0
1574464085.500775, -198.0
1574464096.414475, -198.0
1574464107.360356, -198.0
1574464118.253615, -198.0
1574464128.68499, -198.0
1574464139.370069, -198.0
1574464150.132662, -198.0
1574464160.830166, -198.0
1574464171.48047, -198.0
1574464181.925219, -198.0
1574464192.662352, -198.0
1574464204.650129, -198.0
1574464215.52039, -198.0
1574464226.623935, -198.0
1574464238.006429, -198.0
1574464249.108153, -198.0
1574464260.830425, -198.0
1574464272.066717, -198.0
1574464283.599919, -198.0
1574464294.630921, -198.0
1574464306.889295, -198.0
1574464317.853742, -198.0
1574464328.734733, -198.0
1574464340.65812, -198.0
1574461804.275883, -198.0
1574461815.447459, -198.0
1574461825.960041, -198.0
1574461836.910729, -198.0
1574461847.674617, -198.0
1574461858.683199, -198.0
1574461869.472419, -198.0
1574461880.562888, -198.0
1574461891.387887, -198.0
1574461902.817219, -198.0
1574461913.828199, -198.0
1574461925.028934, -198.0
1574461936.616408, -198.0
1574461946.797312, -198.0
1574461957.943277, -198.0
1574461968.96132, -198.0
1574461979.428249, -198.0
1574461990.719797, -198.0
1574462001.111689, -198.0
1574462012.228904, -198.0
1574462023.228532, -198.0
1574462034.528299, -198.0
1574462045.444011, -198.0
1574462056.919667, -198.0
1574462067.600139, -198.0
1574462078.686131, -198.0
1574462088.958238, -198.0
1574462099.390965, -198.0
1574462110.531216, -198.0
1574462121.204058, -198.0
1574462131.925706, -198.0
1574462143.366887, -198.0
1574462154.541695, -198.0
1574462165.403233, -198.0
1574462176.756336, -198.0
1574462187.937496, -198.0
1574462199.35966, -198.0
1574462209.753617, -198.0
1574462220.465628, -198.0
1574462231.241132, -198.0
1574462242.757383, -198.0
1574462253.277263, -198.0
1574462263.76189, -198.0
1574462274.784436, -198.0
1574462285.86827, -198.0
1574462297.045691, -198.0
1574462308.25566, -198.0
1574462318.628179, -198.0
1574462329.25045, -198.0
1574462340.344157, -198.0
1574462351.058281, -198.0
1574462362.048591, -198.0
1574462373.203733, -198.0
1574462384.583568, -198.0
1574462395.879084, -198.0
1574462406.295965, -198.0
1574462417.333764, -198.0
1574462428.006271, -198.0
1574462438.868737, -198.0
1574462449.785694, -198.0
1574462460.383693, -198.0
1574462471.382497, -198.0
1574462483.208455, -198.0
1574462494.382837, -198.0
1574462505.797279, -198.0
1574462518.096887, -198.0
1574462530.052037, -198.0
1574462541.98285, -198.0
1574462552.896957, -198.0
1574462565.178312, -198.0
1574462577.073244, -198.0
1574462588.98866, -198.0
1574462600.65932, -198.0
1574462612.196079, -198.0
1574462624.040547, -198.0
1574462635.436164, -198.0
1574462646.428553, -198.0
1574462657.94172, -198.0
1574462669.794681, -198.0
1574462680.960122, -198.0
1574462692.530139, -198.0
1574462704.046511, -198.0
1574462715.510743, -198.0
1574462726.824973, -198.0
1574462738.141446, -198.0
1574462749.660025, -198.0
1574462762.124954, -198.0
1574462772.879689, -198.0
1574462783.993267, -198.0
1574462794.178918, -198.0
1574462804.332526, -198.0
1574462815.834724, -198.0
1574462827.263589, -198.0
1574462838.025335, -198.0
1574462848.343227, -198.0
1574462858.843795, -198.0
1574462869.684531, -198.0
1574462880.958695, -198.0
1574462891.491527, -198.0
1574462902.24084, -198.0
1574462912.621716, -198.0
1574462923.830166, -198.0
1574462935.068598, -198.0
1574462945.953274, -198.0
1574462956.759644, -198.0
1574462966.850829, -198.0
1574462977.594854, -198.0
1574462988.388145, -198.0
1574462999.632452, -198.0
1574463010.574, -198.0
1574463021.621612, -198.0
1574463032.413489, -198.0
1574463044.034923, -198.0
1574463055.242296, -198.0
1574463066.077125, -198.0
1574463076.775054, -198.0
1574463087.455065, -198.0
1574463098.041064, -198.0
1574463108.895947, -198.0
1574463120.460082, -198.0
1574463131.446537, -198.0
1574463142.59189, -198.0
1574463152.947216, -198.0
1574463164.022436, -198.0
1574463174.69121, -198.0
1574463185.741145, -198.0
1574463197.849698, -198.0
1574463209.146889, -198.0
1574463221.181823, -198.0
1574463232.718321, -198.0
1574463244.203749, -198.0
1574463254.839096, -198.0
1574463266.390003, -198.0
1574463277.896375, -198.0
1574463289.018942, -198.0
1574463299.978698, -198.0
1574463311.59709, -198.0
1574463322.639549, -198.0
1574463333.798698, -198.0
1574463345.206669, -198.0
1574463356.204818, -198.0
1574463366.915583, -198.0
1574463377.637537, -198.0
1574463388.633914, -198.0
1574463399.901121, -198.0
1574463410.496819, -198.0
1574463421.040306, -198.0
1574463432.364242, -198.0
1574463443.518072, -198.0
1574463454.702084, -198.0
1574463466.172066, -198.0
1574463477.175205, -198.0
1574463488.286013, -198.0
1574463499.327497, -198.0
1574463510.212812, -198.0
1574463521.318204, -198.0
1574463532.710147, -198.0
1574463543.064168, -198.0
1574463554.53063, -198.0
1574463565.808652, -198.0
1574463575.92349, -198.0
1574463587.251381, -198.0
1574463597.84455, -198.0
1574463609.272404, -198.0
1574463621.354348, -198.0
1574463632.143687, -198.0
1574463642.477484, -198.0
1574463652.949741, -198.0
1574463663.431644, -198.0
1574463673.841465, -198.0
1574463684.925299, -198.0
1574463696.293409, -198.0
1574463707.387421, -198.0
1574463718.034871, -198.0
1574463728.87302, -198.0
1574463739.508945, -198.0
1574463750.86708, -198.0
1574463761.975385, -198.0
1574463772.917799, -198.0
1574463783.16177, -198.0
1574463794.244043, -198.0
1574463805.466705, -198.0
1574463817.415551, -198.0
1574463828.22478, -198.0
1574463838.967812, -198.0
1574463849.788467, -198.0
1574463860.50708, -198.0
1574463871.643749, -198.0
1574463882.440405, -198.0
1574463883.007834, -198.0
1574463894.058113, -198.0
1574463904.75726, -198.0
1574463915.219116, -198.0
1574463926.123468, -198.0
1574463936.830348, -198.0
1574463947.734285, -198.0
1574463957.912431, -198.0
1574463969.308646, -198.0
1574463979.737201, -198.0
1574463991.092003, -198.0
1574464002.75798, -198.0
1574464014.222263, -198.0
1574464025.708284, -198.0
1574464037.038165, -198.0
1574464047.203948, -198.0
1574464058.105464, -198.0
1574464068.691409, -198.0
1574464079.104521, -198.0
1574464090.444287, -198.0
1574464101.019189, -198.0
1574464111.849483, -198.0
1574464122.702019, -198.0
1574464133.101707, -198.0
1574464144.198988, -198.0
1574464155.00377, -198.0
1574464165.537066, -198.0
1574464176.611316, -198.0
1574464186.860279, -198.0
1574464197.68237, -198.0
1574464208.652702, -198.0
1574464219.903511, -198.0
1574464231.082368, -198.0
1574464241.238509, -198.0
1574464251.905038, -198.0
1574464262.549925, -198.0
1574464274.29582, -198.0
1574464285.161972, -198.0
1574464296.246112, -198.0
1574464307.535208, -198.0
1574464318.605457, -198.0
1574464329.242009, -198.0
1574464340.334012, -198.0
1574464350.936454, -198.0
1574464361.490285, -198.0
1574464372.392556, -198.0
1574464382.904606, -198.0
1574464394.145269, -198.0
1574464405.433615, -198.0
1574464415.859978, -198.0
1574464426.856644, -198.0
1574464437.438169, -198.0
1574464448.184111, -198.0
1574464458.827153, -198.0
1574464469.972335, -198.0
1574464480.460456, -198.0
1574464491.667469, -198.0
1574464502.628164, -198.0
1574464513.938121, -198.0
1574464525.210971, -198.0
1574464536.837373, -198.0
1574463760.09992, -198.0
1574463771.201385, -198.0
1574463782.425088, -198.0
1574463793.516505, -198.0
1574463804.189761, -198.0
1574463815.376362, -198.0
1574463826.602612, -198.0
1574463837.83093, -198.0
1574463848.587372, -198.0
1574463858.779311, -198.0
1574463870.068721, -198.0
1574463880.825351, -198.0
1574463892.469867, -198.0
1574463903.501502, -198.0
1574463914.287724, -198.0
1574463925.484353, -198.0
1574463936.543256, -198.0
1574463947.290703, -198.0
1574463958.750014, -198.0
1574463969.557965, -198.0
1574463981.140196, -198.0
1574463991.718456, -198.0
1574464002.985328, -198.0
1574464013.874481, -198.0
1574464025.55344, -198.0
1574464036.714064, -198.0
1574464047.898334, -198.0
1574464059.031873, -198.0
1574464069.639076, -198.0
1574464080.423624, -198.0
1574464091.288807, -198.0
1574464102.126698, -198.0
1574464113.355768, -198.0
1574464123.681124, -198.0
1574464134.755003, -198.0
1574464145.779656, -198.0
1574464156.537213, -198.0
1574464167.244042, -198.0
1574464178.394502, -198.0
1574464189.357235, -198.0
1574464200.575386, -198.0
1574464211.215996, -198.0
1574464222.068196, -198.0
1574464232.836662, -198.0
1574464243.995076, -198.0
1574464255.509745, -198.0
1574464265.808629, -198.0
1574464276.554531, -198.0
1574464287.562984, -198.0
1574464298.485364, -198.0
1574464309.27504, -198.0
1574464320.254504, -198.0
1574464331.949864, -198.0
1574464343.158767, -198.0
1574464354.691749, -198.0
1574464366.448678, -198.0
1574464377.730634, -198.0
1574464389.336966, -198.0
1574464400.919, -198.0
1574464412.586019, -198.0
1574464424.540481, -198.0
1574464436.116469, -198.0
1574464447.56224, -198.0
1574464459.211851, -198.0
1574464470.747464, -198.0
1574464482.432939, -198.0
1574464493.805177, -198.0
1574464505.372387, -198.0
1574464516.144313, -198.0
1574464527.903434, -198.0
1574464539.36091, -198.0
1574464550.600758, -198.0
1574464561.301031, -198.0
1574464572.78111, -198.0
1574464583.253828, -198.0
1574464594.391576, -198.0
1574464605.016101, -198.0
1574464615.50787, -198.0
1574464626.045411, -198.0
1574464636.668124, -198.0
1574464647.667177, -198.0
1574464659.092898, -198.0
1574464669.647626, -198.0
1574464680.137955, -198.0
1574464690.865129, -198.0
1574464702.141815, -198.0
1574464713.302404, -198.0
1574464724.235126, -198.0
1574464735.87005, -198.0
1574464747.359259, -198.0
1574464758.815595, -198.0
1574464769.729882, -198.0
1574464781.170122, -198.0
1574464792.005426, -198.0
1574464803.823344, -198.0
1574464814.987714, -198.0
1574464826.832121, -198.0
1574464838.570567, -198.0
1574464848.940237, -198.0
1574464859.271826, -198.0
1574464870.200098, -198.0
1574464880.952791, -198.0
1574464892.039266, -198.0
1574464902.523234, -198.0
1574464912.966647, -198.0
1574464923.497781, -198.0
1574464934.452281, -198.0
1574464945.18049, -198.0
1574464955.632482, -198.0
1574464966.329272, -198.0
1574464977.101197, -198.0
1574464988.5384, -198.0
1574464999.165016, -198.0
1574465009.943686, -198.0
1574465020.47637, -198.0
1574465032.271769, -198.0
1574465042.947984, -198.0
1574465053.914797, -198.0
1574465065.428182, -198.0
1574465078.081621, -198.0
1574465088.771274, -198.0
1574465099.861427, -198.0
1574465110.842499, -198.0
1574465122.01449, -198.0
1574465132.355062, -198.0
1574465142.832929, -198.0
1574465153.605099, -198.0
1574465164.741533, -198.0
1574465175.737906, -198.0
1574465187.224887, -198.0
1574465198.319191, -198.0
1574465209.307497, -198.0
1574465220.306994, -198.0
1574465230.873869, -198.0
1574465241.430175, -198.0
1574465251.785939, -198.0
1574465262.216831, -198.0
1574465272.706886, -198.0
1574465282.828453, -198.0
1574465293.685417, -198.0
1574465304.265515, -198.0
1574465314.806475, -198.0
1574465325.217607, -198.0
1574465335.956886, -198.0
1574465346.036974, -198.0
1574465356.900478, -198.0
1574465367.817705, -198.0
1574465378.652113, -198.0
1574465389.109319, -198.0
1574465399.576156, -198.0
1574465410.114029, -198.0
1574465421.146567, -198.0
1574465432.366366, -198.0
1574465443.38397, -198.0
1574465454.02614, -198.0
1574465465.306814, -198.0
1574465475.871766, -198.0
1574465486.14728, -198.0
1574465497.34102, -198.0
1574465508.293828, -198.0
1574465518.956082, -198.0
1574465530.448543, -198.0
1574465541.078081, -198.0
1574465551.687195, -198.0
1574465562.714107, -198.0
1574465573.6822, -198.0
1574465584.142094, -198.0
1574465584.696548, -198.0
1574465595.491472, -198.0
1574465606.47033, -198.0
1574465617.281967, -198.0
1574465629.786585, -198.0
1574465640.280213, -198.0
1574465651.142142, -198.0
1574465661.318661, -198.0
1574465672.193416, -198.0
1574465683.392621, -198.0
1574465694.925866, -198.0
1574465706.097447, -198.0
1574465716.972972, -198.0
1574465728.104446, -198.0
1574465738.330293, -198.0
1574465748.940861, -198.0
1574465759.764045, -198.0
1574465770.674357, -198.0
1574465781.244915, -198.0
1574465792.268349, -198.0
1574465803.154538, -198.0
1574465814.127081, -198.0
1574465824.566713, -198.0
1574465834.578821, -198.0
1574465845.880917, -198.0
1574465856.897668, -198.0
1574465868.077271, -198.0
1574465879.272409, -198.0
1574465890.449794, -198.0
1574465901.214961, -198.0
1574465912.422315, -198.0
1574465923.470945, -198.0
1574465933.934714, -198.0
1574465945.02826, -198.0
1574465956.079475, -198.0
1574465966.594492, -198.0
1574465977.46128, -198.0
1574465988.018149, -198.0
1574465998.54558, -198.0
1574466009.417439, -198.0
1574466020.103742, -198.0
1574466030.703681, -198.0
1574466040.822104, -198.0
1574466052.398149, -198.0
1574466063.292063, -198.0
1574466073.463989, -198.0
1574466084.549092, -198.0
1574466094.992374, -198.0
1574466105.393926, -198.0
1574466115.775379, -198.0
1574466127.2166, -198.0
1574466138.523215, -198.0
1574466149.915808, -198.0
1574466161.217573, -198.0
1574466172.278931, -198.0
1574466183.684018, -198.0
1574466194.734914, -198.0
1574466205.405385, -198.0
1574466216.003722, -198.0
1574466227.353755, -198.0
1574466238.268335, -198.0
1574466248.638754, -198.0
1574466259.730629, -198.0
1574466270.434988, -198.0
1574466281.474587, -198.0
1574466292.027033, -198.0
1574466303.027178, -198.0
1574466314.139625, -198.0
1574466324.910711, -198.0
1574466335.53948, -198.0
1574466345.723409, -198.0
1574466357.026559, -198.0
1574466367.28894, -198.0
1574466378.775138, -198.0
1574466389.358641, -198.0
1574466400.720805, -198.0
1574466412.373947, -198.0
1574466422.419475, -198.0
1574466433.099135, -198.0
1574466444.372986, -198.0
1574466455.82503, -198.0
1574466467.012743, -198.0
1574466477.889863, -198.0
1574464038.425616, -198.0
1574464050.702487, -198.0
1574464061.801606, -198.0
1574464073.300734, -198.0
1574464073.906969, -198.0
1574464085.892665, -198.0
1574464097.397766, -198.0
1574464108.992687, -198.0
1574464120.340882, -198.0
1574464132.162085, -198.0
1574464143.586551, -198.0
1574464155.552267, -198.0
1574464167.054128, -198.0
1574464178.333518, -198.0
1574464190.189834, -198.0
1574464201.219343, -198.0
1574464212.295493, -198.0
1574464223.05529, -198.0
1574464233.842674, -198.0
1574464245.269362, -198.0
1574464255.951461, -198.0
1574464266.619599, -198.0
1574464277.519443, -198.0
1574464288.562876, -198.0
1574464299.877607, -198.0
1574464310.313308, -198.0
1574464321.163382, -198.0
1574464331.93103, -198.0
1574464343.399215, -198.0
1574464353.833285, -198.0
1574464364.529396, -198.0
1574464375.238603, -198.0
1574464386.338925, -198.0
1574464397.056749, -198.0
1574464408.670286, -198.0
1574464419.710379, -198.0
1574464430.791611, -198.0
1574464441.488826, -198.0
1574464453.150493, -198.0
1574464464.421656, -198.0
1574464475.370448, -198.0
1574464486.538409, -198.0
1574464497.40061, -198.0
1574464508.470486, -198.0
1574464519.117669, -198.0
1574464530.094905, -198.0
1574464541.649934, -198.0
1574464552.906169, -198.0
1574464564.789074, -198.0
1574464576.992653, -198.0
1574464589.083964, -198.0
1574464601.02709, -198.0
1574464612.711893, -198.0
1574464624.275092, -198.0
1574464635.854239, -198.0
1574464647.764375, -198.0
1574464659.176756, -198.0
1574464671.456722, -198.0
1574464683.078509, -198.0
1574464695.042707, -198.0
1574464706.499609, -198.0
1574464718.179422, -198.0
1574464729.099667, -198.0
1574464740.09945, -198.0
1574464750.864048, -198.0
1574464762.057434, -198.0
1574464772.949497, -198.0
1574464783.830165, -198.0
1574464794.884181, -198.0
1574464805.936855, -198.0
1574464816.843539, -198.0
1574464828.441725, -198.0
1574464840.086909, -198.0
1574464851.034196, -198.0
1574464861.633523, -198.0
1574464872.493081, -198.0
1574464883.482893, -198.0
1574464894.375313, -198.0
1574464905.257623, -198.0
1574464915.99878, -198.0
1574464927.037282, -198.0
1574464937.971618, -198.0
1574464948.907845, -198.0
1574464959.692463, -198.0
1574464970.720442, -198.0
1574464981.217338, -198.0
1574464991.874399, -198.0
1574465002.641971, -198.0
1574465014.112779, -198.0
1574465025.215914, -198.0
1574465036.302396, -198.0
1574465047.733508, -198.0
1574465060.047283, -198.0
1574465071.005118, -198.0
1574465082.715582, -198.0
1574465094.011816, -198.0
1574465104.472651, -198.0
1574465115.211233, -198.0
1574465126.000721, -198.0
1574465136.529843, -198.0
1574465147.48743, -198.0
1574465159.03347, -198.0
1574465170.314919, -198.0
1574465181.651875, -198.0
1574465192.594835, -198.0
1574465204.189725, -198.0
1574465215.764834, -198.0
1574465227.585161, -198.0
1574465238.647618, -198.0
1574465251.053474, -198.0
1574465262.584191, -198.0
1574465274.225656, -198.0
1574465285.178239, -198.0
1574465296.885568, -198.0
1574465308.072182, -198.0
1574465319.409248, -198.0
1574465330.320094, -198.0
1574465341.851854, -198.0
1574465353.139389, -198.0
1574465364.687274, -198.0
1574465376.294637, -198.0
1574465387.455229, -198.0
1574465398.653645, -198.0
1574465410.563825, -198.0
1574465421.767792, -198.0
1574465432.478714, -198.0
1574465443.32312, -198.0
1574465454.395094, -198.0
1574465465.193147, -198.0
1574465475.572104, -198.0
1574465486.849265, -198.0
1574465497.87904, -198.0
1574465508.324542, -198.0
1574465519.275837, -198.0
1574465529.733126, -198.0
1574465540.469255, -198.0
1574465551.601574, -198.0
1574465562.674737, -198.0
1574465573.364707, -198.0
1574465583.940277, -198.0
1574465594.862865, -198.0
1574465605.600826, -198.0
1574465616.249382, -198.0
1574465627.561302, -198.0
1574465638.352441, -198.0
1574465649.624189, -198.0
1574465661.306518, -198.0
1574465672.723496, -198.0
1574465683.765725, -198.0
1574465694.873244, -198.0
1574465705.453422, -198.0
1574465716.778018, -198.0
1574465727.7437, -198.0
1574465738.152381, -198.0
1574465748.644029, -198.0
1574465759.398693, -198.0
1574465770.111303, -198.0
1574465782.088771, -198.0
1574465793.625593, -198.0
1574465805.251616, -198.0
1574465815.453346, -198.0
1574465826.15495, -198.0
1574465837.529253, -198.0
1574465848.58987, -198.0
1574465859.843609, -198.0
1574465871.249459, -198.0
1574465882.060069, -198.0
1574465892.920194, -198.0
1574465903.948848, -198.0
1574465915.138597, -198.0
1574465925.881569, -198.0
1574465936.939032, -198.0
1574465948.073698, -198.0
1574465958.53312, -198.0
1574465969.223468, -198.0
1574465979.762333, -198.0
1574465990.646279, -198.0
1574466001.785708, -198.0
1574466012.370544, -198.0
1574466022.938956, -198.0
1574466033.554664, -198.0
1574466044.640175, -198.0
1574466055.841861, -198.0
1574466066.031387, -198.0
1574466077.093659, -198.0
1574466087.562745, -198.0
1574466097.595561, -198.0
1574466108.199462, -198.0
1574466119.444167, -198.0
1574466130.338046, -198.0
1574466140.975837, -198.0
1574466151.889201, -198.0
1574466162.322282, -198.0
1574466173.30118, -198.0
1574466184.33233, -198.0
1574466195.061587, -198.0
1574466206.133159, -198.0
1574466217.656538, -198.0
1574466218.240387, -198.0
1574466229.487818, -198.0
1574466240.976035, -198.0
1574466252.043381, -198.0
1574466263.837885, -198.0
1574466275.651172, -198.0
1574466287.379506, -198.0
1574466299.083585, -198.0
1574466299.670931, -198.0
1574466310.924559, -198.0
1574466322.507283, -198.0
1574466323.12297, -198.0
1574466335.163043, -198.0
1574466345.90575, -198.0
1574466356.972505, -198.0
1574466367.959624, -198.0
1574466379.410483, -198.0
1574466390.668706, -198.0
1574466401.948382, -198.0
1574466413.479043, -198.0
1574466425.359281, -198.0
1574466436.776721, -198.0
1574466447.973885, -198.0
1574466459.843536, -198.0
1574466471.362666, -198.0
1574466482.879806, -198.0
1574466494.052271, -198.0
1574466504.747777, -198.0
1574466515.150495, -198.0
1574466526.205008, -198.0
1574466536.646794, -198.0
1574466546.947747, -198.0
1574466558.270584, -198.0
1574466569.085054, -198.0
1574466579.895726, -198.0
1574466590.0523, -198.0
1574466600.945531, -198.0
1574466611.601092, -198.0
1574466622.210435, -198.0
1574466632.555929, -198.0
1574466643.938061, -198.0
1574466654.297985, -198.0
1574466665.045905, -198.0
1574466675.396423, -198.0
1574466685.919335, -198.0
1574466697.021764, -198.0
1574466707.755893, -198.0
1574466717.98768, -198.0
1574466728.93573, -198.0
1574466739.855761, -198.0
1574466750.693812, -198.0
1574466761.938068, -198.0
1574464341.837918, -198.0
1574464342.417086, -198.0
1574464343.000328, -198.0
1574464343.562321, -198.0
1574464344.111613, -198.0
1574464344.664395, -198.0
1574464345.215667, -198.0
1574464345.77566, -198.0
1574464346.369952, -198.0
1574464357.675833, -198.0
1574464368.65757, -198.0
1574464379.296306, -198.0
1574464379.848691, -198.0
1574464390.433231, -198.0
1574464401.49334, -198.0
1574464412.715684, -198.0
1574464423.458618, -198.0
1574464434.798341, -198.0
1574464445.662284, -198.0
1574464456.718219, -198.0
1574464467.586242, -198.0
1574464479.375441, -198.0
1574464489.966997, -198.0
1574464500.587734, -198.0
1574464511.528999, -198.0
1574464522.557189, -198.0
1574464533.533452, -198.0
1574464544.964991, -198.0
1574464556.022969, -198.0
1574464567.049615, -198.0
1574464577.953828, -198.0
1574464589.023228, -198.0
1574464599.705077, -198.0
1574464610.862982, -198.0
1574464621.234592, -198.0
1574464632.075741, -198.0
1574464642.938087, -198.0
1574464654.637451, -198.0
1574464665.265381, -198.0
1574464675.993454, -198.0
1574464686.28805, -198.0
1574464696.833903, -198.0
1574464707.621075, -198.0
1574464718.566158, -198.0
1574464729.498161, -198.0
1574464740.501888, -198.0
1574464751.678524, -198.0
1574464762.629569, -198.0
1574464772.887493, -198.0
1574464783.819661, -198.0
1574464794.380061, -198.0
1574464805.152055, -198.0
1574464816.37013, -198.0
1574464826.909584, -198.0
1574464838.700139, -198.0
1574464850.31694, -198.0
1574464862.360928, -198.0
1574464874.339001, -198.0
1574464885.84424, -198.0
1574464896.920832, -198.0
1574464908.29398, -198.0
1574464919.041311, -198.0
1574464930.020866, -198.0
1574464940.888585, -198.0
1574464951.621098, -198.0
1574464962.828845, -198.0
1574464973.767821, -198.0
1574464984.39882, -198.0
1574464995.902463, -198.0
1574465008.390328, -198.0
1574465020.683383, -198.0
1574465032.23462, -198.0
1574465044.008109, -198.0
1574465055.030782, -198.0
1574465066.763584, -198.0
1574465079.026362, -198.0
1574465090.787245, -198.0
1574465102.623663, -198.0
1574465114.054922, -198.0
1574465125.561238, -198.0
1574465137.117637, -198.0
1574465137.732413, -198.0
1574465149.256892, -198.0
1574465160.216313, -198.0
1574465171.037792, -198.0
1574465182.860593, -198.0
1574465193.943347, -198.0
1574465204.964058, -198.0
1574465215.385085, -198.0
1574465226.067756, -198.0
1574465236.831894, -198.0
1574465247.187077, -198.0
1574465258.074751, -198.0
1574465268.810594, -198.0
1574465279.736187, -198.0
1574465290.237127, -198.0
1574465301.331641, -198.0
1574465312.539073, -198.0
1574465322.602954, -198.0
1574465332.879894, -198.0
1574465343.690891, -198.0
1574465355.159054, -198.0
1574465366.335853, -198.0
1574465376.676592, -198.0
1574465388.406825, -198.0
1574465399.695335, -198.0
1574465410.605139, -198.0
1574465421.232374, -198.0
1574465431.872744, -198.0
1574465442.092876, -198.0
1574465452.907771, -198.0
1574465463.388106, -198.0
1574465474.165731, -198.0
1574465485.463437, -198.0
1574465496.626593, -198.0
1574465507.99975, -198.0
1574465519.402743, -198.0
1574465530.628982, -198.0
1574465542.298772, -198.0
1574465553.67503, -198.0
1574465565.352245, -198.0
1574465576.536092, -198.0
1574465587.488537, -198.0
1574465599.0197, -198.0
1574465609.348088, -198.0
1574465619.936174, -198.0
1574465630.951539, -198.0
1574465642.238343, -198.0
1574465652.994032, -198.0
1574465663.162853, -198.0
1574465674.716319, -198.0
1574465685.55407, -198.0
1574465696.978897, -198.0
1574465707.475271, -198.0
1574465718.028707, -198.0
1574465728.380377, -198.0
1574465739.076506, -198.0
1574465749.90551, -198.0
1574465760.51995, -198.0
1574465771.012166, -198.0
1574465781.827682, -198.0
1574465792.268146, -198.0
1574465802.359237, -198.0
1574465812.58632, -198.0
1574465823.203967, -198.0
1574465833.829586, -198.0
1574465844.009591, -198.0
1574465854.875611, -198.0
1574465866.017846, -198.0
1574465876.460071, -198.0
1574465887.075266, -198.0
1574465898.235209, -198.0
1574465909.660087, -198.0
1574465921.137867, -198.0
1574465932.794228, -198.0
1574465944.352965, -198.0
1574465955.27859, -198.0
1574465966.881153, -198.0
1574465978.655408, -198.0
1574465990.647776, -198.0
1574466002.759883, -198.0
1574466013.67197, -198.0
1574466025.757053, -198.0
1574466037.293999, -198.0
1574466048.884572, -198.0
1574466060.482172, -198.0
1574466071.747746, -198.0
1574466083.42819, -198.0
1574466094.594317, -198.0
1574466105.56366, -198.0
1574466116.112506, -198.0
1574466127.228544, -198.0
1574466138.831413, -198.0
1574466149.523294, -198.0
1574466160.366695, -198.0
1574466171.254851, -198.0
1574466181.816862, -198.0
1574466192.303644, -198.0
1574466203.15099, -198.0
1574466214.260744, -198.0
1574466225.071989, -198.0
1574466235.789744, -198.0
1574466247.060931, -198.0
1574466257.837, -198.0
1574466268.432611, -198.0
1574466279.183437, -198.0
1574466289.373422, -198.0
1574466300.894988, -198.0
1574466311.498072, -198.0
1574466322.027892, -198.0
1574466332.736764, -198.0
1574466343.666493, -198.0
1574466354.196437, -198.0
1574466364.468659, -198.0
1574466375.580824, -198.0
1574466386.508867, -198.0
1574466397.57022, -198.0
1574466408.290007, -198.0
1574466418.848175, -198.0
1574466429.203484, -198.0
1574466439.33888, -198.0
1574466450.148637, -198.0
1574466461.422392, -198.0
1574466472.422549, -198.0
1574466483.511069, -198.0
1574466494.807062, -198.0
1574466505.321258, -198.0
1574466515.625402, -198.0
1574466526.967137, -198.0
1574466537.263508, -198.0
1574466547.478059, -198.0
1574466558.230447, -198.0
1574466568.781305, -198.0
1574466580.098128, -198.0
1574466590.56407, -198.0
1574466601.218438, -198.0
1574466611.899375, -198.0
1574466622.420673, -198.0
1574466633.223429, -198.0
1574466644.38979, -198.0
1574466655.042478, -198.0
1574466666.100183, -198.0
1574466676.397672, -198.0
1574466687.077805, -198.0
1574466697.809849, -198.0
1574466707.94489, -198.0
1574466718.551275, -198.0
1574466729.489617, -198.0
1574466740.600303, -198.0
1574466750.907593, -198.0
1574466761.517319, -198.0
1574466762.068201, -198.0
1574466772.926609, -198.0
1574466783.369144, -198.0
1574466794.23987, -198.0
1574466804.645579, -198.0
1574466815.399789, -198.0
1574466826.334265, -198.0
1574466837.208196, -198.0
1574466848.265674, -198.0
1574466859.138647, -198.0
1574466870.627328, -198.0
1574466881.653695, -198.0
1574466892.121226, -198.0
1574466903.257271, -198.0
1574466903.809668, -198.0
1574466914.427186, -198.0
1574466925.630755, -198.0
1574466935.898995, -198.0
1574466946.772103, -198.0
1574464537.798268, -198.0
1574464548.752414, -198.0
1574464549.328661, -198.0
1574464549.91381, -198.0
1574464550.522644, -198.0
1574464551.114869, -198.0
1574464562.00497, -198.0
1574464572.962632, -198.0
1574464583.671055, -198.0
1574464595.088587, -198.0
1574464606.423216, -198.0
1574464617.240045, -198.0
1574464628.323383, -198.0
1574464638.807805, -198.0
1574464650.226958, -198.0
1574464661.726337, -198.0
1574464672.622963, -198.0
1574464683.503445, -198.0
1574464694.496204, -198.0
1574464706.047302, -198.0
1574464716.39748, -198.0
1574464727.587864, -198.0
1574464737.866265, -198.0
1574464748.26563, -198.0
1574464759.236967, -198.0
1574464770.40632, -198.0
1574464781.1419, -198.0
1574464791.77134, -198.0
1574464802.611688, -198.0
1574464813.375364, -198.0
1574464824.124123, -198.0
1574464836.419722, -198.0
1574464847.905319, -198.0
1574464858.753944, -198.0
1574464869.249687, -198.0
1574464880.63398, -198.0
1574464891.655342, -198.0
1574464902.526071, -198.0
1574464914.238557, -198.0
1574464926.333269, -198.0
1574464937.937606, -198.0
1574464949.713033, -198.0
1574464961.532611, -198.0
1574464973.267949, -198.0
1574464984.992581, -198.0
1574464996.829041, -198.0
1574465008.691152, -198.0
1574465020.776608, -198.0
1574465032.912563, -198.0
1574465044.428904, -198.0
1574465056.523435, -198.0
1574465069.357359, -198.0
1574465080.273441, -198.0
1574465091.665626, -198.0
1574465102.917236, -198.0
1574465113.933905, -198.0
1574465124.625472, -198.0
1574465135.600867, -198.0
1574465146.302988, -198.0
1574465156.825161, -198.0
1574465167.688277, -198.0
1574465178.436703, -198.0
1574465189.666876, -198.0
1574465200.685574, -198.0
1574465211.972676, -198.0
1574465222.653673, -198.0
1574465233.377231, -198.0
1574465244.218657, -198.0
1574465254.49092, -198.0
1574465265.132965, -198.0
1574465275.637571, -198.0
1574465286.552652, -198.0
1574465297.425491, -198.0
1574465308.540081, -198.0
1574465319.702496, -198.0
1574465330.620536, -198.0
1574465341.521128, -198.0
1574465352.47959, -198.0
1574465363.789578, -198.0
1574465374.264868, -198.0
1574465384.721933, -198.0
1574465395.853645, -198.0
1574465406.83692, -198.0
1574465418.03245, -198.0
1574465429.22689, -198.0
1574465440.1808, -198.0
1574465451.414197, -198.0
1574465463.239258, -198.0
1574465474.947703, -198.0
1574465485.657117, -198.0
1574465496.606163, -198.0
1574465507.928367, -198.0
1574465518.206309, -198.0
1574465528.93348, -198.0
1574465540.017639, -198.0
1574465550.550338, -198.0
1574465561.44982, -198.0
1574465572.331634, -198.0
1574465583.058237, -198.0
1574465593.770081, -198.0
1574465603.793501, -198.0
1574465614.806792, -198.0
1574465626.333643, -198.0
1574465637.808586, -198.0
1574465648.996853, -198.0
1574465659.123149, -198.0
1574465670.473584, -198.0
1574465681.763446, -198.0
1574465692.873734, -198.0
1574465703.606441, -198.0
1574465714.509681, -198.0
1574465725.653314, -198.0
1574465737.517613, -198.0
1574465749.710687, -198.0
1574465761.121788, -198.0
1574465772.145662, -198.0
1574465783.134838, -198.0
1574465793.647559, -198.0
1574465803.744289, -198.0
1574465814.699843, -198.0
1574465815.281346, -198.0
1574465826.338108, -198.0
1574465837.210666, -198.0
1574465848.12324, -198.0
1574465859.621893, -198.0
1574465871.116524, -198.0
1574465882.634935, -198.0
1574465893.972058, -198.0
1574465906.018878, -198.0
1574465916.453026, -198.0
1574465927.321621, -198.0
1574465938.508671, -198.0
1574465949.187972, -198.0
1574465959.678064, -198.0
1574465970.47203, -198.0
1574465981.305526, -198.0
1574465992.333775, -198.0
1574466003.678954, -198.0
1574466013.915868, -198.0
1574466024.960166, -198.0
1574466035.360014, -198.0
1574466046.411448, -198.0
1574466057.138639, -198.0
1574466067.756605, -198.0
1574466078.639553, -198.0
1574466089.215824, -198.0
1574466099.807687, -198.0
1574466111.282203, -198.0
1574466123.131348, -198.0
1574466135.002931, -198.0
1574466145.676886, -198.0
1574466156.617831, -198.0
1574466167.685109, -198.0
1574466178.201142, -198.0
1574466188.97616, -198.0
1574466200.32597, -198.0
1574466211.539099, -198.0
1574466222.153693, -198.0
1574466232.911799, -198.0
1574466244.311523, -198.0
1574466255.723933, -198.0
1574466266.396336, -198.0
1574466277.131339, -198.0
1574466287.284468, -198.0
1574466299.161795, -198.0
1574466309.833192, -198.0
1574466320.49476, -198.0
1574466331.169993, -198.0
1574466342.081344, -198.0
1574466352.627178, -198.0
1574466362.956107, -198.0
1574466374.109349, -198.0
1574466385.594777, -198.0
1574466396.410532, -198.0
1574466407.147984, -198.0
1574466417.647786, -198.0
1574466428.447455, -198.0
1574466439.191692, -198.0
1574466450.129713, -198.0
1574466460.958049, -198.0
1574466471.949629, -198.0
1574466483.014388, -198.0
1574466493.957907, -198.0
1574466504.460655, -198.0
1574466514.783001, -198.0
1574466526.006075, -198.0
1574466536.282396, -198.0
1574466546.687013, -198.0
1574466557.448958, -198.0
1574466567.962072, -198.0
1574466579.225603, -198.0
1574466589.707851, -198.0
1574466600.386126, -198.0
1574466610.844742, -198.0
1574466621.397909, -198.0
1574466632.119835, -198.0
1574466643.270889, -198.0
1574466654.291843, -198.0
1574466664.855516, -198.0
1574466675.183751, -198.0
1574466685.677003, -198.0
1574466696.826908, -198.0
1574466707.45789, -198.0
1574466718.066294, -198.0
1574466728.929097, -198.0
1574466740.019653, -198.0
1574466750.289618, -198.0
1574466760.514765, -198.0
1574466771.534498, -198.0
1574466782.333938, -198.0
1574466792.811636, -198.0
1574466793.363941, -198.0
1574466804.354528, -198.0
1574466814.913827, -198.0
1574466825.407973, -198.0
1574466836.3679, -198.0
1574466846.695838, -198.0
1574466857.242165, -198.0
1574466868.312057, -198.0
1574466878.812132, -198.0
1574466889.462266, -198.0
1574466900.125121, -198.0
1574466910.796752, -198.0
1574466921.655898, -198.0
1574466931.794855, -198.0
1574466942.622939, -198.0
1574466953.370005, -198.0
1574466964.201322, -198.0
1574466974.921035, -198.0
1574466985.584963, -198.0
1574466996.348373, -198.0
1574467006.949724, -198.0
1574467017.393871, -198.0
1574467028.29754, -198.0
1574467038.899846, -198.0
1574467049.630898, -198.0
1574467060.270468, -198.0
1574467070.416272, -198.0
1574467081.094994, -198.0
1574467091.654421, -198.0
1574467102.007843, -198.0
1574467113.293649, -198.0
1574467124.272204, -198.0
1574467134.532956, -198.0
1574467145.50162, -198.0
1574467156.372008, -198.0
1574467167.320398, -198.0
1574467178.341306, -198.0
1574467188.663557, -198.0
1574467199.517378, -198.0
