1574812599.908573, -80.0
1574812600.05771, -80.0
1574812600.204109, -80.0
1574812600.352864, -80.0
1574812600.502109, -80.0
1574812600.649813, -80.0
1574812600.796415, -80.0
1574812600.95279, -80.0
1574812601.117769, -80.0
1574812601.27544, -80.0
1574812601.442807, -80.0
1574812601.609401, -80.0
1574812601.771832, -80.0
1574812601.932412, -80.0
1574812602.089333, -80.0
1574812602.241927, -80.0
1574812602.392692, -80.0
1574812602.547927, -80.0
1574812602.703345, -80.0
1574812602.854965, -80.0
1574812603.008551, -80.0
1574812603.163086, -80.0
1574812603.31844, -80.0
1574812603.47085, -80.0
1574812603.620692, -80.0
1574812603.770715, -80.0
1574812603.919395, -80.0
1574812604.069123, -80.0
1574812604.219324, -80.0
1574812604.367741, -80.0
1574812604.516968, -80.0
1574812604.663519, -80.0
1574812604.810226, -80.0
1574812604.959099, -79.0
1574812605.111375, -79.0
1574812605.262267, -79.0
1574812605.412961, -79.0
1574812605.56477, -79.0
1574812605.713015, -79.0
1574812605.86456, -79.0
1574812606.017685, -79.0
1574812606.169345, -79.0
1574812606.320052, -79.0
1574812606.470338, -79.0
1574812606.617377, -79.0
1574812606.763495, -79.0
1574812606.911725, -79.0
1574812607.06075, -79.0
1574812607.210406, -79.0
1574812607.360103, -79.0
1574812599.832334, -80.0
1574812599.942032, -80.0
1574812600.046081, -80.0
1574812600.146625, -80.0
1574812600.253752, -80.0
1574812600.348347, -80.0
1574812600.449628, -80.0
1574812600.55073, -80.0
1574812600.65903, -80.0
1574812600.753108, -80.0
1574812600.85408, -80.0
1574812600.960024, -80.0
1574812601.059053, -80.0
1574812601.153665, -80.0
1574812601.254341, -80.0
1574812601.360536, -80.0
1574812601.461434, -80.0
1574812601.574121, -80.0
1574812601.693795, -80.0
1574812601.808805, -80.0
1574812601.908824, -80.0
1574812602.008594, -80.0
1574812602.105004, -80.0
1574812602.201975, -80.0
1574812602.29932, -80.0
1574812602.396046, -80.0
1574812602.492971, -80.0
1574812602.593, -80.0
1574812602.689759, -80.0
1574812602.78662, -80.0
1574812602.878993, -80.0
1574812602.974892, -80.0
1574812603.071966, -80.0
1574812603.169084, -80.0
1574812603.264321, -80.0
1574812603.36065, -80.0
1574812603.456277, -80.0
1574812603.552256, -80.0
1574812603.644248, -80.0
1574812603.741255, -80.0
1574812603.838357, -80.0
1574812603.940648, -80.0
1574812604.030918, -80.0
1574812604.132803, -80.0
1574812604.22867, -80.0
1574812604.324623, -80.0
1574812604.420146, -80.0
1574812604.514444, -80.0
1574812604.609835, -80.0
1574812604.70309, -80.0
1574812599.7453, -80.0
1574812599.792763, -80.0
1574812599.840065, -80.0
1574812599.888725, -80.0
1574812599.937094, -80.0
1574812599.984587, -80.0
1574812600.031166, -80.0
1574812600.078107, -80.0
1574812600.123718, -80.0
1574812600.172561, -80.0
1574812600.21738, -80.0
1574812600.264964, -80.0
1574812600.309413, -80.0
1574812600.354314, -80.0
1574812600.399961, -80.0
1574812600.444432, -80.0
1574812600.489777, -80.0
1574812600.537328, -80.0
1574812600.581157, -80.0
1574812600.62629, -80.0
1574812600.672481, -80.0
1574812600.717498, -80.0
1574812600.76049, -80.0
1574812600.806687, -80.0
1574812600.852769, -80.0
1574812600.895572, -80.0
1574812600.943412, -80.0
1574812600.986501, -80.0
1574812601.028402, -80.0
1574812601.072029, -80.0
1574812601.114812, -80.0
1574812601.158596, -80.0
1574812601.201928, -80.0
1574812601.244719, -80.0
1574812601.288043, -80.0
1574812601.331095, -80.0
1574812601.374175, -80.0
1574812601.418492, -80.0
1574812601.462646, -80.0
1574812601.50674, -80.0
1574812601.549616, -80.0
1574812601.591691, -80.0
1574812601.633586, -80.0
1574812601.676373, -80.0
1574812601.72134, -80.0
1574812601.765624, -80.0
1574812601.809566, -80.0
1574812601.856303, -80.0
1574812601.91071, -80.0
1574812601.965464, -80.0
1574812599.754951, -80.0
1574812599.796475, -80.0
1574812599.838506, -80.0
1574812599.881001, -80.0
1574812599.923041, -80.0
1574812599.965509, -80.0
1574812600.007827, -80.0
1574812600.050739, -80.0
1574812600.094489, -80.0
1574812600.139245, -80.0
1574812600.184549, -80.0
1574812600.22822, -80.0
1574812600.272865, -80.0
1574812600.318281, -80.0
1574812600.362819, -80.0
1574812600.408476, -80.0
1574812600.453472, -80.0
1574812600.498474, -80.0
1574812600.54203, -80.0
1574812600.587485, -80.0
1574812600.631423, -80.0
1574812600.675778, -80.0
1574812600.720795, -80.0
1574812600.767572, -80.0
1574812600.810217, -80.0
1574812600.855085, -80.0
1574812600.902065, -80.0
1574812600.947373, -80.0
1574812600.990368, -80.0
1574812601.041903, -80.0
1574812601.088357, -80.0
1574812601.135706, -80.0
1574812601.181444, -80.0
1574812601.23055, -80.0
1574812601.278126, -80.0
1574812601.326308, -80.0
1574812601.370238, -80.0
1574812601.416899, -80.0
1574812601.466096, -80.0
1574812601.512907, -80.0
1574812601.559721, -80.0
1574812601.607651, -80.0
1574812601.653812, -80.0
1574812601.700799, -80.0
1574812601.748876, -80.0
1574812601.795961, -80.0
1574812601.841951, -80.0
1574812601.888141, -80.0
1574812601.934268, -80.0
1574812601.987734, -80.0
1574812602.054871, -80.0
1574812602.097771, -80.0
1574812602.141358, -80.0
1574812602.184572, -80.0
1574812602.226275, -80.0
1574812602.271798, -80.0
1574812602.317523, -80.0
1574812602.364681, -80.0
1574812602.407635, -80.0
1574812602.44994, -80.0
1574812602.491975, -80.0
1574812602.534361, -80.0
1574812602.576864, -80.0
1574812602.620233, -80.0
1574812602.662819, -80.0
1574812602.705576, -80.0
1574812602.749291, -80.0
1574812602.791546, -80.0
1574812602.833677, -80.0
1574812602.87567, -80.0
1574812602.918867, -80.0
1574812602.965697, -80.0
1574812603.007787, -80.0
1574812603.050201, -80.0
1574812603.092329, -80.0
1574812603.137251, -80.0
1574812603.183424, -80.0
1574812603.227062, -80.0
1574812603.270415, -80.0
1574812603.313468, -80.0
1574812603.358261, -80.0
1574812603.404864, -80.0
1574812603.449153, -80.0
1574812603.493352, -80.0
1574812603.538263, -80.0
1574812603.583035, -80.0
1574812603.62671, -80.0
1574812603.672653, -80.0
1574812603.716884, -80.0
1574812603.761025, -80.0
1574812603.809174, -80.0
1574812603.854708, -80.0
1574812604.840201, -79.0
1574812605.829899, -79.0
1574812606.039688, -79.0
1574812607.027041, -79.0
1574812608.262012, -77.0
1574812609.342515, -77.0
1574812610.322431, -76.0
1574812611.471856, -76.0
1574812602.073112, -80.0
1574812602.11845, -80.0
1574812602.16118, -80.0
1574812602.205126, -80.0
1574812602.251292, -80.0
1574812602.298581, -80.0
1574812602.347429, -80.0
1574812602.396133, -80.0
1574812602.441519, -80.0
1574812602.485265, -80.0
1574812602.528482, -80.0
1574812602.573271, -80.0
1574812602.61705, -80.0
1574812602.659169, -80.0
1574812602.702098, -80.0
1574812602.744975, -80.0
1574812602.787894, -80.0
1574812602.830878, -80.0
1574812602.875282, -80.0
1574812602.918444, -80.0
1574812602.96097, -80.0
1574812603.009552, -80.0
1574812603.0534, -80.0
1574812603.095688, -80.0
1574812603.138896, -80.0
1574812603.182748, -80.0
1574812603.226889, -80.0
1574812603.271322, -80.0
1574812603.315653, -80.0
1574812603.358562, -80.0
1574812603.401336, -80.0
1574812603.446021, -80.0
1574812603.4904, -80.0
1574812603.534752, -80.0
1574812603.578205, -80.0
1574812603.621544, -80.0
1574812603.665955, -80.0
1574812603.70972, -80.0
1574812603.753247, -80.0
1574812603.798885, -80.0
1574812603.845137, -80.0
1574812603.889281, -80.0
1574812604.852248, -79.0
1574812605.360244, -79.0
1574812606.619293, -79.0
1574812607.523685, -79.0
1574812608.425812, -77.0
1574812609.29473, -77.0
1574812610.238389, -77.0
1574812611.309318, -76.0
1574812604.79288, -80.0
1574812604.838549, -80.0
1574812604.889726, -79.0
1574812604.939169, -79.0
1574812604.982629, -79.0
1574812605.038602, -79.0
1574812605.091718, -79.0
1574812605.147349, -79.0
1574812605.193667, -79.0
1574812605.243613, -79.0
1574812605.289969, -79.0
1574812605.340408, -79.0
1574812605.386963, -79.0
1574812605.437713, -79.0
1574812605.484377, -79.0
1574812605.534014, -79.0
1574812605.579729, -79.0
1574812605.626832, -79.0
1574812605.677698, -79.0
1574812605.724981, -79.0
1574812605.775924, -79.0
1574812605.825689, -79.0
1574812605.876782, -79.0
1574812605.923289, -79.0
1574812605.97229, -79.0
1574812606.020809, -79.0
1574812606.07434, -79.0
1574812606.121168, -79.0
1574812606.171917, -79.0
1574812606.219279, -79.0
1574812606.270216, -79.0
1574812606.318191, -79.0
1574812606.368826, -79.0
1574812606.416073, -79.0
1574812606.462691, -79.0
1574812606.513578, -79.0
1574812606.56126, -79.0
1574812606.612572, -79.0
1574812606.660757, -79.0
1574812606.714155, -79.0
1574812606.768297, -79.0
1574812606.820167, -79.0
1574812607.870396, -79.0
1574812608.691919, -77.0
1574812609.707511, -77.0
1574812610.488201, -76.0
1574812611.520272, -76.0
1574812612.54584, -76.0
1574812613.553631, -76.0
1574812614.543941, -76.0
1574812607.444997, -79.0
1574812607.490479, -79.0
1574812607.535281, -79.0
1574812607.578864, -79.0
1574812607.624709, -79.0
1574812607.672504, -79.0
1574812607.722424, -79.0
1574812607.774627, -79.0
1574812607.81933, -79.0
1574812607.862675, -79.0
1574812607.90662, -79.0
1574812607.950414, -79.0
1574812607.993765, -79.0
1574812608.038908, -79.0
1574812608.083263, -79.0
1574812608.126833, -79.0
1574812608.172549, -79.0
1574812608.216411, -79.0
1574812608.261726, -79.0
1574812608.306945, -77.0
1574812608.351613, -77.0
1574812608.403225, -77.0
1574812608.447358, -77.0
1574812608.491006, -77.0
1574812608.537762, -77.0
1574812608.584236, -77.0
1574812608.632007, -77.0
1574812608.67879, -77.0
1574812608.725433, -77.0
1574812608.773818, -77.0
1574812608.81946, -77.0
1574812608.867504, -77.0
1574812608.912212, -77.0
1574812608.958425, -77.0
1574812609.003971, -77.0
1574812609.050253, -77.0
1574812609.095359, -77.0
1574812609.141018, -77.0
1574812609.185863, -77.0
1574812609.230973, -77.0
1574812609.278002, -77.0
1574812609.324686, -77.0
1574812610.258392, -77.0
1574812611.276698, -76.0
1574812611.984316, -76.0
1574812612.916565, -76.0
1574812613.76404, -76.0
1574812614.567917, -76.0
1574812615.634404, -76.0
1574812616.599542, -76.0
1574812611.386774, -76.0
1574812611.431396, -76.0
1574812611.474172, -76.0
1574812611.514682, -76.0
1574812611.555357, -76.0
1574812611.596201, -76.0
1574812611.636858, -76.0
1574812611.677802, -76.0
1574812611.718553, -76.0
1574812611.75946, -76.0
1574812611.80001, -76.0
1574812611.840991, -76.0
1574812611.881982, -76.0
1574812611.923005, -76.0
1574812611.963624, -76.0
1574812612.004632, -76.0
1574812613.019914, -76.0
1574812613.785435, -76.0
1574812614.076136, -76.0
1574812614.117429, -76.0
1574812614.415844, -76.0
1574812614.456807, -76.0
1574812614.49971, -76.0
1574812614.542827, -76.0
1574812614.584451, -76.0
1574812614.626153, -76.0
1574812614.66809, -76.0
1574812614.710222, -76.0
1574812614.752254, -76.0
1574812615.227072, -76.0
1574812615.949488, -76.0
1574812616.567288, -76.0
1574812617.152773, -76.0
1574812617.777255, -76.0
1574812618.385515, -76.0
1574812618.991924, -76.0
1574812619.6063, -76.0
1574812620.210298, -76.0
1574812620.807189, -75.0
1574812621.410707, -75.0
1574812622.032001, -75.0
1574812622.661317, -75.0
1574812623.912595, -75.0
1574812624.541167, -75.0
1574812625.145505, -75.0
1574812625.611414, -75.0
1574812626.051642, -75.0
1574812626.496016, -75.0
1574812626.938186, -75.0
1574812627.361831, -75.0
1574812631.807868, -75.0
1574812632.083793, -75.0
1574812632.095199, -75.0
1574812632.107085, -75.0
1574812632.118336, -75.0
1574812632.129277, -75.0
1574812632.14174, -75.0
1574812632.153087, -75.0
1574812632.165491, -75.0
1574812632.17681, -75.0
1574812632.187969, -75.0
1574812632.200987, -75.0
1574812632.211949, -75.0
1574812632.45667, -75.0
1574812632.618273, -75.0
1574812632.787593, -75.0
1574812632.952569, -75.0
1574812633.133945, -75.0
1574812633.446307, -75.0
1574812633.82256, -75.0
1574812634.022176, -75.0
1574812634.22373, -75.0
1574812634.426798, -75.0
1574812634.613288, -75.0
1574812634.867465, -75.0
1574812635.103244, -75.0
1574812635.490931, -75.0
1574812635.91684, -75.0
1574812636.320644, -75.0
1574812636.744426, -75.0
1574812637.25486, -75.0
1574812637.443552, -75.0
1574812637.623604, -75.0
1574812637.838868, -75.0
1574812638.081497, -75.0
1574812638.261675, -75.0
1574812638.415746, -75.0
1574812638.575912, -75.0
1574812638.735131, -75.0
1574812638.938336, -75.0
1574812639.107821, -75.0
1574812639.260806, -75.0
1574812639.426223, -75.0
1574812639.606975, -75.0
1574812639.808222, -75.0
1574812640.008339, -75.0
1574812640.510949, -75.0
1574812640.899383, -75.0
1574812641.269306, -75.0
1574812641.634019, -75.0
1574812642.011944, -75.0
1574812642.428419, -75.0
1574812642.861356, -75.0
1574812643.260295, -75.0
1574812643.716335, -75.0
1574812644.146704, -75.0
1574812644.581704, -75.0
1574812644.925523, -75.0
1574812645.171934, -75.0
1574812645.387982, -75.0
1574812645.606991, -75.0
1574812645.832691, -75.0
1574812646.045977, -75.0
1574812646.27037, -75.0
1574812646.495234, -75.0
1574812646.709007, -75.0
1574812646.92653, -75.0
1574812647.244821, -75.0
1574812647.611764, -75.0
1574812647.929762, -75.0
1574812648.124797, -75.0
1574812648.316254, -75.0
1574812648.506607, -75.0
1574812648.690857, -75.0
1574812648.88948, -75.0
1574812649.064387, -75.0
1574812649.239344, -75.0
1574812649.412761, -75.0
1574812649.60278, -75.0
1574812649.761114, -75.0
1574812650.016555, -75.0
1574812650.176159, -75.0
1574812650.5276, -75.0
1574812650.684695, -75.0
1574812650.841139, -75.0
1574812650.991534, -75.0
1574812651.150286, -75.0
1574812651.368494, -75.0
1574812651.55113, -75.0
1574812651.7675, -75.0
1574812651.968099, -75.0
1574812652.15763, -75.0
1574812652.354745, -75.0
1574812652.581731, -75.0
1574812652.859914, -75.0
1574812653.073199, -75.0
1574812653.299435, -75.0
1574812653.724716, -75.0
1574812653.910689, -75.0
1574812654.384547, -75.0
1574812654.929576, -75.0
1574812655.376148, -75.0
1574812655.759872, -75.0
1574812656.069213, -75.0
1574812656.396164, -75.0
1574812656.757097, -75.0
1574812657.128516, -75.0
1574812657.485424, -75.0
1574812657.827187, -75.0
1574812658.181715, -75.0
1574812658.524241, -75.0
1574812658.826364, -75.0
1574812659.125657, -75.0
1574812659.429611, -75.0
1574812659.748399, -75.0
1574812660.090185, -75.0
1574812660.428154, -75.0
1574812660.800212, -75.0
1574812661.137366, -75.0
1574812661.459797, -75.0
1574812661.771948, -75.0
1574812662.112536, -75.0
1574812662.428752, -75.0
1574812662.770167, -75.0
1574812663.124311, -75.0
1574812663.463272, -75.0
1574812663.842733, -75.0
1574812664.194164, -75.0
1574812664.554127, -75.0
1574812664.886769, -75.0
1574812665.26091, -75.0
1574812665.576056, -75.0
1574812665.898987, -75.0
1574812666.231124, -75.0
1574812666.53915, -75.0
1574812666.864153, -75.0
1574812667.189451, -75.0
1574812667.502861, -75.0
1574812667.849137, -75.0
1574812668.19052, -75.0
1574812668.519892, -75.0
1574812668.841932, -75.0
1574812669.173151, -75.0
1574812669.496881, -75.0
1574812669.835644, -75.0
1574812670.162781, -75.0
1574812670.492241, -75.0
1574812670.821341, -75.0
1574812671.154699, -75.0
1574812671.474954, -75.0
1574812671.789748, -75.0
1574812672.12054, -75.0
1574812672.444519, -75.0
1574812672.76677, -75.0
1574812673.080636, -75.0
1574812673.402632, -75.0
1574812673.719597, -75.0
1574812674.051975, -75.0
1574812674.379058, -75.0
1574812674.71247, -75.0
1574812675.042196, -75.0
1574812675.358903, -75.0
1574812675.713148, -75.0
1574812676.043064, -75.0
1574812676.360391, -75.0
1574812676.689764, -75.0
1574812677.027995, -75.0
1574812677.374406, -75.0
1574812677.711056, -75.0
1574812678.047317, -75.0
1574812678.361947, -75.0
1574812678.694627, -75.0
1574812679.011502, -75.0
1574812679.366532, -75.0
1574812679.676015, -75.0
1574812680.001595, -75.0
1574812680.338812, -75.0
1574812680.670769, -75.0
1574812681.001363, -75.0
1574812681.327377, -75.0
1574812681.670882, -75.0
1574812681.993057, -75.0
1574812682.320222, -75.0
1574812682.641077, -75.0
1574812682.965664, -75.0
1574812683.278939, -75.0
1574812683.614543, -75.0
1574812683.922439, -75.0
1574812684.258139, -75.0
1574812684.579227, -75.0
1574812684.917353, -75.0
1574812685.244952, -75.0
1574812685.569602, -75.0
1574812685.888035, -75.0
1574812686.216955, -75.0
1574812686.558455, -75.0
1574812686.904384, -75.0
1574812687.241468, -75.0
1574812687.574449, -75.0
1574812687.911653, -75.0
1574812688.231798, -75.0
1574812688.56283, -75.0
1574812688.892467, -75.0
1574812689.218344, -75.0
1574812689.538882, -75.0
1574812689.840159, -75.0
1574812690.179959, -75.0
1574812690.490511, -75.0
1574812690.841375, -75.0
1574812691.186598, -75.0
1574812691.53471, -75.0
1574812691.860693, -75.0
1574812692.206968, -75.0
1574812692.550589, -75.0
1574812692.879648, -75.0
1574812693.221213, -75.0
1574812693.55767, -75.0
1574812693.88579, -75.0
1574812694.248079, -75.0
1574812694.565685, -75.0
1574812694.891758, -75.0
1574812695.231158, -75.0
1574812695.563524, -75.0
1574812695.860051, -75.0
1574812696.201441, -75.0
1574812696.525904, -75.0
1574812696.851455, -75.0
1574812697.167093, -75.0
1574812697.485742, -75.0
1574812697.819921, -75.0
1574812698.167369, -75.0
1574812698.510883, -75.0
1574812698.866374, -75.0
1574812699.213227, -75.0
1574812699.538653, -75.0
1574812699.887498, -75.0
1574812700.210502, -75.0
1574812700.538085, -75.0
1574812700.871851, -75.0
1574812701.178271, -75.0
1574812701.479978, -75.0
1574812701.816635, -75.0
1574812702.195689, -75.0
1574812702.525051, -75.0
1574812702.865158, -75.0
1574812703.207497, -75.0
1574812703.538017, -75.0
1574812703.873651, -75.0
1574812704.213236, -75.0
1574812704.530047, -75.0
1574812631.816634, -75.0
1574812632.145307, -75.0
1574812632.156948, -75.0
1574812632.17093, -75.0
1574812632.182149, -75.0
1574812632.194592, -75.0
1574812632.205362, -75.0
1574812632.216445, -75.0
1574812632.227155, -75.0
1574812632.243477, -75.0
1574812632.255154, -75.0
1574812632.271606, -75.0
1574812632.750483, -75.0
1574812633.023347, -75.0
1574812633.328729, -75.0
1574812633.489908, -75.0
1574812633.661548, -75.0
1574812633.821688, -75.0
1574812633.972478, -75.0
1574812634.125764, -75.0
1574812634.283209, -75.0
1574812634.431228, -75.0
1574812634.57628, -75.0
1574812634.820121, -75.0
1574812634.972997, -75.0
1574812635.157273, -75.0
1574812635.3161, -75.0
1574812635.483499, -75.0
1574812635.631359, -75.0
1574812635.780239, -75.0
1574812635.938588, -75.0
1574812636.098301, -75.0
1574812636.255642, -75.0
1574812636.395409, -75.0
1574812636.549979, -75.0
1574812636.700069, -75.0
1574812636.864821, -75.0
1574812637.044062, -75.0
1574812637.222006, -75.0
1574812637.390028, -75.0
1574812637.54495, -75.0
1574812637.733085, -75.0
1574812637.890458, -75.0
1574812638.063772, -75.0
1574812638.246558, -75.0
1574812638.392297, -75.0
1574812638.544356, -75.0
1574812638.689294, -75.0
1574812638.866529, -75.0
1574812639.073268, -75.0
1574812639.433846, -75.0
1574812639.603712, -75.0
1574812639.779171, -75.0
1574812640.084967, -75.0
1574812640.291224, -75.0
1574812640.471501, -75.0
1574812640.693706, -75.0
1574812640.869449, -75.0
1574812641.054115, -75.0
1574812641.211213, -75.0
1574812641.379755, -75.0
1574812641.556445, -75.0
1574812641.72709, -75.0
1574812641.905971, -75.0
1574812642.160327, -75.0
1574812642.514176, -75.0
1574812642.882515, -75.0
1574812643.253907, -75.0
1574812643.634649, -75.0
1574812644.006634, -75.0
1574812644.376413, -75.0
1574812644.745965, -75.0
1574812645.134496, -75.0
1574812645.516826, -75.0
1574812645.847388, -75.0
1574812646.193231, -75.0
1574812646.54041, -75.0
1574812646.907206, -75.0
1574812647.274736, -75.0
1574812647.636744, -75.0
1574812647.996674, -75.0
1574812648.370042, -75.0
1574812648.71524, -75.0
1574812649.068954, -75.0
1574812649.252742, -75.0
1574812649.615663, -75.0
1574812649.95865, -75.0
1574812650.239255, -75.0
1574812650.487523, -75.0
1574812650.653719, -75.0
1574812650.800724, -75.0
1574812650.943198, -75.0
1574812651.096862, -75.0
1574812651.239471, -75.0
1574812651.386091, -75.0
1574812651.570485, -75.0
1574812651.725851, -75.0
1574812651.909287, -75.0
1574812652.082418, -75.0
1574812652.325912, -75.0
1574812652.511669, -75.0
1574812652.74003, -75.0
1574812652.915682, -75.0
1574812653.154399, -75.0
1574812653.31455, -75.0
1574812653.47452, -75.0
1574812653.633864, -75.0
1574812653.787315, -75.0
1574812654.027796, -75.0
1574812654.22317, -75.0
1574812654.372227, -75.0
1574812654.553923, -75.0
1574812654.747894, -75.0
1574812654.948838, -75.0
1574812655.220751, -75.0
1574812655.478514, -75.0
1574812655.683208, -75.0
1574812655.825664, -75.0
1574812655.96805, -75.0
1574812656.116623, -75.0
1574812656.268154, -75.0
1574812656.441397, -75.0
1574812656.753733, -75.0
1574812657.085966, -75.0
1574812657.38262, -75.0
1574812657.704711, -75.0
1574812658.024171, -75.0
1574812658.35208, -75.0
1574812658.648013, -75.0
1574812658.926683, -75.0
1574812659.157, -75.0
1574812659.304065, -75.0
1574812659.443358, -75.0
1574812659.591812, -75.0
1574812659.737275, -75.0
1574812659.980318, -75.0
1574812660.129123, -75.0
1574812660.26874, -75.0
1574812660.409172, -75.0
1574812660.565326, -75.0
1574812660.758222, -75.0
1574812660.94372, -75.0
1574812661.105447, -75.0
1574812661.252661, -75.0
1574812661.398081, -75.0
1574812661.542191, -75.0
1574812661.69148, -75.0
1574812661.833908, -75.0
1574812661.969043, -75.0
1574812662.115587, -75.0
1574812662.26422, -75.0
1574812662.413425, -75.0
1574812662.568632, -75.0
1574812662.712188, -75.0
1574812662.867725, -75.0
1574812663.008407, -75.0
1574812663.164371, -75.0
1574812663.317936, -75.0
1574812663.557152, -75.0
1574812663.708583, -75.0
1574812663.857135, -75.0
1574812663.998229, -75.0
1574812664.139, -75.0
1574812664.292439, -75.0
1574812664.456243, -75.0
1574812664.657392, -75.0
1574812665.012924, -75.0
1574812665.356616, -75.0
1574812665.713385, -75.0
1574812666.081352, -75.0
1574812666.405858, -75.0
1574812666.737456, -75.0
1574812667.09133, -75.0
1574812667.430782, -75.0
1574812667.777427, -75.0
1574812668.118196, -75.0
1574812668.469137, -75.0
1574812668.816983, -75.0
1574812669.125826, -75.0
1574812669.474781, -75.0
1574812669.792999, -75.0
1574812670.106089, -75.0
1574812670.422029, -75.0
1574812670.75057, -75.0
1574812671.095066, -75.0
1574812671.441013, -75.0
1574812671.782979, -75.0
1574812672.004964, -75.0
1574812672.172139, -75.0
1574812672.455578, -75.0
1574812672.760446, -75.0
1574812673.031314, -75.0
1574812673.185995, -75.0
1574812673.35077, -75.0
1574812673.501143, -75.0
1574812673.659446, -75.0
1574812673.810193, -75.0
1574812673.965437, -75.0
1574812674.117723, -75.0
1574812674.274141, -75.0
1574812674.425864, -75.0
1574812674.568979, -75.0
1574812674.712152, -75.0
1574812674.863549, -75.0
1574812675.011752, -75.0
1574812675.178233, -75.0
1574812675.527312, -75.0
1574812675.881943, -75.0
1574812676.215343, -75.0
1574812676.560453, -75.0
1574812676.896597, -75.0
1574812677.234111, -75.0
1574812677.574552, -75.0
1574812677.906168, -75.0
1574812678.2181, -75.0
1574812678.562777, -75.0
1574812678.877075, -75.0
1574812679.199614, -75.0
1574812679.524006, -75.0
1574812679.841288, -75.0
1574812680.138636, -75.0
1574812680.465711, -75.0
1574812680.786532, -75.0
1574812681.133397, -75.0
1574812681.44457, -75.0
1574812681.760886, -75.0
1574812682.094316, -75.0
1574812682.43164, -75.0
1574812682.761579, -75.0
1574812683.110511, -75.0
1574812683.446709, -75.0
1574812683.767123, -75.0
1574812684.114894, -75.0
1574812684.440109, -75.0
1574812684.768214, -75.0
1574812685.113477, -75.0
1574812685.422268, -75.0
1574812685.718822, -75.0
1574812686.053112, -75.0
1574812686.402871, -75.0
1574812686.727452, -75.0
1574812687.062794, -75.0
1574812687.40178, -75.0
1574812687.730973, -75.0
1574812688.054771, -75.0
1574812688.345762, -75.0
1574812688.63366, -75.0
1574812688.954657, -75.0
1574812689.215171, -75.0
1574812689.539019, -75.0
1574812631.816986, -75.0
1574812632.073797, -75.0
1574812632.084241, -75.0
1574812632.095083, -75.0
1574812632.109977, -75.0
1574812632.120627, -75.0
1574812632.131779, -75.0
1574812632.147028, -75.0
1574812632.486058, -75.0
1574812632.711927, -75.0
1574812633.078318, -75.0
1574812633.410816, -75.0
1574812633.777323, -75.0
1574812634.133247, -75.0
1574812634.494439, -75.0
1574812634.847017, -75.0
1574812635.216369, -75.0
1574812635.550329, -75.0
1574812635.872662, -75.0
1574812636.226451, -75.0
1574812636.571102, -75.0
1574812636.966634, -75.0
1574812637.318029, -75.0
1574812637.747558, -75.0
1574812638.228019, -75.0
1574812638.529899, -75.0
1574812638.770556, -75.0
1574812639.018536, -75.0
1574812639.223405, -75.0
1574812639.441837, -75.0
1574812639.663755, -75.0
1574812640.043433, -75.0
1574812640.407638, -75.0
1574812640.638286, -75.0
1574812640.876146, -75.0
1574812641.140681, -75.0
1574812641.38095, -75.0
1574812641.701345, -75.0
1574812642.020006, -75.0
1574812642.304238, -75.0
1574812642.586946, -75.0
1574812642.839994, -75.0
1574812643.109284, -75.0
1574812643.251693, -75.0
1574812643.514587, -75.0
1574812643.667966, -75.0
1574812643.813293, -75.0
1574812643.974584, -75.0
1574812644.15271, -75.0
1574812644.301208, -75.0
1574812644.456363, -75.0
1574812644.742042, -75.0
1574812645.094193, -75.0
1574812645.421975, -75.0
1574812645.791664, -75.0
1574812646.192449, -75.0
1574812646.574192, -75.0
1574812646.917384, -75.0
1574812647.249173, -75.0
1574812647.584573, -75.0
1574812647.951554, -75.0
1574812648.351582, -75.0
1574812648.754062, -75.0
1574812649.120483, -75.0
1574812649.508553, -75.0
1574812649.841551, -75.0
1574812650.204236, -75.0
1574812650.577886, -75.0
1574812650.964594, -75.0
1574812651.445927, -75.0
1574812652.093282, -75.0
1574812652.539081, -75.0
1574812653.042108, -75.0
1574812653.428618, -75.0
1574812653.797315, -75.0
1574812654.274274, -75.0
1574812654.835792, -75.0
1574812655.350239, -75.0
1574812655.812376, -75.0
1574812656.181948, -75.0
1574812656.493411, -75.0
1574812656.632922, -75.0
1574812656.790511, -75.0
1574812656.946294, -75.0
1574812657.10487, -75.0
1574812657.254799, -75.0
1574812657.405539, -75.0
1574812657.559154, -75.0
1574812657.71446, -75.0
1574812657.861335, -75.0
1574812658.017062, -75.0
1574812658.1772, -75.0
1574812658.32758, -75.0
1574812658.469683, -75.0
1574812658.621768, -75.0
1574812658.772999, -75.0
1574812658.926446, -75.0
1574812659.078831, -75.0
1574812659.230985, -75.0
1574812659.378738, -75.0
1574812659.539765, -75.0
1574812659.684105, -75.0
1574812659.842773, -75.0
1574812660.038651, -75.0
1574812660.188026, -75.0
1574812660.337757, -75.0
1574812660.48135, -75.0
1574812660.671523, -75.0
1574812660.820958, -75.0
1574812660.970753, -75.0
1574812661.113104, -75.0
1574812661.441509, -75.0
1574812661.582523, -75.0
1574812661.915196, -75.0
1574812662.176347, -75.0
1574812662.319484, -75.0
1574812662.475739, -75.0
1574812662.63003, -75.0
1574812662.77048, -75.0
1574812662.917191, -75.0
1574812663.071518, -75.0
1574812663.342338, -75.0
1574812663.583393, -75.0
1574812663.844503, -75.0
1574812663.985127, -75.0
1574812664.130898, -75.0
1574812664.316554, -75.0
1574812664.466801, -75.0
1574812664.696747, -75.0
1574812665.07172, -75.0
1574812665.408676, -75.0
1574812665.759777, -75.0
1574812666.104859, -75.0
1574812666.439834, -75.0
1574812666.787034, -75.0
1574812667.162088, -75.0
1574812667.533452, -75.0
1574812667.898389, -75.0
1574812668.250587, -75.0
1574812668.606678, -75.0
1574812668.961075, -75.0
1574812669.347971, -75.0
1574812669.682038, -75.0
1574812670.02382, -75.0
1574812670.3493, -75.0
1574812670.694047, -75.0
1574812670.997041, -75.0
1574812671.238763, -75.0
1574812671.404455, -75.0
1574812671.559803, -75.0
1574812671.701068, -75.0
1574812671.853229, -75.0
1574812671.999206, -75.0
1574812672.15306, -75.0
1574812672.386145, -75.0
1574812672.724905, -75.0
1574812672.981357, -75.0
1574812673.127007, -75.0
1574812673.276182, -75.0
1574812673.440806, -75.0
1574812673.597114, -75.0
1574812673.748255, -75.0
1574812673.903972, -75.0
1574812674.268579, -75.0
1574812674.611531, -75.0
1574812674.941712, -75.0
1574812675.363914, -75.0
1574812675.710092, -75.0
1574812676.043625, -75.0
1574812676.411809, -75.0
1574812676.754431, -75.0
1574812677.097023, -75.0
1574812677.459874, -75.0
1574812677.796045, -75.0
1574812678.119162, -75.0
1574812678.436388, -75.0
1574812678.799751, -75.0
1574812679.130158, -75.0
1574812679.459393, -75.0
1574812679.784023, -75.0
1574812680.134059, -75.0
1574812680.490172, -75.0
1574812680.845773, -75.0
1574812681.199739, -75.0
1574812681.54303, -75.0
1574812681.880072, -75.0
1574812682.198349, -75.0
1574812682.517013, -75.0
1574812682.859724, -75.0
1574812683.205321, -75.0
1574812683.569328, -75.0
1574812683.922581, -75.0
1574812684.278274, -75.0
1574812684.619211, -75.0
1574812684.967425, -75.0
1574812685.328987, -75.0
1574812685.683816, -75.0
1574812686.033727, -75.0
1574812686.365335, -75.0
1574812686.689088, -75.0
1574812687.041178, -75.0
1574812687.379846, -75.0
1574812687.734473, -75.0
1574812688.080006, -75.0
1574812688.431672, -75.0
1574812688.75293, -75.0
1574812689.09772, -75.0
1574812689.4326, -75.0
1574812689.771361, -75.0
1574812690.120419, -75.0
1574812690.457835, -75.0
1574812690.783228, -75.0
1574812691.131828, -75.0
1574812691.459242, -75.0
1574812691.784372, -75.0
1574812692.131075, -75.0
1574812692.45029, -75.0
1574812692.753359, -75.0
1574812693.089099, -75.0
1574812693.417256, -75.0
1574812693.745626, -75.0
1574812694.06124, -75.0
1574812694.39233, -75.0
1574812694.728628, -75.0
1574812695.077686, -75.0
1574812695.412891, -75.0
1574812695.759134, -75.0
1574812696.090803, -75.0
1574812696.41668, -75.0
1574812696.771838, -75.0
1574812697.089455, -75.0
1574812697.418144, -75.0
1574812697.753626, -75.0
1574812698.062838, -75.0
1574812698.359917, -75.0
1574812698.699431, -75.0
1574812699.062035, -75.0
1574812699.389547, -75.0
1574812699.727563, -75.0
1574812700.069136, -75.0
1574812700.387842, -75.0
1574812700.720034, -75.0
1574812701.006518, -75.0
1574812701.276823, -75.0
1574812701.612445, -75.0
1574812701.855685, -75.0
1574812702.223751, -75.0
1574812702.58202, -75.0
1574812702.895695, -75.0
1574812703.228148, -75.0
1574812631.836944, -75.0
1574812632.141179, -75.0
1574812632.152301, -75.0
1574812632.163251, -75.0
1574812632.175192, -75.0
1574812632.186275, -75.0
1574812632.197307, -75.0
1574812632.208232, -75.0
1574812632.220255, -75.0
1574812632.232338, -75.0
1574812632.243091, -75.0
1574812632.255431, -75.0
1574812632.267947, -75.0
1574812632.502331, -75.0
1574812632.656285, -75.0
1574812632.817437, -75.0
1574812632.95742, -75.0
1574812633.1198, -75.0
1574812633.390604, -75.0
1574812633.688737, -75.0
1574812633.856097, -75.0
1574812634.028166, -75.0
1574812634.207183, -75.0
1574812634.371451, -75.0
1574812634.584742, -75.0
1574812634.774936, -75.0
1574812635.121688, -75.0
1574812635.482227, -75.0
1574812635.839243, -75.0
1574812636.210216, -75.0
1574812636.487899, -75.0
1574812636.666991, -75.0
1574812636.835066, -75.0
1574812637.033158, -75.0
1574812637.2266, -75.0
1574812637.406605, -75.0
1574812637.570638, -75.0
1574812637.761546, -75.0
1574812637.96417, -75.0
1574812638.156085, -75.0
1574812638.315673, -75.0
1574812638.466546, -75.0
1574812638.63457, -75.0
1574812638.798643, -75.0
1574812638.992811, -75.0
1574812639.156987, -75.0
1574812639.485264, -75.0
1574812639.848429, -75.0
1574812640.195585, -75.0
1574812640.634452, -75.0
1574812641.002506, -75.0
1574812641.37301, -75.0
1574812641.740289, -75.0
1574812642.076939, -75.0
1574812642.456115, -75.0
1574812642.80589, -75.0
1574812643.166676, -75.0
1574812643.450573, -75.0
1574812643.637283, -75.0
1574812643.816023, -75.0
1574812643.992957, -75.0
1574812644.178207, -75.0
1574812644.356739, -75.0
1574812644.541444, -75.0
1574812644.726628, -75.0
1574812644.90902, -75.0
1574812645.095464, -75.0
1574812645.384742, -75.0
1574812645.681103, -75.0
1574812645.966007, -75.0
1574812646.132478, -75.0
1574812646.288536, -75.0
1574812646.441531, -75.0
1574812646.599482, -75.0
1574812646.771667, -75.0
1574812646.92703, -75.0
1574812647.078867, -75.0
1574812647.23333, -75.0
1574812647.390941, -75.0
1574812647.544072, -75.0
1574812647.790615, -75.0
1574812647.948961, -75.0
1574812648.308036, -75.0
1574812648.455078, -75.0
1574812648.791344, -75.0
1574812648.955186, -75.0
1574812649.107027, -75.0
1574812649.259105, -75.0
1574812649.410932, -75.0
1574812649.568243, -75.0
1574812649.733304, -75.0
1574812649.880925, -75.0
1574812650.043982, -75.0
1574812650.220157, -75.0
1574812650.371435, -75.0
1574812650.523052, -75.0
1574812650.668346, -75.0
1574812650.825215, -75.0
1574812650.964027, -75.0
1574812651.122421, -75.0
1574812651.271782, -75.0
1574812651.435063, -75.0
1574812651.664203, -75.0
1574812651.879291, -75.0
1574812652.07923, -75.0
1574812652.236712, -75.0
1574812652.403053, -75.0
1574812652.67327, -75.0
1574812652.959921, -75.0
1574812653.242253, -75.0
1574812653.428458, -75.0
1574812653.91332, -75.0
1574812654.353664, -75.0
1574812654.942483, -75.0
1574812655.378037, -75.0
1574812655.762586, -75.0
1574812655.931664, -75.0
1574812656.081446, -75.0
1574812656.22349, -75.0
1574812656.367416, -75.0
1574812656.508975, -75.0
1574812656.647665, -75.0
1574812656.789918, -75.0
1574812656.935403, -75.0
1574812657.090954, -75.0
1574812657.224118, -75.0
1574812657.383008, -75.0
1574812657.530315, -75.0
1574812657.690961, -75.0
1574812657.832462, -75.0
1574812657.978174, -75.0
1574812658.129802, -75.0
1574812658.277905, -75.0
1574812658.413898, -75.0
1574812658.575368, -75.0
1574812658.720158, -75.0
1574812658.878374, -75.0
1574812659.022927, -75.0
1574812659.162713, -75.0
1574812659.376916, -75.0
1574812659.563211, -75.0
1574812659.893915, -75.0
1574812660.044839, -75.0
1574812660.18731, -75.0
1574812660.393683, -75.0
1574812660.754615, -75.0
1574812661.10435, -75.0
1574812661.44719, -75.0
1574812661.748669, -75.0
1574812662.075112, -75.0
1574812662.379878, -75.0
1574812662.547185, -75.0
1574812662.713379, -75.0
1574812662.880018, -75.0
1574812663.056238, -75.0
1574812663.233784, -75.0
1574812663.414442, -75.0
1574812663.664738, -75.0
1574812664.005581, -75.0
1574812664.342339, -75.0
1574812664.676841, -75.0
1574812665.016087, -75.0
1574812665.332445, -75.0
1574812665.663471, -75.0
1574812665.993355, -75.0
1574812666.323107, -75.0
1574812666.66933, -75.0
1574812666.993502, -75.0
1574812667.320655, -75.0
1574812667.623812, -75.0
1574812667.941894, -75.0
1574812668.267198, -75.0
1574812668.60949, -75.0
1574812668.93966, -75.0
1574812669.290511, -75.0
1574812669.597198, -75.0
1574812669.946657, -75.0
1574812670.269285, -75.0
1574812670.590649, -75.0
1574812670.935897, -75.0
1574812671.271557, -75.0
1574812671.547227, -75.0
1574812671.861117, -75.0
1574812672.186561, -75.0
1574812672.405945, -75.0
1574812672.534955, -75.0
1574812672.685391, -75.0
1574812672.835419, -75.0
1574812672.985645, -75.0
1574812673.133323, -75.0
1574812673.272489, -75.0
1574812673.422376, -75.0
1574812673.574991, -75.0
1574812673.723122, -75.0
1574812673.863316, -75.0
1574812673.998833, -75.0
1574812674.202548, -75.0
1574812674.356072, -75.0
1574812674.498041, -75.0
1574812674.671195, -75.0
1574812674.957028, -75.0
1574812675.301509, -75.0
1574812675.624301, -75.0
1574812675.906594, -75.0
1574812676.118225, -75.0
1574812676.25766, -75.0
1574812676.397793, -75.0
1574812676.546383, -75.0
1574812676.690266, -75.0
1574812676.83929, -75.0
1574812676.983217, -75.0
1574812677.123218, -75.0
1574812677.26751, -75.0
1574812677.416939, -75.0
1574812677.554838, -75.0
1574812677.701857, -75.0
1574812677.847829, -75.0
1574812677.996084, -75.0
1574812678.133177, -75.0
1574812678.272386, -75.0
1574812678.42325, -75.0
1574812678.561568, -75.0
1574812678.701392, -75.0
1574812678.851157, -75.0
1574812678.985974, -75.0
1574812679.1287, -75.0
1574812679.27183, -75.0
1574812679.411341, -75.0
1574812679.56468, -75.0
1574812679.704087, -75.0
1574812679.84142, -75.0
1574812679.981952, -75.0
1574812680.125739, -75.0
1574812680.274731, -75.0
1574812680.426298, -75.0
1574812680.567973, -75.0
1574812680.716141, -75.0
1574812680.863267, -75.0
1574812681.006114, -75.0
1574812681.149301, -75.0
1574812681.294807, -75.0
1574812681.513142, -75.0
1574812681.665279, -75.0
1574812681.81213, -75.0
1574812681.954768, -75.0
1574812682.095698, -75.0
1574812682.285458, -75.0
1574812682.475679, -75.0
1574812682.791332, -75.0
1574812683.013558, -75.0
1574812683.297124, -75.0
1574812683.737986, -75.0
1574812683.996997, -75.0
1574812684.333418, -75.0
1574812684.670015, -75.0
1574812684.999157, -75.0
1574812685.311166, -75.0
1574812685.608364, -75.0
1574812685.961937, -75.0
1574812686.295718, -75.0
1574812686.647621, -75.0
1574812686.962212, -75.0
1574812687.287998, -75.0
1574812687.625598, -75.0
1574812687.940658, -75.0
1574812688.237631, -75.0
1574812688.563433, -75.0
1574812688.920616, -75.0
1574812689.25233, -75.0
1574812689.592465, -75.0
1574812689.900411, -75.0
1574812690.24253, -75.0
1574812690.572842, -75.0
1574812690.911184, -75.0
1574812691.215657, -75.0
1574812691.566069, -75.0
1574812691.901651, -75.0
1574812692.230214, -75.0
1574812692.578456, -75.0
1574812692.889077, -75.0
1574812693.203872, -75.0
1574812693.512378, -75.0
1574812693.836711, -75.0
1574812694.174775, -75.0
1574812694.48505, -75.0
1574812694.791596, -75.0
1574812695.12513, -75.0
1574812695.475647, -75.0
1574812695.82196, -75.0
1574812696.153285, -75.0
1574812696.486889, -75.0
1574812696.817585, -75.0
1574812697.16761, -75.0
1574812697.50067, -75.0
1574812697.708083, -75.0
1574812698.017944, -75.0
1574812698.347212, -75.0
1574812698.685196, -75.0
1574812699.023135, -75.0
1574812699.364886, -75.0
1574812699.696245, -75.0
1574812700.031165, -75.0
1574812700.364274, -75.0
1574812700.517927, -75.0
1574812700.658447, -75.0
1574812700.813528, -75.0
1574812700.961469, -75.0
1574812701.102598, -75.0
1574812701.257192, -75.0
1574812701.397573, -75.0
1574812701.545018, -75.0
1574812701.699964, -75.0
1574812701.848302, -75.0
1574812702.0689, -75.0
1574812702.388427, -75.0
1574812702.704904, -75.0
1574812703.065113, -75.0
1574812703.427966, -75.0
1574812703.78437, -75.0
1574812704.149647, -75.0
1574812704.493826, -75.0
1574812704.847845, -75.0
1574812705.181859, -75.0
1574812705.542918, -75.0
1574812705.887552, -75.0
1574812706.223735, -75.0
1574812706.559726, -75.0
1574812706.881178, -75.0
1574812707.218404, -75.0
1574812707.542806, -75.0
1574812707.860977, -75.0
1574812708.207469, -75.0
1574812708.532964, -75.0
1574812708.863935, -75.0
1574812709.189599, -75.0
1574812709.509918, -75.0
1574812709.836591, -75.0
1574812710.166965, -75.0
1574812710.499098, -75.0
1574812710.848829, -75.0
1574812711.193313, -75.0
1574812711.426628, -75.0
1574812711.575901, -75.0
1574812711.708207, -75.0
1574812711.848525, -75.0
1574812711.995132, -75.0
1574812712.16154, -75.0
1574812712.304999, -75.0
1574812712.449739, -75.0
1574812712.593486, -75.0
1574812712.866689, -75.0
1574812713.01048, -75.0
1574812713.26134, -75.0
1574812713.462818, -75.0
1574812713.613646, -75.0
1574812713.789107, -75.0
1574812714.076292, -75.0
1574812714.329402, -75.0
1574812714.571267, -75.0
1574812714.71286, -75.0
1574812714.899651, -75.0
1574812715.192798, -75.0
1574812715.329098, -75.0
1574812715.476727, -75.0
1574812715.634823, -75.0
1574812715.801588, -75.0
1574812715.953201, -75.0
1574812716.128608, -75.0
1574812716.338077, -75.0
1574812716.578383, -75.0
1574812716.719669, -75.0
1574812716.908381, -75.0
1574812717.057517, -75.0
1574812717.205548, -75.0
1574812717.357671, -75.0
1574812717.53544, -75.0
1574812717.877896, -75.0
1574812718.244797, -75.0
1574812718.607774, -75.0
1574812718.986419, -75.0
1574812719.33683, -75.0
1574812719.742806, -75.0
1574812720.120053, -75.0
1574812720.483701, -75.0
1574812720.822851, -75.0
1574812721.18546, -75.0
1574812721.530837, -75.0
1574812721.873641, -75.0
1574812722.258911, -75.0
1574812722.580561, -75.0
1574812722.898273, -75.0
1574812723.290688, -75.0
1574812723.630806, -75.0
1574812723.966824, -75.0
1574812724.292368, -75.0
1574812724.615337, -75.0
1574812724.950434, -75.0
1574812725.306795, -75.0
1574812725.639676, -75.0
1574812725.985221, -75.0
1574812726.314985, -75.0
1574812726.671702, -75.0
1574812726.997535, -75.0
1574812727.333136, -75.0
1574812727.657489, -75.0
1574812727.982887, -75.0
1574812728.314997, -75.0
1574812728.633882, -75.0
1574812728.969426, -75.0
1574812729.302032, -75.0
1574812729.636273, -75.0
1574812729.965107, -75.0
1574812730.306559, -75.0
1574812730.64485, -75.0
1574812730.988727, -75.0
1574812731.250491, -75.0
1574812731.494287, -75.0
1574812731.662607, -75.0
1574812731.848487, -75.0
1574812731.993155, -75.0
1574812732.149294, -75.0
1574812732.307873, -75.0
1574812732.475542, -75.0
1574812732.690305, -75.0
1574812732.831585, -75.0
1574812732.981685, -75.0
1574812733.136894, -75.0
1574812733.285432, -75.0
1574812733.43638, -75.0
1574812733.586158, -75.0
1574812733.727244, -75.0
1574812733.880269, -75.0
1574812734.210184, -75.0
1574812734.531581, -75.0
1574812734.863789, -75.0
1574812735.19026, -75.0
1574812735.518125, -75.0
1574812735.826042, -75.0
1574812736.170226, -75.0
1574812736.511826, -75.0
1574812736.836514, -75.0
1574812737.162554, -75.0
1574812737.483185, -75.0
1574812737.820969, -75.0
1574812738.149067, -75.0
1574812738.494393, -75.0
1574812738.826393, -75.0
1574812739.1421, -75.0
1574812739.495059, -75.0
1574812739.821919, -75.0
1574812740.148136, -75.0
1574812740.483505, -75.0
1574812740.839679, -75.0
1574812741.164973, -75.0
1574812741.493862, -75.0
1574812741.821065, -75.0
1574812742.167639, -75.0
1574812742.486506, -75.0
1574812742.825881, -75.0
1574812743.184664, -75.0
1574812743.505494, -75.0
1574812743.837406, -75.0
1574812744.151615, -75.0
1574812744.469062, -75.0
1574812744.803925, -75.0
1574812745.140468, -75.0
1574812745.47976, -75.0
1574812745.805051, -75.0
1574812746.125178, -75.0
1574812746.427402, -75.0
1574812746.625434, -75.0
1574812746.838657, -75.0
1574812747.042578, -75.0
1574812747.229112, -75.0
1574812747.543095, -75.0
1574812747.867977, -75.0
1574812748.211895, -75.0
1574812748.554759, -75.0
1574812748.909289, -75.0
1574812749.208489, -75.0
1574812749.397718, -75.0
1574812749.598204, -75.0
1574812749.770017, -75.0
1574812749.975092, -75.0
1574812750.17109, -75.0
1574812750.371547, -75.0
1574812750.563942, -75.0
1574812750.742541, -75.0
1574812750.911642, -75.0
1574812751.096665, -75.0
1574812751.28308, -75.0
1574812751.479146, -75.0
1574812751.660067, -75.0
1574812751.876981, -75.0
1574812752.064028, -75.0
1574812752.23326, -75.0
1574812752.408767, -75.0
1574812752.597878, -75.0
1574812752.766539, -75.0
1574812752.942192, -75.0
1574812689.986917, -75.0
1574812690.299026, -75.0
1574812690.650009, -75.0
1574812690.988094, -75.0
1574812691.331237, -75.0
1574812691.657585, -75.0
1574812692.038188, -75.0
1574812692.400336, -75.0
1574812692.769866, -75.0
1574812693.121037, -75.0
1574812693.46477, -75.0
1574812693.841238, -75.0
1574812694.205063, -75.0
1574812694.558108, -75.0
1574812694.949639, -75.0
1574812695.378578, -75.0
1574812695.784018, -75.0
1574812696.206705, -75.0
1574812696.589989, -75.0
1574812697.003244, -75.0
1574812697.427447, -75.0
1574812697.845385, -75.0
1574812698.210294, -75.0
1574812698.562961, -75.0
1574812698.906518, -75.0
1574812699.256784, -75.0
1574812699.683134, -75.0
1574812700.057857, -75.0
1574812700.435596, -75.0
1574812700.806215, -75.0
1574812701.205151, -75.0
1574812701.583589, -75.0
1574812701.951634, -75.0
1574812702.366119, -75.0
1574812702.758921, -75.0
1574812703.184488, -75.0
1574812703.530184, -75.0
1574812703.869571, -75.0
1574812704.20463, -75.0
1574812704.528781, -75.0
1574812704.885713, -75.0
1574812705.199292, -75.0
1574812705.381784, -75.0
1574812705.692689, -75.0
1574812706.016152, -75.0
1574812706.356663, -75.0
1574812706.684208, -75.0
1574812707.037061, -75.0
1574812707.372088, -75.0
1574812707.720129, -75.0
1574812708.043301, -75.0
1574812708.21474, -75.0
1574812708.357573, -75.0
1574812708.498319, -75.0
1574812708.743413, -75.0
1574812709.090483, -75.0
1574812709.462043, -75.0
1574812709.811169, -75.0
1574812710.166611, -75.0
1574812710.522586, -75.0
1574812710.887457, -75.0
1574812711.268367, -75.0
1574812711.613428, -75.0
1574812711.937084, -75.0
1574812712.290613, -75.0
1574812712.586238, -75.0
1574812712.840748, -75.0
1574812713.144214, -75.0
1574812713.534315, -75.0
1574812713.803699, -75.0
1574812714.10982, -75.0
1574812714.354434, -75.0
1574812714.762946, -75.0
1574812715.19661, -75.0
1574812715.792212, -75.0
1574812716.29012, -75.0
1574812716.7994, -75.0
1574812717.15127, -75.0
1574812717.483435, -75.0
1574812717.813985, -75.0
1574812718.157374, -75.0
1574812718.497251, -75.0
1574812718.849772, -75.0
1574812719.177188, -75.0
1574812719.515598, -75.0
1574812719.84815, -75.0
1574812720.186336, -75.0
1574812720.532389, -75.0
1574812720.873646, -75.0
1574812721.069389, -75.0
1574812721.2265, -75.0
1574812721.365847, -75.0
1574812721.50737, -75.0
1574812721.661954, -75.0
1574812721.80562, -75.0
1574812721.959205, -75.0
1574812722.106306, -75.0
1574812722.256956, -75.0
1574812722.554235, -75.0
1574812722.703871, -75.0
1574812722.956066, -75.0
1574812723.126919, -75.0
1574812723.271655, -75.0
1574812723.414045, -75.0
1574812723.548269, -75.0
1574812723.789225, -75.0
1574812724.143604, -75.0
1574812724.472776, -75.0
1574812724.78603, -75.0
1574812724.954699, -75.0
1574812725.107326, -75.0
1574812725.425842, -75.0
1574812725.743389, -75.0
1574812726.064223, -75.0
1574812726.222671, -75.0
1574812726.550621, -75.0
1574812726.868938, -75.0
1574812727.012505, -75.0
1574812727.336003, -75.0
1574812727.704292, -75.0
1574812728.076632, -75.0
1574812728.437731, -75.0
1574812728.79112, -75.0
1574812729.102772, -75.0
1574812729.435489, -75.0
1574812729.764836, -75.0
1574812729.919383, -75.0
1574812730.252358, -75.0
1574812730.574342, -75.0
1574812730.895514, -75.0
1574812731.222729, -75.0
1574812731.569021, -75.0
1574812731.907302, -75.0
1574812732.115727, -75.0
1574812732.328613, -75.0
1574812732.652414, -75.0
1574812732.864652, -75.0
1574812733.020326, -75.0
1574812733.183017, -75.0
1574812733.312949, -75.0
1574812733.469158, -75.0
1574812733.613326, -75.0
1574812733.76192, -75.0
1574812733.925699, -75.0
1574812734.249885, -75.0
1574812734.468762, -75.0
1574812734.81336, -75.0
1574812735.134615, -75.0
1574812735.284507, -75.0
1574812735.588801, -75.0
1574812735.746275, -75.0
1574812735.907095, -75.0
1574812736.050228, -75.0
1574812736.190938, -75.0
1574812736.442986, -75.0
1574812736.772453, -75.0
1574812737.119116, -75.0
1574812737.468122, -75.0
1574812737.807285, -75.0
1574812738.147281, -75.0
1574812738.530485, -75.0
1574812738.876899, -75.0
1574812739.220377, -75.0
1574812739.562262, -75.0
1574812739.885625, -75.0
1574812740.237709, -75.0
1574812740.577576, -75.0
1574812740.918265, -75.0
1574812741.187298, -75.0
1574812741.435019, -75.0
1574812741.614261, -75.0
1574812741.79265, -75.0
1574812742.010353, -75.0
1574812742.312073, -75.0
1574812742.671719, -75.0
1574812743.0046, -75.0
1574812743.324237, -75.0
1574812743.667219, -75.0
1574812743.986958, -75.0
1574812744.320555, -75.0
1574812744.648085, -75.0
1574812744.974705, -75.0
1574812745.323962, -75.0
1574812745.628231, -75.0
1574812745.95471, -75.0
1574812746.292115, -75.0
1574812746.640088, -75.0
1574812746.979505, -75.0
1574812747.298803, -75.0
1574812747.611051, -75.0
1574812747.944142, -75.0
1574812748.3031, -75.0
1574812748.63544, -75.0
1574812748.965274, -75.0
1574812749.306802, -75.0
1574812749.656715, -75.0
1574812749.879324, -75.0
1574812750.072015, -75.0
1574812750.241118, -75.0
1574812750.411493, -75.0
1574812750.591801, -75.0
1574812750.76185, -75.0
1574812750.9265, -75.0
1574812751.100231, -75.0
1574812751.286306, -75.0
1574812751.447503, -75.0
1574812751.61271, -75.0
1574812751.819833, -75.0
1574812752.107859, -75.0
1574812752.271397, -75.0
1574812752.44887, -75.0
1574812752.655322, -75.0
1574812752.835362, -75.0
1574812752.990456, -75.0
1574812753.150825, -75.0
1574812753.304143, -75.0
1574812753.473356, -75.0
1574812753.6635, -75.0
1574812753.839077, -75.0
1574812754.005847, -75.0
1574812754.180879, -75.0
1574812754.470951, -75.0
1574812754.787028, -75.0
1574812755.139995, -75.0
1574812755.467893, -75.0
1574812755.803618, -75.0
1574812756.136427, -75.0
1574812756.450981, -75.0
1574812756.776611, -75.0
1574812757.04055, -75.0
1574812757.38075, -75.0
1574812757.705243, -75.0
1574812758.049882, -75.0
1574812758.371271, -75.0
1574812758.663554, -75.0
1574812758.928178, -75.0
1574812759.21467, -75.0
1574812759.484196, -75.0
1574812759.800867, -75.0
1574812760.076672, -75.0
1574812760.414037, -75.0
1574812760.718561, -75.0
1574812760.982962, -75.0
1574812761.254023, -75.0
1574812761.540759, -75.0
1574812761.81961, -75.0
1574812762.090596, -75.0
1574812762.369448, -75.0
1574812762.647164, -75.0
1574812762.915466, -75.0
1574812703.248881, -75.0
1574812703.546534, -75.0
1574812703.796805, -75.0
1574812703.807712, -75.0
1574812704.08083, -75.0
1574812704.091117, -75.0
1574812704.102755, -75.0
1574812704.113409, -75.0
1574812704.123712, -75.0
1574812704.135831, -75.0
1574812704.147125, -75.0
1574812704.157496, -75.0
1574812704.167901, -75.0
1574812704.178575, -75.0
1574812704.537719, -75.0
1574812704.877375, -75.0
1574812705.21179, -75.0
1574812705.555721, -75.0
1574812705.919037, -75.0
1574812706.253346, -75.0
1574812706.594712, -75.0
1574812706.932816, -75.0
1574812707.280357, -75.0
1574812707.624817, -75.0
1574812707.970583, -75.0
1574812708.302605, -75.0
1574812708.653203, -75.0
1574812708.987071, -75.0
1574812709.316208, -75.0
1574812709.642973, -75.0
1574812709.981287, -75.0
1574812710.15002, -75.0
1574812710.296365, -75.0
1574812710.440242, -75.0
1574812710.574409, -75.0
1574812710.719932, -75.0
1574812710.86682, -75.0
1574812711.02088, -75.0
1574812711.179365, -75.0
1574812711.324107, -75.0
1574812711.460899, -75.0
1574812711.611175, -75.0
1574812711.765468, -75.0
1574812711.901947, -75.0
1574812712.055652, -75.0
1574812712.207704, -75.0
1574812712.351246, -75.0
1574812712.507617, -75.0
1574812712.649969, -75.0
1574812712.791898, -75.0
1574812712.943495, -75.0
1574812713.109852, -75.0
1574812713.263685, -75.0
1574812713.4299, -75.0
1574812713.688341, -75.0
1574812713.839254, -75.0
1574812713.985937, -75.0
1574812714.249671, -75.0
1574812714.51716, -75.0
1574812714.730941, -75.0
1574812714.902018, -75.0
1574812715.048213, -75.0
1574812715.206743, -75.0
1574812715.460361, -75.0
1574812715.608866, -75.0
1574812715.832627, -75.0
1574812716.068398, -75.0
1574812716.227329, -75.0
1574812716.389698, -75.0
1574812716.54001, -75.0
1574812716.695967, -75.0
1574812716.902062, -75.0
1574812717.048433, -75.0
1574812717.19319, -75.0
1574812717.331909, -75.0
1574812717.47183, -75.0
1574812717.620189, -75.0
1574812717.835519, -75.0
1574812717.983945, -75.0
1574812718.306082, -75.0
1574812718.586283, -75.0
1574812718.880905, -75.0
1574812719.168712, -75.0
1574812719.322445, -75.0
1574812719.471832, -75.0
1574812719.623477, -75.0
1574812719.844746, -75.0
1574812720.159229, -75.0
1574812720.300318, -75.0
1574812720.451158, -75.0
1574812720.598555, -75.0
1574812720.740753, -75.0
1574812720.898346, -75.0
1574812721.046685, -75.0
1574812721.18117, -75.0
1574812721.313575, -75.0
1574812721.473692, -75.0
1574812721.623034, -75.0
1574812721.754761, -75.0
1574812721.888184, -75.0
1574812722.022533, -75.0
1574812722.155469, -75.0
1574812722.314222, -75.0
1574812722.449898, -75.0
1574812722.593723, -75.0
1574812722.743793, -75.0
1574812722.890633, -75.0
1574812723.040359, -75.0
1574812723.186698, -75.0
1574812723.328313, -75.0
1574812723.472166, -75.0
1574812723.615469, -75.0
1574812723.759557, -75.0
1574812723.899955, -75.0
1574812724.049052, -75.0
1574812724.194462, -75.0
1574812724.341874, -75.0
1574812724.482293, -75.0
1574812724.633476, -75.0
1574812724.784707, -75.0
1574812724.930591, -75.0
1574812725.146566, -75.0
1574812725.292111, -75.0
1574812725.437919, -75.0
1574812725.575536, -75.0
1574812725.777496, -75.0
1574812726.021189, -75.0
1574812726.169514, -75.0
1574812726.319299, -75.0
1574812726.520531, -75.0
1574812726.658602, -75.0
1574812726.797789, -75.0
1574812726.947987, -75.0
1574812727.093712, -75.0
1574812727.23071, -75.0
1574812727.387311, -75.0
1574812727.521405, -75.0
1574812727.676294, -75.0
1574812727.817394, -75.0
1574812727.94607, -75.0
1574812728.082136, -75.0
1574812728.232992, -75.0
1574812728.377086, -75.0
1574812728.524459, -75.0
1574812728.689186, -75.0
1574812728.836199, -75.0
1574812728.985019, -75.0
1574812729.126436, -75.0
1574812729.25991, -75.0
1574812729.40176, -75.0
1574812729.548081, -75.0
1574812729.703221, -75.0
1574812729.850843, -75.0
1574812729.992352, -75.0
1574812730.139634, -75.0
1574812730.294199, -75.0
1574812730.440169, -75.0
1574812730.623897, -75.0
1574812730.779641, -75.0
1574812730.923651, -75.0
1574812731.063544, -75.0
1574812731.321481, -75.0
1574812731.661483, -75.0
1574812732.017818, -75.0
1574812732.383047, -75.0
1574812732.73364, -75.0
1574812733.063089, -75.0
1574812733.447791, -75.0
1574812733.785872, -75.0
1574812734.137042, -75.0
1574812734.481999, -75.0
1574812734.802092, -75.0
1574812735.156449, -75.0
1574812735.491006, -75.0
1574812735.819932, -75.0
1574812736.164777, -75.0
1574812736.447075, -75.0
1574812736.645381, -75.0
1574812736.823793, -75.0
1574812737.108081, -75.0
1574812737.395493, -75.0
1574812737.759039, -75.0
1574812738.097371, -75.0
1574812738.417776, -75.0
1574812738.751822, -75.0
1574812739.083606, -75.0
1574812739.424737, -75.0
1574812739.747719, -75.0
1574812740.100581, -75.0
1574812740.457548, -75.0
1574812740.774849, -75.0
1574812741.095959, -75.0
1574812741.417278, -75.0
1574812741.747545, -75.0
1574812742.084472, -75.0
1574812742.394841, -75.0
1574812742.711575, -75.0
1574812743.044969, -75.0
1574812743.400424, -75.0
1574812743.736749, -75.0
1574812744.085203, -75.0
1574812744.420626, -75.0
1574812744.770515, -75.0
1574812745.038493, -75.0
1574812745.298574, -75.0
1574812745.568418, -75.0
1574812745.836125, -75.0
1574812746.090396, -75.0
1574812746.315453, -75.0
1574812746.570127, -75.0
1574812746.820002, -75.0
1574812747.064905, -75.0
1574812747.308285, -75.0
1574812747.551382, -75.0
1574812747.824208, -75.0
1574812748.154978, -75.0
1574812748.4148, -75.0
1574812748.696499, -75.0
1574812748.971932, -75.0
1574812749.248672, -75.0
1574812749.496085, -75.0
1574812749.746803, -75.0
1574812749.97907, -75.0
1574812750.253654, -75.0
1574812750.510741, -75.0
1574812750.776681, -75.0
1574812751.038175, -75.0
1574812751.300525, -75.0
1574812751.634905, -75.0
1574812751.946013, -75.0
1574812752.292532, -75.0
1574812752.623178, -75.0
1574812752.953943, -75.0
1574812753.283533, -75.0
1574812753.594482, -75.0
1574812753.931105, -75.0
1574812754.218262, -75.0
1574812754.569262, -75.0
1574812754.893307, -75.0
1574812755.238882, -75.0
1574812755.568394, -75.0
1574812755.861424, -75.0
1574812756.158719, -75.0
1574812756.480126, -75.0
1574812756.787228, -75.0
1574812757.111524, -75.0
1574812757.422793, -75.0
1574812757.769508, -75.0
1574812758.087754, -75.0
1574812758.389503, -75.0
1574812704.777719, -75.0
1574812705.023738, -75.0
1574812705.275203, -75.0
1574812705.5442, -75.0
1574812705.876431, -75.0
1574812706.221622, -75.0
1574812706.559516, -75.0
1574812706.916519, -75.0
1574812707.238904, -75.0
1574812707.625924, -75.0
1574812707.977659, -75.0
1574812708.362694, -75.0
1574812708.701919, -75.0
1574812709.057687, -75.0
1574812709.433987, -75.0
1574812709.775804, -75.0
1574812710.10531, -75.0
1574812710.46001, -75.0
1574812710.842595, -75.0
1574812711.206084, -75.0
1574812711.57631, -75.0
1574812711.910677, -75.0
1574812712.275902, -75.0
1574812712.63124, -75.0
1574812712.989998, -75.0
1574812713.342219, -75.0
1574812713.902142, -75.0
1574812714.271298, -75.0
1574812714.703379, -75.0
1574812715.186474, -75.0
1574812715.64012, -75.0
1574812716.053416, -75.0
1574812716.53184, -75.0
1574812716.99126, -75.0
1574812717.345378, -75.0
1574812717.667662, -75.0
1574812717.981398, -75.0
1574812718.318371, -75.0
1574812718.679707, -75.0
1574812719.030448, -75.0
1574812719.36164, -75.0
1574812719.706684, -75.0
1574812720.041991, -75.0
1574812720.3995, -75.0
1574812720.745861, -75.0
1574812720.91452, -75.0
1574812721.245207, -75.0
1574812721.578746, -75.0
1574812721.93619, -75.0
1574812722.272233, -75.0
1574812722.633066, -75.0
1574812722.970036, -75.0
1574812723.332304, -75.0
1574812723.675867, -75.0
1574812723.825202, -75.0
1574812723.97161, -75.0
1574812724.10716, -75.0
1574812724.340038, -75.0
1574812724.677602, -75.0
1574812725.041411, -75.0
1574812725.397274, -75.0
1574812725.758197, -75.0
1574812726.121984, -75.0
1574812726.496371, -75.0
1574812726.869905, -75.0
1574812727.198713, -75.0
1574812727.513775, -75.0
1574812727.864723, -75.0
1574812728.197008, -75.0
1574812728.476457, -75.0
1574812728.772633, -75.0
1574812729.023796, -75.0
1574812729.268572, -75.0
1574812729.48954, -75.0
1574812729.742991, -75.0
1574812730.032797, -75.0
1574812730.375072, -75.0
1574812730.704611, -75.0
1574812731.028287, -75.0
1574812731.359455, -75.0
1574812731.697275, -75.0
1574812732.0257, -75.0
1574812732.360529, -75.0
1574812732.685266, -75.0
1574812733.012844, -75.0
1574812733.348159, -75.0
1574812733.673537, -75.0
1574812734.012166, -75.0
1574812734.347064, -75.0
1574812734.687968, -75.0
1574812735.037603, -75.0
1574812735.384719, -75.0
1574812735.602122, -75.0
1574812735.798208, -75.0
1574812735.933803, -75.0
1574812736.077265, -75.0
1574812736.238684, -75.0
1574812736.38136, -75.0
1574812736.531261, -75.0
1574812736.682921, -75.0
1574812736.846684, -75.0
1574812736.992991, -75.0
1574812737.140066, -75.0
1574812737.285455, -75.0
1574812737.533441, -75.0
1574812737.900259, -75.0
1574812738.224767, -75.0
1574812738.565015, -75.0
1574812738.893147, -75.0
1574812739.221207, -75.0
1574812739.56139, -75.0
1574812739.901075, -75.0
1574812740.227455, -75.0
1574812740.546743, -75.0
1574812740.890465, -75.0
1574812741.213289, -75.0
1574812741.545629, -75.0
1574812741.755439, -75.0
1574812742.08922, -75.0
1574812742.410943, -75.0
1574812742.553519, -75.0
1574812742.87401, -75.0
1574812743.247484, -75.0
1574812743.609776, -75.0
1574812743.969333, -75.0
1574812744.31404, -75.0
1574812744.611802, -75.0
1574812744.952041, -75.0
1574812745.2937, -75.0
1574812745.447609, -75.0
1574812745.784266, -75.0
1574812746.109368, -75.0
1574812746.436184, -75.0
1574812746.764398, -75.0
1574812747.108943, -75.0
1574812747.451076, -75.0
1574812747.717896, -75.0
1574812747.966966, -75.0
1574812748.290684, -75.0
1574812748.559954, -75.0
1574812748.711631, -75.0
1574812748.871017, -75.0
1574812749.01052, -75.0
1574812749.162663, -75.0
1574812749.32154, -75.0
1574812749.488042, -75.0
1574812749.814101, -75.0
1574812750.148077, -75.0
1574812750.297613, -75.0
1574812750.446048, -75.0
1574812750.600476, -75.0
1574812750.74637, -75.0
1574812750.887196, -75.0
1574812751.0315, -75.0
1574812751.187952, -75.0
1574812751.333631, -75.0
1574812751.474758, -75.0
1574812751.71668, -75.0
1574812752.044328, -75.0
1574812752.381644, -75.0
1574812752.74664, -75.0
1574812753.101738, -75.0
1574812753.434765, -75.0
1574812753.814743, -75.0
1574812754.154459, -75.0
1574812754.488414, -75.0
1574812754.838423, -75.0
1574812755.161187, -75.0
1574812755.520369, -75.0
1574812755.869648, -75.0
1574812756.195567, -75.0
1574812756.467039, -75.0
1574812756.721331, -75.0
1574812756.907437, -75.0
1574812757.08311, -75.0
1574812757.333123, -75.0
1574812757.624093, -75.0
1574812757.993434, -75.0
1574812758.327592, -75.0
1574812758.649486, -75.0
1574812758.999746, -75.0
1574812759.331283, -75.0
1574812759.672339, -75.0
1574812759.995355, -75.0
1574812760.320411, -75.0
1574812760.66924, -75.0
1574812760.98576, -75.0
1574812761.308759, -75.0
1574812761.631148, -75.0
1574812761.962934, -75.0
1574812762.2974, -75.0
1574812762.601288, -75.0
1574812762.913216, -75.0
1574812763.243715, -75.0
1574812763.592183, -75.0
1574812763.92209, -75.0
1574812764.249918, -75.0
1574812764.597462, -75.0
1574812764.944367, -75.0
1574812765.230115, -75.0
1574812765.501016, -75.0
1574812765.72106, -75.0
1574812765.939132, -75.0
1574812766.158593, -75.0
1574812766.369055, -75.0
1574812766.569087, -75.0
1574812766.772369, -75.0
1574812767.004085, -75.0
1574812767.196409, -75.0
1574812767.399084, -75.0
1574812767.683914, -75.0
1574812768.020911, -75.0
1574812768.224529, -75.0
1574812768.445146, -75.0
1574812768.729834, -75.0
1574812768.961543, -75.0
1574812769.170791, -75.0
1574812769.372697, -75.0
1574812769.562781, -75.0
1574812769.806327, -75.0
1574812770.044519, -75.0
1574812770.25759, -75.0
1574812770.459797, -75.0
1574812770.70407, -75.0
1574812771.042612, -75.0
1574812771.353561, -75.0
1574812771.699287, -75.0
1574812772.021827, -75.0
1574812772.351217, -75.0
1574812772.674309, -75.0
1574812772.981983, -75.0
1574812773.313597, -75.0
1574812773.587356, -75.0
1574812773.927041, -75.0
1574812774.251888, -75.0
1574812774.595752, -75.0
1574812774.9209, -75.0
1574812775.208814, -75.0
1574812775.489308, -75.0
1574812775.802347, -75.0
1574812776.12144, -75.0
1574812776.446566, -75.0
1574812776.72722, -75.0
1574812777.061587, -75.0
1574812777.388409, -75.0
1574812777.675477, -75.0
1574812777.996649, -75.0
1574812778.291413, -75.0
1574812778.561246, -75.0
1574812778.854014, -75.0
1574812753.278666, -75.0
1574812753.605275, -75.0
1574812753.899667, -75.0
1574812753.910282, -75.0
1574812753.921122, -75.0
1574812753.932877, -75.0
1574812753.944035, -75.0
1574812753.954955, -75.0
1574812753.966101, -75.0
1574812753.977111, -75.0
1574812753.988291, -75.0
1574812753.999297, -75.0
1574812754.010624, -75.0
1574812754.02196, -75.0
1574812754.03319, -75.0
1574812754.044174, -75.0
1574812754.063157, -75.0
1574812754.074389, -75.0
1574812754.213802, -75.0
1574812754.362951, -75.0
1574812754.500415, -75.0
1574812754.648014, -75.0
1574812754.805134, -75.0
1574812754.969616, -75.0
1574812755.1241, -75.0
1574812755.446378, -75.0
1574812755.800489, -75.0
1574812756.135409, -75.0
1574812756.458406, -75.0
1574812756.794635, -75.0
1574812757.140898, -75.0
1574812757.4951, -75.0
1574812757.835758, -75.0
1574812758.14226, -75.0
1574812758.476872, -75.0
1574812758.81371, -75.0
1574812759.152751, -75.0
1574812759.48127, -75.0
1574812759.80466, -75.0
1574812760.131672, -75.0
1574812760.461384, -75.0
1574812760.807039, -75.0
1574812761.142972, -75.0
1574812761.468977, -75.0
1574812761.824157, -75.0
1574812762.186289, -75.0
1574812762.558202, -75.0
1574812762.886285, -75.0
1574812763.046294, -75.0
1574812763.369641, -75.0
1574812763.739248, -75.0
1574812764.067142, -75.0
1574812764.390362, -75.0
1574812764.715577, -75.0
1574812765.032355, -75.0
1574812765.380522, -75.0
1574812765.724261, -75.0
1574812766.075399, -75.0
1574812766.406863, -75.0
1574812766.734549, -75.0
1574812767.087455, -75.0
1574812767.440937, -75.0
1574812767.788499, -75.0
1574812768.149969, -75.0
1574812768.489281, -75.0
1574812768.84517, -75.0
1574812769.192363, -75.0
1574812769.544429, -75.0
1574812769.881165, -75.0
1574812770.218307, -75.0
1574812770.519719, -75.0
1574812770.825488, -75.0
1574812771.133202, -75.0
1574812771.44525, -75.0
1574812771.763006, -75.0
1574812772.099011, -75.0
1574812772.417921, -75.0
1574812772.733101, -75.0
1574812773.008186, -75.0
1574812773.330499, -75.0
1574812773.669866, -75.0
1574812774.001553, -75.0
1574812774.316534, -75.0
1574812774.642686, -75.0
1574812774.969591, -75.0
1574812775.316479, -75.0
1574812775.646479, -75.0
1574812775.992026, -75.0
1574812776.322472, -75.0
1574812776.675174, -75.0
1574812777.013897, -75.0
1574812777.324744, -75.0
1574812777.672777, -75.0
1574812777.991113, -75.0
1574812778.297244, -75.0
1574812778.599729, -75.0
1574812778.93139, -75.0
1574812779.250095, -75.0
1574812779.58305, -75.0
1574812779.897603, -75.0
1574812780.230152, -75.0
1574812780.543498, -75.0
1574812780.858558, -75.0
1574812781.168374, -75.0
1574812781.508354, -75.0
1574812781.866173, -75.0
1574812782.182248, -75.0
1574812782.522253, -75.0
1574812782.848449, -75.0
1574812783.16598, -75.0
1574812783.499055, -75.0
1574812783.818118, -75.0
1574812784.157844, -75.0
1574812784.476814, -75.0
1574812784.794047, -75.0
1574812785.129802, -75.0
1574812785.449897, -75.0
1574812785.766274, -75.0
1574812786.084791, -75.0
1574812786.358944, -75.0
1574812786.639174, -75.0
1574812786.880956, -75.0
1574812787.147336, -75.0
1574812787.373174, -75.0
1574812787.631122, -75.0
1574812787.859318, -75.0
1574812788.042351, -75.0
1574812788.188423, -75.0
1574812788.332304, -75.0
1574812788.471355, -75.0
1574812788.683013, -75.0
1574812788.825273, -75.0
1574812789.054556, -75.0
1574812789.195505, -75.0
1574812789.340188, -75.0
1574812789.483111, -75.0
1574812789.655342, -75.0
1574812789.805141, -75.0
1574812789.958114, -75.0
1574812790.107772, -75.0
1574812790.25331, -75.0
1574812790.40494, -75.0
1574812790.550984, -75.0
1574812790.699032, -75.0
1574812790.851682, -75.0
1574812791.002133, -75.0
1574812791.141558, -75.0
1574812791.274337, -75.0
1574812791.513607, -75.0
1574812791.657234, -75.0
1574812791.805094, -75.0
1574812791.947953, -75.0
1574812792.097922, -75.0
1574812792.240955, -75.0
1574812792.375427, -75.0
1574812792.526195, -75.0
1574812792.676631, -75.0
1574812792.824128, -75.0
1574812792.955461, -75.0
1574812793.100996, -75.0
1574812793.239817, -75.0
1574812793.566785, -75.0
1574812793.922418, -75.0
1574812794.256656, -75.0
1574812794.470405, -75.0
1574812794.781811, -75.0
1574812795.087289, -75.0
1574812795.409599, -75.0
1574812795.741184, -75.0
1574812796.066429, -75.0
1574812796.398974, -75.0
1574812796.733077, -75.0
1574812797.004745, -75.0
1574812797.318892, -75.0
1574812797.636396, -75.0
1574812797.965057, -75.0
1574812798.298712, -75.0
1574812798.637073, -75.0
1574812798.959404, -75.0
1574812799.28865, -75.0
1574812799.628388, -75.0
1574812799.94661, -75.0
1574812800.261481, -75.0
1574812800.598317, -75.0
1574812800.927386, -75.0
1574812801.216349, -75.0
1574812801.546362, -75.0
1574812801.880473, -75.0
1574812802.211274, -75.0
1574812802.515088, -75.0
1574812802.819106, -75.0
1574812803.138631, -75.0
1574812803.474364, -75.0
1574812803.790443, -75.0
1574812804.118142, -75.0
1574812804.463074, -75.0
1574812804.821684, -75.0
1574812805.155629, -75.0
1574812805.48123, -75.0
1574812805.804215, -75.0
1574812806.155378, -75.0
1574812806.489523, -75.0
1574812806.826793, -75.0
1574812807.150673, -75.0
1574812807.484845, -75.0
1574812807.821169, -75.0
1574812808.139173, -75.0
1574812808.45568, -75.0
1574812808.796458, -75.0
1574812809.129247, -75.0
1574812809.445615, -75.0
1574812809.763096, -75.0
1574812810.10679, -75.0
1574812810.440923, -75.0
1574812810.781409, -75.0
1574812811.120268, -75.0
1574812811.473332, -75.0
1574812811.813928, -75.0
1574812812.130888, -75.0
1574812812.468599, -75.0
1574812812.799451, -75.0
1574812813.147213, -75.0
1574812813.474937, -75.0
1574812813.81169, -75.0
1574812814.139207, -75.0
1574812814.436316, -75.0
1574812814.760819, -75.0
1574812815.087052, -75.0
1574812815.41484, -75.0
1574812815.735601, -75.0
1574812816.066511, -75.0
1574812816.392832, -75.0
1574812816.704005, -75.0
1574812817.011211, -75.0
1574812817.340626, -75.0
1574812817.664952, -75.0
1574812817.984753, -75.0
1574812818.313193, -75.0
1574812818.629338, -75.0
1574812818.95413, -75.0
1574812819.293659, -75.0
1574812819.613172, -75.0
1574812819.952047, -75.0
1574812820.290705, -75.0
1574812820.609027, -75.0
1574812820.929074, -75.0
1574812821.256264, -75.0
1574812821.576418, -75.0
1574812821.881156, -75.0
1574812822.200465, -75.0
