1574554459.555107, -4105.0
1574554460.747159, -3548.0
1574554461.870033, -3548.0
1574554462.995161, -3548.0
1574554464.118801, -3548.0
1574554465.241206, -3548.0
1574554466.366926, -16.0
1574554467.489897, -16.0
1574554468.622664, -16.0
1574554469.748017, -16.0
1574554470.872934, -16.0
1574554471.996587, -16.0
1574554473.124631, -16.0
1574554474.247656, -16.0
1574554475.372514, -16.0
1574554476.499522, -16.0
1574554477.630682, -16.0
1574554478.760898, -16.0
1574554479.894482, -16.0
1574554481.030042, -15.0
1574554482.198556, -15.0
1574554483.390907, -14.0
1574554484.526364, -14.0
1574554485.648883, -14.0
1574554486.798881, -14.0
1574554487.99068, -14.0
1574554489.144934, -14.0
1574554490.352487, -14.0
1574554491.681105, -14.0
1574554492.967324, -14.0
1574554494.107279, -14.0
1574554495.233859, -14.0
1574554496.413894, -14.0
1574554497.741939, -14.0
1574554499.04325, -14.0
1574554500.354342, -14.0
1574554501.636484, -14.0
1574554502.847476, -14.0
1574554504.130579, -14.0
1574554505.371478, -14.0
1574554506.583061, -14.0
1574554507.767071, -14.0
1574554508.951489, -14.0
1574554510.117319, -14.0
1574554513.780664, -14.0
1574554517.404578, -14.0
1574554521.11036, -14.0
1574554524.741893, -14.0
1574554528.407888, -14.0
1574554533.082039, -14.0
1574554458.977568, -4105.0
1574554459.429102, -4105.0
1574554459.851373, -4105.0
1574554460.279123, -3548.0
1574554460.705707, -3548.0
1574554461.132351, -3548.0
1574554461.554414, -3548.0
1574554461.978808, -3548.0
1574554462.40275, -3548.0
1574554462.828127, -3548.0
1574554463.249866, -3548.0
1574554463.671732, -3548.0
1574554464.095941, -3548.0
1574554464.53106, -3548.0
1574554464.953985, -3548.0
1574554465.376671, -3548.0
1574554465.802813, -16.0
1574554466.229891, -16.0
1574554466.655158, -16.0
1574554467.076527, -16.0
1574554467.519304, -16.0
1574554467.972489, -16.0
1574554468.401338, -16.0
1574554468.8242, -16.0
1574554469.2538, -16.0
1574554469.697362, -16.0
1574554470.127467, -16.0
1574554470.579368, -16.0
1574554471.074761, -16.0
1574554471.54767, -16.0
1574554471.977488, -16.0
1574554472.424281, -16.0
1574554472.874747, -16.0
1574554473.364688, -16.0
1574554473.845596, -16.0
1574554474.336229, -16.0
1574554474.814177, -16.0
1574554475.251625, -16.0
1574554475.729193, -16.0
1574554476.186268, -16.0
1574554476.629327, -16.0
1574554477.063512, -16.0
1574554477.497391, -16.0
1574554477.926535, -16.0
1574554479.647767, -16.0
1574554480.108921, -16.0
1574554480.583343, -16.0
1574554481.066216, -15.0
1574554481.543222, -15.0
1574554482.041477, -15.0
1574554460.004812, -3548.0
1574554461.432642, -3548.0
1574554462.784765, -3548.0
1574554464.126634, -3548.0
1574554465.474026, -538.0
1574554466.819138, -16.0
1574554468.13847, -16.0
1574554469.467848, -16.0
1574554470.783267, -16.0
1574554472.111108, -16.0
1574554473.430609, -16.0
1574554474.746106, -16.0
1574554476.081012, -16.0
1574554477.429614, -16.0
1574554478.759932, -16.0
1574554480.051868, -16.0
1574554481.415296, -15.0
1574554482.924169, -15.0
1574554484.288587, -14.0
1574554485.647596, -14.0
1574554486.997347, -14.0
1574554488.381854, -14.0
1574554489.787212, -14.0
1574554491.239945, -14.0
1574554492.775476, -14.0
1574554494.158387, -14.0
1574554495.63161, -14.0
1574554497.093025, -14.0
1574554498.613984, -14.0
1574554500.159247, -14.0
1574554501.689145, -14.0
1574554503.20873, -14.0
1574554504.731861, -14.0
1574554506.250047, -14.0
1574554507.748624, -14.0
1574554509.273927, -14.0
1574554510.814049, -14.0
1574554512.320818, -14.0
1574554513.826372, -14.0
1574554515.333172, -14.0
1574554516.857395, -14.0
1574554518.359135, -14.0
1574554519.865495, -14.0
1574554521.370596, -14.0
1574554522.849744, -14.0
1574554524.38252, -14.0
1574554525.912237, -14.0
1574554527.418735, -14.0
1574554528.946898, -14.0
1574554530.458181, -14.0
1574554459.014033, -4105.0
1574554459.316841, -4105.0
1574554459.607597, -4105.0
1574554459.889562, -4105.0
1574554460.171249, -3548.0
1574554460.453612, -3548.0
1574554460.73649, -3548.0
1574554461.017635, -3548.0
1574554461.298809, -3548.0
1574554461.582993, -3548.0
1574554461.864267, -3548.0
1574554462.146166, -3548.0
1574554462.429943, -3548.0
1574554462.711042, -3548.0
1574554463.000681, -3548.0
1574554463.319155, -3548.0
1574554463.612704, -3548.0
1574554463.916847, -3548.0
1574554464.222204, -3548.0
1574554464.503907, -3548.0
1574554464.846252, -3548.0
1574554465.136889, -3548.0
1574554465.425504, -538.0
1574554465.71028, -16.0
1574554465.99822, -16.0
1574554466.326553, -16.0
1574554466.613493, -16.0
1574554466.948388, -16.0
1574554467.256193, -16.0
1574554467.597355, -16.0
1574554467.935168, -16.0
1574554468.286268, -16.0
1574554468.629125, -16.0
1574554468.960704, -16.0
1574554469.295268, -16.0
1574554469.627115, -16.0
1574554469.967126, -16.0
1574554470.309211, -16.0
1574554470.653524, -16.0
1574554471.001917, -16.0
1574554471.336032, -16.0
1574554471.669247, -16.0
1574554472.010204, -16.0
1574554472.34366, -16.0
1574554472.673549, -16.0
1574554473.015768, -16.0
1574554473.346804, -16.0
1574554473.680136, -16.0
1574554474.011403, -16.0
1574554474.359772, -16.0
1574554475.131495, -16.0
1574554475.767369, -16.0
1574554476.34469, -16.0
1574554476.909381, -16.0
1574554477.473765, -16.0
1574554478.042603, -16.0
1574554478.639589, -16.0
1574554480.912137, -15.0
1574554483.082977, -14.0
1574554485.272224, -14.0
1574554487.6037, -14.0
1574554489.782622, -14.0
1574554491.97085, -14.0
1574554494.173714, -14.0
1574554496.445986, -14.0
1574554498.702233, -14.0
1574554500.924741, -14.0
1574554503.200345, -14.0
1574554505.402247, -14.0
1574554507.648524, -14.0
1574554509.884713, -14.0
1574554512.059536, -14.0
1574554514.282078, -14.0
1574554516.461069, -14.0
1574554518.708407, -14.0
1574554520.935659, -14.0
1574554523.191236, -14.0
1574554525.414857, -14.0
1574554527.604507, -14.0
1574554529.808033, -14.0
1574554532.04539, -14.0
1574554534.255379, -14.0
1574554536.457777, -14.0
1574554538.62858, -14.0
1574554540.836925, -14.0
1574554543.085377, -14.0
1574554545.304708, -14.0
1574554547.578574, -14.0
1574554549.785834, -14.0
1574554551.94351, -14.0
1574554554.14711, -14.0
1574554556.343509, -14.0
1574554558.510996, -14.0
1574554560.747238, -14.0
1574554562.96811, -14.0
1574554565.184978, -14.0
1574554567.419689, -14.0
1574554569.645741, -14.0
1574554571.843462, -14.0
1574554574.12459, -14.0
1574554482.668316, -15.0
1574554483.133565, -14.0
1574554483.56348, -14.0
1574554483.992521, -14.0
1574554484.422388, -14.0
1574554484.84379, -14.0
1574554485.270194, -14.0
1574554485.692481, -14.0
1574554486.114002, -14.0
1574554486.541683, -14.0
1574554486.978345, -14.0
1574554487.439312, -14.0
1574554487.882553, -14.0
1574554488.349232, -14.0
1574554488.796846, -14.0
1574554489.23946, -14.0
1574554489.678035, -14.0
1574554490.139403, -14.0
1574554490.573701, -14.0
1574554491.005025, -14.0
1574554491.443607, -14.0
1574554491.874051, -14.0
1574554492.301477, -14.0
1574554492.729596, -14.0
1574554494.075473, -14.0
1574554495.797779, -14.0
1574554497.534313, -14.0
1574554498.829113, -14.0
1574554500.106386, -14.0
1574554501.406671, -14.0
1574554502.707948, -14.0
1574554504.348715, -14.0
1574554505.969123, -14.0
1574554507.273789, -14.0
1574554508.990637, -14.0
1574554510.663595, -14.0
1574554512.336503, -14.0
1574554514.028437, -14.0
1574554515.705562, -14.0
1574554517.372429, -14.0
1574554519.216712, -14.0
1574554520.960158, -14.0
1574554522.601657, -14.0
1574554524.304801, -14.0
1574554525.626461, -14.0
1574554526.929576, -14.0
1574554528.17341, -14.0
1574554529.424599, -14.0
1574554530.721502, -14.0
1574554532.471608, -14.0
1574554531.190348, -14.0
1574554531.76391, -14.0
1574554532.343826, -14.0
1574554532.921482, -14.0
1574554533.502411, -14.0
1574554534.087142, -14.0
1574554534.678708, -14.0
1574554535.25964, -14.0
1574554535.85251, -14.0
1574554536.423794, -14.0
1574554536.994647, -14.0
1574554537.579346, -14.0
1574554538.154997, -14.0
1574554538.726238, -14.0
1574554539.298876, -14.0
1574554539.871046, -14.0
1574554540.446543, -14.0
1574554541.019677, -14.0
1574554541.589838, -14.0
1574554542.161236, -14.0
1574554542.73441, -14.0
1574554543.304804, -14.0
1574554543.875357, -14.0
1574554544.448392, -14.0
1574554545.026054, -14.0
1574554545.608744, -14.0
1574554546.187888, -14.0
1574554546.771911, -14.0
1574554547.351338, -14.0
1574554547.923173, -14.0
1574554548.500136, -14.0
1574554549.080252, -14.0
1574554549.659287, -14.0
1574554550.241797, -14.0
1574554550.816252, -14.0
1574554551.403664, -14.0
1574554551.989465, -14.0
1574554552.559026, -14.0
1574554553.12941, -14.0
1574554553.704418, -14.0
1574554554.273454, -14.0
1574554554.844194, -14.0
1574554555.421734, -14.0
1574554556.000565, -14.0
1574554556.582017, -14.0
1574554557.15812, -14.0
1574554557.736973, -14.0
1574554558.311973, -14.0
1574554558.897751, -14.0
1574554559.486359, -14.0
1574554533.67715, -14.0
1574554534.673421, -14.0
1574554535.668674, -14.0
1574554537.142185, -14.0
1574554538.137423, -14.0
1574554539.136476, -14.0
1574554540.139228, -14.0
1574554541.135839, -14.0
1574554543.043706, -14.0
1574554544.559659, -14.0
1574554545.570022, -14.0
1574554546.62565, -14.0
1574554547.6542, -14.0
1574554548.714259, -14.0
1574554550.985124, -14.0
1574554555.042104, -14.0
1574554559.000892, -14.0
1574554562.971457, -14.0
1574554567.035593, -14.0
1574554571.025067, -14.0
1574554575.160937, -14.0
1574554579.109265, -14.0
1574554583.10297, -14.0
1574554587.146394, -14.0
1574554591.205727, -14.0
1574554595.181068, -14.0
1574554599.212916, -14.0
1574554603.229739, -14.0
1574554607.251185, -14.0
1574554611.256749, -14.0
1574554615.229713, -14.0
1574554619.134026, -14.0
1574554622.957272, -14.0
1574554626.828698, -14.0
1574554630.673224, -14.0
1574554634.536001, -14.0
1574554638.319914, -14.0
1574554642.438176, -14.0
1574554646.319246, -14.0
1574554650.502875, -14.0
1574554654.78964, -14.0
1574554659.103976, -14.0
1574554663.341276, -14.0
1574554667.706033, -14.0
1574554672.026372, -14.0
1574554676.396916, -14.0
1574554680.603106, -14.0
1574554684.874929, -14.0
1574554689.143136, -14.0
1574554693.289749, -14.0
1574554534.301203, -14.0
1574554535.31581, -14.0
1574554536.35393, -14.0
1574554537.516054, -14.0
1574554538.618616, -14.0
1574554539.666773, -14.0
1574554540.815295, -14.0
1574554541.873951, -14.0
1574554545.82007, -14.0
1574554549.738073, -14.0
1574554553.687083, -14.0
1574554557.583613, -14.0
1574554561.617561, -14.0
1574554565.605232, -14.0
1574554569.51414, -14.0
1574554573.502653, -14.0
1574554577.468433, -14.0
1574554581.47464, -14.0
1574554585.436604, -14.0
1574554589.461256, -14.0
1574554593.533696, -14.0
1574554597.529817, -14.0
1574554601.455514, -14.0
1574554605.275041, -14.0
1574554609.196103, -14.0
1574554613.081971, -14.0
1574554616.889103, -14.0
1574554621.061789, -14.0
1574554625.502103, -14.0
1574554629.671555, -14.0
1574554633.550537, -14.0
1574554637.840954, -14.0
1574554642.048038, -14.0
1574554646.180383, -14.0
1574554650.253185, -14.0
1574554654.194515, -14.0
1574554658.194478, -14.0
1574554662.203044, -14.0
1574554666.236474, -14.0
1574554670.228292, -14.0
1574554674.148107, -14.0
1574554678.275495, -14.0
1574554682.262338, -14.0
1574554686.371225, -14.0
1574554690.449206, -14.0
1574554694.52264, -14.0
1574554698.530127, -14.0
1574554702.702189, -14.0
1574554706.72964, -14.0
1574554710.791763, -14.0
1574554560.298574, -14.0
1574554560.448034, -14.0
1574554560.607925, -14.0
1574554560.754421, -14.0
1574554560.918002, -14.0
1574554561.081586, -14.0
1574554561.231955, -14.0
1574554561.379159, -14.0
1574554561.529527, -14.0
1574554561.683786, -14.0
1574554561.833125, -14.0
1574554561.982545, -14.0
1574554562.124736, -14.0
1574554562.26881, -14.0
1574554562.419537, -14.0
1574554562.976331, -14.0
1574554563.53188, -14.0
1574554564.072702, -14.0
1574554564.641209, -14.0
1574554565.215006, -14.0
1574554565.765314, -14.0
1574554566.331441, -14.0
1574554566.887627, -14.0
1574554567.443721, -14.0
1574554568.02956, -14.0
1574554568.606254, -14.0
1574554569.156294, -14.0
1574554569.718903, -14.0
1574554570.295985, -14.0
1574554570.863556, -14.0
1574554571.415681, -14.0
1574554571.980657, -14.0
1574554572.526161, -14.0
1574554573.066034, -14.0
1574554573.627306, -14.0
1574554574.151805, -14.0
1574554574.727645, -14.0
1574554575.286728, -14.0
1574554575.83889, -14.0
1574554576.374149, -14.0
1574554576.947082, -14.0
1574554577.486749, -14.0
1574554578.052985, -14.0
1574554578.589375, -14.0
1574554579.130867, -14.0
1574554579.698886, -14.0
1574554580.228791, -14.0
1574554580.809739, -14.0
1574554581.383638, -14.0
1574554581.949171, -14.0
1574554574.476887, -14.0
1574554574.624097, -14.0
1574554574.790109, -14.0
1574554574.937947, -14.0
1574554575.102419, -14.0
1574554575.670419, -14.0
1574554576.277519, -14.0
1574554576.804392, -14.0
1574554577.369674, -14.0
1574554577.923051, -14.0
1574554578.488757, -14.0
1574554579.051555, -14.0
1574554579.603044, -14.0
1574554580.165729, -14.0
1574554580.729562, -14.0
1574554581.300489, -14.0
1574554581.840139, -14.0
1574554582.412404, -14.0
1574554582.976861, -14.0
1574554583.558446, -14.0
1574554584.099874, -14.0
1574554584.66469, -14.0
1574554585.205166, -14.0
1574554585.764795, -14.0
1574554586.337038, -14.0
1574554586.868786, -14.0
1574554587.431675, -14.0
1574554587.979339, -14.0
1574554588.544839, -14.0
1574554589.09005, -14.0
1574554589.640732, -14.0
1574554590.18245, -14.0
1574554590.734645, -14.0
1574554591.274399, -14.0
1574554591.84666, -14.0
1574554592.447775, -14.0
1574554593.010395, -14.0
1574554593.555737, -14.0
1574554594.120264, -14.0
1574554594.695413, -14.0
1574554595.254066, -14.0
1574554595.813209, -14.0
1574554596.389707, -14.0
1574554596.975912, -14.0
1574554597.523874, -14.0
1574554598.08396, -14.0
1574554598.633054, -14.0
1574554599.17855, -14.0
1574554599.774326, -14.0
1574554600.359784, -14.0
1574554582.273089, -14.0
1574554582.417585, -14.0
1574554582.563455, -14.0
1574554582.715662, -14.0
1574554583.293518, -14.0
1574554583.842302, -14.0
1574554584.406683, -14.0
1574554584.950662, -14.0
1574554585.533756, -14.0
1574554586.091529, -14.0
1574554586.642908, -14.0
1574554587.199049, -14.0
1574554587.772289, -14.0
1574554588.35068, -14.0
1574554588.937923, -14.0
1574554589.516956, -14.0
1574554590.062599, -14.0
1574554590.617839, -14.0
1574554591.167981, -14.0
1574554591.719152, -14.0
1574554592.299749, -14.0
1574554592.873444, -14.0
1574554593.438402, -14.0
1574554593.967278, -14.0
1574554594.529537, -14.0
1574554595.105304, -14.0
1574554595.667307, -14.0
1574554596.236527, -14.0
1574554596.819641, -14.0
1574554597.396213, -14.0
1574554597.963913, -14.0
1574554598.550285, -14.0
1574554599.097849, -14.0
1574554599.657668, -14.0
1574554600.215247, -14.0
1574554600.788177, -14.0
1574554601.367617, -14.0
1574554601.924424, -14.0
1574554602.479584, -14.0
1574554603.054022, -14.0
1574554603.581915, -14.0
1574554604.139486, -14.0
1574554604.697372, -14.0
1574554605.254722, -14.0
1574554605.802287, -14.0
1574554606.374822, -14.0
1574554606.969175, -14.0
1574554607.516487, -14.0
1574554608.066485, -14.0
1574554608.621009, -14.0
1574554751.853367, -14.0
1574554752.001946, -14.0
1574554752.145109, -14.0
1574554752.301304, -14.0
1574554752.455056, -14.0
1574554752.604639, -14.0
1574554752.755937, -14.0
1574554752.910201, -14.0
1574554753.065059, -14.0
1574554753.214564, -14.0
1574554753.360661, -14.0
1574554753.506659, -14.0
1574554753.653241, -14.0
1574554753.798192, -14.0
1574554753.940527, -14.0
1574554754.08741, -14.0
1574554754.232107, -14.0
1574554754.787602, -14.0
1574554755.336721, -14.0
1574554755.89924, -14.0
1574554756.460075, -14.0
1574554757.041905, -14.0
1574554757.610543, -14.0
1574554758.173763, -14.0
1574554758.740055, -14.0
1574554759.313585, -14.0
1574554759.867062, -14.0
1574554760.411634, -14.0
1574554760.964063, -14.0
1574554761.512366, -14.0
1574554762.052155, -14.0
1574554762.580114, -14.0
1574554763.112987, -14.0
1574554763.675801, -14.0
1574554764.236461, -14.0
1574554764.781413, -14.0
1574554765.339123, -14.0
1574554765.911218, -14.0
1574554766.469615, -14.0
1574554767.051749, -14.0
1574554767.617322, -14.0
1574554768.17296, -14.0
1574554768.768482, -14.0
1574554769.353379, -14.0
1574554769.901495, -14.0
1574554770.443827, -14.0
1574554770.990332, -14.0
1574554771.567261, -14.0
1574554772.112252, -14.0
1574554772.657265, -14.0
1574554773.203996, -14.0
1574554773.736024, -14.0
1574554774.283076, -14.0
1574554774.828242, -14.0
1574554775.390896, -14.0
1574554775.946445, -14.0
1574554776.513655, -14.0
1574554777.077934, -14.0
1574554777.659755, -14.0
1574554778.197269, -14.0
1574554778.741915, -14.0
1574554779.316832, -14.0
1574554779.897974, -14.0
1574554780.460424, -14.0
1574554781.019939, -14.0
1574554781.598132, -14.0
1574554782.193183, -14.0
1574554782.764786, -14.0
1574554783.330742, -14.0
1574554783.898767, -14.0
1574554784.448189, -14.0
1574554784.991156, -14.0
1574554785.538115, -14.0
1574554786.085594, -14.0
1574554786.659146, -14.0
1574554787.229091, -14.0
1574554787.759, -14.0
1574554788.304647, -14.0
1574554788.843929, -14.0
1574554789.392734, -14.0
1574554789.988587, -14.0
1574554790.582564, -14.0
1574554791.133231, -14.0
1574554791.678336, -14.0
1574554792.217311, -14.0
1574554792.794152, -14.0
1574554793.356424, -14.0
1574554793.892239, -14.0
1574554794.440936, -14.0
1574554795.015712, -14.0
1574554795.560937, -14.0
1574554796.12068, -14.0
1574554796.678757, -14.0
1574554797.251706, -14.0
1574554797.798793, -14.0
1574554798.366195, -14.0
1574554798.905013, -14.0
1574554799.477904, -14.0
1574554800.038985, -14.0
1574554800.625987, -14.0
1574554801.183947, -14.0
1574554801.748764, -14.0
1574554802.300124, -14.0
1574554802.850908, -14.0
1574554803.388953, -14.0
1574554803.948949, -14.0
1574554804.49799, -14.0
1574554805.053276, -14.0
1574554805.605358, -14.0
1574554806.173949, -14.0
1574554806.756457, -14.0
1574554807.28794, -14.0
1574554807.837067, -14.0
1574554808.38759, -14.0
1574554808.939429, -14.0
1574554809.485905, -14.0
1574554810.042774, -14.0
1574554810.59285, -14.0
1574554811.153733, -14.0
1574554811.688227, -14.0
1574554812.240873, -14.0
1574554812.788718, -14.0
1574554813.347633, -14.0
1574554813.9225, -14.0
1574554814.476224, -14.0
1574554815.018237, -14.0
1574554815.599669, -14.0
1574554816.149227, -14.0
1574554816.689749, -14.0
1574554817.234155, -14.0
1574554817.793384, -14.0
1574554818.348139, -14.0
1574554818.893187, -14.0
1574554819.463175, -14.0
1574554820.023299, -14.0
1574554820.573181, -14.0
1574554821.119126, -14.0
1574554821.686968, -14.0
1574554822.260882, -14.0
1574554822.808969, -14.0
1574554823.343268, -14.0
1574554823.895685, -14.0
1574554824.444066, -14.0
1574554824.995337, -14.0
1574554825.541757, -14.0
1574554826.097234, -14.0
1574554826.64246, -14.0
1574554827.19429, -14.0
1574554827.778308, -14.0
1574554828.344773, -14.0
1574554828.906389, -14.0
1574554829.468431, -14.0
1574554830.026383, -14.0
1574554830.602222, -14.0
1574554831.163684, -14.0
1574554831.748093, -14.0
1574554832.308633, -14.0
1574554832.880448, -14.0
1574554833.456121, -14.0
1574554834.011915, -14.0
1574554834.574719, -14.0
1574554835.114867, -14.0
1574554835.675719, -14.0
1574554836.250688, -14.0
1574554836.795507, -14.0
1574554837.342667, -14.0
1574554837.892606, -14.0
1574554838.465887, -14.0
1574554839.029159, -14.0
1574554839.576664, -14.0
1574554840.128368, -14.0
1574554840.709597, -14.0
1574554841.280776, -14.0
1574554841.853963, -14.0
1574554842.445353, -14.0
1574554843.046818, -14.0
1574554843.621579, -14.0
1574554844.187673, -14.0
1574554844.766518, -14.0
1574554845.364784, -14.0
1574554845.945574, -14.0
1574554846.514276, -14.0
1574554847.087177, -14.0
1574554847.684678, -14.0
1574554848.241243, -14.0
1574554848.782056, -14.0
1574554849.332721, -14.0
1574554849.888205, -14.0
1574554850.441206, -14.0
1574554851.008563, -14.0
1574554851.576473, -14.0
1574554852.142492, -14.0
1574554852.705644, -14.0
1574554853.28172, -14.0
1574554853.864227, -14.0
1574554854.431418, -14.0
1574554855.001306, -14.0
1574554855.563998, -14.0
1574554856.15723, -14.0
1574554856.711124, -14.0
1574554857.273704, -14.0
1574554857.85055, -14.0
1574554858.409024, -14.0
1574554858.95002, -14.0
1574554859.501361, -14.0
1574554860.047805, -14.0
1574554860.613921, -14.0
1574554861.17774, -14.0
1574554861.723642, -14.0
1574554862.286379, -14.0
1574554862.846036, -14.0
1574554863.396564, -14.0
1574554863.939301, -14.0
1574554864.49191, -14.0
1574554865.043415, -14.0
1574554865.598381, -14.0
1574554866.157634, -14.0
1574554866.723274, -14.0
1574554867.26857, -14.0
1574554867.851943, -14.0
1574554868.400718, -14.0
1574554868.940375, -14.0
1574554869.503988, -14.0
1574554870.059944, -14.0
1574554870.623669, -14.0
1574554871.169068, -14.0
1574554871.749757, -14.0
1574554872.295194, -14.0
1574554872.872938, -14.0
1574554873.432409, -14.0
1574554873.988248, -14.0
1574554874.531381, -14.0
1574554875.076331, -14.0
1574554875.613044, -14.0
1574554876.188809, -14.0
1574554876.756228, -14.0
1574554877.320752, -14.0
1574554877.910426, -14.0
1574554878.486199, -14.0
1574554879.057997, -14.0
1574554879.635596, -14.0
1574554880.218058, -14.0
1574554880.787948, -14.0
1574554881.364132, -14.0
1574554881.915045, -14.0
1574554882.467411, -14.0
1574554883.025107, -14.0
1574554883.574726, -14.0
1574554884.130603, -14.0
1574554884.687755, -14.0
1574554751.578447, -14.0
1574554751.751929, -14.0
1574554751.896315, -14.0
1574554752.040572, -14.0
1574554752.182583, -14.0
1574554752.323954, -14.0
1574554752.464521, -14.0
1574554752.605486, -14.0
1574554752.746127, -14.0
1574554752.88832, -14.0
1574554753.030131, -14.0
1574554753.1723, -14.0
1574554753.335701, -14.0
1574554753.927627, -14.0
1574554754.470094, -14.0
1574554755.026042, -14.0
1574554755.612276, -14.0
1574554756.174447, -14.0
1574554756.728953, -14.0
1574554757.257984, -14.0
1574554757.81321, -14.0
1574554758.380332, -14.0
1574554758.955671, -14.0
1574554759.556008, -14.0
1574554760.133441, -14.0
1574554760.690196, -14.0
1574554761.23566, -14.0
1574554761.777231, -14.0
1574554762.319035, -14.0
1574554762.849515, -14.0
1574554763.387718, -14.0
1574554763.949118, -14.0
1574554764.518854, -14.0
1574554765.068419, -14.0
1574554765.622396, -14.0
1574554766.196027, -14.0
1574554766.762359, -14.0
1574554767.341028, -14.0
1574554767.909904, -14.0
1574554768.489656, -14.0
1574554769.082001, -14.0
1574554769.662413, -14.0
1574554770.209779, -14.0
1574554770.749589, -14.0
1574554771.311439, -14.0
1574554771.891642, -14.0
1574554772.437859, -14.0
1574554772.990084, -14.0
1574554773.533272, -14.0
1574554774.06309, -14.0
1574554774.614002, -14.0
1574554775.133057, -14.0
1574554775.683537, -14.0
1574554776.225809, -14.0
1574554776.7721, -14.0
1574554777.314383, -14.0
1574554777.909369, -14.0
1574554778.450672, -14.0
1574554778.98122, -14.0
1574554779.538369, -14.0
1574554780.105734, -14.0
1574554780.662799, -14.0
1574554781.212225, -14.0
1574554781.772064, -14.0
1574554782.345331, -14.0
1574554782.901685, -14.0
1574554783.459853, -14.0
1574554784.027169, -14.0
1574554784.576519, -14.0
1574554785.109104, -14.0
1574554785.65577, -14.0
1574554786.205698, -14.0
1574554786.779726, -14.0
1574554787.348431, -14.0
1574554787.876953, -14.0
1574554788.423039, -14.0
1574554788.967362, -14.0
1574554789.519637, -14.0
1574554790.102856, -14.0
1574554790.673987, -14.0
1574554791.228356, -14.0
1574554791.777519, -14.0
1574554792.3103, -14.0
1574554792.883138, -14.0
1574554793.426882, -14.0
1574554793.959264, -14.0
1574554794.508144, -14.0
1574554795.069881, -14.0
1574554795.617167, -14.0
1574554796.173903, -14.0
1574554796.718916, -14.0
1574554797.272386, -14.0
1574554797.825613, -14.0
1574554798.391497, -14.0
1574554798.925919, -14.0
1574554799.498787, -14.0
1574554800.059026, -14.0
1574554800.641111, -14.0
1574554801.194149, -14.0
1574554801.749519, -14.0
1574554802.286574, -14.0
1574554802.84103, -14.0
1574554803.378551, -14.0
1574554803.942785, -14.0
1574554804.494762, -14.0
1574554805.050973, -14.0
1574554805.601484, -14.0
1574554806.157157, -14.0
1574554806.740827, -14.0
1574554807.272279, -14.0
1574554807.823617, -14.0
1574554808.374232, -14.0
1574554808.934942, -14.0
1574554809.486876, -14.0
1574554810.051406, -14.0
1574554810.613908, -14.0
1574554811.171905, -14.0
1574554811.700982, -14.0
1574554812.244953, -14.0
1574554812.803508, -14.0
1574554813.346636, -14.0
1574554813.915722, -14.0
1574554814.460136, -14.0
1574554815.010565, -14.0
1574554815.596463, -14.0
1574554816.150234, -14.0
1574554816.695517, -14.0
1574554817.238119, -14.0
1574554817.802503, -14.0
1574554818.360818, -14.0
1574554818.905631, -14.0
1574554819.476463, -14.0
1574554820.039799, -14.0
1574554820.591054, -14.0
1574554821.139581, -14.0
1574554821.705357, -14.0
1574554822.278554, -14.0
1574554822.829589, -14.0
1574554823.373145, -14.0
1574554823.918809, -14.0
1574554824.477842, -14.0
1574554825.024347, -14.0
1574554825.568118, -14.0
1574554826.12321, -14.0
1574554826.690496, -14.0
1574554827.262844, -14.0
1574554827.869783, -14.0
1574554828.469085, -14.0
1574554829.068379, -14.0
1574554829.662499, -14.0
1574554830.2546, -14.0
1574554830.865767, -14.0
1574554831.466322, -14.0
1574554832.09494, -14.0
1574554832.700159, -14.0
1574554833.317998, -14.0
1574554833.931439, -14.0
1574554834.531196, -14.0
1574554835.145039, -14.0
1574554835.714687, -14.0
1574554836.32375, -14.0
1574554836.920118, -14.0
1574554837.481661, -14.0
1574554838.062309, -14.0
1574554838.632435, -14.0
1574554839.213501, -14.0
1574554839.779249, -14.0
1574554840.337027, -14.0
1574554840.913775, -14.0
1574554841.524955, -14.0
1574554842.125991, -14.0
1574554842.71527, -14.0
1574554843.326605, -14.0
1574554843.936513, -14.0
1574554844.541693, -14.0
1574554845.120349, -14.0
1574554845.696664, -14.0
1574554846.277228, -14.0
1574554846.861975, -14.0
1574554847.430234, -14.0
1574554848.019527, -14.0
1574554848.623544, -14.0
1574554849.21295, -14.0
1574554849.795407, -14.0
1574554850.383942, -14.0
1574554850.984905, -14.0
1574554851.566551, -14.0
1574554852.158489, -14.0
1574554852.742744, -14.0
1574554853.323373, -14.0
1574554853.901968, -14.0
1574554854.50682, -14.0
1574554855.10513, -14.0
1574554855.700392, -14.0
1574554856.301042, -14.0
1574554856.896672, -14.0
1574554857.492032, -14.0
1574554858.070392, -14.0
1574554858.661557, -14.0
1574554859.253223, -14.0
1574554859.847918, -14.0
1574554860.424832, -14.0
1574554860.997428, -14.0
1574554861.584259, -14.0
1574554862.186088, -14.0
1574554862.792703, -14.0
1574554863.381349, -14.0
1574554863.980977, -14.0
1574554864.561379, -14.0
1574554865.13983, -14.0
1574554865.715139, -14.0
1574554866.286075, -14.0
1574554866.851092, -14.0
1574554867.425331, -14.0
1574554868.000852, -14.0
1574554868.580699, -14.0
1574554869.157709, -14.0
1574554869.763115, -14.0
1574554870.35093, -14.0
1574554870.938738, -14.0
1574554871.542546, -14.0
1574554872.141154, -14.0
1574554872.746572, -14.0
1574554873.328259, -14.0
1574554873.922786, -14.0
1574554874.50031, -14.0
1574554875.104053, -14.0
1574554875.682404, -14.0
1574554876.266858, -14.0
1574554876.826714, -14.0
1574554877.385705, -14.0
1574554877.941542, -14.0
1574554878.51098, -14.0
1574554879.078299, -14.0
1574554879.672389, -14.0
1574554880.260902, -14.0
1574554880.842912, -14.0
1574554881.411678, -14.0
1574554882.022422, -14.0
1574554882.651626, -14.0
1574554883.24503, -14.0
1574554883.840068, -14.0
1574554884.430477, -14.0
1574554885.031883, -14.0
1574554885.617062, -14.0
1574554886.19062, -14.0
1574554886.78454, -14.0
1574554887.380479, -14.0
1574554888.015604, -14.0
1574554888.619975, -14.0
1574554751.683699, -14.0
1574554751.842199, -14.0
1574554751.988658, -14.0
1574554752.130121, -14.0
1574554752.271103, -14.0
1574554752.412659, -14.0
1574554752.56585, -14.0
1574554752.706348, -14.0
1574554752.847358, -14.0
1574554752.988143, -14.0
1574554753.13612, -14.0
1574554753.277026, -14.0
1574554753.418375, -14.0
1574554753.560681, -14.0
1574554753.709338, -14.0
1574554753.853646, -14.0
1574554754.398292, -14.0
1574554754.944154, -14.0
1574554755.505982, -14.0
1574554756.095366, -14.0
1574554756.66154, -14.0
1574554757.224719, -14.0
1574554757.79994, -14.0
1574554758.381256, -14.0
1574554758.954964, -14.0
1574554759.542145, -14.0
1574554760.10276, -14.0
1574554760.655561, -14.0
1574554761.218754, -14.0
1574554761.766961, -14.0
1574554762.308984, -14.0
1574554762.840556, -14.0
1574554763.382704, -14.0
1574554763.946863, -14.0
1574554764.515396, -14.0
1574554765.071014, -14.0
1574554765.622363, -14.0
1574554766.187097, -14.0
1574554766.733602, -14.0
1574554767.302287, -14.0
1574554767.863298, -14.0
1574554768.420339, -14.0
1574554769.038026, -14.0
1574554769.648165, -14.0
1574554770.207886, -14.0
1574554770.748169, -14.0
1574554771.287847, -14.0
1574554771.866266, -14.0
1574554772.417064, -14.0
1574554772.963507, -14.0
1574554773.508323, -14.0
1574554774.042717, -14.0
1574554774.598996, -14.0
1574554775.122841, -14.0
1574554775.675907, -14.0
1574554776.230177, -14.0
1574554776.780535, -14.0
1574554777.324454, -14.0
1574554777.908009, -14.0
1574554778.450823, -14.0
1574554778.983341, -14.0
1574554779.54002, -14.0
1574554780.106282, -14.0
1574554780.663437, -14.0
1574554781.212416, -14.0
1574554781.776982, -14.0
1574554782.347497, -14.0
1574554782.900105, -14.0
1574554783.454091, -14.0
1574554784.014436, -14.0
1574554784.561398, -14.0
1574554785.085509, -14.0
1574554785.631672, -14.0
1574554786.178245, -14.0
1574554786.747766, -14.0
1574554787.311092, -14.0
1574554787.83767, -14.0
1574554788.38261, -14.0
1574554788.924309, -14.0
1574554789.463831, -14.0
1574554790.048678, -14.0
1574554790.620257, -14.0
1574554791.173048, -14.0
1574554791.723845, -14.0
1574554792.263973, -14.0
1574554792.836163, -14.0
1574554793.379661, -14.0
1574554793.907182, -14.0
1574554794.459798, -14.0
1574554795.023965, -14.0
1574554795.584016, -14.0
1574554796.153154, -14.0
1574554796.704754, -14.0
1574554797.257331, -14.0
1574554797.818525, -14.0
1574554798.402381, -14.0
1574554798.947122, -14.0
1574554799.529649, -14.0
1574554800.109074, -14.0
1574554800.69636, -14.0
1574554801.245055, -14.0
1574554801.78751, -14.0
1574554802.325368, -14.0
1574554802.869839, -14.0
1574554803.400311, -14.0
1574554803.965176, -14.0
1574554804.515264, -14.0
1574554805.073339, -14.0
1574554805.622802, -14.0
1574554806.187814, -14.0
1574554806.770392, -14.0
1574554807.302689, -14.0
1574554807.849677, -14.0
1574554808.397175, -14.0
1574554808.953893, -14.0
1574554809.502379, -14.0
1574554810.062553, -14.0
1574554810.615772, -14.0
1574554811.17192, -14.0
1574554811.69965, -14.0
1574554812.244134, -14.0
1574554812.799374, -14.0
1574554813.346638, -14.0
1574554813.916812, -14.0
1574554814.457223, -14.0
1574554814.998626, -14.0
1574554815.58662, -14.0
1574554816.136206, -14.0
1574554816.689843, -14.0
1574554817.231594, -14.0
1574554817.794072, -14.0
1574554818.345827, -14.0
1574554818.891364, -14.0
1574554819.462687, -14.0
1574554820.020922, -14.0
1574554820.567721, -14.0
1574554821.111282, -14.0
1574554821.677245, -14.0
1574554822.249835, -14.0
1574554822.79819, -14.0
1574554823.338874, -14.0
1574554823.884953, -14.0
1574554824.442331, -14.0
1574554824.986246, -14.0
1574554825.528741, -14.0
1574554826.100476, -14.0
1574554826.649206, -14.0
1574554827.219771, -14.0
1574554827.801402, -14.0
1574554828.367465, -14.0
1574554828.924173, -14.0
1574554829.472263, -14.0
1574554830.026199, -14.0
1574554830.602222, -14.0
1574554831.162306, -14.0
1574554831.74322, -14.0
1574554832.305325, -14.0
1574554832.875672, -14.0
1574554833.450819, -14.0
1574554833.999507, -14.0
1574554834.563531, -14.0
1574554835.102296, -14.0
1574554835.670967, -14.0
1574554836.240952, -14.0
1574554836.780012, -14.0
1574554837.344391, -14.0
1574554837.90817, -14.0
1574554838.479284, -14.0
1574554839.032822, -14.0
1574554839.586588, -14.0
1574554840.138001, -14.0
1574554840.725009, -14.0
1574554841.306424, -14.0
1574554841.86931, -14.0
1574554842.460896, -14.0
1574554843.050836, -14.0
1574554843.647308, -14.0
1574554844.21743, -14.0
1574554844.780266, -14.0
1574554845.349812, -14.0
1574554845.923751, -14.0
1574554846.485285, -14.0
1574554847.059567, -14.0
1574554847.661712, -14.0
1574554848.244605, -14.0
1574554848.80337, -14.0
1574554849.374506, -14.0
1574554849.932051, -14.0
1574554850.490692, -14.0
1574554851.074006, -14.0
1574554851.637501, -14.0
1574554852.198904, -14.0
1574554852.757561, -14.0
1574554853.336266, -14.0
1574554853.919886, -14.0
1574554854.503745, -14.0
1574554855.071507, -14.0
1574554855.634984, -14.0
1574554856.21004, -14.0
1574554856.76171, -14.0
1574554857.319344, -14.0
1574554857.901957, -14.0
1574554858.466829, -14.0
1574554859.005512, -14.0
1574554859.552033, -14.0
1574554860.093672, -14.0
1574554860.655655, -14.0
1574554861.222465, -14.0
1574554861.791109, -14.0
1574554862.354125, -14.0
1574554862.911155, -14.0
1574554863.461521, -14.0
1574554864.005661, -14.0
1574554864.552766, -14.0
1574554865.09986, -14.0
1574554865.650566, -14.0
1574554866.207232, -14.0
1574554866.760956, -14.0
1574554867.313657, -14.0
1574554867.882679, -14.0
1574554868.435288, -14.0
1574554868.984469, -14.0
1574554869.546742, -14.0
1574554870.105545, -14.0
1574554870.671908, -14.0
1574554871.22399, -14.0
1574554871.788098, -14.0
1574554872.337824, -14.0
1574554872.92524, -14.0
1574554873.486853, -14.0
1574554874.042489, -14.0
1574554874.585246, -14.0
1574554875.13674, -14.0
1574554875.679314, -14.0
1574554876.240062, -14.0
1574554876.793872, -14.0
1574554877.360392, -14.0
1574554877.932068, -14.0
1574554878.517339, -14.0
1574554879.08342, -14.0
1574554879.666798, -14.0
1574554880.256373, -14.0
1574554880.81493, -14.0
1574554881.376571, -14.0
1574554881.923157, -14.0
1574554882.481677, -14.0
1574554883.042861, -14.0
1574554883.598054, -14.0
1574554884.159718, -14.0
1574554884.713613, -14.0
1574554751.881374, -14.0
1574554752.039945, -14.0
1574554752.195932, -14.0
1574554752.349766, -14.0
1574554752.504718, -14.0
1574554752.664076, -14.0
1574554752.819212, -14.0
1574554752.972425, -14.0
1574554753.12719, -14.0
1574554753.293329, -14.0
1574554753.460851, -14.0
1574554753.61937, -14.0
1574554753.799565, -14.0
1574554753.986289, -14.0
1574554754.154665, -14.0
1574554754.749682, -14.0
1574554755.338847, -14.0
1574554755.896436, -14.0
1574554756.476554, -14.0
1574554757.123585, -14.0
1574554757.306177, -14.0
1574554757.456629, -14.0
1574554758.044791, -14.0
1574554758.646596, -14.0
1574554759.213824, -14.0
1574554759.825799, -14.0
1574554760.404701, -14.0
1574554761.026356, -14.0
1574554761.603765, -14.0
1574554762.179698, -14.0
1574554762.771159, -14.0
1574554763.346714, -14.0
1574554763.90319, -14.0
1574554764.480029, -14.0
1574554765.076082, -14.0
1574554765.680832, -14.0
1574554766.261014, -14.0
1574554766.829643, -14.0
1574554767.426558, -14.0
1574554768.010322, -14.0
1574554768.603133, -14.0
1574554769.176286, -14.0
1574554769.741991, -14.0
1574554770.356006, -14.0
1574554770.964747, -14.0
1574554771.525947, -14.0
1574554772.101124, -14.0
1574554772.664239, -14.0
1574554773.2734, -14.0
1574554773.855494, -14.0
1574554774.422026, -14.0
1574554774.974996, -14.0
1574554775.526066, -14.0
1574554776.097524, -14.0
1574554776.639289, -14.0
1574554777.219094, -14.0
1574554777.812826, -14.0
1574554778.398185, -14.0
1574554778.96021, -14.0
1574554779.567436, -14.0
1574554780.131183, -14.0
1574554780.688318, -14.0
1574554781.269258, -14.0
1574554781.847751, -14.0
1574554782.420917, -14.0
1574554782.990464, -14.0
1574554783.579003, -14.0
1574554784.181036, -14.0
1574554784.758971, -14.0
1574554785.346849, -14.0
1574554785.944114, -14.0
1574554786.532734, -14.0
1574554787.102901, -14.0
1574554787.689304, -14.0
1574554788.288236, -14.0
1574554788.886676, -14.0
1574554789.467777, -14.0
1574554790.006219, -14.0
1574554790.569987, -14.0
1574554791.141904, -14.0
1574554791.715793, -14.0
1574554792.330909, -14.0
1574554792.917196, -14.0
1574554793.495222, -14.0
1574554794.077402, -14.0
1574554794.644882, -14.0
1574554795.244755, -14.0
1574554795.806119, -14.0
1574554796.344537, -14.0
1574554796.906862, -14.0
1574554797.479152, -14.0
1574554798.039139, -14.0
1574554798.606651, -14.0
1574554799.163151, -14.0
1574554799.736672, -14.0
1574554800.309627, -14.0
1574554800.904377, -14.0
1574554801.449192, -14.0
1574554802.037847, -14.0
1574554802.60368, -14.0
1574554803.215044, -14.0
1574554803.783825, -14.0
1574554804.348124, -14.0
1574554804.9065, -14.0
1574554805.476622, -14.0
1574554806.032989, -14.0
1574554806.626882, -14.0
1574554807.207612, -14.0
1574554807.795119, -14.0
1574554808.367206, -14.0
1574554808.941678, -14.0
1574554809.550836, -14.0
1574554810.108686, -14.0
1574554810.686047, -14.0
1574554811.25662, -14.0
1574554811.835425, -14.0
1574554812.408857, -14.0
1574554812.985626, -14.0
1574554813.545048, -14.0
1574554814.117841, -14.0
1574554814.666113, -14.0
1574554815.246534, -14.0
1574554815.819433, -14.0
1574554816.384019, -14.0
1574554816.973455, -14.0
1574554817.537449, -14.0
1574554818.103392, -14.0
1574554818.713861, -14.0
1574554819.290901, -14.0
1574554819.855299, -14.0
1574554820.426516, -14.0
1574554821.009197, -14.0
1574554821.602513, -14.0
1574554822.180395, -14.0
1574554822.788356, -14.0
1574554823.377823, -14.0
1574554823.949328, -14.0
1574554824.518092, -14.0
1574554825.105308, -14.0
1574554825.697525, -14.0
1574554826.273705, -14.0
1574554826.815522, -14.0
1574554827.362138, -14.0
1574554827.915138, -14.0
1574554828.46106, -14.0
1574554829.005942, -14.0
1574554829.561962, -14.0
1574554830.117177, -14.0
1574554830.666741, -14.0
1574554831.247819, -14.0
1574554831.8098, -14.0
1574554832.381246, -14.0
1574554832.938591, -14.0
1574554833.498355, -14.0
1574554834.077214, -14.0
1574554834.640488, -14.0
1574554835.231475, -14.0
1574554835.798409, -14.0
1574554836.37439, -14.0
1574554836.952861, -14.0
1574554837.511089, -14.0
1574554838.082957, -14.0
1574554838.629696, -14.0
1574554839.195765, -14.0
1574554839.772348, -14.0
1574554840.3246, -14.0
1574554840.871559, -14.0
1574554841.4211, -14.0
1574554841.988871, -14.0
1574554842.548935, -14.0
1574554843.090604, -14.0
1574554843.643635, -14.0
1574554844.224688, -14.0
1574554844.800512, -14.0
1574554845.3599, -14.0
1574554845.945401, -14.0
1574554846.538831, -14.0
1574554847.118784, -14.0
1574554847.679725, -14.0
1574554848.255231, -14.0
1574554848.818516, -14.0
1574554849.393616, -14.0
1574554849.944334, -14.0
1574554850.511304, -14.0
1574554851.094083, -14.0
1574554851.658407, -14.0
1574554852.195576, -14.0
1574554852.754191, -14.0
1574554853.310796, -14.0
1574554853.862588, -14.0
1574554854.435249, -14.0
1574554855.006745, -14.0
1574554855.585951, -14.0
1574554856.143926, -14.0
1574554856.730672, -14.0
1574554857.305195, -14.0
1574554857.86918, -14.0
1574554858.440693, -14.0
1574554858.996752, -14.0
1574554859.567296, -14.0
1574554860.114097, -14.0
1574554860.678026, -14.0
1574554861.24041, -14.0
1574554861.79528, -14.0
1574554862.326727, -14.0
1574554862.866923, -14.0
1574554863.408038, -14.0
1574554863.959289, -14.0
1574554864.520112, -14.0
1574554865.065135, -14.0
1574554865.624423, -14.0
1574554866.177783, -14.0
1574554866.725265, -14.0
1574554867.286635, -14.0
1574554867.827233, -14.0
1574554868.37234, -14.0
1574554868.933224, -14.0
1574554869.483025, -14.0
1574554870.040109, -14.0
1574554870.586485, -14.0
1574554871.161163, -14.0
1574554871.706763, -14.0
1574554872.249183, -14.0
1574554872.809078, -14.0
1574554873.366791, -14.0
1574554873.929575, -14.0
1574554874.481888, -14.0
1574554875.044804, -14.0
1574554875.603352, -14.0
1574554876.183601, -14.0
1574554876.743252, -14.0
1574554877.310748, -14.0
1574554877.855116, -14.0
1574554878.402639, -14.0
1574554878.942294, -14.0
1574554879.507172, -14.0
1574554880.049249, -14.0
1574554880.605188, -14.0
1574554881.174175, -14.0
1574554881.755588, -14.0
1574554882.323222, -14.0
1574554882.898747, -14.0
1574554883.488995, -14.0
1574554884.050734, -14.0
1574554884.611242, -14.0
1574554885.166116, -14.0
1574554885.732994, -14.0
1574554886.292674, -14.0
1574554886.84021, -14.0
1574554887.393522, -14.0
1574554885.393911, -14.0
1574554885.95235, -14.0
1574554886.506278, -14.0
1574554887.056935, -14.0
1574554887.624153, -14.0
1574554888.167642, -14.0
1574554888.718424, -14.0
1574554889.280523, -14.0
1574554889.823711, -14.0
1574554890.406446, -14.0
1574554890.966427, -14.0
1574554891.508458, -14.0
1574554892.073939, -14.0
1574554892.641676, -14.0
1574554893.190283, -14.0
1574554893.748959, -14.0
1574554894.296907, -14.0
1574554894.850522, -14.0
1574554895.410331, -14.0
1574554895.961034, -14.0
1574554896.515195, -14.0
1574554897.084557, -14.0
1574554897.632351, -14.0
1574554898.180935, -14.0
1574554898.750352, -14.0
1574554899.307916, -14.0
1574554899.891068, -14.0
1574554900.461539, -14.0
1574554901.006581, -14.0
1574554901.584405, -14.0
1574554902.129899, -14.0
1574554902.697511, -14.0
1574554903.267203, -14.0
1574554903.843556, -14.0
1574554904.401021, -14.0
1574554905.009678, -14.0
1574554905.563615, -14.0
1574554906.124761, -14.0
1574554906.693814, -14.0
1574554907.253636, -14.0
1574554907.802143, -14.0
1574554908.361203, -14.0
1574554908.956472, -14.0
1574554909.502566, -14.0
1574554910.073528, -14.0
1574554910.675068, -14.0
1574554911.270985, -14.0
1574554911.834819, -14.0
1574554912.407922, -14.0
1574554912.969239, -14.0
1574554913.521624, -14.0
1574554914.085076, -14.0
1574554914.662824, -14.0
1574554915.227263, -14.0
1574554915.792476, -14.0
1574554916.340905, -14.0
1574554916.893383, -14.0
1574554917.434308, -14.0
1574554917.979051, -14.0
1574554918.514756, -14.0
1574554919.058983, -14.0
1574554919.61113, -14.0
1574554920.156105, -14.0
1574554920.707104, -14.0
1574554921.249667, -14.0
1574554921.817286, -14.0
1574554922.370537, -14.0
1574554922.95745, -14.0
1574554923.568486, -14.0
1574554924.118616, -14.0
1574554924.684695, -14.0
1574554925.215932, -14.0
1574554925.771485, -14.0
1574554926.324577, -14.0
1574554926.874348, -14.0
1574554927.460521, -14.0
1574554928.055076, -14.0
1574554928.617706, -14.0
1574554929.166442, -14.0
1574554929.732742, -14.0
1574554930.256635, -14.0
1574554930.798562, -14.0
1574554931.371399, -14.0
1574554931.918011, -14.0
1574554932.48214, -14.0
1574554933.037832, -14.0
1574554933.572994, -14.0
1574554934.156605, -14.0
1574554934.729253, -14.0
1574554935.301438, -14.0
1574554935.857001, -14.0
1574554936.409468, -14.0
1574554936.954375, -14.0
1574554937.501357, -14.0
1574554938.054503, -14.0
1574554938.619071, -14.0
1574554939.186703, -14.0
1574554939.7369, -14.0
1574554940.288187, -14.0
1574554940.83627, -14.0
1574554941.384676, -14.0
1574554941.928221, -14.0
1574554942.477957, -14.0
1574554943.032171, -14.0
1574554943.583436, -14.0
1574554944.129652, -14.0
1574554944.697614, -14.0
1574554945.270208, -14.0
1574554945.840211, -14.0
1574554946.392108, -14.0
1574554946.966155, -14.0
1574554947.53018, -14.0
1574554948.056652, -14.0
1574554948.627489, -14.0
1574554949.187833, -14.0
1574554949.733587, -14.0
1574554950.288795, -14.0
1574554950.842665, -14.0
1574554951.381316, -14.0
1574554951.953248, -14.0
1574554952.516175, -14.0
1574554953.068975, -14.0
1574554953.622673, -14.0
1574554954.191778, -14.0
1574554954.752438, -14.0
1574554955.300241, -14.0
1574554955.851609, -14.0
1574554956.423229, -14.0
1574554956.977663, -14.0
1574554957.545537, -14.0
1574554958.132398, -14.0
1574554958.672751, -14.0
1574554959.219476, -14.0
1574554959.761713, -14.0
1574554960.337398, -14.0
1574554960.899553, -14.0
1574554961.468896, -14.0
1574554962.020339, -14.0
1574554962.577857, -14.0
1574554963.132648, -14.0
1574554963.716932, -14.0
1574554964.312252, -14.0
1574554964.86691, -14.0
1574554965.402288, -14.0
1574554965.989173, -14.0
1574554966.549999, -14.0
1574554967.145519, -14.0
1574554967.694617, -14.0
1574554968.245587, -14.0
1574554968.818939, -14.0
1574554969.379117, -14.0
1574554969.934706, -14.0
1574554970.500139, -14.0
1574554971.06305, -14.0
1574554971.616771, -14.0
1574554972.168672, -14.0
1574554972.73201, -14.0
1574554973.313438, -14.0
1574554973.856159, -14.0
1574554974.390913, -14.0
1574554974.956668, -14.0
1574554975.515074, -14.0
1574554976.091981, -14.0
1574554976.654095, -14.0
1574554977.201761, -14.0
1574554977.757775, -14.0
1574554978.308429, -14.0
1574554978.857464, -14.0
1574554979.419645, -14.0
1574554979.985569, -14.0
1574554980.541483, -14.0
1574554981.127431, -14.0
1574554981.678659, -14.0
1574554982.229832, -14.0
1574554982.787579, -14.0
1574554983.334013, -14.0
1574554983.885604, -14.0
1574554984.409318, -14.0
1574554984.978812, -14.0
1574554985.536613, -14.0
1574554986.109363, -14.0
1574554986.669862, -14.0
1574554987.240934, -14.0
1574554987.789811, -14.0
1574554988.343183, -14.0
1574554988.893102, -14.0
1574554989.478228, -14.0
1574554990.033311, -14.0
1574554990.609969, -14.0
1574554991.18372, -14.0
1574554991.772226, -14.0
1574554992.348353, -14.0
1574554992.885604, -14.0
1574554993.460548, -14.0
1574554994.005383, -14.0
1574554994.531975, -14.0
1574554995.082531, -14.0
1574554995.637809, -14.0
1574554996.204168, -14.0
1574554996.759752, -14.0
1574554997.33192, -14.0
1574554997.914649, -14.0
1574554998.43891, -14.0
1574554998.968261, -14.0
1574554999.545244, -14.0
1574555000.095359, -14.0
1574555000.684294, -14.0
1574555001.248194, -14.0
1574555001.837906, -14.0
1574555002.408929, -14.0
1574555002.973704, -14.0
1574555003.516466, -14.0
1574555004.047154, -14.0
1574555004.628365, -14.0
1574555005.192793, -14.0
1574555005.735623, -14.0
1574555006.305057, -14.0
1574555006.867338, -14.0
1574555007.427624, -14.0
1574555007.965326, -14.0
1574555008.499035, -14.0
1574555009.077929, -14.0
1574555009.652262, -14.0
1574555010.211126, -14.0
1574555010.765955, -14.0
1574555011.317888, -14.0
1574555011.873151, -14.0
1574555012.42584, -14.0
1574555012.980262, -14.0
1574555013.561292, -14.0
1574555014.132866, -14.0
1574555014.681326, -14.0
1574555015.249898, -14.0
1574555015.809829, -14.0
1574555016.401215, -14.0
1574555016.966484, -14.0
1574555017.531588, -14.0
1574555018.114561, -14.0
1574555018.680511, -14.0
1574555019.236918, -14.0
1574555019.796526, -14.0
1574555020.352253, -14.0
1574555020.914786, -14.0
1574555021.479768, -14.0
1574555022.034285, -14.0
1574555022.591131, -14.0
1574555023.147736, -14.0
1574555023.706361, -14.0
1574555024.251229, -14.0
1574555024.794258, -14.0
1574554885.563839, -14.0
1574554886.225224, -14.0
1574554886.85177, -14.0
1574554887.394078, -14.0
1574554887.965377, -14.0
1574554888.527902, -14.0
1574554889.084004, -14.0
1574554889.670552, -14.0
1574554890.281383, -14.0
1574554890.864892, -14.0
1574554891.414463, -14.0
1574554891.973551, -14.0
1574554892.551804, -14.0
1574554893.11747, -14.0
1574554893.656883, -14.0
1574554894.221024, -14.0
1574554894.785826, -14.0
1574554895.32876, -14.0
1574554895.90315, -14.0
1574554896.463963, -14.0
1574554897.045347, -14.0
1574554897.628229, -14.0
1574554898.219211, -14.0
1574554898.763687, -14.0
1574554899.316906, -14.0
1574554899.895414, -14.0
1574554900.453676, -14.0
1574554901.026188, -14.0
1574554901.586516, -14.0
1574554902.158634, -14.0
1574554902.715419, -14.0
1574554903.293887, -14.0
1574554903.846071, -14.0
1574554904.398339, -14.0
1574554904.944889, -14.0
1574554905.494937, -14.0
1574554906.049887, -14.0
1574554906.631543, -14.0
1574554907.204477, -14.0
1574554907.765777, -14.0
1574554908.3351, -14.0
1574554908.910851, -14.0
1574554909.50326, -14.0
1574554910.046141, -14.0
1574554910.613579, -14.0
1574554911.152831, -14.0
1574554911.720294, -14.0
1574554912.295343, -14.0
1574554912.881738, -14.0
1574554913.433056, -14.0
1574554914.007936, -14.0
1574554914.60042, -14.0
1574554915.185064, -14.0
1574554915.778002, -14.0
1574554916.326274, -14.0
1574554916.881104, -14.0
1574554917.41472, -14.0
1574554917.957992, -14.0
1574554918.491405, -14.0
1574554919.030013, -14.0
1574554919.590414, -14.0
1574554920.130575, -14.0
1574554920.689786, -14.0
1574554921.227802, -14.0
1574554921.802191, -14.0
1574554922.352358, -14.0
1574554922.935145, -14.0
1574554923.543105, -14.0
1574554924.089799, -14.0
1574554924.649062, -14.0
1574554925.177247, -14.0
1574554925.723068, -14.0
1574554926.272612, -14.0
1574554926.817978, -14.0
1574554927.415946, -14.0
1574554928.009912, -14.0
1574554928.568142, -14.0
1574554929.107458, -14.0
1574554929.683324, -14.0
1574554930.214577, -14.0
1574554930.769212, -14.0
1574554931.34506, -14.0
1574554931.905127, -14.0
1574554932.472335, -14.0
1574554933.022493, -14.0
1574554933.567482, -14.0
1574554934.138405, -14.0
1574554934.6989, -14.0
1574554935.271735, -14.0
1574554935.816187, -14.0
1574554936.368181, -14.0
1574554936.913778, -14.0
1574554937.459922, -14.0
1574554938.009381, -14.0
1574554938.580909, -14.0
1574554939.14436, -14.0
1574554939.705954, -14.0
1574554940.270736, -14.0
1574554940.835666, -14.0
1574554941.383466, -14.0
1574554941.921474, -14.0
1574554942.469568, -14.0
1574554943.015605, -14.0
1574554943.580445, -14.0
1574554944.139556, -14.0
1574554944.73043, -14.0
1574554945.298947, -14.0
1574554945.846827, -14.0
1574554946.415702, -14.0
1574554946.978396, -14.0
1574554947.535055, -14.0
1574554948.075147, -14.0
1574554948.634138, -14.0
1574554949.212277, -14.0
1574554949.775902, -14.0
1574554950.330797, -14.0
1574554950.875464, -14.0
1574554951.416308, -14.0
1574554951.990219, -14.0
1574554952.544051, -14.0
1574554953.094453, -14.0
1574554953.642117, -14.0
1574554954.194873, -14.0
1574554954.756914, -14.0
1574554955.305888, -14.0
1574554955.856167, -14.0
1574554956.42728, -14.0
1574554956.983433, -14.0
1574554957.556494, -14.0
1574554958.144438, -14.0
1574554958.69383, -14.0
1574554959.245981, -14.0
1574554959.791317, -14.0
1574554960.377543, -14.0
1574554960.94469, -14.0
1574554961.523077, -14.0
1574554962.079879, -14.0
1574554962.647384, -14.0
1574554963.206357, -14.0
1574554963.787419, -14.0
1574554964.371305, -14.0
1574554964.919706, -14.0
1574554965.459082, -14.0
1574554966.027627, -14.0
1574554966.579128, -14.0
1574554967.146326, -14.0
1574554967.695578, -14.0
1574554968.256277, -14.0
1574554968.814089, -14.0
1574554969.359781, -14.0
1574554969.922702, -14.0
1574554970.496009, -14.0
1574554971.058022, -14.0
1574554971.618651, -14.0
1574554972.170344, -14.0
1574554972.73678, -14.0
1574554973.325482, -14.0
1574554973.864435, -14.0
1574554974.403249, -14.0
1574554974.966662, -14.0
1574554975.52243, -14.0
1574554976.093584, -14.0
1574554976.655302, -14.0
1574554977.20207, -14.0
1574554977.759691, -14.0
1574554978.316528, -14.0
1574554978.874741, -14.0
1574554979.432408, -14.0
1574554979.992226, -14.0
1574554980.555261, -14.0
1574554981.135528, -14.0
1574554981.693336, -14.0
1574554982.24042, -14.0
1574554982.788506, -14.0
1574554983.350684, -14.0
1574554983.894752, -14.0
1574554984.424769, -14.0
1574554984.990948, -14.0
1574554985.562759, -14.0
1574554986.135059, -14.0
1574554986.697946, -14.0
1574554987.274137, -14.0
1574554987.827832, -14.0
1574554988.369975, -14.0
1574554988.919239, -14.0
1574554989.490672, -14.0
1574554990.039464, -14.0
1574554990.608718, -14.0
1574554991.180781, -14.0
1574554991.734671, -14.0
1574554992.299418, -14.0
1574554992.849702, -14.0
1574554993.43483, -14.0
1574554993.982293, -14.0
1574554994.518229, -14.0
1574554995.074982, -14.0
1574554995.626404, -14.0
1574554996.204735, -14.0
1574554996.779674, -14.0
1574554997.327615, -14.0
1574554997.911908, -14.0
1574554998.439233, -14.0
1574554998.981445, -14.0
1574554999.529032, -14.0
1574555000.097668, -14.0
1574555000.6957, -14.0
1574555001.260556, -14.0
1574555001.852494, -14.0
1574555002.467899, -14.0
1574555003.04835, -14.0
1574555003.597074, -14.0
1574555004.129084, -14.0
1574555004.715234, -14.0
1574555005.263798, -14.0
1574555005.806266, -14.0
1574555006.369492, -14.0
1574555006.933058, -14.0
1574555007.500177, -14.0
1574555008.039415, -14.0
1574555008.576851, -14.0
1574555009.154698, -14.0
1574555009.722322, -14.0
1574555010.28559, -14.0
1574555010.849254, -14.0
1574555011.405796, -14.0
1574555011.954159, -14.0
1574555012.50593, -14.0
1574555013.053256, -14.0
1574555013.617999, -14.0
1574555014.167501, -14.0
1574555014.716315, -14.0
1574555015.275788, -14.0
1574555015.836733, -14.0
1574555016.412283, -14.0
1574555016.979055, -14.0
1574555017.539605, -14.0
1574555018.114218, -14.0
1574555018.674502, -14.0
1574555019.225369, -14.0
1574555019.799674, -14.0
1574555020.359763, -14.0
1574555020.926175, -14.0
1574555021.491678, -14.0
1574555022.038934, -14.0
1574555022.600659, -14.0
1574555023.156726, -14.0
1574555023.717375, -14.0
1574555024.259553, -14.0
1574555024.804824, -14.0
1574555025.374776, -14.0
1574554887.731475, -14.0
1574554887.882888, -14.0
1574554888.025231, -14.0
1574554888.166202, -14.0
1574554888.30785, -14.0
1574554888.449471, -14.0
1574554888.592185, -14.0
1574554888.735895, -14.0
1574554888.888689, -14.0
1574554889.031133, -14.0
1574554889.187203, -14.0
1574554889.349582, -14.0
1574554889.906599, -14.0
1574554890.481107, -14.0
1574554891.077196, -14.0
1574554891.659466, -14.0
1574554892.236991, -14.0
1574554892.812769, -14.0
1574554893.399599, -14.0
1574554894.022722, -14.0
1574554894.634409, -14.0
1574554895.216657, -14.0
1574554895.826058, -14.0
1574554896.456894, -14.0
1574554897.026041, -14.0
1574554897.606232, -14.0
1574554898.171478, -14.0
1574554898.73831, -14.0
1574554899.316283, -14.0
1574554899.876215, -14.0
1574554900.446585, -14.0
1574554901.023263, -14.0
1574554901.574811, -14.0
1574554902.128939, -14.0
1574554902.706656, -14.0
1574554903.281841, -14.0
1574554903.892101, -14.0
1574554904.48136, -14.0
1574554905.04272, -14.0
1574554905.645605, -14.0
1574554906.237562, -14.0
1574554906.826368, -14.0
1574554907.4023, -14.0
1574554907.968955, -14.0
1574554908.537913, -14.0
1574554909.153906, -14.0
1574554909.73469, -14.0
1574554910.324392, -14.0
1574554910.918956, -14.0
1574554911.486696, -14.0
1574554912.057565, -14.0
1574554912.6413, -14.0
1574554913.285352, -14.0
1574554913.870419, -14.0
1574554914.445607, -14.0
1574554915.055102, -14.0
1574554915.674375, -14.0
1574554916.255179, -14.0
1574554916.865603, -14.0
1574554917.453694, -14.0
1574554918.019138, -14.0
1574554918.602883, -14.0
1574554919.216739, -14.0
1574554919.815751, -14.0
1574554920.423636, -14.0
1574554921.004587, -14.0
1574554921.59827, -14.0
1574554922.171141, -14.0
1574554922.748765, -14.0
1574554923.321561, -14.0
1574554923.890481, -14.0
1574554924.473879, -14.0
1574554925.045898, -14.0
1574554925.628524, -14.0
1574554926.203128, -14.0
1574554926.806929, -14.0
1574554927.366317, -14.0
1574554927.967671, -14.0
1574554928.613311, -14.0
1574554929.18115, -14.0
1574554929.770041, -14.0
1574554930.324545, -14.0
1574554930.912268, -14.0
1574554931.493477, -14.0
1574554932.064475, -14.0
1574554932.683105, -14.0
1574554933.302772, -14.0
1574554933.881507, -14.0
1574554934.434135, -14.0
1574554935.019241, -14.0
1574554935.561869, -14.0
1574554936.124446, -14.0
1574554936.710642, -14.0
1574554937.280664, -14.0
1574554937.86589, -14.0
1574554938.443572, -14.0
1574554939.00082, -14.0
1574554939.598402, -14.0
1574554940.186672, -14.0
1574554940.76901, -14.0
1574554941.332041, -14.0
1574554941.916557, -14.0
1574554942.481753, -14.0
1574554943.055424, -14.0
1574554943.62353, -14.0
1574554944.207311, -14.0
1574554944.784237, -14.0
1574554945.346363, -14.0
1574554945.905369, -14.0
1574554946.473713, -14.0
1574554947.029028, -14.0
1574554947.585654, -14.0
1574554948.150226, -14.0
1574554948.714443, -14.0
1574554949.280459, -14.0
1574554949.861742, -14.0
1574554950.442729, -14.0
1574554951.033936, -14.0
1574554951.611799, -14.0
1574554952.197919, -14.0
1574554952.793542, -14.0
1574554953.378449, -14.0
1574554953.922987, -14.0
1574554954.502446, -14.0
1574554955.097838, -14.0
1574554955.668331, -14.0
1574554956.245015, -14.0
1574554956.822222, -14.0
1574554957.384113, -14.0
1574554957.978679, -14.0
1574554958.576111, -14.0
1574554959.158019, -14.0
1574554959.735908, -14.0
1574554960.313925, -14.0
1574554960.887945, -14.0
1574554961.46128, -14.0
1574554962.033379, -14.0
1574554962.643528, -14.0
1574554963.231442, -14.0
1574554963.81704, -14.0
1574554964.42547, -14.0
1574554964.991151, -14.0
1574554965.57458, -14.0
1574554966.129092, -14.0
1574554966.726267, -14.0
1574554967.309057, -14.0
1574554967.899008, -14.0
1574554968.476294, -14.0
1574554969.052141, -14.0
1574554969.632135, -14.0
1574554970.247895, -14.0
1574554970.854298, -14.0
1574554971.425907, -14.0
1574554971.999931, -14.0
1574554972.607032, -14.0
1574554973.192318, -14.0
1574554973.798879, -14.0
1574554974.367377, -14.0
1574554974.947611, -14.0
1574554975.520861, -14.0
1574554976.07606, -14.0
1574554976.659093, -14.0
1574554977.256676, -14.0
1574554977.839777, -14.0
1574554978.416315, -14.0
1574554979.001883, -14.0
1574554979.594778, -14.0
1574554980.204844, -14.0
1574554980.76496, -14.0
1574554981.316539, -14.0
1574554981.899518, -14.0
1574554982.459096, -14.0
1574554983.048091, -14.0
1574554983.645089, -14.0
1574554984.226544, -14.0
1574554984.822513, -14.0
1574554985.406195, -14.0
1574554985.98979, -14.0
1574554986.564066, -14.0
1574554987.159144, -14.0
1574554987.754588, -14.0
1574554988.365808, -14.0
1574554988.931072, -14.0
1574554989.496494, -14.0
1574554990.058095, -14.0
1574554990.628582, -14.0
1574554991.177139, -14.0
1574554991.714669, -14.0
1574554992.294676, -14.0
1574554992.878994, -14.0
1574554993.473772, -14.0
1574554994.052867, -14.0
1574554994.661174, -14.0
1574554995.24748, -14.0
1574554995.816956, -14.0
1574554996.393624, -14.0
1574554996.989716, -14.0
1574554997.555979, -14.0
1574554998.138808, -14.0
1574554998.731288, -14.0
1574554999.299297, -14.0
1574554999.891493, -14.0
1574555000.44927, -14.0
1574555001.05114, -14.0
1574555001.626955, -14.0
1574555002.218328, -14.0
1574555002.905778, -14.0
1574555003.471299, -14.0
1574555004.056777, -14.0
1574555004.628088, -14.0
1574555005.176182, -14.0
1574555005.767079, -14.0
1574555006.292742, -14.0
1574555006.828734, -14.0
1574555007.383613, -14.0
1574555007.934053, -14.0
1574555008.523171, -14.0
1574555009.088166, -14.0
1574555009.671825, -14.0
1574555010.22122, -14.0
1574555010.769367, -14.0
1574555011.326111, -14.0
1574555011.880378, -14.0
1574555012.469832, -14.0
1574555013.014374, -14.0
1574555013.557853, -14.0
1574555014.122178, -14.0
1574555014.695921, -14.0
1574555015.255814, -14.0
1574555015.803642, -14.0
1574555016.333888, -14.0
1574555016.931717, -14.0
1574555017.522364, -14.0
1574555018.11081, -14.0
1574555018.660628, -14.0
1574555019.227066, -14.0
1574555019.783377, -14.0
1574555020.340707, -14.0
1574555020.899846, -14.0
1574555021.468374, -14.0
1574555022.015745, -14.0
1574555022.56054, -14.0
1574555023.124118, -14.0
1574555023.688672, -14.0
1574555024.274408, -14.0
1574555024.843981, -14.0
1574555025.42069, -14.0
1574555025.990528, -14.0
1574555026.552296, -14.0
1574555027.111298, -14.0
1574554889.381602, -14.0
1574554889.533515, -14.0
1574554889.677099, -14.0
1574554889.820433, -14.0
1574554889.972747, -14.0
1574554890.544332, -14.0
1574554891.098372, -14.0
1574554891.655597, -14.0
1574554892.228115, -14.0
1574554892.784097, -14.0
1574554893.351343, -14.0
1574554893.89921, -14.0
1574554894.443068, -14.0
1574554895.008606, -14.0
1574554895.574427, -14.0
1574554896.146813, -14.0
1574554896.715265, -14.0
1574554897.296613, -14.0
1574554897.848087, -14.0
1574554898.422809, -14.0
1574554898.995585, -14.0
1574554899.561637, -14.0
1574554900.155208, -14.0
1574554900.753696, -14.0
1574554901.321737, -14.0
1574554901.897662, -14.0
1574554902.490866, -14.0
1574554903.056471, -14.0
1574554903.633084, -14.0
1574554904.196041, -14.0
1574554904.772613, -14.0
1574554905.35177, -14.0
1574554905.949072, -14.0
1574554906.508417, -14.0
1574554907.073105, -14.0
1574554907.650138, -14.0
1574554908.23104, -14.0
1574554908.811506, -14.0
1574554909.389738, -14.0
1574554909.963155, -14.0
1574554910.520269, -14.0
1574554911.105573, -14.0
1574554911.685802, -14.0
1574554912.279748, -14.0
1574554912.849972, -14.0
1574554913.429258, -14.0
1574554913.967777, -14.0
1574554914.536074, -14.0
1574554915.12111, -14.0
1574554915.723984, -14.0
1574554916.271897, -14.0
1574554916.828871, -14.0
1574554917.405318, -14.0
1574554917.972689, -14.0
1574554918.556232, -14.0
1574554919.105773, -14.0
1574554919.668651, -14.0
1574554920.214172, -14.0
1574554920.758981, -14.0
1574554921.298021, -14.0
1574554921.833665, -14.0
1574554922.386536, -14.0
1574554922.926891, -14.0
1574554923.477716, -14.0
1574554924.030176, -14.0
1574554924.597095, -14.0
1574554925.155308, -14.0
1574554925.738056, -14.0
1574554926.341285, -14.0
1574554926.894358, -14.0
1574554927.456631, -14.0
1574554927.988039, -14.0
1574554928.542813, -14.0
1574554929.100619, -14.0
1574554929.653296, -14.0
1574554930.245468, -14.0
1574554930.838724, -14.0
1574554931.404636, -14.0
1574554931.951383, -14.0
1574554932.522259, -14.0
1574554933.05208, -14.0
1574554933.596431, -14.0
1574554934.162798, -14.0
1574554934.709908, -14.0
1574554935.271832, -14.0
1574554935.835463, -14.0
1574554936.373239, -14.0
1574554936.961711, -14.0
1574554937.539492, -14.0
1574554938.119434, -14.0
1574554938.691735, -14.0
1574554939.254873, -14.0
1574554939.797386, -14.0
1574554940.343501, -14.0
1574554940.892551, -14.0
1574554941.461042, -14.0
1574554942.035045, -14.0
1574554942.583953, -14.0
1574554943.133539, -14.0
1574554943.682701, -14.0
1574554944.228263, -14.0
1574554944.766251, -14.0
1574554945.315935, -14.0
1574554945.864768, -14.0
1574554946.411643, -14.0
1574554946.958458, -14.0
1574554947.525593, -14.0
1574554948.08889, -14.0
1574554948.640634, -14.0
1574554949.193389, -14.0
1574554949.773035, -14.0
1574554950.340989, -14.0
1574554950.870318, -14.0
1574554951.427577, -14.0
1574554951.993587, -14.0
1574554952.540237, -14.0
1574554953.097268, -14.0
1574554953.644923, -14.0
1574554954.186039, -14.0
1574554954.748485, -14.0
1574554955.309977, -14.0
1574554955.861331, -14.0
1574554956.411605, -14.0
1574554956.970308, -14.0
1574554957.533298, -14.0
1574554958.080304, -14.0
1574554958.631174, -14.0
1574554959.204864, -14.0
1574554959.756782, -14.0
1574554960.323842, -14.0
1574554960.921625, -14.0
1574554961.470635, -14.0
1574554962.025999, -14.0
1574554962.573425, -14.0
1574554963.160795, -14.0
1574554963.729427, -14.0
1574554964.306966, -14.0
1574554964.868732, -14.0
1574554965.442547, -14.0
1574554965.996944, -14.0
1574554966.575869, -14.0
1574554967.154543, -14.0
1574554967.709239, -14.0
1574554968.258723, -14.0
1574554968.83961, -14.0
1574554969.391144, -14.0
1574554969.957789, -14.0
1574554970.50843, -14.0
1574554971.065174, -14.0
1574554971.629037, -14.0
1574554972.174313, -14.0
1574554972.729532, -14.0
1574554973.295249, -14.0
1574554973.858815, -14.0
1574554974.417954, -14.0
1574554974.978355, -14.0
1574554975.54144, -14.0
1574554976.126154, -14.0
1574554976.663932, -14.0
1574554977.209378, -14.0
1574554977.777022, -14.0
1574554978.327759, -14.0
1574554978.892593, -14.0
1574554979.460989, -14.0
1574554980.007583, -14.0
1574554980.563751, -14.0
1574554981.113024, -14.0
1574554981.677671, -14.0
1574554982.260957, -14.0
1574554982.827324, -14.0
1574554983.384546, -14.0
1574554983.968335, -14.0
1574554984.525646, -14.0
1574554985.076577, -14.0
1574554985.628455, -14.0
1574554986.202871, -14.0
1574554986.766917, -14.0
1574554987.296939, -14.0
1574554987.883859, -14.0
1574554988.454794, -14.0
1574554989.037554, -14.0
1574554989.601038, -14.0
1574554990.179875, -14.0
1574554990.733077, -14.0
1574554991.278076, -14.0
1574554991.828638, -14.0
1574554992.396536, -14.0
1574554992.94188, -14.0
1574554993.507121, -14.0
1574554994.07399, -14.0
1574554994.62582, -14.0
1574554995.192724, -14.0
1574554995.727321, -14.0
1574554996.305539, -14.0
1574554996.846919, -14.0
1574554997.374027, -14.0
1574554997.921103, -14.0
1574554998.490478, -14.0
1574554999.066166, -14.0
1574554999.628566, -14.0
1574555000.176658, -14.0
1574555000.760139, -14.0
1574555001.28733, -14.0
1574555001.818157, -14.0
1574555002.456683, -14.0
1574555003.080456, -14.0
1574555003.698789, -14.0
1574555004.285186, -14.0
1574555004.894407, -14.0
1574555005.465603, -14.0
1574555006.036992, -14.0
1574555006.620178, -14.0
1574555007.197207, -14.0
1574555007.829859, -14.0
1574555008.422936, -14.0
1574555009.013472, -14.0
1574555009.617176, -14.0
1574555010.2148, -14.0
1574555010.797986, -14.0
1574555011.35735, -14.0
1574555011.911568, -14.0
1574555012.527314, -14.0
1574555013.11727, -14.0
1574555013.707002, -14.0
1574555014.281086, -14.0
1574555014.867278, -14.0
1574555015.442083, -14.0
1574555016.014036, -14.0
1574555016.580473, -14.0
1574555017.164825, -14.0
1574555017.720432, -14.0
1574555018.289245, -14.0
1574555018.868259, -14.0
1574555019.458016, -14.0
1574555020.044858, -14.0
1574555020.631669, -14.0
1574555021.227096, -14.0
1574555021.830313, -14.0
1574555022.419829, -14.0
1574555023.003276, -14.0
1574555023.598193, -14.0
1574555024.188545, -14.0
1574555024.779372, -14.0
1574555025.400478, -14.0
1574555025.980225, -14.0
1574555026.570866, -14.0
1574555027.146295, -14.0
1574555027.73841, -14.0
1574555028.318118, -14.0
1574555028.899243, -14.0
1574555025.145269, -14.0
1574555025.298854, -14.0
1574555025.45548, -14.0
1574555025.619563, -14.0
1574555025.766628, -14.0
1574555026.346233, -14.0
1574555027.004633, -14.0
1574555027.647197, -14.0
1574555028.282236, -14.0
1574555028.920503, -14.0
1574555029.552742, -14.0
1574555030.184159, -14.0
1574555030.827084, -14.0
1574555031.463468, -14.0
1574555032.014011, -14.0
1574555032.583515, -14.0
1574555033.155967, -14.0
1574555033.735039, -14.0
1574555034.325357, -14.0
1574555034.892789, -14.0
1574555035.432863, -14.0
1574555036.011802, -14.0
1574555036.559636, -14.0
1574555037.141045, -14.0
1574555037.692848, -14.0
1574555038.27887, -14.0
1574555038.845865, -14.0
1574555039.401566, -14.0
1574555039.978321, -14.0
1574555040.576849, -14.0
1574555041.156446, -14.0
1574555041.717539, -14.0
1574555042.303066, -14.0
1574555042.889712, -14.0
1574555043.457853, -14.0
1574555044.019206, -14.0
1574555044.577458, -14.0
1574555045.119152, -14.0
1574555045.695452, -14.0
1574555046.247862, -14.0
1574555046.790437, -14.0
1574555047.351826, -14.0
1574555047.88899, -14.0
1574555048.449652, -14.0
1574555048.997276, -14.0
1574555049.545602, -14.0
1574555050.102555, -14.0
1574555050.686529, -14.0
1574555051.27753, -14.0
1574555051.850535, -14.0
1574555052.412355, -14.0
1574555052.973464, -14.0
1574555053.5321, -14.0
1574555054.07865, -14.0
1574555054.64366, -14.0
1574555055.210587, -14.0
1574555055.779926, -14.0
1574555056.352457, -14.0
1574555056.92247, -14.0
1574555057.462912, -14.0
1574555058.053329, -14.0
1574555058.621434, -14.0
1574555059.192826, -14.0
1574555059.741484, -14.0
1574555060.306537, -14.0
1574555060.864106, -14.0
1574555061.435704, -14.0
1574555062.014004, -14.0
1574555062.571833, -14.0
1574555063.140331, -14.0
1574555063.697596, -14.0
1574555064.277352, -14.0
1574555064.850474, -14.0
1574555065.42655, -14.0
1574555065.960794, -14.0
1574555066.551777, -14.0
1574555067.127251, -14.0
1574555067.700235, -14.0
1574555068.283431, -14.0
1574555068.863644, -14.0
1574555069.451954, -14.0
1574555070.02334, -14.0
1574555070.604006, -14.0
1574555071.150397, -14.0
1574555071.718341, -14.0
1574555072.283531, -14.0
1574555072.847902, -14.0
1574555073.405116, -14.0
1574555073.968836, -14.0
1574555074.545808, -14.0
1574555075.122811, -14.0
1574555075.669444, -14.0
1574555076.245451, -14.0
1574555076.798546, -14.0
1574555077.351807, -14.0
1574555077.904683, -14.0
1574555078.477262, -14.0
1574555079.063507, -14.0
1574555079.597554, -14.0
1574555080.13996, -14.0
1574555080.697294, -14.0
1574555081.242962, -14.0
1574555081.789913, -14.0
1574555082.332815, -14.0
1574555082.871879, -14.0
1574555083.429834, -14.0
1574555083.972287, -14.0
1574555084.530853, -14.0
1574555085.083351, -14.0
1574555085.655439, -14.0
1574555086.200076, -14.0
1574555086.741844, -14.0
1574555087.282613, -14.0
1574555087.875965, -14.0
1574555088.427712, -14.0
1574555088.987877, -14.0
1574555089.574187, -14.0
1574555090.115244, -14.0
1574555090.676697, -14.0
1574555091.260728, -14.0
1574555091.818208, -14.0
1574555092.364349, -14.0
1574555092.918824, -14.0
1574555093.49336, -14.0
1574555094.067998, -14.0
1574555094.603838, -14.0
1574555095.164953, -14.0
1574555095.718724, -14.0
1574555096.281196, -14.0
1574555096.853786, -14.0
1574555097.402915, -14.0
1574555097.948507, -14.0
1574555098.492956, -14.0
1574555099.060655, -14.0
1574555099.61059, -14.0
1574555100.169384, -14.0
1574555100.716249, -14.0
1574555101.266292, -14.0
1574555101.821189, -14.0
1574555102.369505, -14.0
1574555102.941253, -14.0
1574555103.500498, -14.0
1574555104.034034, -14.0
1574555104.604485, -14.0
1574555105.149271, -14.0
1574555105.692179, -14.0
1574555106.256139, -14.0
1574555106.799753, -14.0
1574555107.36959, -14.0
1574555107.954184, -14.0
1574555108.529428, -14.0
1574555109.100105, -14.0
1574555109.689408, -14.0
1574555110.253551, -14.0
1574555110.819919, -14.0
1574555111.39855, -14.0
1574555111.960633, -14.0
1574555112.492095, -14.0
1574555113.066449, -14.0
1574555113.601395, -14.0
1574555114.168953, -14.0
1574555114.726155, -14.0
1574555115.273107, -14.0
1574555115.807794, -14.0
1574555116.389431, -14.0
1574555116.963838, -14.0
1574555117.524521, -14.0
1574555118.065648, -14.0
1574555118.618116, -14.0
1574555119.181011, -14.0
1574555119.729945, -14.0
1574555120.288994, -14.0
1574555120.848592, -14.0
1574555121.418338, -14.0
1574555121.993751, -14.0
1574555122.553793, -14.0
1574555123.113655, -14.0
1574555123.661699, -14.0
1574555124.220012, -14.0
1574555124.769263, -14.0
1574555125.325768, -14.0
1574555125.878112, -14.0
1574555126.427642, -14.0
1574555126.948557, -14.0
1574555127.501296, -14.0
1574555128.074011, -14.0
1574555128.675351, -14.0
1574555129.221071, -14.0
1574555129.801793, -14.0
1574555130.351691, -14.0
1574555130.928044, -14.0
1574555131.496286, -14.0
1574555132.090976, -14.0
1574555132.668364, -14.0
1574555133.231069, -14.0
1574555133.782977, -14.0
1574555134.322969, -14.0
1574555134.882736, -14.0
1574555135.448858, -14.0
1574555136.007723, -14.0
1574555136.554309, -14.0
1574555137.134757, -14.0
1574555137.715045, -14.0
1574555138.271685, -14.0
1574555138.879049, -14.0
1574555139.445372, -14.0
1574555140.002202, -14.0
1574555140.551408, -14.0
1574555141.133886, -14.0
1574555141.688284, -14.0
1574555142.219164, -14.0
1574555142.746323, -14.0
1574555143.277936, -14.0
1574555143.831684, -14.0
1574555144.381823, -14.0
1574555144.9594, -14.0
1574555145.549769, -14.0
1574555146.110666, -14.0
1574555146.683422, -14.0
1574555147.212615, -14.0
1574555147.745231, -14.0
1574555148.328526, -14.0
1574555148.880996, -14.0
1574555149.446772, -14.0
1574555150.010966, -14.0
1574555150.580687, -14.0
1574555151.16009, -14.0
1574555151.747725, -14.0
1574555152.322408, -14.0
1574555152.887121, -14.0
1574555153.456138, -14.0
1574555154.015974, -14.0
1574555154.610576, -14.0
1574555155.203128, -14.0
1574555155.748073, -14.0
1574555156.317641, -14.0
1574555156.891261, -14.0
1574555157.455955, -14.0
1574555158.015938, -14.0
1574555158.570907, -14.0
1574555159.149014, -14.0
1574555159.750913, -14.0
1574555160.300134, -14.0
1574555160.85041, -14.0
1574555161.403716, -14.0
1574555162.000038, -14.0
1574555162.539892, -14.0
1574555163.081762, -14.0
1574555163.638428, -14.0
1574555164.195842, -14.0
1574555026.12639, -14.0
1574555026.695148, -14.0
1574555027.290219, -14.0
1574555027.435906, -14.0
1574555027.586379, -14.0
1574555027.747108, -14.0
1574555027.907473, -14.0
1574555028.053523, -14.0
1574555028.600484, -14.0
1574555029.145632, -14.0
1574555029.714784, -14.0
1574555030.265235, -14.0
1574555030.82435, -14.0
1574555031.387835, -14.0
1574555031.533053, -14.0
1574555031.68145, -14.0
1574555031.82928, -14.0
1574555031.975764, -14.0
1574555032.119706, -14.0
1574555032.65676, -14.0
1574555033.225304, -14.0
1574555033.77895, -14.0
1574555034.334926, -14.0
1574555034.911297, -14.0
1574555035.48064, -14.0
1574555036.069235, -14.0
1574555036.660219, -14.0
1574555037.220605, -14.0
1574555037.774499, -14.0
1574555038.338479, -14.0
1574555038.895108, -14.0
1574555039.435246, -14.0
1574555039.999251, -14.0
1574555040.579623, -14.0
1574555041.15346, -14.0
1574555041.707167, -14.0
1574555042.286761, -14.0
1574555042.866764, -14.0
1574555043.429917, -14.0
1574555043.996677, -14.0
1574555044.562943, -14.0
1574555045.121555, -14.0
1574555045.697602, -14.0
1574555046.242856, -14.0
1574555046.77357, -14.0
1574555047.323953, -14.0
1574555047.848577, -14.0
1574555048.415785, -14.0
1574555048.984785, -14.0
1574555049.566083, -14.0
1574555050.11586, -14.0
1574555050.667235, -14.0
1574555051.243035, -14.0
1574555051.809496, -14.0
1574555052.391168, -14.0
1574555052.970561, -14.0
1574555053.538356, -14.0
1574555054.124358, -14.0
1574555054.701075, -14.0
1574555055.257809, -14.0
1574555055.808488, -14.0
1574555056.365259, -14.0
1574555056.923165, -14.0
1574555057.473187, -14.0
1574555058.070504, -14.0
1574555058.641462, -14.0
1574555059.196925, -14.0
1574555059.748307, -14.0
1574555060.327249, -14.0
1574555060.895903, -14.0
1574555061.476679, -14.0
1574555062.04803, -14.0
1574555062.603873, -14.0
1574555063.167632, -14.0
1574555063.739156, -14.0
1574555064.318604, -14.0
1574555064.898454, -14.0
1574555065.450741, -14.0
1574555065.990991, -14.0
1574555066.573277, -14.0
1574555067.142931, -14.0
1574555067.709528, -14.0
1574555068.280714, -14.0
1574555068.860373, -14.0
1574555069.424526, -14.0
1574555069.980002, -14.0
1574555070.539869, -14.0
1574555071.086353, -14.0
1574555071.655611, -14.0
1574555072.214086, -14.0
1574555072.779827, -14.0
1574555073.347412, -14.0
1574555073.909014, -14.0
1574555074.48098, -14.0
1574555075.077141, -14.0
1574555075.623868, -14.0
1574555076.219817, -14.0
1574555076.792403, -14.0
1574555077.356005, -14.0
1574555077.912596, -14.0
1574555078.488319, -14.0
1574555079.081436, -14.0
1574555079.61968, -14.0
1574555080.164717, -14.0
1574555080.719816, -14.0
1574555081.267737, -14.0
1574555081.816418, -14.0
1574555082.35479, -14.0
1574555082.888443, -14.0
1574555083.434522, -14.0
1574555083.983055, -14.0
1574555084.541918, -14.0
1574555085.089077, -14.0
1574555085.661063, -14.0
1574555086.229561, -14.0
1574555086.776478, -14.0
1574555087.322438, -14.0
1574555087.906532, -14.0
1574555088.455468, -14.0
1574555089.005711, -14.0
1574555089.561577, -14.0
1574555090.100113, -14.0
1574555090.670772, -14.0
1574555091.249986, -14.0
1574555091.811754, -14.0
1574555092.353585, -14.0
1574555092.912926, -14.0
1574555093.476567, -14.0
1574555094.059602, -14.0
1574555094.58419, -14.0
1574555095.155559, -14.0
1574555095.700859, -14.0
1574555096.259024, -14.0
1574555096.826623, -14.0
1574555097.364517, -14.0
1574555097.943522, -14.0
1574555098.503292, -14.0
1574555099.06483, -14.0
1574555099.602926, -14.0
1574555100.155991, -14.0
1574555100.701171, -14.0
1574555101.258481, -14.0
1574555101.80718, -14.0
1574555102.358429, -14.0
1574555102.933306, -14.0
1574555103.490637, -14.0
1574555104.022774, -14.0
1574555104.592598, -14.0
1574555105.139185, -14.0
1574555105.674926, -14.0
1574555106.244963, -14.0
1574555106.791475, -14.0
1574555107.356932, -14.0
1574555107.966764, -14.0
1574555108.548402, -14.0
1574555109.11689, -14.0
1574555109.707622, -14.0
1574555110.27913, -14.0
1574555110.844248, -14.0
1574555111.441635, -14.0
1574555112.001329, -14.0
1574555112.526837, -14.0
1574555113.099419, -14.0
1574555113.624847, -14.0
1574555114.180066, -14.0
1574555114.727576, -14.0
1574555115.270587, -14.0
1574555115.795835, -14.0
1574555116.369606, -14.0
1574555116.940576, -14.0
1574555117.49775, -14.0
1574555118.033159, -14.0
1574555118.585341, -14.0
1574555119.141033, -14.0
1574555119.682247, -14.0
1574555120.244378, -14.0
1574555120.796161, -14.0
1574555121.357572, -14.0
1574555121.929023, -14.0
1574555122.490785, -14.0
1574555123.059503, -14.0
1574555123.606851, -14.0
1574555124.173619, -14.0
1574555124.728201, -14.0
1574555125.295735, -14.0
1574555125.864524, -14.0
1574555126.436374, -14.0
1574555126.966562, -14.0
1574555127.532308, -14.0
1574555128.100006, -14.0
1574555128.721796, -14.0
1574555129.260829, -14.0
1574555129.843642, -14.0
1574555130.391543, -14.0
1574555130.974473, -14.0
1574555131.547286, -14.0
1574555132.149947, -14.0
1574555132.7341, -14.0
1574555133.301267, -14.0
1574555133.857627, -14.0
1574555134.390395, -14.0
1574555134.943623, -14.0
1574555135.509855, -14.0
1574555136.065012, -14.0
1574555136.612661, -14.0
1574555137.19507, -14.0
1574555137.765362, -14.0
1574555138.320612, -14.0
1574555138.879577, -14.0
1574555139.426767, -14.0
1574555139.971648, -14.0
1574555140.524999, -14.0
1574555141.120761, -14.0
1574555141.691932, -14.0
1574555142.256804, -14.0
1574555142.799193, -14.0
1574555143.352389, -14.0
1574555143.90128, -14.0
1574555144.493388, -14.0
1574555145.048086, -14.0
1574555145.644041, -14.0
1574555146.209411, -14.0
1574555146.769342, -14.0
1574555147.290992, -14.0
1574555147.827192, -14.0
1574555148.44107, -14.0
1574555149.000196, -14.0
1574555149.592711, -14.0
1574555150.162742, -14.0
1574555150.734518, -14.0
1574555151.294754, -14.0
1574555151.85379, -14.0
1574555152.423346, -14.0
1574555152.984394, -14.0
1574555153.546569, -14.0
1574555154.109736, -14.0
1574555154.695985, -14.0
1574555155.278545, -14.0
1574555155.824042, -14.0
1574555156.373793, -14.0
1574555156.938633, -14.0
1574555157.492862, -14.0
1574555158.043495, -14.0
1574555158.582428, -14.0
1574555159.143823, -14.0
1574555159.723818, -14.0
1574555160.296663, -14.0
1574555160.861826, -14.0
1574555161.415089, -14.0
1574555161.98345, -14.0
1574555027.87883, -14.0
1574555028.440771, -14.0
1574555029.004487, -14.0
1574555029.573898, -14.0
1574555030.12028, -14.0
1574555030.68037, -14.0
1574555031.232813, -14.0
1574555031.796248, -14.0
1574555032.338546, -14.0
1574555032.881989, -14.0
1574555033.42979, -14.0
1574555033.974478, -14.0
1574555034.53319, -14.0
1574555035.103095, -14.0
1574555035.656319, -14.0
1574555036.201381, -14.0
1574555036.768237, -14.0
1574555037.316153, -14.0
1574555037.887627, -14.0
1574555038.475209, -14.0
1574555039.018778, -14.0
1574555039.575885, -14.0
1574555040.140846, -14.0
1574555040.704557, -14.0
1574555041.280593, -14.0
1574555041.880111, -14.0
1574555042.44195, -14.0
1574555042.975308, -14.0
1574555043.56338, -14.0
1574555044.116831, -14.0
1574555044.693766, -14.0
1574555045.252179, -14.0
1574555045.810828, -14.0
1574555046.372775, -14.0
1574555046.922129, -14.0
1574555047.488978, -14.0
1574555048.073456, -14.0
1574555048.651126, -14.0
1574555049.20431, -14.0
1574555049.791338, -14.0
1574555050.377266, -14.0
1574555050.945999, -14.0
1574555051.512053, -14.0
1574555052.078787, -14.0
1574555052.619536, -14.0
1574555053.188307, -14.0
1574555053.737856, -14.0
1574555054.274499, -14.0
1574555054.830377, -14.0
1574555055.360912, -14.0
1574555055.916019, -14.0
1574555056.470069, -14.0
1574555057.024268, -14.0
1574555057.573733, -14.0
1574555058.126535, -14.0
1574555058.699274, -14.0
1574555059.263372, -14.0
1574555059.84556, -14.0
1574555060.413646, -14.0
1574555060.975428, -14.0
1574555061.533556, -14.0
1574555062.101498, -14.0
1574555062.659058, -14.0
1574555063.202465, -14.0
1574555063.75369, -14.0
1574555064.307586, -14.0
1574555064.843792, -14.0
1574555065.437551, -14.0
1574555065.998781, -14.0
1574555066.546254, -14.0
1574555067.090655, -14.0
1574555067.663305, -14.0
1574555068.226656, -14.0
1574555068.800539, -14.0
1574555069.377381, -14.0
1574555069.935346, -14.0
1574555070.505768, -14.0
1574555071.077851, -14.0
1574555071.653623, -14.0
1574555072.234538, -14.0
1574555072.791619, -14.0
1574555073.324984, -14.0
1574555073.910695, -14.0
1574555074.47282, -14.0
1574555075.033528, -14.0
1574555075.620905, -14.0
1574555076.203794, -14.0
1574555076.754303, -14.0
1574555077.308012, -14.0
1574555077.872066, -14.0
1574555078.414373, -14.0
1574555078.974618, -14.0
1574555079.527086, -14.0
1574555080.0927, -14.0
1574555080.654628, -14.0
1574555081.216173, -14.0
1574555081.808445, -14.0
1574555082.400786, -14.0
1574555082.967868, -14.0
1574555083.548233, -14.0
1574555084.105165, -14.0
1574555084.660119, -14.0
1574555085.218583, -14.0
1574555085.790474, -14.0
1574555086.391635, -14.0
1574555087.009292, -14.0
1574555087.557611, -14.0
1574555088.117525, -14.0
1574555088.670822, -14.0
1574555089.227234, -14.0
1574555089.771432, -14.0
1574555090.329812, -14.0
1574555090.883803, -14.0
1574555091.429522, -14.0
1574555092.006427, -14.0
1574555092.576377, -14.0
1574555093.153076, -14.0
1574555093.702971, -14.0
1574555094.256708, -14.0
1574555094.793218, -14.0
1574555095.381409, -14.0
1574555095.930901, -14.0
1574555096.487097, -14.0
1574555097.049656, -14.0
1574555097.588344, -14.0
1574555098.146528, -14.0
1574555098.720953, -14.0
1574555099.281048, -14.0
1574555099.827418, -14.0
1574555100.387485, -14.0
1574555100.959478, -14.0
1574555101.541335, -14.0
1574555102.07369, -14.0
1574555102.642138, -14.0
1574555103.197625, -14.0
1574555103.764258, -14.0
1574555104.341664, -14.0
1574555104.882456, -14.0
1574555105.435823, -14.0
1574555105.981477, -14.0
1574555106.560003, -14.0
1574555107.118039, -14.0
1574555107.678621, -14.0
1574555108.224126, -14.0
1574555108.777843, -14.0
1574555109.329006, -14.0
1574555109.894841, -14.0
1574555110.499221, -14.0
1574555111.075168, -14.0
1574555111.610384, -14.0
1574555112.181379, -14.0
1574555112.738667, -14.0
1574555113.30253, -14.0
1574555113.884766, -14.0
1574555114.44286, -14.0
1574555115.007863, -14.0
1574555115.601877, -14.0
1574555116.179673, -14.0
1574555116.749148, -14.0
1574555117.334858, -14.0
1574555117.904953, -14.0
1574555118.481895, -14.0
1574555119.083446, -14.0
1574555119.656066, -14.0
1574555120.196692, -14.0
1574555120.781644, -14.0
1574555121.324121, -14.0
1574555121.913829, -14.0
1574555122.488062, -14.0
1574555123.049099, -14.0
1574555123.600942, -14.0
1574555124.187346, -14.0
1574555124.76321, -14.0
1574555125.321906, -14.0
1574555125.859178, -14.0
1574555126.408054, -14.0
1574555126.975315, -14.0
1574555127.518749, -14.0
1574555128.078513, -14.0
1574555128.637299, -14.0
1574555129.207962, -14.0
1574555129.780812, -14.0
1574555130.345887, -14.0
1574555130.904558, -14.0
1574555131.460514, -14.0
1574555132.040271, -14.0
1574555132.619632, -14.0
1574555133.199886, -14.0
1574555133.773023, -14.0
1574555134.324421, -14.0
1574555134.852926, -14.0
1574555135.405001, -14.0
1574555135.992652, -14.0
1574555136.614092, -14.0
1574555137.17887, -14.0
1574555137.784135, -14.0
1574555138.336881, -14.0
1574555138.921182, -14.0
1574555139.496475, -14.0
1574555140.096057, -14.0
1574555140.693593, -14.0
1574555141.259264, -14.0
1574555141.821013, -14.0
1574555142.357048, -14.0
1574555142.91434, -14.0
1574555143.483993, -14.0
1574555144.0519, -14.0
1574555144.598214, -14.0
1574555145.19066, -14.0
1574555145.766837, -14.0
1574555146.332559, -14.0
1574555146.893896, -14.0
1574555147.446864, -14.0
1574555147.9951, -14.0
1574555148.548042, -14.0
1574555149.120378, -14.0
1574555149.681987, -14.0
1574555150.250213, -14.0
1574555150.797426, -14.0
1574555151.354039, -14.0
1574555151.900058, -14.0
1574555152.484645, -14.0
1574555153.045714, -14.0
1574555153.627499, -14.0
1574555154.193215, -14.0
1574555154.750503, -14.0
1574555155.291907, -14.0
1574555155.833765, -14.0
1574555156.4326, -14.0
1574555156.990055, -14.0
1574555157.559299, -14.0
1574555158.133181, -14.0
1574555158.714764, -14.0
1574555159.277956, -14.0
1574555159.838149, -14.0
1574555160.402162, -14.0
1574555160.966867, -14.0
1574555161.527688, -14.0
1574555162.08801, -14.0
1574555162.674313, -14.0
1574555163.263111, -14.0
1574555163.810703, -14.0
1574555164.363878, -14.0
1574555164.924815, -14.0
1574555165.480241, -14.0
1574555166.031522, -14.0
1574555166.568036, -14.0
1574555167.117036, -14.0
1574555167.693195, -14.0
1574555168.240291, -14.0
1574555029.193654, -14.0
1574555029.361694, -14.0
1574555029.520752, -14.0
1574555029.697513, -14.0
1574555029.858472, -14.0
1574555030.487443, -14.0
1574555031.081663, -14.0
1574555031.688254, -14.0
1574555032.277533, -14.0
1574555032.869284, -14.0
1574555033.474561, -14.0
1574555034.087247, -14.0
1574555034.674066, -14.0
1574555035.26405, -14.0
1574555035.846263, -14.0
1574555036.453123, -14.0
1574555037.052591, -14.0
1574555037.677454, -14.0
1574555038.276436, -14.0
1574555038.881598, -14.0
1574555039.466149, -14.0
1574555040.072858, -14.0
1574555040.673332, -14.0
1574555041.278533, -14.0
1574555041.856501, -14.0
1574555042.419916, -14.0
1574555043.038166, -14.0
1574555043.639902, -14.0
1574555044.214522, -14.0
1574555044.797561, -14.0
1574555045.40937, -14.0
1574555046.022193, -14.0
1574555046.615896, -14.0
1574555047.24342, -14.0
1574555047.876589, -14.0
1574555048.476492, -14.0
1574555049.057603, -14.0
1574555049.629819, -14.0
1574555050.187702, -14.0
1574555050.785676, -14.0
1574555051.358391, -14.0
1574555051.93474, -14.0
1574555052.523466, -14.0
1574555053.089492, -14.0
1574555053.678579, -14.0
1574555054.252358, -14.0
1574555054.833599, -14.0
1574555055.400911, -14.0
1574555055.975432, -14.0
1574555056.568637, -14.0
1574555057.147168, -14.0
1574555057.749727, -14.0
1574555058.351904, -14.0
1574555058.933422, -14.0
1574555059.511372, -14.0
1574555060.102414, -14.0
1574555060.700296, -14.0
1574555061.27694, -14.0
1574555061.873401, -14.0
1574555062.458229, -14.0
1574555063.033723, -14.0
1574555063.666595, -14.0
1574555064.267823, -14.0
1574555064.840099, -14.0
1574555065.406197, -14.0
1574555065.996351, -14.0
1574555066.566844, -14.0
1574555067.153881, -14.0
1574555067.746634, -14.0
1574555068.317303, -14.0
1574555068.908798, -14.0
1574555069.499114, -14.0
1574555070.095801, -14.0
1574555070.701512, -14.0
1574555071.277712, -14.0
1574555071.827796, -14.0
1574555072.438411, -14.0
1574555073.032783, -14.0
1574555073.632615, -14.0
1574555074.243739, -14.0
1574555074.848127, -14.0
1574555075.43058, -14.0
1574555076.002262, -14.0
1574555076.590872, -14.0
1574555077.14343, -14.0
1574555077.736446, -14.0
1574555078.326241, -14.0
1574555078.919434, -14.0
1574555079.518364, -14.0
1574555080.101456, -14.0
1574555080.716566, -14.0
1574555081.322868, -14.0
1574555081.897197, -14.0
1574555082.501817, -14.0
1574555083.087085, -14.0
1574555083.67959, -14.0
1574555084.282902, -14.0
1574555084.892383, -14.0
1574555085.523384, -14.0
1574555086.103385, -14.0
1574555086.696447, -14.0
1574555087.304089, -14.0
1574555087.878417, -14.0
1574555088.46223, -14.0
1574555089.01825, -14.0
1574555089.566672, -14.0
1574555090.135535, -14.0
1574555090.696243, -14.0
1574555091.275225, -14.0
1574555091.846627, -14.0
1574555092.442849, -14.0
1574555093.012838, -14.0
1574555093.581655, -14.0
1574555094.145407, -14.0
1574555094.763197, -14.0
1574555095.335991, -14.0
1574555095.927118, -14.0
1574555096.521049, -14.0
1574555097.098738, -14.0
1574555097.684121, -14.0
1574555098.279061, -14.0
1574555098.871378, -14.0
1574555099.471576, -14.0
1574555100.077689, -14.0
1574555100.687839, -14.0
1574555101.309725, -14.0
1574555101.87772, -14.0
1574555102.485476, -14.0
1574555103.078252, -14.0
1574555103.6805, -14.0
1574555104.299866, -14.0
1574555104.883766, -14.0
1574555105.477429, -14.0
1574555106.054323, -14.0
1574555106.664845, -14.0
1574555107.246157, -14.0
1574555107.837397, -14.0
1574555108.423036, -14.0
1574555109.020428, -14.0
1574555109.613873, -14.0
1574555110.189379, -14.0
1574555110.80141, -14.0
1574555111.385768, -14.0
1574555111.953783, -14.0
1574555112.562713, -14.0
1574555113.134064, -14.0
1574555113.690486, -14.0
1574555114.288934, -14.0
1574555114.881154, -14.0
1574555115.48551, -14.0
1574555116.119869, -14.0
1574555116.744291, -14.0
1574555117.338672, -14.0
1574555117.964718, -14.0
1574555118.560289, -14.0
1574555119.148273, -14.0
1574555119.756609, -14.0
1574555120.355843, -14.0
1574555120.909873, -14.0
1574555121.505199, -14.0
1574555122.050874, -14.0
1574555122.651461, -14.0
1574555123.222039, -14.0
1574555123.793765, -14.0
1574555124.357661, -14.0
1574555124.971948, -14.0
1574555125.574426, -14.0
1574555126.155099, -14.0
1574555126.717084, -14.0
1574555127.296671, -14.0
1574555127.889926, -14.0
1574555128.468652, -14.0
1574555129.070745, -14.0
1574555129.673968, -14.0
1574555130.287182, -14.0
1574555130.899513, -14.0
1574555131.500101, -14.0
1574555132.08052, -14.0
1574555132.646477, -14.0
1574555133.230026, -14.0
1574555133.807068, -14.0
1574555134.391029, -14.0
1574555134.983585, -14.0
1574555135.569941, -14.0
1574555136.113254, -14.0
1574555136.687277, -14.0
1574555137.281491, -14.0
1574555137.902387, -14.0
1574555138.486543, -14.0
1574555139.088287, -14.0
1574555139.67391, -14.0
1574555140.287282, -14.0
1574555140.88223, -14.0
1574555141.508927, -14.0
1574555142.136705, -14.0
1574555142.753742, -14.0
1574555143.359024, -14.0
1574555143.936072, -14.0
1574555144.519969, -14.0
1574555145.110695, -14.0
1574555145.708227, -14.0
1574555146.29534, -14.0
1574555146.917203, -14.0
1574555147.524868, -14.0
1574555148.140966, -14.0
1574555148.768708, -14.0
1574555149.370317, -14.0
1574555149.97282, -14.0
1574555150.572547, -14.0
1574555151.184509, -14.0
1574555151.752223, -14.0
1574555152.310809, -14.0
1574555152.873926, -14.0
1574555153.442031, -14.0
1574555154.039523, -14.0
1574555154.595141, -14.0
1574555155.169776, -14.0
1574555155.761141, -14.0
1574555156.345845, -14.0
1574555156.93703, -14.0
1574555157.486916, -14.0
1574555158.048625, -14.0
1574555158.656318, -14.0
1574555159.227048, -14.0
1574555159.814155, -14.0
1574555160.404153, -14.0
1574555161.001302, -14.0
1574555161.596788, -14.0
1574555162.181735, -14.0
1574555162.752845, -14.0
1574555163.322788, -14.0
1574555163.891289, -14.0
1574555164.4516, -14.0
1574555165.035667, -14.0
1574555165.620103, -14.0
1574555166.171344, -14.0
1574555166.725683, -14.0
1574555167.29649, -14.0
1574555167.860294, -14.0
1574555168.41473, -14.0
1574555168.951557, -14.0
1574555169.504592, -14.0
1574555170.087541, -14.0
1574555170.639249, -14.0
1574555171.200503, -14.0
1574555171.749217, -14.0
1574555172.32406, -14.0
1574555172.868984, -14.0
1574555173.419135, -14.0
1574555173.976938, -14.0
