1574556314.407828, -32.0
1574556314.991208, -32.0
1574556315.644868, -32.0
1574556316.214493, -32.0
1574556316.77888, -32.0
1574556317.356258, -32.0
1574556317.945026, -32.0
1574556318.525464, -32.0
1574556319.148009, -32.0
1574556319.729577, -32.0
1574556320.963513, -31.0
1574556322.782705, -31.0
1574556323.352289, -31.0
1574556323.924271, -31.0
1574556324.512036, -31.0
1574556325.092234, -31.0
1574556325.674171, -31.0
1574556326.241688, -31.0
1574556326.812467, -31.0
1574556327.389532, -31.0
1574556327.965812, -31.0
1574556329.883444, -31.0
1574556331.779006, -31.0
1574556333.629656, -31.0
1574556335.405871, -31.0
1574556337.28408, -30.0
1574556339.180354, -30.0
1574556341.096707, -30.0
1574556343.028034, -30.0
1574556344.94615, -30.0
1574556348.127068, -30.0
1574556349.961721, -30.0
1574556351.85208, -30.0
1574556353.747494, -30.0
1574556356.845788, -30.0
1574556359.969064, -30.0
1574556363.195564, -30.0
1574556366.300241, -30.0
1574556369.418376, -30.0
1574556372.494105, -30.0
1574556375.679172, -30.0
1574556378.809425, -30.0
1574556381.970905, -30.0
1574556385.184426, -30.0
1574556388.352686, -30.0
1574556391.516155, -30.0
1574556394.279306, -30.0
1574556397.094477, -30.0
1574556399.818963, -29.0
1574556402.652614, -29.0
1574556315.068974, -32.0
1574556316.216442, -32.0
1574556317.444546, -32.0
1574556318.569998, -32.0
1574556319.694577, -32.0
1574556320.833793, -32.0
1574556321.982882, -31.0
1574556323.125559, -31.0
1574556324.335058, -31.0
1574556325.4847, -31.0
1574556330.419847, -31.0
1574556335.528748, -30.0
1574556337.944239, -30.0
1574556341.695727, -30.0
1574556345.453506, -30.0
1574556349.944235, -30.0
1574556354.442439, -30.0
1574556356.871671, -30.0
1574556358.62462, -30.0
1574556362.375157, -30.0
1574556364.795715, -30.0
1574556367.90894, -30.0
1574556371.009419, -30.0
1574556372.852091, -30.0
1574556375.891408, -30.0
1574556380.315124, -30.0
1574556385.363598, -30.0
1574556389.718617, -30.0
1574556394.102071, -30.0
1574556398.45046, -30.0
1574556402.864272, -29.0
1574556406.613952, -29.0
1574556409.725994, -29.0
1574556413.485049, -29.0
1574556418.556751, -29.0
1574556420.994376, -29.0
1574556425.314492, -29.0
1574556430.238747, -29.0
1574556435.220003, -29.0
1574556439.002342, -29.0
1574556442.718574, -29.0
1574556447.063763, -29.0
1574556450.76324, -29.0
1574556453.242905, -29.0
1574556457.61545, -29.0
1574556462.635193, -29.0
1574556466.978416, -29.0
1574556470.015378, -29.0
1574556473.722798, -29.0
1574556477.493886, -29.0
1574556315.160505, -32.0
1574556316.316788, -32.0
1574556317.561049, -32.0
1574556318.687943, -32.0
1574556319.816784, -32.0
1574556320.946357, -31.0
1574556322.076261, -31.0
1574556323.206268, -31.0
1574556324.441498, -31.0
1574556325.587094, -31.0
1574556327.319318, -31.0
1574556328.457209, -31.0
1574556329.603721, -31.0
1574556330.770677, -31.0
1574556331.991571, -31.0
1574556333.127761, -31.0
1574556334.264469, -31.0
1574556335.400554, -31.0
1574556336.579701, -30.0
1574556337.853272, -30.0
1574556339.062328, -30.0
1574556341.32316, -30.0
1574556345.15458, -30.0
1574556349.997081, -30.0
1574556354.745806, -30.0
1574556359.516258, -30.0
1574556364.347408, -30.0
1574556369.037216, -30.0
1574556373.775067, -30.0
1574556378.485165, -30.0
1574556383.323407, -30.0
1574556388.22971, -30.0
1574556393.195459, -30.0
1574556398.738103, -30.0
1574556403.56611, -29.0
1574556408.411972, -29.0
1574556413.752853, -29.0
1574556419.131027, -29.0
1574556424.457636, -29.0
1574556429.960253, -29.0
1574556435.497362, -29.0
1574556441.000969, -29.0
1574556446.48044, -29.0
1574556451.823779, -29.0
1574556456.709356, -29.0
1574556462.107797, -29.0
1574556465.047313, -29.0
1574556468.672517, -29.0
1574556471.627029, -29.0
1574556474.471576, -29.0
1574556314.597989, -32.0
1574556315.040606, -32.0
1574556315.512735, -32.0
1574556315.941643, -32.0
1574556316.377264, -32.0
1574556316.811424, -32.0
1574556317.238969, -32.0
1574556317.675397, -32.0
1574556318.14545, -32.0
1574556318.586426, -32.0
1574556320.861288, -31.0
1574556321.298543, -31.0
1574556321.736262, -31.0
1574556322.190414, -31.0
1574556322.624049, -31.0
1574556324.806699, -31.0
1574556327.024344, -31.0
1574556329.308275, -31.0
1574556330.318842, -31.0
1574556331.953648, -31.0
1574556332.387772, -31.0
1574556332.826323, -31.0
1574556333.273156, -31.0
1574556333.724233, -31.0
1574556334.79796, -31.0
1574556336.984692, -30.0
1574556339.154742, -30.0
1574556341.308325, -30.0
1574556343.509109, -30.0
1574556345.683057, -30.0
1574556347.776384, -30.0
1574556350.096683, -30.0
1574556352.196162, -30.0
1574556354.274769, -30.0
1574556354.727525, -30.0
1574556356.964718, -30.0
1574556358.882137, -30.0
1574556360.968387, -30.0
1574556363.010064, -30.0
1574556364.996862, -30.0
1574556366.954184, -30.0
1574556368.857953, -30.0
1574556370.804466, -30.0
1574556372.709889, -30.0
1574556374.702054, -30.0
1574556376.61443, -30.0
1574556378.540721, -30.0
1574556380.504279, -30.0
1574556382.426603, -30.0
1574556384.409596, -30.0
1574556385.737476, -30.0
1574556386.893202, -30.0
1574556388.050378, -30.0
1574556389.231293, -30.0
1574556390.412828, -30.0
1574556391.65016, -30.0
1574556392.939757, -30.0
1574556394.128488, -30.0
1574556398.76607, -30.0
1574556404.574834, -29.0
1574556410.267934, -29.0
1574556415.964251, -29.0
1574556421.68158, -29.0
1574556426.230994, -29.0
1574556430.695078, -29.0
1574556435.196285, -29.0
1574556439.702459, -29.0
1574556444.165479, -29.0
1574556448.683905, -29.0
1574556454.266008, -29.0
1574556459.931232, -29.0
1574556465.85572, -29.0
1574556471.518829, -29.0
1574556476.050146, -29.0
1574556481.381492, -29.0
1574556486.580523, -29.0
1574556492.32196, -29.0
1574556497.946308, -29.0
1574556503.662325, -29.0
1574556509.320001, -29.0
1574556514.962905, -29.0
1574556520.598896, -29.0
1574556526.385125, -29.0
1574556531.927196, -29.0
1574556537.346612, -29.0
1574556542.873251, -29.0
1574556548.310092, -29.0
1574556553.788782, -29.0
1574556559.307926, -29.0
1574556564.850692, -29.0
1574556570.430231, -29.0
1574556575.877536, -29.0
1574556581.406641, -29.0
1574556586.925306, -29.0
1574556592.446978, -29.0
1574556597.943452, -29.0
1574556603.433097, -29.0
1574556608.956851, -29.0
1574556614.407459, -29.0
1574556619.819732, -29.0
1574556403.099492, -29.0
1574556403.399179, -29.0
1574556403.695759, -29.0
1574556403.999193, -29.0
1574556404.292316, -29.0
1574556404.580827, -29.0
1574556404.865452, -29.0
1574556405.147107, -29.0
1574556405.431371, -29.0
1574556405.715449, -29.0
1574556406.002667, -29.0
1574556406.309465, -29.0
1574556406.618999, -29.0
1574556407.453917, -29.0
1574556408.784454, -29.0
1574556410.155666, -29.0
1574556411.490158, -29.0
1574556412.833325, -29.0
1574556414.109035, -29.0
1574556414.398567, -29.0
1574556414.701426, -29.0
1574556414.986447, -29.0
1574556415.271619, -29.0
1574556415.557848, -29.0
1574556415.845711, -29.0
1574556416.138046, -29.0
1574556416.423046, -29.0
1574556416.708612, -29.0
1574556417.011945, -29.0
1574556417.352554, -29.0
1574556417.693932, -29.0
1574556418.026404, -29.0
1574556418.35056, -29.0
1574556418.682547, -29.0
1574556419.016644, -29.0
1574556419.354196, -29.0
1574556419.688032, -29.0
1574556420.033677, -29.0
1574556420.374425, -29.0
1574556420.716468, -29.0
1574556421.059815, -29.0
1574556421.395434, -29.0
1574556421.735383, -29.0
1574556422.064778, -29.0
1574556422.413741, -29.0
1574556422.749379, -29.0
1574556423.087389, -29.0
1574556423.426829, -29.0
1574556423.761932, -29.0
1574556424.094351, -29.0
1574556424.983812, -29.0
1574556425.788885, -29.0
1574556426.506233, -29.0
1574556427.222368, -29.0
1574556427.937594, -29.0
1574556428.660846, -29.0
1574556429.407947, -29.0
1574556430.129892, -29.0
1574556430.843582, -29.0
1574556431.553501, -29.0
1574556432.364887, -29.0
1574556433.100658, -29.0
1574556433.84918, -29.0
1574556434.564646, -29.0
1574556435.288675, -29.0
1574556436.006548, -29.0
1574556436.786174, -29.0
1574556437.497449, -29.0
1574556438.271163, -29.0
1574556438.990565, -29.0
1574556439.706713, -29.0
1574556440.427897, -29.0
1574556441.154611, -29.0
1574556441.883045, -29.0
1574556442.605581, -29.0
1574556443.318137, -29.0
1574556444.033349, -29.0
1574556444.753737, -29.0
1574556445.503134, -29.0
1574556446.291039, -29.0
1574556447.005012, -29.0
1574556447.722524, -29.0
1574556448.448249, -29.0
1574556449.228769, -29.0
1574556449.941987, -29.0
1574556450.677888, -29.0
1574556451.511761, -29.0
1574556452.316931, -29.0
1574556453.125146, -29.0
1574556453.919826, -29.0
1574556454.683846, -29.0
1574556455.43258, -29.0
1574556456.181021, -29.0
1574556457.710031, -29.0
1574556458.452807, -29.0
1574556459.194035, -29.0
1574556459.936032, -29.0
1574556460.685252, -29.0
1574556461.4398, -29.0
1574556462.18936, -29.0
1574556462.915355, -29.0
1574556463.517316, -29.0
1574556464.08476, -29.0
1574556464.653904, -29.0
1574556465.220293, -29.0
1574556465.785381, -29.0
1574556466.35978, -29.0
1574556466.979447, -29.0
1574556467.562283, -29.0
1574556468.143672, -29.0
1574556468.72619, -29.0
1574556469.294515, -29.0
1574556469.877577, -29.0
1574556470.468782, -29.0
1574556471.048722, -29.0
1574556471.631649, -29.0
1574556472.212959, -29.0
1574556472.80527, -29.0
1574556473.397521, -29.0
1574556473.996232, -29.0
1574556474.599542, -29.0
1574556475.192024, -29.0
1574556475.856125, -29.0
1574556476.449881, -29.0
1574556477.020358, -29.0
1574556477.611086, -29.0
1574556478.197857, -29.0
1574556478.766886, -29.0
1574556479.337571, -29.0
1574556479.908854, -29.0
1574556480.479313, -29.0
1574556481.050003, -29.0
1574556481.621421, -29.0
1574556482.194035, -29.0
1574556482.797599, -29.0
1574556483.428483, -29.0
1574556484.055728, -29.0
1574556484.628028, -29.0
1574556485.208309, -29.0
1574556485.789088, -29.0
1574556486.38044, -29.0
1574556486.98447, -29.0
1574556487.590527, -29.0
1574556488.190686, -29.0
1574556488.847737, -29.0
1574556489.488083, -29.0
1574556490.120479, -29.0
1574556490.746885, -29.0
1574556491.409041, -29.0
1574556492.086918, -29.0
1574556475.063712, -29.0
1574556475.54099, -29.0
1574556475.989001, -29.0
1574556476.412441, -29.0
1574556476.835748, -29.0
1574556477.265159, -29.0
1574556477.689909, -29.0
1574556478.114883, -29.0
1574556478.552713, -29.0
1574556479.556057, -29.0
1574556480.580261, -29.0
1574556482.209738, -29.0
1574556483.204905, -29.0
1574556484.223169, -29.0
1574556485.225145, -29.0
1574556486.781225, -29.0
1574556488.403689, -29.0
1574556489.951372, -29.0
1574556492.102345, -29.0
1574556494.330155, -29.0
1574556495.977256, -29.0
1574556498.155688, -29.0
1574556500.26422, -29.0
1574556502.675411, -29.0
1574556505.044857, -29.0
1574556507.172401, -29.0
1574556508.132314, -29.0
1574556509.135887, -29.0
1574556510.15056, -29.0
1574556511.21324, -29.0
1574556512.238638, -29.0
1574556513.233422, -29.0
1574556514.246647, -29.0
1574556515.244956, -29.0
1574556516.220187, -29.0
1574556517.861161, -29.0
1574556518.858651, -29.0
1574556520.615416, -29.0
1574556522.17662, -29.0
1574556524.410924, -29.0
1574556526.550794, -29.0
1574556528.746624, -29.0
1574556531.070041, -29.0
1574556533.336986, -29.0
1574556535.603673, -29.0
1574556537.855499, -29.0
1574556539.90681, -29.0
1574556542.177202, -29.0
1574556544.28874, -29.0
1574556546.389145, -29.0
1574556477.938245, -29.0
1574556478.230281, -29.0
1574556478.556441, -29.0
1574556478.84735, -29.0
1574556479.129457, -29.0
1574556479.436797, -29.0
1574556479.744577, -29.0
1574556480.037522, -29.0
1574556480.330736, -29.0
1574556480.628788, -29.0
1574556480.92926, -29.0
1574556481.239287, -29.0
1574556481.563424, -29.0
1574556481.880426, -29.0
1574556482.191586, -29.0
1574556482.496592, -29.0
1574556482.804186, -29.0
1574556483.111066, -29.0
1574556483.422196, -29.0
1574556483.726482, -29.0
1574556484.036065, -29.0
1574556484.358954, -29.0
1574556484.669877, -29.0
1574556484.973407, -29.0
1574556485.278689, -29.0
1574556485.5827, -29.0
1574556485.927425, -29.0
1574556486.243327, -29.0
1574556486.557257, -29.0
1574556486.859512, -29.0
1574556487.172608, -29.0
1574556487.490343, -29.0
1574556487.806205, -29.0
1574556488.113624, -29.0
1574556488.417358, -29.0
1574556488.717157, -29.0
1574556489.044241, -29.0
1574556489.351821, -29.0
1574556489.656211, -29.0
1574556489.964706, -29.0
1574556490.276208, -29.0
1574556490.586544, -29.0
1574556490.904255, -29.0
1574556491.223879, -29.0
1574556491.545688, -29.0
1574556491.8559, -29.0
1574556492.174159, -29.0
1574556492.492717, -29.0
1574556492.806923, -29.0
1574556493.120275, -29.0
1574556492.519835, -29.0
1574556492.80558, -29.0
1574556493.089539, -29.0
1574556493.386057, -29.0
1574556493.686144, -29.0
1574556493.970614, -29.0
1574556494.255573, -29.0
1574556494.536997, -29.0
1574556494.822785, -29.0
1574556495.108661, -29.0
1574556495.434511, -29.0
1574556495.721237, -29.0
1574556496.007817, -29.0
1574556496.28987, -29.0
1574556496.574482, -29.0
1574556496.907436, -29.0
1574556497.210444, -29.0
1574556498.772257, -29.0
1574556500.297165, -29.0
1574556501.759252, -29.0
1574556503.34922, -29.0
1574556504.817904, -29.0
1574556506.364496, -29.0
1574556507.880253, -29.0
1574556509.402934, -29.0
1574556510.897682, -29.0
1574556512.38612, -29.0
1574556513.895268, -29.0
1574556515.400363, -29.0
1574556516.891231, -29.0
1574556518.396551, -29.0
1574556519.927346, -29.0
1574556521.482952, -29.0
1574556523.035299, -29.0
1574556524.559213, -29.0
1574556526.059779, -29.0
1574556526.952421, -29.0
1574556527.239023, -29.0
1574556528.160194, -29.0
1574556528.445607, -29.0
1574556528.74025, -29.0
1574556529.027727, -29.0
1574556529.313066, -29.0
1574556529.60048, -29.0
1574556529.896155, -29.0
1574556530.19278, -29.0
1574556530.489188, -29.0
1574556530.787139, -29.0
1574556531.084317, -29.0
1574556531.381079, -29.0
1574556493.361304, -29.0
1574556494.138796, -29.0
1574556494.844068, -29.0
1574556495.540236, -29.0
1574556496.216214, -29.0
1574556496.948856, -29.0
1574556497.682272, -29.0
1574556498.42373, -29.0
1574556499.127254, -29.0
1574556499.87134, -29.0
1574556500.566746, -29.0
1574556501.282087, -29.0
1574556502.079041, -29.0
1574556502.866528, -29.0
1574556503.536966, -29.0
1574556504.268362, -29.0
1574556504.957437, -29.0
1574556505.662378, -29.0
1574556506.403269, -29.0
1574556507.109419, -29.0
1574556507.800495, -29.0
1574556508.52058, -29.0
1574556509.286699, -29.0
1574556509.957951, -29.0
1574556510.678213, -29.0
1574556511.360434, -29.0
1574556512.047356, -29.0
1574556512.780155, -29.0
1574556513.49335, -29.0
1574556514.21888, -29.0
1574556514.902508, -29.0
1574556515.683868, -29.0
1574556516.368049, -29.0
1574556516.512993, -29.0
1574556517.179837, -29.0
1574556517.886713, -29.0
1574556518.627776, -29.0
1574556519.36745, -29.0
1574556520.066229, -29.0
1574556520.773968, -29.0
1574556521.455222, -29.0
1574556522.184744, -29.0
1574556522.87057, -29.0
1574556523.585216, -29.0
1574556524.236119, -29.0
1574556524.384357, -29.0
1574556524.532337, -29.0
1574556524.67633, -29.0
1574556524.81965, -29.0
1574556524.964805, -29.0
1574556658.795174, -29.0
1574556658.962144, -29.0
1574556659.124589, -29.0
1574556659.275377, -29.0
1574556659.424936, -29.0
1574556659.573246, -29.0
1574556659.719303, -29.0
1574556659.867822, -29.0
1574556660.022889, -29.0
1574556660.175024, -29.0
1574556660.324049, -29.0
1574556660.473261, -29.0
1574556660.625066, -29.0
1574556660.773764, -29.0
1574556660.924241, -29.0
1574556661.068928, -29.0
1574556661.212661, -29.0
1574556661.358972, -29.0
1574556661.51143, -29.0
1574556661.660739, -29.0
1574556661.802904, -29.0
1574556661.952253, -29.0
1574556662.092876, -29.0
1574556662.233442, -29.0
1574556662.375237, -29.0
1574556662.517937, -29.0
1574556662.667914, -29.0
1574556662.813549, -29.0
1574556662.96366, -29.0
1574556663.107131, -29.0
1574556663.259242, -29.0
1574556664.013881, -29.0
1574556664.712178, -29.0
1574556664.866703, -29.0
1574556665.029356, -29.0
1574556665.182327, -29.0
1574556665.329765, -29.0
1574556665.478812, -29.0
1574556665.629154, -29.0
1574556665.78741, -29.0
1574556665.936503, -29.0
1574556666.084202, -29.0
1574556666.231863, -29.0
1574556666.376315, -29.0
1574556666.524333, -29.0
1574556667.22436, -29.0
1574556667.931051, -29.0
1574556668.640198, -29.0
1574556669.325706, -29.0
1574556670.033641, -29.0
1574556670.723045, -29.0
1574556671.438535, -29.0
1574556672.133896, -29.0
1574556672.837189, -29.0
1574556673.525318, -29.0
1574556674.262751, -29.0
1574556674.97136, -29.0
1574556675.677043, -29.0
1574556676.359646, -29.0
1574556677.036734, -29.0
1574556677.762161, -29.0
1574556678.484031, -29.0
1574556679.220348, -29.0
1574556679.904819, -29.0
1574556680.637869, -29.0
1574556681.37881, -29.0
1574556682.105006, -29.0
1574556682.884662, -29.0
1574556683.621008, -29.0
1574556684.334852, -29.0
1574556685.041748, -29.0
1574556685.738, -29.0
1574556686.4432, -29.0
1574556687.1841, -29.0
1574556687.880145, -29.0
1574556688.586503, -29.0
1574556689.266699, -29.0
1574556689.966656, -29.0
1574556690.653535, -29.0
1574556691.362769, -29.0
1574556692.072454, -29.0
1574556692.760012, -29.0
1574556693.485738, -29.0
1574556694.200736, -29.0
1574556694.982934, -29.0
1574556695.769642, -29.0
1574556696.55952, -29.0
1574556697.346473, -29.0
1574556698.137706, -29.0
1574556698.971591, -29.0
1574556699.791017, -29.0
1574556700.60987, -29.0
1574556701.449976, -29.0
1574556702.265705, -29.0
1574556702.976557, -29.0
1574556703.697216, -29.0
1574556704.398888, -29.0
1574556705.118168, -29.0
1574556705.84054, -29.0
1574556706.542744, -29.0
1574556707.22187, -29.0
1574556707.935407, -29.0
1574556708.642231, -29.0
1574556709.389689, -29.0
1574556710.126466, -29.0
1574556710.82825, -29.0
1574556711.560665, -29.0
1574556712.262434, -29.0
1574556713.037043, -29.0
1574556713.80572, -29.0
1574556714.618404, -29.0
1574556715.371782, -29.0
1574556716.134126, -29.0
1574556716.919743, -29.0
1574556717.723287, -29.0
1574556718.54521, -29.0
1574556719.339737, -29.0
1574556720.104807, -29.0
1574556720.891062, -29.0
1574556721.577937, -29.0
1574556722.293113, -29.0
1574556723.118737, -29.0
1574556723.822548, -29.0
1574556724.532355, -29.0
1574556725.258318, -29.0
1574556725.990478, -29.0
1574556726.658479, -29.0
1574556727.399235, -29.0
1574556728.086148, -29.0
1574556728.780051, -29.0
1574556729.49342, -29.0
1574556730.173511, -29.0
1574556730.896594, -29.0
1574556731.631533, -29.0
1574556732.371564, -29.0
1574556733.146537, -29.0
1574556733.820979, -29.0
1574556734.547776, -29.0
1574556735.328176, -29.0
1574556736.019403, -29.0
1574556736.821139, -29.0
1574556737.677399, -29.0
1574556738.496784, -29.0
1574556739.317554, -29.0
1574556740.144746, -29.0
1574556740.946601, -29.0
1574556741.709148, -29.0
1574556742.501235, -29.0
1574556743.310776, -29.0
1574556744.060666, -29.0
1574556744.865393, -29.0
1574556745.727841, -29.0
1574556746.505334, -29.0
1574556747.306025, -29.0
1574556748.017608, -29.0
1574556748.82566, -29.0
1574556749.62472, -29.0
1574556750.445267, -29.0
1574556751.260369, -29.0
1574556752.039306, -29.0
1574556752.843178, -29.0
1574556753.610188, -29.0
1574556754.372423, -29.0
1574556755.078174, -29.0
1574556755.792653, -29.0
1574556756.486374, -29.0
1574556757.187322, -29.0
1574556757.902811, -29.0
1574556758.607259, -29.0
1574556759.317785, -29.0
1574556760.014646, -29.0
1574556760.717362, -29.0
1574556761.431152, -29.0
1574556762.11576, -29.0
1574556762.827207, -29.0
1574556763.513553, -29.0
1574556764.18543, -29.0
1574556764.876037, -29.0
1574556765.53475, -29.0
1574556766.321542, -29.0
1574556767.024654, -29.0
1574556767.758543, -29.0
1574556768.470835, -29.0
1574556769.164073, -29.0
1574556769.951377, -29.0
1574556770.668171, -29.0
1574556771.349279, -29.0
1574556772.045881, -29.0
1574556772.743932, -29.0
1574556773.444004, -29.0
1574556774.168198, -29.0
1574556774.877043, -29.0
1574556775.573074, -29.0
1574556776.26908, -29.0
1574556776.92915, -29.0
1574556777.607884, -29.0
1574556778.269215, -29.0
1574556778.98312, -29.0
1574556779.687684, -29.0
1574556780.364319, -29.0
1574556781.085035, -29.0
1574556781.78841, -29.0
1574556782.481731, -29.0
1574556783.177415, -29.0
1574556783.91234, -29.0
1574556784.579167, -29.0
1574556785.317925, -29.0
1574556786.001487, -29.0
1574556786.749055, -29.0
1574556787.444886, -29.0
1574556788.157145, -29.0
1574556788.940214, -29.0
1574556789.658294, -29.0
1574556790.381885, -29.0
1574556791.095046, -29.0
1574556791.789663, -29.0
1574556792.536854, -29.0
1574556793.258654, -29.0
1574556793.965701, -29.0
1574556794.718913, -29.0
1574556795.519255, -29.0
1574556796.225431, -29.0
1574556796.93191, -29.0
1574556797.630391, -29.0
1574556798.3281, -29.0
1574556799.06406, -29.0
1574556799.749505, -29.0
1574556800.475634, -29.0
1574556801.188447, -29.0
1574556801.879099, -29.0
1574556802.710296, -29.0
1574556803.397931, -29.0
1574556804.104441, -29.0
1574556804.798237, -29.0
1574556805.525403, -29.0
1574556806.256353, -29.0
1574556806.950805, -29.0
1574556807.70273, -29.0
1574556808.405355, -29.0
1574556809.109551, -29.0
1574556809.838763, -29.0
1574556810.550529, -29.0
1574556811.272728, -29.0
1574556812.112239, -29.0
1574556812.925828, -29.0
1574556813.632331, -29.0
1574556814.316079, -29.0
1574556815.0828, -29.0
1574556815.865527, -29.0
1574556816.653248, -29.0
1574556658.882163, -29.0
1574556659.039819, -29.0
1574556659.188545, -29.0
1574556659.343398, -29.0
1574556659.495919, -29.0
1574556659.648775, -29.0
1574556659.801561, -29.0
1574556659.952651, -29.0
1574556660.101418, -29.0
1574556660.2558, -29.0
1574556660.409065, -29.0
1574556660.558248, -29.0
1574556660.710736, -29.0
1574556660.865618, -29.0
1574556661.026756, -29.0
1574556661.180954, -29.0
1574556661.337164, -29.0
1574556661.490957, -29.0
1574556661.658882, -29.0
1574556661.815804, -29.0
1574556661.96809, -29.0
1574556662.141635, -29.0
1574556662.312747, -29.0
1574556663.036983, -29.0
1574556663.745528, -29.0
1574556664.433516, -29.0
1574556665.130141, -29.0
1574556665.842753, -29.0
1574556666.561304, -29.0
1574556667.26201, -29.0
1574556668.001325, -29.0
1574556668.660048, -29.0
1574556669.335123, -29.0
1574556670.070075, -29.0
1574556670.752743, -29.0
1574556671.4496, -29.0
1574556672.140205, -29.0
1574556672.840945, -29.0
1574556673.550749, -29.0
1574556674.242156, -29.0
1574556674.916723, -29.0
1574556675.635772, -29.0
1574556676.341913, -29.0
1574556677.065206, -29.0
1574556677.758764, -29.0
1574556678.432988, -29.0
1574556679.109154, -29.0
1574556679.873948, -29.0
1574556680.555808, -29.0
1574556681.228216, -29.0
1574556681.903116, -29.0
1574556682.633486, -29.0
1574556683.343631, -29.0
1574556684.040066, -29.0
1574556684.734444, -29.0
1574556685.42903, -29.0
1574556686.163649, -29.0
1574556686.853904, -29.0
1574556687.556205, -29.0
1574556688.232974, -29.0
1574556688.943489, -29.0
1574556689.646562, -29.0
1574556690.364196, -29.0
1574556691.068903, -29.0
1574556691.752811, -29.0
1574556692.475158, -29.0
1574556693.186206, -29.0
1574556693.87662, -29.0
1574556694.563958, -29.0
1574556695.263367, -29.0
1574556696.045585, -29.0
1574556696.829611, -29.0
1574556697.643145, -29.0
1574556698.43135, -29.0
1574556699.237494, -29.0
1574556700.074552, -29.0
1574556700.810485, -29.0
1574556701.52312, -29.0
1574556702.238387, -29.0
1574556702.951286, -29.0
1574556703.657681, -29.0
1574556704.381153, -29.0
1574556705.080671, -29.0
1574556705.755323, -29.0
1574556706.469356, -29.0
1574556707.169842, -29.0
1574556707.913416, -29.0
1574556708.649877, -29.0
1574556709.34984, -29.0
1574556710.067579, -29.0
1574556710.756476, -29.0
1574556711.442976, -29.0
1574556712.205621, -29.0
1574556713.007335, -29.0
1574556713.754863, -29.0
1574556714.513197, -29.0
1574556715.299888, -29.0
1574556716.104447, -29.0
1574556716.925916, -29.0
1574556717.719069, -29.0
1574556718.482197, -29.0
1574556719.262417, -29.0
1574556719.943544, -29.0
1574556720.654692, -29.0
1574556721.394801, -29.0
1574556722.092767, -29.0
1574556722.833644, -29.0
1574556723.585856, -29.0
1574556724.329817, -29.0
1574556724.989241, -29.0
1574556725.694827, -29.0
1574556726.365389, -29.0
1574556727.036801, -29.0
1574556727.731483, -29.0
1574556728.406146, -29.0
1574556729.129584, -29.0
1574556729.868638, -29.0
1574556730.588243, -29.0
1574556731.339319, -29.0
1574556731.986516, -29.0
1574556732.694058, -29.0
1574556733.368535, -29.0
1574556734.030752, -29.0
1574556734.721998, -29.0
1574556735.539584, -29.0
1574556736.344255, -29.0
1574556737.147167, -29.0
1574556737.956636, -29.0
1574556738.736434, -29.0
1574556739.502834, -29.0
1574556740.289881, -29.0
1574556741.093204, -29.0
1574556741.838915, -29.0
1574556742.643312, -29.0
1574556743.494342, -29.0
1574556744.270358, -29.0
1574556744.987177, -29.0
1574556745.709483, -29.0
1574556746.54527, -29.0
1574556747.352918, -29.0
1574556748.143183, -29.0
1574556748.93863, -29.0
1574556749.708142, -29.0
1574556750.506735, -29.0
1574556751.267236, -29.0
1574556751.943337, -29.0
1574556752.646924, -29.0
1574556753.357352, -29.0
1574556754.049014, -29.0
1574556754.751312, -29.0
1574556755.465989, -29.0
1574556756.156798, -29.0
1574556756.869156, -29.0
1574556757.575591, -29.0
1574556758.287037, -29.0
1574556759.01847, -29.0
1574556759.721501, -29.0
1574556760.458743, -29.0
1574556761.175154, -29.0
1574556761.858709, -29.0
1574556762.567404, -29.0
1574556763.225281, -29.0
1574556764.004995, -29.0
1574556764.707417, -29.0
1574556765.446581, -29.0
1574556766.160012, -29.0
1574556766.901944, -29.0
1574556767.626558, -29.0
1574556768.355406, -29.0
1574556769.090473, -29.0
1574556769.777762, -29.0
1574556770.470089, -29.0
1574556771.15965, -29.0
1574556771.838199, -29.0
1574556772.559633, -29.0
1574556773.265146, -29.0
1574556773.947639, -29.0
1574556774.67232, -29.0
1574556775.385389, -29.0
1574556776.086513, -29.0
1574556776.794394, -29.0
1574556777.555736, -29.0
1574556778.232248, -29.0
1574556778.937131, -29.0
1574556779.622323, -29.0
1574556780.327858, -29.0
1574556781.070246, -29.0
1574556781.748544, -29.0
1574556782.488517, -29.0
1574556783.173655, -29.0
1574556783.915826, -29.0
1574556784.613578, -29.0
1574556785.337167, -29.0
1574556786.038565, -29.0
1574556786.749587, -29.0
1574556787.452925, -29.0
1574556788.165924, -29.0
1574556788.899713, -29.0
1574556789.622573, -29.0
1574556790.340961, -29.0
1574556791.026355, -29.0
1574556791.728286, -29.0
1574556792.472731, -29.0
1574556793.185098, -29.0
1574556793.911015, -29.0
1574556794.604748, -29.0
1574556795.291326, -29.0
1574556796.022728, -29.0
1574556796.701065, -29.0
1574556797.438081, -29.0
1574556798.159019, -29.0
1574556798.843262, -29.0
1574556799.542236, -29.0
1574556800.238877, -29.0
1574556800.95934, -29.0
1574556801.661617, -29.0
1574556802.486024, -29.0
1574556803.180918, -29.0
1574556803.872205, -29.0
1574556804.567378, -29.0
1574556805.25605, -29.0
1574556805.967609, -29.0
1574556806.641035, -29.0
1574556807.340112, -29.0
1574556808.009309, -29.0
1574556808.702527, -29.0
1574556809.398982, -29.0
1574556810.092093, -29.0
1574556810.798183, -29.0
1574556811.521592, -29.0
1574556812.235732, -29.0
1574556812.933812, -29.0
1574556813.635252, -29.0
1574556814.375428, -29.0
1574556815.064173, -29.0
1574556815.786507, -29.0
1574556816.479443, -29.0
1574556817.184111, -29.0
1574556817.895226, -29.0
1574556818.572167, -29.0
1574556819.279784, -29.0
1574556819.985165, -29.0
1574556820.68009, -29.0
1574556821.34968, -29.0
1574556822.023979, -29.0
1574556822.732432, -29.0
1574556823.433737, -29.0
1574556824.150825, -29.0
1574556824.864223, -29.0
1574556825.559756, -29.0
1574556658.958949, -29.0
1574556659.102936, -29.0
1574556659.244672, -29.0
1574556659.386317, -29.0
1574556659.526517, -29.0
1574556659.667048, -29.0
1574556659.808084, -29.0
1574556659.951077, -29.0
1574556660.09257, -29.0
1574556660.234333, -29.0
1574556660.378597, -29.0
1574556660.52116, -29.0
1574556660.663023, -29.0
1574556660.80448, -29.0
1574556660.945881, -29.0
1574556661.086675, -29.0
1574556661.227611, -29.0
1574556661.37078, -29.0
1574556661.5152, -29.0
1574556661.660564, -29.0
1574556661.806394, -29.0
1574556662.637494, -29.0
1574556663.37843, -29.0
1574556664.074074, -29.0
1574556664.826249, -29.0
1574556665.603461, -29.0
1574556666.346236, -29.0
1574556667.120726, -29.0
1574556667.841722, -29.0
1574556668.584624, -29.0
1574556669.351886, -29.0
1574556670.070869, -29.0
1574556670.782465, -29.0
1574556671.498444, -29.0
1574556672.259361, -29.0
1574556673.024976, -29.0
1574556673.735175, -29.0
1574556674.452618, -29.0
1574556675.165325, -29.0
1574556675.907726, -29.0
1574556676.636461, -29.0
1574556677.383482, -29.0
1574556678.111843, -29.0
1574556678.824732, -29.0
1574556679.527249, -29.0
1574556680.302994, -29.0
1574556681.015192, -29.0
1574556681.7327, -29.0
1574556682.444885, -29.0
1574556683.19844, -29.0
1574556683.941786, -29.0
1574556684.676611, -29.0
1574556685.41001, -29.0
1574556686.142308, -29.0
1574556686.916886, -29.0
1574556687.633362, -29.0
1574556688.371656, -29.0
1574556689.080819, -29.0
1574556689.788316, -29.0
1574556690.488292, -29.0
1574556691.230333, -29.0
1574556691.971098, -29.0
1574556692.694751, -29.0
1574556693.458373, -29.0
1574556694.197774, -29.0
1574556694.917451, -29.0
1574556695.644292, -29.0
1574556696.392885, -29.0
1574556697.140761, -29.0
1574556697.893364, -29.0
1574556698.652684, -29.0
1574556699.375385, -29.0
1574556700.139936, -29.0
1574556700.9368, -29.0
1574556701.70284, -29.0
1574556702.448013, -29.0
1574556703.190613, -29.0
1574556703.931495, -29.0
1574556704.674272, -29.0
1574556705.440833, -29.0
1574556706.18124, -29.0
1574556706.902927, -29.0
1574556707.66115, -29.0
1574556708.404717, -29.0
1574556709.185926, -29.0
1574556709.969069, -29.0
1574556710.710935, -29.0
1574556711.447332, -29.0
1574556712.155455, -29.0
1574556712.861034, -29.0
1574556713.577096, -29.0
1574556714.326371, -29.0
1574556715.113627, -29.0
1574556715.917388, -29.0
1574556716.7433, -29.0
1574556717.580448, -29.0
1574556718.433209, -29.0
1574556719.269664, -29.0
1574556720.076793, -29.0
1574556720.886155, -29.0
1574556721.60604, -29.0
1574556722.43722, -29.0
1574556723.191827, -29.0
1574556723.901672, -29.0
1574556724.635904, -29.0
1574556725.386506, -29.0
1574556726.13748, -29.0
1574556726.827137, -29.0
1574556727.552666, -29.0
1574556728.235664, -29.0
1574556728.923856, -29.0
1574556729.632385, -29.0
1574556730.342749, -29.0
1574556731.095489, -29.0
1574556731.834159, -29.0
1574556732.576485, -29.0
1574556733.351283, -29.0
1574556734.012347, -29.0
1574556734.814973, -29.0
1574556735.501069, -29.0
1574556736.183234, -29.0
1574556736.893754, -29.0
1574556737.736083, -29.0
1574556738.575185, -29.0
1574556739.419408, -29.0
1574556740.261302, -29.0
1574556741.077406, -29.0
1574556741.876511, -29.0
1574556742.70297, -29.0
1574556743.552142, -29.0
1574556744.327731, -29.0
1574556745.15616, -29.0
1574556746.024735, -29.0
1574556746.823585, -29.0
1574556747.556795, -29.0
1574556748.283733, -29.0
1574556749.121683, -29.0
1574556749.935299, -29.0
1574556750.726916, -29.0
1574556751.554888, -29.0
1574556752.359356, -29.0
1574556753.17325, -29.0
1574556753.963324, -29.0
1574556754.671269, -29.0
1574556755.420882, -29.0
1574556756.18479, -29.0
1574556756.90722, -29.0
1574556757.644844, -29.0
1574556758.394812, -29.0
1574556759.108357, -29.0
1574556759.835726, -29.0
1574556760.552494, -29.0
1574556761.278093, -29.0
1574556762.111628, -29.0
1574556762.916975, -29.0
1574556763.663568, -29.0
1574556764.399415, -29.0
1574556765.10363, -29.0
1574556765.832208, -29.0
1574556766.518642, -29.0
1574556767.334706, -29.0
1574556768.062476, -29.0
1574556768.815273, -29.0
1574556769.539888, -29.0
1574556770.246402, -29.0
1574556770.988129, -29.0
1574556771.740444, -29.0
1574556772.461249, -29.0
1574556773.191463, -29.0
1574556773.916895, -29.0
1574556774.631975, -29.0
1574556775.38829, -29.0
1574556776.127279, -29.0
1574556776.853132, -29.0
1574556777.556744, -29.0
1574556778.242507, -29.0
1574556778.942388, -29.0
1574556779.639078, -29.0
1574556780.383172, -29.0
1574556781.109818, -29.0
1574556781.8084, -29.0
1574556782.568896, -29.0
1574556783.304207, -29.0
1574556784.012951, -29.0
1574556784.729538, -29.0
1574556785.492134, -29.0
1574556786.186145, -29.0
1574556786.944614, -29.0
1574556787.663978, -29.0
1574556788.427068, -29.0
1574556789.146857, -29.0
1574556789.89701, -29.0
1574556790.630102, -29.0
1574556791.382021, -29.0
1574556792.10948, -29.0
1574556792.830571, -29.0
1574556793.600816, -29.0
1574556794.359126, -29.0
1574556795.111479, -29.0
1574556795.921558, -29.0
1574556796.695998, -29.0
1574556797.463498, -29.0
1574556798.16616, -29.0
1574556798.921353, -29.0
1574556799.600154, -29.0
1574556800.339263, -29.0
1574556801.072972, -29.0
1574556801.781575, -29.0
1574556802.518698, -29.0
1574556803.229909, -29.0
1574556803.975565, -29.0
1574556804.71713, -29.0
1574556805.50167, -29.0
1574556806.19976, -29.0
1574556806.965544, -29.0
1574556807.680305, -29.0
1574556808.448434, -29.0
1574556809.205529, -29.0
1574556809.957238, -29.0
1574556810.65596, -29.0
1574556811.38196, -29.0
1574556812.12409, -29.0
1574556812.845569, -29.0
1574556813.593858, -29.0
1574556814.372225, -29.0
1574556815.110907, -29.0
1574556815.879714, -29.0
1574556816.564936, -29.0
1574556817.272436, -29.0
1574556818.084518, -29.0
1574556818.921106, -29.0
1574556819.772227, -29.0
1574556820.586022, -29.0
1574556821.42802, -29.0
1574556822.267073, -29.0
1574556823.126927, -29.0
1574556823.963407, -29.0
1574556824.803815, -29.0
1574556825.669711, -29.0
1574556826.479452, -29.0
1574556827.322473, -29.0
1574556828.17142, -29.0
1574556829.025864, -29.0
1574556829.867425, -29.0
1574556830.676273, -29.0
1574556831.503321, -29.0
1574556832.331562, -29.0
1574556833.14097, -29.0
1574556833.988177, -29.0
1574556834.768277, -29.0
1574556659.100248, -29.0
1574556659.249647, -29.0
1574556659.391389, -29.0
1574556659.532359, -29.0
1574556659.673455, -29.0
1574556659.814449, -29.0
1574556659.956217, -29.0
1574556660.105547, -29.0
1574556660.246782, -29.0
1574556660.387459, -29.0
1574556660.528525, -29.0
1574556660.670639, -29.0
1574556660.812938, -29.0
1574556660.953935, -29.0
1574556661.095027, -29.0
1574556661.236197, -29.0
1574556661.377397, -29.0
1574556661.52012, -29.0
1574556661.663946, -29.0
1574556661.81331, -29.0
1574556661.958138, -29.0
1574556662.100625, -29.0
1574556662.244751, -29.0
1574556662.39537, -29.0
1574556662.540159, -29.0
1574556662.684532, -29.0
1574556662.825543, -29.0
1574556662.966458, -29.0
1574556663.109675, -29.0
1574556663.251278, -29.0
1574556663.393481, -29.0
1574556663.545863, -29.0
1574556664.297849, -29.0
1574556665.049648, -29.0
1574556665.737342, -29.0
1574556666.484857, -29.0
1574556667.206333, -29.0
1574556667.90963, -29.0
1574556668.605898, -29.0
1574556669.299707, -29.0
1574556670.040803, -29.0
1574556670.75248, -29.0
1574556671.497283, -29.0
1574556672.225977, -29.0
1574556672.960405, -29.0
1574556673.638973, -29.0
1574556674.328357, -29.0
1574556675.012402, -29.0
1574556675.724018, -29.0
1574556676.420926, -29.0
1574556677.125867, -29.0
1574556677.822696, -29.0
1574556678.499201, -29.0
1574556679.170428, -29.0
1574556679.915164, -29.0
1574556680.589342, -29.0
1574556681.258463, -29.0
1574556681.930618, -29.0
1574556682.659164, -29.0
1574556683.363671, -29.0
1574556684.059151, -29.0
1574556684.749083, -29.0
1574556685.441629, -29.0
1574556686.177013, -29.0
1574556686.860897, -29.0
1574556687.56085, -29.0
1574556688.243486, -29.0
1574556688.935941, -29.0
1574556689.617296, -29.0
1574556690.341435, -29.0
1574556691.047421, -29.0
1574556691.739752, -29.0
1574556692.465163, -29.0
1574556693.174434, -29.0
1574556693.861556, -29.0
1574556694.555826, -29.0
1574556695.260418, -29.0
1574556695.959067, -29.0
1574556696.741997, -29.0
1574556697.5538, -29.0
1574556698.340562, -29.0
1574556699.154532, -29.0
1574556699.990931, -29.0
1574556700.722148, -29.0
1574556701.43889, -29.0
1574556702.162169, -29.0
1574556702.864763, -29.0
1574556703.577057, -29.0
1574556704.303027, -29.0
1574556705.006011, -29.0
1574556705.676374, -29.0
1574556706.3851, -29.0
1574556707.094269, -29.0
1574556707.83554, -29.0
1574556708.574548, -29.0
1574556709.27374, -29.0
1574556709.990394, -29.0
1574556710.6782, -29.0
1574556711.458741, -29.0
1574556712.136637, -29.0
1574556712.951806, -29.0
1574556713.701452, -29.0
1574556714.466949, -29.0
1574556715.25243, -29.0
1574556716.069773, -29.0
1574556716.888076, -29.0
1574556717.678148, -29.0
1574556718.443876, -29.0
1574556719.222167, -29.0
1574556719.90739, -29.0
1574556720.633622, -29.0
1574556721.45634, -29.0
1574556722.162036, -29.0
1574556722.869138, -29.0
1574556723.595947, -29.0
1574556724.318042, -29.0
1574556724.994396, -29.0
1574556725.706378, -29.0
1574556726.372172, -29.0
1574556727.041848, -29.0
1574556727.737398, -29.0
1574556728.430375, -29.0
1574556729.148652, -29.0
1574556729.864838, -29.0
1574556730.589877, -29.0
1574556731.347173, -29.0
1574556732.017546, -29.0
1574556732.725086, -29.0
1574556733.394271, -29.0
1574556734.054184, -29.0
1574556734.826398, -29.0
1574556735.64182, -29.0
1574556736.448233, -29.0
1574556737.25714, -29.0
1574556738.066748, -29.0
1574556738.854867, -29.0
1574556739.612006, -29.0
1574556740.402244, -29.0
1574556741.204861, -29.0
1574556741.94917, -29.0
1574556742.742976, -29.0
1574556743.594241, -29.0
1574556744.372813, -29.0
1574556745.098123, -29.0
1574556745.800235, -29.0
1574556746.603365, -29.0
1574556747.389853, -29.0
1574556748.165754, -29.0
1574556748.959644, -29.0
1574556749.728172, -29.0
1574556750.527269, -29.0
1574556751.289941, -29.0
1574556752.043086, -29.0
1574556752.846396, -29.0
1574556753.576436, -29.0
1574556754.286894, -29.0
1574556755.003343, -29.0
1574556755.720032, -29.0
1574556756.414649, -29.0
1574556757.119528, -29.0
1574556757.822548, -29.0
1574556758.524618, -29.0
1574556759.232817, -29.0
1574556759.921143, -29.0
1574556760.630121, -29.0
1574556761.320476, -29.0
1574556761.987186, -29.0
1574556762.680158, -29.0
1574556763.335174, -29.0
1574556764.115688, -29.0
1574556764.829517, -29.0
1574556765.565255, -29.0
1574556766.248309, -29.0
1574556766.964549, -29.0
1574556767.643353, -29.0
1574556768.362453, -29.0
1574556769.151343, -29.0
1574556769.931696, -29.0
1574556770.638293, -29.0
1574556771.329504, -29.0
1574556772.038612, -29.0
1574556772.737306, -29.0
1574556773.440938, -29.0
1574556774.132429, -29.0
1574556774.797716, -29.0
1574556775.478344, -29.0
1574556776.225761, -29.0
1574556776.935466, -29.0
1574556777.64118, -29.0
1574556778.310197, -29.0
1574556779.033006, -29.0
1574556779.735344, -29.0
1574556780.426772, -29.0
1574556781.20417, -29.0
1574556781.934637, -29.0
1574556782.602713, -29.0
1574556783.33078, -29.0
1574556784.007574, -29.0
1574556784.751804, -29.0
1574556785.44532, -29.0
1574556786.166841, -29.0
1574556786.859726, -29.0
1574556787.569818, -29.0
1574556788.276677, -29.0
1574556788.990463, -29.0
1574556789.71625, -29.0
1574556790.433176, -29.0
1574556791.153995, -29.0
1574556791.827715, -29.0
1574556792.55626, -29.0
1574556793.284713, -29.0
1574556793.997014, -29.0
1574556794.716883, -29.0
1574556795.408338, -29.0
1574556796.092496, -29.0
1574556796.824063, -29.0
1574556797.506221, -29.0
1574556798.224704, -29.0
1574556798.935137, -29.0
1574556799.62003, -29.0
1574556800.311496, -29.0
1574556800.985425, -29.0
1574556801.697132, -29.0
1574556802.416801, -29.0
1574556803.155718, -29.0
1574556803.869701, -29.0
1574556804.562357, -29.0
1574556805.251446, -29.0
1574556805.938624, -29.0
1574556806.659145, -29.0
1574556807.345241, -29.0
1574556808.047369, -29.0
1574556808.717483, -29.0
1574556809.414702, -29.0
1574556810.107117, -29.0
1574556810.807028, -29.0
1574556811.512468, -29.0
1574556812.244439, -29.0
1574556812.960589, -29.0
1574556813.665194, -29.0
1574556814.366154, -29.0
1574556815.103414, -29.0
1574556815.799957, -29.0
1574556816.516021, -29.0
1574556817.216251, -29.0
1574556817.906748, -29.0
1574556818.601117, -29.0
1574556819.26865, -29.0
1574556819.979751, -29.0
1574556820.682533, -29.0
1574556817.46165, -29.0
1574556818.180385, -29.0
1574556818.324334, -29.0
1574556819.010209, -29.0
1574556819.693272, -29.0
1574556820.419265, -29.0
1574556821.113266, -29.0
1574556821.801323, -29.0
1574556822.521891, -29.0
1574556823.177313, -29.0
1574556823.887356, -29.0
1574556824.57092, -29.0
1574556825.256981, -29.0
1574556825.953858, -29.0
1574556826.638727, -29.0
1574556827.339768, -29.0
1574556828.035169, -29.0
1574556828.717301, -29.0
1574556829.431391, -29.0
1574556830.08384, -29.0
1574556830.768774, -29.0
1574556831.467769, -29.0
1574556832.15381, -29.0
1574556832.853274, -29.0
1574556833.587795, -29.0
1574556834.305358, -29.0
1574556834.98966, -29.0
1574556835.673685, -29.0
1574556836.389113, -29.0
1574556837.091524, -29.0
1574556837.806149, -29.0
1574556838.524562, -29.0
1574556839.236089, -29.0
1574556839.900478, -29.0
1574556840.587769, -29.0
1574556841.264544, -29.0
1574556841.935205, -29.0
1574556842.65205, -29.0
1574556843.365479, -29.0
1574556844.055014, -29.0
1574556844.707885, -29.0
1574556845.394347, -29.0
1574556846.18787, -29.0
1574556846.907476, -29.0
1574556847.585983, -29.0
1574556848.296818, -29.0
1574556849.094399, -29.0
1574556849.850794, -29.0
1574556850.642988, -29.0
1574556851.407272, -29.0
1574556852.20007, -29.0
1574556853.019344, -29.0
1574556853.781998, -29.0
1574556854.57855, -29.0
1574556855.366878, -29.0
1574556856.191026, -29.0
1574556856.979868, -29.0
1574556857.670541, -29.0
1574556858.371478, -29.0
1574556859.065127, -29.0
1574556859.746093, -29.0
1574556860.415416, -29.0
1574556861.127352, -29.0
1574556861.825645, -29.0
1574556862.535747, -29.0
1574556863.240023, -29.0
1574556863.990598, -29.0
1574556864.694299, -29.0
1574556865.410842, -29.0
1574556866.142856, -29.0
1574556866.830195, -29.0
1574556867.523893, -29.0
1574556868.216704, -29.0
1574556868.930288, -29.0
1574556869.625945, -29.0
1574556870.35865, -29.0
1574556871.073057, -29.0
1574556871.792821, -29.0
1574556872.520512, -29.0
1574556873.235074, -29.0
1574556873.939107, -29.0
1574556874.653284, -29.0
1574556875.356888, -29.0
1574556876.0299, -29.0
1574556876.723032, -29.0
1574556877.406827, -29.0
1574556878.128161, -29.0
1574556878.839054, -29.0
1574556879.539333, -29.0
1574556880.240124, -29.0
1574556880.973051, -29.0
1574556881.676616, -29.0
1574556882.385124, -29.0
1574556883.082059, -29.0
1574556883.802161, -29.0
1574556884.515776, -29.0
1574556885.208898, -29.0
1574556885.905007, -29.0
1574556886.608799, -29.0
1574556887.348177, -29.0
1574556888.045491, -29.0
1574556888.72889, -29.0
1574556889.425086, -29.0
1574556890.116845, -29.0
1574556890.769157, -29.0
1574556891.480809, -29.0
1574556892.178085, -29.0
1574556892.898212, -29.0
1574556893.70416, -29.0
1574556894.432178, -29.0
1574556895.233467, -29.0
1574556896.022317, -29.0
1574556896.82265, -29.0
1574556897.572435, -29.0
1574556898.335194, -29.0
1574556899.04952, -29.0
1574556899.761787, -29.0
1574556900.441812, -29.0
1574556901.235109, -29.0
1574556901.927896, -29.0
1574556902.727578, -29.0
1574556903.599959, -29.0
1574556904.434276, -29.0
1574556905.234541, -29.0
1574556906.030116, -29.0
1574556906.828755, -29.0
1574556907.629079, -29.0
1574556908.427067, -29.0
1574556909.209846, -29.0
1574556909.980495, -29.0
1574556910.680129, -29.0
1574556911.369442, -29.0
1574556912.11097, -29.0
1574556912.841871, -29.0
1574556913.546254, -29.0
1574556914.271705, -29.0
1574556914.982732, -29.0
1574556915.682199, -29.0
1574556916.406714, -29.0
1574556917.117461, -29.0
1574556917.894016, -29.0
1574556918.632834, -29.0
1574556919.323346, -29.0
1574556920.053143, -29.0
1574556920.787295, -29.0
1574556921.49635, -29.0
1574556922.180037, -29.0
1574556922.90533, -29.0
1574556923.627561, -29.0
1574556924.341501, -29.0
1574556925.030123, -29.0
1574556925.745863, -29.0
1574556926.460203, -29.0
1574556927.187783, -29.0
1574556927.920455, -29.0
1574556928.608944, -29.0
1574556929.305112, -29.0
1574556929.987309, -29.0
1574556930.761139, -29.0
1574556931.427787, -29.0
1574556932.112703, -29.0
1574556932.833397, -29.0
1574556933.552596, -29.0
1574556934.283818, -29.0
1574556934.968033, -29.0
1574556935.679293, -29.0
1574556936.398044, -29.0
1574556937.128192, -29.0
1574556937.869959, -29.0
1574556938.59111, -29.0
1574556939.280411, -29.0
1574556939.996107, -29.0
1574556940.707215, -29.0
1574556941.391692, -29.0
1574556942.082143, -29.0
1574556942.797631, -29.0
1574556943.517022, -29.0
1574556944.224625, -29.0
1574556944.931433, -29.0
1574556945.617627, -29.0
1574556946.311026, -29.0
1574556947.005029, -29.0
1574556947.700067, -29.0
1574556948.354034, -29.0
1574556949.083318, -29.0
1574556949.787647, -29.0
1574556950.520006, -29.0
1574556951.223498, -29.0
1574556951.912282, -29.0
1574556952.606593, -29.0
1574556953.331399, -29.0
1574556954.007929, -29.0
1574556954.725753, -29.0
1574556955.427323, -29.0
1574556956.180481, -29.0
1574556956.890303, -29.0
1574556957.587701, -29.0
1574556958.316887, -29.0
1574556959.02342, -29.0
1574556959.736875, -29.0
1574556960.445311, -29.0
1574556961.12595, -29.0
1574556961.850745, -29.0
1574556962.58496, -29.0
1574556963.254603, -29.0
1574556963.948278, -29.0
1574556964.630661, -29.0
1574556965.327558, -29.0
1574556966.014205, -29.0
1574556966.729511, -29.0
1574556967.42998, -29.0
1574556968.101276, -29.0
1574556968.795692, -29.0
1574556969.537204, -29.0
1574556970.282256, -29.0
1574556970.970417, -29.0
1574556971.674171, -29.0
1574556972.415846, -29.0
1574556973.096242, -29.0
1574556973.805962, -29.0
1574556974.518554, -29.0
1574556975.189866, -29.0
1574556975.898865, -29.0
1574556976.596511, -29.0
1574556977.303207, -29.0
1574556977.969113, -29.0
1574556978.696036, -29.0
1574556979.41927, -29.0
1574556980.144003, -29.0
1574556980.870237, -29.0
1574556981.591636, -29.0
1574556982.330163, -29.0
1574556983.037023, -29.0
1574556983.718934, -29.0
1574556984.489215, -29.0
1574556985.221612, -29.0
1574556985.90859, -29.0
1574556986.620319, -29.0
1574556987.372159, -29.0
1574556988.069567, -29.0
1574556988.793629, -29.0
1574556989.490378, -29.0
1574556990.152694, -29.0
1574556990.899733, -29.0
1574556991.633308, -29.0
1574556992.309604, -29.0
1574556993.033751, -29.0
1574556993.777658, -29.0
1574556994.500524, -29.0
1574556995.240317, -29.0
1574556820.978177, -29.0
1574556821.125514, -29.0
1574556821.273135, -29.0
1574556821.995398, -29.0
1574556822.70013, -29.0
1574556823.390698, -29.0
1574556824.110108, -29.0
1574556824.826965, -29.0
1574556825.541479, -29.0
1574556826.266489, -29.0
1574556826.99048, -29.0
1574556827.708859, -29.0
1574556828.406992, -29.0
1574556829.101348, -29.0
1574556829.819839, -29.0
1574556830.529326, -29.0
1574556831.232997, -29.0
1574556831.97281, -29.0
1574556832.704772, -29.0
1574556833.408723, -29.0
1574556834.125141, -29.0
1574556834.839946, -29.0
1574556835.585258, -29.0
1574556836.303088, -29.0
1574556837.011323, -29.0
1574556837.671348, -29.0
1574556838.361759, -29.0
1574556839.047523, -29.0
1574556839.719328, -29.0
1574556840.435382, -29.0
1574556841.147095, -29.0
1574556841.842606, -29.0
1574556842.509373, -29.0
1574556843.200318, -29.0
1574556843.936852, -29.0
1574556844.663046, -29.0
1574556845.345996, -29.0
1574556846.061285, -29.0
1574556846.777783, -29.0
1574556847.477389, -29.0
1574556848.178451, -29.0
1574556848.845013, -29.0
1574556849.523119, -29.0
1574556850.238156, -29.0
1574556850.913296, -29.0
1574556851.630975, -29.0
1574556852.334019, -29.0
1574556853.065964, -29.0
1574556853.76845, -29.0
1574556854.462778, -29.0
1574556855.177216, -29.0
1574556855.850326, -29.0
1574556856.535248, -29.0
1574556857.203572, -29.0
1574556858.022555, -29.0
1574556858.725461, -29.0
1574556859.437552, -29.0
1574556860.12776, -29.0
1574556860.884036, -29.0
1574556861.586608, -29.0
1574556862.295793, -29.0
1574556863.018507, -29.0
1574556863.704454, -29.0
1574556864.399437, -29.0
1574556865.074344, -29.0
1574556865.787881, -29.0
1574556866.475961, -29.0
1574556867.209697, -29.0
1574556867.926634, -29.0
1574556868.688926, -29.0
1574556869.417732, -29.0
1574556870.140224, -29.0
1574556870.845249, -29.0
1574556871.55248, -29.0
1574556872.255811, -29.0
1574556872.931196, -29.0
1574556873.623913, -29.0
1574556874.312479, -29.0
1574556875.031239, -29.0
1574556875.747849, -29.0
1574556876.450173, -29.0
1574556877.139182, -29.0
1574556877.854471, -29.0
1574556878.556153, -29.0
1574556879.280853, -29.0
1574556879.986383, -29.0
1574556880.704792, -29.0
1574556881.422861, -29.0
1574556882.108745, -29.0
1574556882.798726, -29.0
1574556883.492533, -29.0
1574556884.155357, -29.0
1574556884.844039, -29.0
1574556885.580482, -29.0
1574556886.300288, -29.0
1574556886.992576, -29.0
1574556887.652006, -29.0
1574556888.365074, -29.0
1574556889.084863, -29.0
1574556889.808784, -29.0
1574556890.528575, -29.0
1574556891.279411, -29.0
1574556891.99852, -29.0
1574556892.697829, -29.0
1574556893.408434, -29.0
1574556894.088666, -29.0
1574556894.783304, -29.0
1574556895.504557, -29.0
1574556896.215788, -29.0
1574556896.890187, -29.0
1574556897.602156, -29.0
1574556898.281088, -29.0
1574556899.003433, -29.0
1574556899.796272, -29.0
1574556900.515834, -29.0
1574556901.294642, -29.0
1574556902.097023, -29.0
1574556902.896342, -29.0
1574556903.688695, -29.0
1574556904.487032, -29.0
1574556905.193153, -29.0
1574556905.905659, -29.0
1574556906.632004, -29.0
1574556907.333711, -29.0
1574556908.055986, -29.0
1574556908.776956, -29.0
1574556909.486456, -29.0
1574556910.184651, -29.0
1574556910.894527, -29.0
1574556911.589124, -29.0
1574556912.314911, -29.0
1574556913.044545, -29.0
1574556913.73319, -29.0
1574556914.451639, -29.0
1574556915.144378, -29.0
1574556915.863589, -29.0
1574556916.583646, -29.0
1574556917.288458, -29.0
1574556917.967202, -29.0
1574556918.678565, -29.0
1574556919.39249, -29.0
1574556920.102777, -29.0
1574556920.784853, -29.0
1574556921.503426, -29.0
1574556922.213896, -29.0
1574556922.921294, -29.0
1574556923.64354, -29.0
1574556924.327213, -29.0
1574556925.023273, -29.0
1574556925.705417, -29.0
1574556926.482032, -29.0
1574556927.141932, -29.0
1574556927.842806, -29.0
1574556928.563998, -29.0
1574556929.285163, -29.0
1574556930.014576, -29.0
1574556930.703157, -29.0
1574556931.411491, -29.0
1574556932.121207, -29.0
1574556932.842042, -29.0
1574556933.576081, -29.0
1574556934.28824, -29.0
1574556934.964427, -29.0
1574556935.681135, -29.0
1574556936.388998, -29.0
1574556937.072572, -29.0
1574556937.766677, -29.0
1574556938.473472, -29.0
1574556939.196018, -29.0
1574556939.901466, -29.0
1574556940.617126, -29.0
1574556941.308972, -29.0
1574556942.00723, -29.0
1574556942.695936, -29.0
1574556943.409204, -29.0
1574556944.059471, -29.0
1574556944.786751, -29.0
1574556945.490502, -29.0
1574556946.21652, -29.0
1574556946.928807, -29.0
1574556947.618024, -29.0
1574556948.318869, -29.0
1574556949.046582, -29.0
1574556949.726485, -29.0
1574556950.456391, -29.0
1574556951.157525, -29.0
1574556951.901239, -29.0
1574556952.61128, -29.0
1574556953.313425, -29.0
1574556954.039374, -29.0
1574556954.744207, -29.0
1574556955.458569, -29.0
1574556956.170141, -29.0
1574556956.858381, -29.0
1574556957.588989, -29.0
1574556958.313977, -29.0
1574556958.980067, -29.0
1574556959.693418, -29.0
1574556960.395095, -29.0
1574556961.094288, -29.0
1574556961.777303, -29.0
1574556962.493861, -29.0
1574556963.192928, -29.0
1574556963.861455, -29.0
1574556964.563605, -29.0
1574556965.287357, -29.0
1574556966.020747, -29.0
1574556966.709314, -29.0
1574556967.410133, -29.0
1574556968.167021, -29.0
1574556968.857744, -29.0
1574556969.573504, -29.0
1574556970.293087, -29.0
1574556970.969902, -29.0
1574556971.678004, -29.0
1574556972.383184, -29.0
1574556973.087933, -29.0
1574556973.759288, -29.0
1574556974.484511, -29.0
1574556975.217783, -29.0
1574556975.943709, -29.0
1574556976.669479, -29.0
1574556977.380974, -29.0
1574556978.111719, -29.0
1574556978.811992, -29.0
1574556979.481458, -29.0
1574556980.228454, -29.0
1574556980.944957, -29.0
1574556981.618901, -29.0
1574556982.328983, -29.0
1574556983.070747, -29.0
1574556983.749373, -29.0
1574556984.465564, -29.0
1574556985.151583, -29.0
1574556985.824232, -29.0
1574556986.571798, -29.0
1574556987.296975, -29.0
1574556987.975287, -29.0
1574556988.706924, -29.0
1574556989.441392, -29.0
1574556990.175831, -29.0
1574556990.909973, -29.0
1574556991.584502, -29.0
1574556992.312212, -29.0
1574556993.02902, -29.0
1574556993.7855, -29.0
1574556994.477265, -29.0
1574556995.198862, -29.0
1574556995.915735, -29.0
1574556996.628719, -29.0
1574556825.863276, -29.0
1574556826.00587, -29.0
1574556826.148071, -29.0
1574556826.291259, -29.0
1574556826.434466, -29.0
1574556826.575709, -29.0
1574556826.716154, -29.0
1574556826.857355, -29.0
1574556826.998064, -29.0
1574556827.140494, -29.0
1574556827.282751, -29.0
1574556827.42725, -29.0
1574556827.571438, -29.0
1574556827.73112, -29.0
1574556827.880567, -29.0
1574556828.664119, -29.0
1574556828.812287, -29.0
1574556828.964785, -29.0
1574556829.113251, -29.0
1574556829.262579, -29.0
1574556829.425472, -29.0
1574556830.156213, -29.0
1574556830.857344, -29.0
1574556831.557328, -29.0
1574556832.26523, -29.0
1574556832.971372, -29.0
1574556833.669458, -29.0
1574556834.43965, -29.0
1574556835.194587, -29.0
1574556835.90385, -29.0
1574556836.555994, -29.0
1574556837.27452, -29.0
1574556837.9938, -29.0
1574556838.689245, -29.0
1574556839.403886, -29.0
1574556840.084024, -29.0
1574556840.7626, -29.0
1574556841.456318, -29.0
1574556842.165686, -29.0
1574556842.89308, -29.0
1574556843.61149, -29.0
1574556844.325673, -29.0
1574556845.04408, -29.0
1574556845.769091, -29.0
1574556846.498123, -29.0
1574556847.215325, -29.0
1574556847.948016, -29.0
1574556848.649753, -29.0
1574556849.330641, -29.0
1574556850.013561, -29.0
1574556850.752143, -29.0
1574556851.447844, -29.0
1574556852.183651, -29.0
1574556852.914631, -29.0
1574556853.633614, -29.0
1574556854.321432, -29.0
1574556855.038434, -29.0
1574556855.705181, -29.0
1574556856.509756, -29.0
1574556857.246838, -29.0
1574556857.945634, -29.0
1574556858.681358, -29.0
1574556859.415542, -29.0
1574556860.102704, -29.0
1574556860.813836, -29.0
1574556861.510365, -29.0
1574556862.23309, -29.0
1574556862.954336, -29.0
1574556863.69278, -29.0
1574556864.409811, -29.0
1574556865.124426, -29.0
1574556865.851904, -29.0
1574556866.547009, -29.0
1574556867.284733, -29.0
1574556867.983772, -29.0
1574556868.674836, -29.0
1574556869.363108, -29.0
1574556870.087437, -29.0
1574556870.799625, -29.0
1574556871.517325, -29.0
1574556872.233404, -29.0
1574556872.917353, -29.0
1574556873.617383, -29.0
1574556874.311188, -29.0
1574556875.036184, -29.0
1574556875.753453, -29.0
1574556876.459354, -29.0
1574556877.168931, -29.0
1574556877.879983, -29.0
1574556878.582045, -29.0
1574556879.285572, -29.0
1574556879.993145, -29.0
1574556880.725246, -29.0
1574556881.449924, -29.0
1574556882.14708, -29.0
1574556882.848248, -29.0
1574556883.546979, -29.0
1574556884.222932, -29.0
1574556884.912736, -29.0
1574556885.601443, -29.0
1574556886.309442, -29.0
1574556887.012759, -29.0
1574556887.669466, -29.0
1574556888.384539, -29.0
1574556889.089073, -29.0
1574556889.83371, -29.0
1574556890.571141, -29.0
1574556891.315725, -29.0
1574556892.038592, -29.0
1574556892.748984, -29.0
1574556893.475367, -29.0
1574556894.146143, -29.0
1574556894.830004, -29.0
1574556895.549969, -29.0
1574556896.275673, -29.0
1574556896.954799, -29.0
1574556897.667585, -29.0
1574556898.345952, -29.0
1574556899.057434, -29.0
1574556899.853814, -29.0
1574556900.661026, -29.0
1574556901.440465, -29.0
1574556902.243282, -29.0
1574556903.040829, -29.0
1574556903.841679, -29.0
1574556904.650867, -29.0
1574556905.362742, -29.0
1574556906.056859, -29.0
1574556906.776523, -29.0
1574556907.472504, -29.0
1574556908.214084, -29.0
1574556908.938966, -29.0
1574556909.641955, -29.0
1574556910.353761, -29.0
1574556911.066823, -29.0
1574556911.769037, -29.0
1574556912.493916, -29.0
1574556913.202645, -29.0
1574556913.98857, -29.0
1574556914.709276, -29.0
1574556915.389382, -29.0
1574556916.111186, -29.0
1574556916.85311, -29.0
1574556917.569074, -29.0
1574556918.257075, -29.0
1574556918.980553, -29.0
1574556919.704577, -29.0
1574556920.424966, -29.0
1574556921.110673, -29.0
1574556921.83199, -29.0
1574556922.540294, -29.0
1574556923.266931, -29.0
1574556923.994462, -29.0
1574556924.685722, -29.0
1574556925.380853, -29.0
1574556926.062794, -29.0
1574556926.825818, -29.0
1574556927.496728, -29.0
1574556928.200027, -29.0
1574556928.93684, -29.0
1574556929.673133, -29.0
1574556930.409831, -29.0
1574556931.103527, -29.0
1574556931.812773, -29.0
1574556932.534559, -29.0
1574556933.271051, -29.0
1574556934.027838, -29.0
1574556934.75076, -29.0
1574556935.435394, -29.0
1574556936.15742, -29.0
1574556936.872335, -29.0
1574556937.557399, -29.0
1574556938.25718, -29.0
1574556938.980842, -29.0
1574556939.710866, -29.0
1574556940.426293, -29.0
1574556941.141674, -29.0
1574556941.841357, -29.0
1574556942.549959, -29.0
1574556943.241956, -29.0
1574556943.938767, -29.0
1574556944.588335, -29.0
1574556945.316678, -29.0
1574556946.023358, -29.0
1574556946.757352, -29.0
1574556947.460926, -29.0
1574556948.157417, -29.0
1574556948.875357, -29.0
1574556949.62283, -29.0
1574556950.335183, -29.0
1574556951.08596, -29.0
1574556951.818767, -29.0
1574556952.569784, -29.0
1574556953.282105, -29.0
1574556953.985812, -29.0
1574556954.730323, -29.0
1574556955.444007, -29.0
1574556956.158366, -29.0
1574556956.879269, -29.0
1574556957.563307, -29.0
1574556958.318667, -29.0
1574556959.060965, -29.0
1574556959.73372, -29.0
1574556960.442085, -29.0
1574556961.129007, -29.0
1574556961.829546, -29.0
1574556962.517266, -29.0
1574556963.241098, -29.0
1574556963.955827, -29.0
1574556964.628351, -29.0
1574556965.324253, -29.0
1574556966.054942, -29.0
1574556966.794099, -29.0
1574556967.474153, -29.0
1574556968.171482, -29.0
1574556968.91781, -29.0
1574556969.606532, -29.0
1574556970.322711, -29.0
1574556971.039827, -29.0
1574556971.717975, -29.0
1574556972.431106, -29.0
1574556973.132673, -29.0
1574556973.834522, -29.0
1574556974.50727, -29.0
1574556975.230647, -29.0
1574556975.966221, -29.0
1574556976.695631, -29.0
1574556977.415956, -29.0
1574556978.128971, -29.0
1574556978.86002, -29.0
1574556979.562191, -29.0
1574556980.236726, -29.0
1574556980.995974, -29.0
1574556981.712559, -29.0
1574556982.389191, -29.0
1574556983.085715, -29.0
1574556983.831854, -29.0
1574556984.504265, -29.0
1574556985.214182, -29.0
1574556985.898517, -29.0
1574556986.563867, -29.0
1574556987.303891, -29.0
1574556988.039357, -29.0
1574556988.727246, -29.0
1574556989.456023, -29.0
1574556990.184775, -29.0
1574556990.927708, -29.0
1574556991.670401, -29.0
1574556992.342367, -29.0
1574556993.053333, -29.0
1574556835.070344, -29.0
1574556835.220241, -29.0
1574556835.366612, -29.0
1574556835.511764, -29.0
1574556835.665484, -29.0
1574556835.820714, -29.0
1574556835.979772, -29.0
1574556836.130414, -29.0
1574556836.282591, -29.0
1574556836.451023, -29.0
1574556836.623543, -29.0
1574556836.777134, -29.0
1574556836.931662, -29.0
1574556837.093842, -29.0
1574556837.245396, -29.0
1574556837.402722, -29.0
1574556837.554918, -29.0
1574556837.718085, -29.0
1574556837.875174, -29.0
1574556838.042065, -29.0
1574556838.852365, -29.0
1574556839.621168, -29.0
1574556840.400321, -29.0
1574556841.130681, -29.0
1574556841.854518, -29.0
1574556842.606668, -29.0
1574556843.330795, -29.0
1574556844.058929, -29.0
1574556844.785616, -29.0
1574556845.498116, -29.0
1574556846.31069, -29.0
1574556847.039729, -29.0
1574556847.80157, -29.0
1574556848.560632, -29.0
1574556849.316628, -29.0
1574556850.034184, -29.0
1574556850.741383, -29.0
1574556851.507204, -29.0
1574556852.245262, -29.0
1574556852.983125, -29.0
1574556853.702192, -29.0
1574556854.404704, -29.0
1574556855.147751, -29.0
1574556855.997911, -29.0
1574556856.796193, -29.0
1574556857.617761, -29.0
1574556858.399908, -29.0
1574556859.187777, -29.0
1574556860.021437, -29.0
1574556860.821372, -29.0
1574556861.698558, -29.0
1574556862.528551, -29.0
1574556863.371323, -29.0
1574556864.184723, -29.0
1574556864.893521, -29.0
1574556865.622225, -29.0
1574556866.333088, -29.0
1574556867.057715, -29.0
1574556867.770026, -29.0
1574556868.509198, -29.0
1574556869.241883, -29.0
1574556870.003271, -29.0
1574556870.745968, -29.0
1574556871.565998, -29.0
1574556872.298762, -29.0
1574556873.040861, -29.0
1574556873.809352, -29.0
1574556874.532651, -29.0
1574556875.264016, -29.0
1574556875.975045, -29.0
1574556876.730265, -29.0
1574556877.464273, -29.0
1574556878.23611, -29.0
1574556878.974877, -29.0
1574556879.722681, -29.0
1574556880.461572, -29.0
1574556881.199851, -29.0
1574556881.949508, -29.0
1574556882.703621, -29.0
1574556883.45858, -29.0
1574556884.178905, -29.0
1574556884.905406, -29.0
1574556885.607895, -29.0
1574556886.344621, -29.0
1574556887.091677, -29.0
1574556887.826665, -29.0
1574556888.551837, -29.0
1574556889.281349, -29.0
1574556890.001411, -29.0
1574556890.723524, -29.0
1574556891.445918, -29.0
1574556892.194197, -29.0
1574556892.9549, -29.0
1574556893.670196, -29.0
1574556894.389328, -29.0
1574556895.115725, -29.0
1574556895.814126, -29.0
1574556896.544111, -29.0
1574556897.277006, -29.0
1574556898.019528, -29.0
1574556898.736317, -29.0
1574556899.42178, -29.0
1574556900.187352, -29.0
1574556900.943218, -29.0
1574556901.705026, -29.0
1574556902.484871, -29.0
1574556903.264758, -29.0
1574556904.013296, -29.0
1574556904.730754, -29.0
1574556905.468545, -29.0
1574556906.156777, -29.0
1574556906.868557, -29.0
1574556907.617482, -29.0
1574556908.343485, -29.0
1574556909.06456, -29.0
1574556909.835474, -29.0
1574556910.566642, -29.0
1574556911.411687, -29.0
1574556912.227768, -29.0
1574556913.070905, -29.0
1574556913.882535, -29.0
1574556914.69565, -29.0
1574556915.531388, -29.0
1574556916.36558, -29.0
1574556917.222234, -29.0
1574556917.961216, -29.0
1574556918.668364, -29.0
1574556919.387994, -29.0
1574556920.112685, -29.0
1574556920.867252, -29.0
1574556921.617244, -29.0
1574556922.360546, -29.0
1574556923.082163, -29.0
1574556923.828401, -29.0
1574556924.563074, -29.0
1574556925.321887, -29.0
1574556926.072734, -29.0
1574556926.867803, -29.0
1574556927.605903, -29.0
1574556928.307625, -29.0
1574556929.043263, -29.0
1574556929.786939, -29.0
1574556930.534076, -29.0
1574556931.258936, -29.0
1574556932.007867, -29.0
1574556932.753731, -29.0
1574556933.491531, -29.0
1574556934.19601, -29.0
1574556934.950306, -29.0
1574556935.682751, -29.0
1574556936.428292, -29.0
1574556937.193589, -29.0
1574556937.921065, -29.0
1574556938.658735, -29.0
1574556939.380018, -29.0
1574556940.195946, -29.0
1574556940.909329, -29.0
1574556941.635756, -29.0
1574556942.399618, -29.0
1574556943.163011, -29.0
1574556943.944972, -29.0
1574556944.683727, -29.0
1574556945.445745, -29.0
1574556946.200621, -29.0
1574556946.964315, -29.0
1574556947.745085, -29.0
1574556948.503736, -29.0
1574556949.209298, -29.0
1574556949.951416, -29.0
1574556950.685494, -29.0
1574556951.39028, -29.0
1574556952.109072, -29.0
1574556952.846312, -29.0
1574556953.597291, -29.0
1574556954.331993, -29.0
1574556955.061673, -29.0
1574556955.792386, -29.0
1574556956.521797, -29.0
1574556957.255063, -29.0
1574556957.98368, -29.0
1574556958.649411, -29.0
1574556959.398146, -29.0
1574556960.128864, -29.0
1574556960.892627, -29.0
1574556961.638982, -29.0
1574556962.373104, -29.0
1574556963.112332, -29.0
1574556963.890249, -29.0
1574556964.60175, -29.0
1574556965.360749, -29.0
1574556966.088342, -29.0
1574556966.861751, -29.0
1574556967.605664, -29.0
1574556968.343555, -29.0
1574556969.111169, -29.0
1574556969.843597, -29.0
1574556970.590677, -29.0
1574556971.331489, -29.0
1574556972.052546, -29.0
1574556972.820283, -29.0
1574556973.588649, -29.0
1574556974.296288, -29.0
1574556975.018662, -29.0
1574556975.742319, -29.0
1574556976.483938, -29.0
1574556977.21509, -29.0
1574556977.974851, -29.0
1574556978.69835, -29.0
1574556979.398207, -29.0
1574556980.143172, -29.0
1574556980.889971, -29.0
1574556981.652742, -29.0
1574556982.34868, -29.0
1574556983.081567, -29.0
1574556983.83582, -29.0
1574556984.549435, -29.0
1574556985.281239, -29.0
1574556986.018156, -29.0
1574556986.722939, -29.0
1574556987.460334, -29.0
1574556988.188043, -29.0
1574556988.910174, -29.0
1574556989.595378, -29.0
1574556990.340936, -29.0
1574556991.101877, -29.0
1574556991.879115, -29.0
1574556992.626829, -29.0
1574556993.356842, -29.0
1574556994.075834, -29.0
1574556994.835668, -29.0
1574556995.590157, -29.0
1574556996.372051, -29.0
1574556997.126111, -29.0
1574556997.847141, -29.0
1574556998.577635, -29.0
1574556999.361049, -29.0
1574557000.057864, -29.0
1574557000.807009, -29.0
1574557001.530358, -29.0
1574557002.241047, -29.0
1574557003.004444, -29.0
1574557003.775351, -29.0
1574557004.584924, -29.0
1574557005.348217, -29.0
1574557006.116581, -29.0
1574557006.893903, -29.0
1574557007.674035, -29.0
1574557008.384285, -29.0
1574557009.14143, -29.0
1574557009.887125, -29.0
1574556994.02829, -29.0
1574556994.17968, -29.0
1574556994.324115, -29.0
1574556994.47674, -29.0
1574556994.631179, -29.0
1574556994.788237, -29.0
1574556994.946429, -29.0
1574556995.104105, -29.0
1574556995.261992, -29.0
1574556995.420053, -29.0
1574556995.570034, -29.0
1574556996.297321, -29.0
1574556997.023354, -29.0
1574556997.697244, -29.0
1574556998.406553, -29.0
1574556999.157115, -29.0
1574556999.840874, -29.0
1574557000.566952, -29.0
1574557001.27393, -29.0
1574557001.963907, -29.0
1574557002.691339, -29.0
1574557003.427943, -29.0
1574557004.172564, -29.0
1574557004.969226, -29.0
1574557005.725045, -29.0
1574557006.446649, -29.0
1574557007.167215, -29.0
1574557007.861643, -29.0
1574557008.551335, -29.0
1574557009.24154, -29.0
1574557010.012256, -29.0
1574557010.71552, -29.0
1574557011.411695, -29.0
1574557012.177513, -29.0
1574557012.883936, -29.0
1574557013.544237, -29.0
1574557014.236829, -29.0
1574557014.957694, -29.0
1574557015.688888, -29.0
1574557016.397866, -29.0
1574557017.094471, -29.0
1574557017.793408, -29.0
1574557018.509434, -29.0
1574557019.194079, -29.0
1574557019.924632, -29.0
1574557020.61531, -29.0
1574557021.345576, -29.0
1574557022.064552, -29.0
1574557022.799935, -29.0
1574557023.589092, -29.0
1574557024.389128, -29.0
1574557025.163413, -29.0
1574557025.934249, -29.0
1574557026.71408, -29.0
1574557027.482931, -29.0
1574557028.253452, -29.0
1574557029.023078, -29.0
1574557029.751082, -29.0
1574557030.486917, -29.0
1574557031.212987, -29.0
1574557031.940156, -29.0
1574557032.645566, -29.0
1574557033.383697, -29.0
1574557034.122793, -29.0
1574557034.809392, -29.0
1574557035.51532, -29.0
1574557036.182983, -29.0
1574557036.926561, -29.0
1574557037.659597, -29.0
1574557038.381199, -29.0
1574557039.072382, -29.0
1574557039.788954, -29.0
1574557040.487829, -29.0
1574557041.161792, -29.0
1574557041.878987, -29.0
1574557042.608287, -29.0
1574557043.305027, -29.0
1574557044.001588, -29.0
1574557044.712729, -29.0
1574557045.449785, -29.0
1574557046.189533, -29.0
1574557046.901254, -29.0
1574557047.564638, -29.0
1574557048.2622, -29.0
1574557048.955273, -29.0
1574557049.639838, -29.0
1574557050.348589, -29.0
1574557051.055476, -29.0
1574557051.804675, -29.0
1574557052.50699, -29.0
1574557053.208725, -29.0
1574557053.898434, -29.0
1574557054.550919, -29.0
1574557055.254602, -29.0
1574557055.975358, -29.0
1574557056.770008, -29.0
1574557057.591903, -29.0
1574557058.414033, -29.0
1574557059.202801, -29.0
1574557059.989575, -29.0
1574557060.756888, -29.0
1574557061.604661, -29.0
1574557062.396724, -29.0
1574557063.235295, -29.0
1574557064.057889, -29.0
1574557064.82375, -29.0
1574557065.619074, -29.0
1574557066.41262, -29.0
1574557067.200315, -29.0
1574557067.896099, -29.0
1574557068.600871, -29.0
1574557069.30255, -29.0
1574557070.012453, -29.0
1574557070.719419, -29.0
1574557071.39313, -29.0
1574557072.102107, -29.0
1574557072.806702, -29.0
1574557073.50401, -29.0
1574557074.165139, -29.0
1574557074.868485, -29.0
1574557075.562983, -29.0
1574557076.272476, -29.0
1574557076.975054, -29.0
1574557077.692833, -29.0
1574557078.401869, -29.0
1574557079.191456, -29.0
1574557079.896918, -29.0
1574557080.676848, -29.0
1574557081.467427, -29.0
1574557082.258705, -29.0
1574557083.068767, -29.0
1574557083.866418, -29.0
1574557084.643791, -29.0
1574557085.435999, -29.0
1574557086.281966, -29.0
1574557087.062404, -29.0
1574557087.75584, -29.0
1574557088.517999, -29.0
1574557089.337619, -29.0
1574557090.169677, -29.0
1574557090.891145, -29.0
1574557091.604974, -29.0
1574557092.373107, -29.0
1574557093.08806, -29.0
1574557093.79933, -29.0
1574557094.610559, -29.0
1574557095.382389, -29.0
1574557096.112728, -29.0
1574557096.838189, -29.0
1574557097.506016, -29.0
1574557098.207154, -29.0
1574557098.931002, -29.0
1574557099.603516, -29.0
1574557100.286998, -29.0
1574557100.998921, -29.0
1574557101.71118, -29.0
1574557102.556441, -29.0
1574557103.270824, -29.0
1574557103.942178, -29.0
1574557104.647852, -29.0
1574557105.327424, -29.0
1574557106.028538, -29.0
1574557106.684676, -29.0
1574557107.402845, -29.0
1574557108.125678, -29.0
1574557108.868696, -29.0
1574557109.583013, -29.0
1574557110.292587, -29.0
1574557110.984623, -29.0
1574557111.674958, -29.0
1574557112.408868, -29.0
1574557113.142486, -29.0
1574557113.851307, -29.0
1574557114.59158, -29.0
1574557115.314251, -29.0
1574557116.102873, -29.0
1574557116.828059, -29.0
1574557117.539574, -29.0
1574557118.264016, -29.0
1574557118.974798, -29.0
1574557119.702838, -29.0
1574557120.410467, -29.0
1574557121.154613, -29.0
1574557121.886691, -29.0
1574557122.590847, -29.0
1574557123.317828, -29.0
1574557124.042868, -29.0
1574557124.736671, -29.0
1574557125.45581, -29.0
1574557126.197029, -29.0
1574557126.910679, -29.0
1574557127.597355, -29.0
1574557128.279478, -29.0
1574557129.024988, -29.0
1574557129.760393, -29.0
1574557130.477534, -29.0
1574557131.195306, -29.0
1574557131.923937, -29.0
1574557132.602955, -29.0
1574557133.332341, -29.0
1574557134.029126, -29.0
1574557134.736772, -29.0
1574557135.469273, -29.0
1574557136.16394, -29.0
1574557136.849475, -29.0
1574557137.550224, -29.0
1574557138.233872, -29.0
1574557138.938264, -29.0
1574557139.678417, -29.0
1574557140.386747, -29.0
1574557141.121987, -29.0
1574557141.810647, -29.0
1574557142.505855, -29.0
1574557143.212282, -29.0
1574557143.916906, -29.0
1574557144.630137, -29.0
1574557145.374513, -29.0
1574557146.081917, -29.0
1574557146.907068, -29.0
1574557147.719359, -29.0
1574557148.485034, -29.0
1574557149.303148, -29.0
1574557150.095298, -29.0
1574557150.896529, -29.0
1574557151.689642, -29.0
1574557152.504685, -29.0
1574557153.272817, -29.0
1574557154.107079, -29.0
1574557154.86982, -29.0
1574557155.65259, -29.0
1574557156.437973, -29.0
1574557157.249105, -29.0
1574557158.027988, -29.0
1574557158.719213, -29.0
1574557159.44306, -29.0
1574557160.179702, -29.0
1574557160.912654, -29.0
1574557161.630452, -29.0
1574557162.314387, -29.0
1574557163.023776, -29.0
1574557163.752018, -29.0
1574557164.483596, -29.0
1574557165.221966, -29.0
1574557165.90865, -29.0
1574557166.660518, -29.0
1574557167.383016, -29.0
1574557168.153191, -29.0
1574557168.861433, -29.0
1574557169.583301, -29.0
1574557170.277368, -29.0
1574556995.508997, -29.0
1574556996.180357, -29.0
1574556997.024075, -29.0
1574556997.798777, -29.0
1574556998.610912, -29.0
1574556999.40271, -29.0
1574557000.236285, -29.0
1574557001.01323, -29.0
1574557001.761515, -29.0
1574557002.528561, -29.0
1574557003.314044, -29.0
1574557004.088137, -29.0
1574557004.882694, -29.0
1574557005.722459, -29.0
1574557006.514103, -29.0
1574557007.213772, -29.0
1574557007.909542, -29.0
1574557008.56836, -29.0
1574557009.24127, -29.0
1574557010.042093, -29.0
1574557010.850052, -29.0
1574557011.660001, -29.0
1574557012.428714, -29.0
1574557013.202035, -29.0
1574557013.975188, -29.0
1574557014.707493, -29.0
1574557015.476267, -29.0
1574557016.288636, -29.0
1574557017.070321, -29.0
1574557017.857619, -29.0
1574557018.658883, -29.0
1574557019.446605, -29.0
1574557020.256096, -29.0
1574557021.041659, -29.0
1574557021.82715, -29.0
1574557022.614075, -29.0
1574557023.387666, -29.0
1574557024.214034, -29.0
1574557025.014087, -29.0
1574557025.839546, -29.0
1574557026.656619, -29.0
1574557027.414349, -29.0
1574557028.223999, -29.0
1574557029.02149, -29.0
1574557029.796004, -29.0
1574557030.496105, -29.0
1574557031.174233, -29.0
1574557031.871348, -29.0
1574557032.610497, -29.0
1574557033.293163, -29.0
1574557033.967815, -29.0
1574557034.682225, -29.0
1574557035.360329, -29.0
1574557036.06939, -29.0
1574557036.750999, -29.0
1574557037.473497, -29.0
1574557038.180752, -29.0
1574557038.923064, -29.0
1574557039.630511, -29.0
1574557040.436669, -29.0
1574557041.201259, -29.0
1574557041.97548, -29.0
1574557042.774717, -29.0
1574557043.545535, -29.0
1574557044.31248, -29.0
1574557045.101187, -29.0
1574557045.79972, -29.0
1574557046.51309, -29.0
1574557047.24971, -29.0
1574557047.936208, -29.0
1574557048.645528, -29.0
1574557049.334667, -29.0
1574557050.048199, -29.0
1574557050.845864, -29.0
1574557051.65016, -29.0
1574557052.455693, -29.0
1574557053.226397, -29.0
1574557053.973853, -29.0
1574557054.67602, -29.0
1574557055.377511, -29.0
1574557056.11562, -29.0
1574557056.812233, -29.0
1574557057.531335, -29.0
1574557058.237841, -29.0
1574557058.941007, -29.0
1574557059.678094, -29.0
1574557060.404558, -29.0
1574557061.087597, -29.0
1574557061.825459, -29.0
1574557062.541257, -29.0
1574557063.272819, -29.0
1574557064.01201, -29.0
1574557064.73936, -29.0
1574557065.444195, -29.0
1574557066.176474, -29.0
1574557066.916995, -29.0
1574557067.650959, -29.0
1574557068.374885, -29.0
1574557069.13279, -29.0
1574557069.843667, -29.0
1574557070.551052, -29.0
1574557071.289727, -29.0
1574557071.981038, -29.0
1574557072.750332, -29.0
1574557073.414156, -29.0
1574557074.125065, -29.0
1574557074.849781, -29.0
1574557075.63159, -29.0
1574557076.418535, -29.0
1574557077.236093, -29.0
1574557078.080982, -29.0
1574557078.843813, -29.0
1574557079.53691, -29.0
1574557080.242115, -29.0
1574557080.949535, -29.0
1574557081.629733, -29.0
1574557082.345, -29.0
1574557083.029908, -29.0
1574557083.739341, -29.0
1574557084.446628, -29.0
1574557085.144912, -29.0
1574557085.852501, -29.0
1574557086.563793, -29.0
1574557087.31224, -29.0
1574557088.021754, -29.0
1574557088.709737, -29.0
1574557089.425711, -29.0
1574557090.183213, -29.0
1574557090.871907, -29.0
1574557091.579281, -29.0
1574557092.358406, -29.0
1574557093.093879, -29.0
1574557093.828159, -29.0
1574557094.538491, -29.0
1574557095.249718, -29.0
1574557095.926663, -29.0
1574557096.643352, -29.0
1574557097.347361, -29.0
1574557098.076414, -29.0
1574557098.867655, -29.0
1574557099.609093, -29.0
1574557100.334941, -29.0
1574557101.005887, -29.0
1574557101.704025, -29.0
1574557102.454874, -29.0
1574557103.144762, -29.0
1574557103.840486, -29.0
1574557104.5697, -29.0
1574557105.279001, -29.0
1574557105.980276, -29.0
1574557106.673369, -29.0
1574557107.353112, -29.0
1574557108.071886, -29.0
1574557108.748603, -29.0
1574557109.484772, -29.0
1574557110.14706, -29.0
1574557110.862726, -29.0
1574557111.579118, -29.0
1574557112.321903, -29.0
1574557113.031981, -29.0
1574557113.746723, -29.0
1574557114.522091, -29.0
1574557115.296488, -29.0
1574557116.125694, -29.0
1574557116.865148, -29.0
1574557117.569972, -29.0
1574557118.302889, -29.0
1574557119.015018, -29.0
1574557119.718809, -29.0
1574557120.439086, -29.0
1574557121.143242, -29.0
1574557121.893032, -29.0
1574557122.616036, -29.0
1574557123.314269, -29.0
1574557124.000266, -29.0
1574557124.736417, -29.0
1574557125.471673, -29.0
1574557126.177112, -29.0
1574557126.896411, -29.0
1574557127.615084, -29.0
1574557128.315175, -29.0
1574557129.016678, -29.0
1574557129.757147, -29.0
1574557130.482349, -29.0
1574557131.171265, -29.0
1574557131.872854, -29.0
1574557132.630337, -29.0
1574557133.358195, -29.0
1574557134.063301, -29.0
1574557134.777176, -29.0
1574557135.502683, -29.0
1574557136.188872, -29.0
1574557136.913862, -29.0
1574557137.607699, -29.0
1574557138.313236, -29.0
1574557139.013996, -29.0
1574557139.706238, -29.0
1574557140.383805, -29.0
1574557141.095686, -29.0
1574557141.778385, -29.0
1574557142.481537, -29.0
1574557143.211664, -29.0
1574557143.920048, -29.0
1574557144.662764, -29.0
1574557145.354232, -29.0
1574557146.056645, -29.0
1574557146.770031, -29.0
1574557147.565822, -29.0
1574557148.272423, -29.0
1574557148.997121, -29.0
1574557149.712675, -29.0
1574557150.550498, -29.0
1574557151.362317, -29.0
1574557152.131145, -29.0
1574557152.956891, -29.0
1574557153.768151, -29.0
1574557154.575961, -29.0
1574557155.378422, -29.0
1574557156.195245, -29.0
1574557156.969003, -29.0
1574557157.791851, -29.0
1574557158.560331, -29.0
1574557159.347891, -29.0
1574557160.143886, -29.0
1574557160.951043, -29.0
1574557161.723423, -29.0
1574557162.430741, -29.0
1574557163.1602, -29.0
1574557163.895895, -29.0
1574557164.629702, -29.0
1574557165.344072, -29.0
1574557166.021317, -29.0
1574557166.729626, -29.0
1574557167.433595, -29.0
1574557168.122801, -29.0
1574557168.854882, -29.0
1574557169.517816, -29.0
1574557170.264675, -29.0
1574557170.973677, -29.0
1574557171.727525, -29.0
1574557172.437604, -29.0
1574557173.155598, -29.0
1574557173.84599, -29.0
1574557174.534079, -29.0
1574557175.25594, -29.0
1574557175.960364, -29.0
1574557176.670094, -29.0
1574557177.3832, -29.0
1574557178.090591, -29.0
1574557178.773786, -29.0
1574556996.925971, -29.0
1574556997.078374, -29.0
1574556997.238342, -29.0
1574556998.015364, -29.0
1574556998.692751, -29.0
1574556999.411475, -29.0
1574557000.107291, -29.0
1574557000.799488, -29.0
1574557001.524319, -29.0
1574557002.242667, -29.0
1574557002.989425, -29.0
1574557003.697606, -29.0
1574557004.430647, -29.0
1574557005.171481, -29.0
1574557005.892219, -29.0
1574557006.582978, -29.0
1574557007.264438, -29.0
1574557007.952056, -29.0
1574557008.717933, -29.0
1574557009.423777, -29.0
1574557010.118783, -29.0
1574557010.886037, -29.0
1574557011.590204, -29.0
1574557012.248217, -29.0
1574557012.931867, -29.0
1574557013.644692, -29.0
1574557014.383513, -29.0
1574557015.081417, -29.0
1574557015.774298, -29.0
1574557016.45953, -29.0
1574557017.168523, -29.0
1574557017.866389, -29.0
1574557018.595463, -29.0
1574557019.283567, -29.0
1574557020.014132, -29.0
1574557020.709625, -29.0
1574557021.41383, -29.0
1574557022.187606, -29.0
1574557023.000514, -29.0
1574557023.779755, -29.0
1574557024.548582, -29.0
1574557025.340892, -29.0
1574557026.111227, -29.0
1574557026.886923, -29.0
1574557027.655485, -29.0
1574557028.385044, -29.0
1574557029.10537, -29.0
1574557029.837437, -29.0
1574557030.565555, -29.0
1574557031.273672, -29.0
1574557032.011361, -29.0
1574557032.745899, -29.0
1574557033.433459, -29.0
1574557034.116332, -29.0
1574557034.780793, -29.0
1574557035.520546, -29.0
1574557036.266481, -29.0
1574557036.987013, -29.0
1574557037.678292, -29.0
1574557038.39762, -29.0
1574557039.098058, -29.0
1574557039.77107, -29.0
1574557040.487958, -29.0
1574557041.2147, -29.0
1574557041.902329, -29.0
1574557042.686517, -29.0
1574557043.482216, -29.0
1574557044.28179, -29.0
1574557045.006111, -29.0
1574557045.801499, -29.0
1574557046.567861, -29.0
1574557047.365379, -29.0
1574557048.163805, -29.0
1574557048.855789, -29.0
1574557049.570171, -29.0
1574557050.281275, -29.0
1574557051.024532, -29.0
1574557051.724581, -29.0
1574557052.430447, -29.0
1574557053.127931, -29.0
1574557053.812033, -29.0
1574557054.516276, -29.0
1574557055.325247, -29.0
1574557056.124741, -29.0
1574557056.943312, -29.0
1574557057.764015, -29.0
1574557058.541435, -29.0
1574557059.319634, -29.0
1574557060.10472, -29.0
1574557060.949625, -29.0
1574557061.737157, -29.0
1574557062.538098, -29.0
1574557063.321256, -29.0
1574557064.15417, -29.0
1574557064.966985, -29.0
1574557065.636062, -29.0
1574557066.447863, -29.0
1574557067.218752, -29.0
1574557068.054073, -29.0
1574557068.858873, -29.0
1574557069.660217, -29.0
1574557070.445333, -29.0
1574557071.20507, -29.0
1574557071.975675, -29.0
1574557072.769945, -29.0
1574557073.529919, -29.0
1574557074.347876, -29.0
1574557075.129433, -29.0
1574557075.913046, -29.0
1574557076.715497, -29.0
1574557077.517425, -29.0
1574557078.315458, -29.0
1574557079.114107, -29.0
1574557079.868637, -29.0
1574557080.623655, -29.0
1574557081.411209, -29.0
1574557082.206634, -29.0
1574557082.983688, -29.0
1574557083.756136, -29.0
1574557084.539911, -29.0
1574557085.271369, -29.0
1574557085.978935, -29.0
1574557086.666702, -29.0
1574557087.363183, -29.0
1574557088.062153, -29.0
1574557088.751426, -29.0
1574557089.474162, -29.0
1574557090.223764, -29.0
1574557090.942383, -29.0
1574557091.650215, -29.0
1574557092.406461, -29.0
1574557093.108253, -29.0
1574557093.801094, -29.0
1574557094.509962, -29.0
1574557095.279976, -29.0
1574557095.982022, -29.0
1574557096.695202, -29.0
1574557097.394982, -29.0
1574557098.091526, -29.0
1574557098.760792, -29.0
1574557099.455005, -29.0
1574557100.159245, -29.0
1574557100.953381, -29.0
1574557101.76305, -29.0
1574557102.692389, -29.0
1574557103.566377, -29.0
1574557104.381531, -29.0
1574557105.155724, -29.0
1574557105.90763, -29.0
1574557106.735912, -29.0
1574557107.557766, -29.0
1574557108.38373, -29.0
1574557109.230202, -29.0
1574557110.062465, -29.0
1574557110.919517, -29.0
1574557111.747934, -29.0
1574557112.564949, -29.0
1574557113.430907, -29.0
1574557114.272759, -29.0
1574557115.019404, -29.0
1574557115.853667, -29.0
1574557116.673961, -29.0
1574557117.416164, -29.0
1574557118.277245, -29.0
1574557119.027805, -29.0
1574557119.767079, -29.0
1574557120.501381, -29.0
1574557121.219212, -29.0
1574557121.909871, -29.0
1574557122.657027, -29.0
1574557123.409908, -29.0
1574557124.133195, -29.0
1574557124.865126, -29.0
1574557125.614049, -29.0
1574557126.349754, -29.0
1574557127.092361, -29.0
1574557127.864155, -29.0
1574557128.620074, -29.0
1574557129.337437, -29.0
1574557130.034254, -29.0
1574557130.790116, -29.0
1574557131.539156, -29.0
1574557132.265869, -29.0
1574557132.996357, -29.0
1574557133.761466, -29.0
1574557134.473775, -29.0
1574557135.223867, -29.0
1574557135.964237, -29.0
1574557136.704489, -29.0
1574557137.458253, -29.0
1574557138.200352, -29.0
1574557138.904871, -29.0
1574557139.633112, -29.0
1574557140.341368, -29.0
1574557141.068144, -29.0
1574557141.855512, -29.0
1574557142.57559, -29.0
1574557143.32492, -29.0
1574557144.035525, -29.0
1574557144.83785, -29.0
1574557145.559482, -29.0
1574557146.271369, -29.0
1574557147.002825, -29.0
1574557147.751577, -29.0
1574557148.45783, -29.0
1574557149.223101, -29.0
1574557150.068159, -29.0
1574557150.862072, -29.0
1574557151.703228, -29.0
1574557152.508529, -29.0
1574557153.317157, -29.0
1574557154.130072, -29.0
1574557154.969619, -29.0
1574557155.782611, -29.0
1574557156.639707, -29.0
1574557157.446144, -29.0
1574557158.265279, -29.0
1574557159.104193, -29.0
1574557159.957312, -29.0
1574557160.771318, -29.0
1574557161.512872, -29.0
1574557162.295654, -29.0
1574557163.096366, -29.0
1574557163.854729, -29.0
1574557164.589572, -29.0
1574557165.276597, -29.0
1574557166.000082, -29.0
1574557166.720289, -29.0
1574557167.426254, -29.0
1574557168.15183, -29.0
1574557168.830644, -29.0
1574557169.605454, -29.0
1574557170.331546, -29.0
1574557171.099298, -29.0
1574557171.813343, -29.0
1574557172.542945, -29.0
1574557173.249813, -29.0
1574557173.94205, -29.0
1574557174.669549, -29.0
1574557175.377714, -29.0
1574557176.101504, -29.0
1574557176.816638, -29.0
1574557177.528936, -29.0
1574557178.212417, -29.0
1574557178.916232, -29.0
1574557179.613704, -29.0
1574557180.378848, -29.0
1574557181.065189, -29.0
1574557181.743295, -29.0
1574557182.412703, -29.0
1574557010.665946, -29.0
1574557011.308026, -29.0
1574557012.003084, -29.0
1574557012.727503, -29.0
1574557012.897442, -29.0
1574557013.078928, -29.0
1574557013.250414, -29.0
1574557013.913582, -29.0
1574557014.683918, -29.0
1574557015.402661, -29.0
1574557016.176975, -29.0
1574557016.893724, -29.0
1574557017.536423, -29.0
1574557018.307939, -29.0
1574557019.083955, -29.0
1574557019.877991, -29.0
1574557020.641269, -29.0
1574557021.414498, -29.0
1574557022.148956, -29.0
1574557022.881233, -29.0
1574557023.584836, -29.0
1574557024.28274, -29.0
1574557024.990793, -29.0
1574557025.794885, -29.0
1574557026.538668, -29.0
1574557027.280325, -29.0
1574557028.090317, -29.0
1574557028.84224, -29.0
1574557029.538518, -29.0
1574557030.260072, -29.0
1574557031.012524, -29.0
1574557031.787316, -29.0
1574557032.506151, -29.0
1574557033.334185, -29.0
1574557034.139389, -29.0
1574557034.97016, -29.0
1574557035.762446, -29.0
1574557036.613295, -29.0
1574557037.429084, -29.0
1574557038.267339, -29.0
1574557039.0776, -29.0
1574557039.811532, -29.0
1574557040.521932, -29.0
1574557041.264563, -29.0
1574557041.977211, -29.0
1574557042.688904, -29.0
1574557043.411944, -29.0
1574557044.139325, -29.0
1574557044.864782, -29.0
1574557045.564427, -29.0
1574557046.304952, -29.0
1574557047.054999, -29.0
1574557047.803132, -29.0
1574557048.561567, -29.0
1574557049.293778, -29.0
1574557050.058889, -29.0
1574557050.808313, -29.0
1574557051.528999, -29.0
1574557052.263767, -29.0
1574557052.970918, -29.0
1574557053.749653, -29.0
1574557054.533407, -29.0
1574557055.321639, -29.0
1574557056.036609, -29.0
1574557056.78081, -29.0
1574557057.510287, -29.0
1574557058.221751, -29.0
1574557058.961745, -29.0
1574557059.706885, -29.0
1574557060.510147, -29.0
1574557061.344461, -29.0
1574557062.185409, -29.0
1574557063.002886, -29.0
1574557063.747761, -29.0
1574557064.581485, -29.0
1574557065.374688, -29.0
1574557066.196901, -29.0
1574557066.988202, -29.0
1574557067.66982, -29.0
1574557068.39035, -29.0
1574557069.137775, -29.0
1574557069.932696, -29.0
1574557070.677306, -29.0
1574557071.414756, -29.0
1574557072.120036, -29.0
1574557072.856974, -29.0
1574557073.60335, -29.0
1574557074.444868, -29.0
1574557075.265742, -29.0
1574557076.123962, -29.0
1574557076.975786, -29.0
1574557077.780687, -29.0
1574557078.587548, -29.0
1574557079.406477, -29.0
1574557080.31267, -29.0
1574557081.170598, -29.0
1574557082.014046, -29.0
1574557082.882519, -29.0
1574557083.760883, -29.0
1574557084.617027, -29.0
1574557085.313084, -29.0
1574557086.083703, -29.0
1574557086.882143, -29.0
1574557087.733691, -29.0
1574557088.569169, -29.0
1574557089.403194, -29.0
1574557090.214928, -29.0
1574557090.89742, -29.0
1574557091.676596, -29.0
1574557092.479175, -29.0
1574557093.269348, -29.0
1574557094.119637, -29.0
1574557094.923539, -29.0
1574557095.745025, -29.0
1574557096.596693, -29.0
1574557097.464344, -29.0
1574557098.292393, -29.0
1574557099.113529, -29.0
1574557099.89643, -29.0
1574557100.694385, -29.0
1574557101.507647, -29.0
1574557102.381305, -29.0
1574557103.191535, -29.0
1574557103.973031, -29.0
1574557104.759195, -29.0
1574557105.496848, -29.0
1574557106.221311, -29.0
1574557106.911415, -29.0
1574557107.623294, -29.0
1574557108.336303, -29.0
1574557109.047635, -29.0
1574557109.780371, -29.0
1574557110.531789, -29.0
1574557111.24554, -29.0
1574557111.951685, -29.0
1574557112.711435, -29.0
1574557113.416507, -29.0
1574557114.130708, -29.0
1574557114.817297, -29.0
1574557115.569487, -29.0
1574557116.290723, -29.0
1574557117.004655, -29.0
1574557117.801326, -29.0
1574557118.502554, -29.0
1574557119.172401, -29.0
1574557119.854209, -29.0
1574557120.554175, -29.0
1574557121.265695, -29.0
1574557122.07074, -29.0
1574557122.843402, -29.0
1574557123.681043, -29.0
1574557124.483706, -29.0
1574557125.239606, -29.0
1574557126.042648, -29.0
1574557126.826907, -29.0
1574557127.638919, -29.0
1574557128.448399, -29.0
1574557129.283449, -29.0
1574557130.086001, -29.0
1574557130.880639, -29.0
1574557131.664988, -29.0
1574557132.450387, -29.0
1574557133.290685, -29.0
1574557134.113599, -29.0
1574557134.839602, -29.0
1574557135.661404, -29.0
1574557136.458142, -29.0
1574557137.172054, -29.0
1574557137.987947, -29.0
1574557138.812163, -29.0
1574557139.55801, -29.0
1574557140.299778, -29.0
1574557141.011187, -29.0
1574557141.699999, -29.0
1574557142.452892, -29.0
1574557143.216808, -29.0
1574557143.935721, -29.0
1574557144.660022, -29.0
1574557145.385099, -29.0
1574557146.08199, -29.0
1574557146.804638, -29.0
1574557147.552822, -29.0
1574557148.276817, -29.0
1574557148.987508, -29.0
1574557149.668944, -29.0
1574557150.419376, -29.0
1574557151.164657, -29.0
1574557151.894145, -29.0
1574557152.623395, -29.0
1574557153.370213, -29.0
1574557154.050845, -29.0
1574557154.775741, -29.0
1574557155.474728, -29.0
1574557156.179023, -29.0
1574557156.882464, -29.0
1574557157.578032, -29.0
1574557158.261571, -29.0
1574557158.963341, -29.0
1574557159.643284, -29.0
1574557160.351285, -29.0
1574557161.084784, -29.0
1574557161.799653, -29.0
1574557162.535558, -29.0
1574557163.22448, -29.0
1574557163.919815, -29.0
1574557164.634477, -29.0
1574557165.33428, -29.0
1574557166.041677, -29.0
1574557166.770419, -29.0
1574557167.464594, -29.0
1574557168.29279, -29.0
1574557169.107524, -29.0
1574557169.875156, -29.0
1574557170.702192, -29.0
1574557171.4963, -29.0
1574557172.281618, -29.0
1574557173.069079, -29.0
1574557173.879999, -29.0
1574557174.646425, -29.0
1574557175.473791, -29.0
1574557176.239728, -29.0
1574557177.01544, -29.0
1574557177.806278, -29.0
1574557178.617797, -29.0
1574557179.392345, -29.0
1574557180.086507, -29.0
1574557180.812229, -29.0
1574557181.553524, -29.0
1574557182.299268, -29.0
1574557183.017035, -29.0
1574557183.689132, -29.0
1574557184.401311, -29.0
1574557185.106066, -29.0
1574557185.795072, -29.0
1574557186.506505, -29.0
1574557187.181435, -29.0
1574557187.905888, -29.0
1574557188.607126, -29.0
1574557189.351377, -29.0
1574557190.050257, -29.0
1574557190.766377, -29.0
1574557191.456667, -29.0
1574557192.137021, -29.0
1574557192.860922, -29.0
1574557193.567784, -29.0
1574557194.27379, -29.0
1574557194.9804, -29.0
1574557195.676416, -29.0
1574557196.444909, -29.0
1574557197.165613, -29.0
