1574730132.169397, -519.0
1574730132.223411, -519.0
1574730133.068321, -479.0
1574730133.121205, -479.0
1574730133.175877, -479.0
1574730133.231058, -479.0
1574730133.285849, -479.0
1574730133.746111, -479.0
1574730133.800659, -479.0
1574730134.651333, -479.0
1574730135.51172, -473.0
1574730136.376754, -470.0
1574730136.806968, -470.0
1574730136.860026, -470.0
1574730136.914314, -470.0
1574730136.969361, -470.0
1574730137.429797, -464.0
1574730137.89624, -464.0
1574730138.355093, -464.0
1574730139.962304, -464.0
1574730140.754184, -464.0
1574730141.201659, -464.0
1574730142.399651, -456.0
1574730143.185867, -456.0
1574730143.238888, -456.0
1574730143.678467, -456.0
1574730144.107091, -456.0
1574730144.539433, -456.0
1574730144.971425, -456.0
1574730145.416933, -456.0
1574730145.886829, -456.0
1574730146.33561, -456.0
1574730147.579829, -456.0
1574730148.456447, -456.0
1574730148.913336, -456.0
1574730149.756063, -456.0
1574730150.236598, -456.0
1574730151.461039, -456.0
1574730152.68293, -456.0
1574730153.558223, -456.0
1574730154.458455, -456.0
1574730155.458668, -456.0
1574730156.454765, -456.0
1574730156.510349, -456.0
1574730157.016219, -456.0
1574730158.356811, -456.0
1574730159.288558, -456.0
1574730159.869043, -456.0
1574730160.833273, -456.0
1574730161.76351, -456.0
1574730132.180521, -519.0
1574730132.234105, -519.0
1574730132.287204, -479.0
1574730132.341094, -479.0
1574730132.395555, -479.0
1574730132.449604, -479.0
1574730132.503892, -479.0
1574730132.559896, -479.0
1574730132.614518, -479.0
1574730132.668796, -479.0
1574730132.725065, -479.0
1574730132.779084, -479.0
1574730134.036191, -479.0
1574730134.08893, -479.0
1574730134.142179, -479.0
1574730134.999583, -473.0
1574730135.052676, -473.0
1574730135.107078, -473.0
1574730135.551069, -473.0
1574730135.977719, -470.0
1574730137.208351, -470.0
1574730138.422809, -464.0
1574730139.668355, -464.0
1574730140.544643, -464.0
1574730141.410164, -456.0
1574730141.868517, -456.0
1574730141.922765, -456.0
1574730141.976766, -456.0
1574730142.030982, -456.0
1574730142.085126, -456.0
1574730142.139475, -456.0
1574730142.193177, -456.0
1574730142.247484, -456.0
1574730142.301573, -456.0
1574730142.753093, -456.0
1574730143.16192, -456.0
1574730143.605839, -456.0
1574730144.080542, -456.0
1574730144.894606, -456.0
1574730145.320974, -456.0
1574730146.147229, -456.0
1574730146.984231, -456.0
1574730148.630291, -456.0
1574730150.215063, -456.0
1574730151.78856, -456.0
1574730152.963448, -456.0
1574730154.596776, -456.0
1574730155.821247, -456.0
1574730156.657834, -456.0
1574730157.924932, -456.0
1574730132.194143, -519.0
1574730132.254951, -519.0
1574730133.163169, -479.0
1574730133.225939, -479.0
1574730133.286641, -479.0
1574730133.346634, -479.0
1574730133.406178, -479.0
1574730133.464602, -479.0
1574730133.523671, -479.0
1574730133.583542, -479.0
1574730133.643255, -479.0
1574730133.702947, -479.0
1574730133.764935, -479.0
1574730133.826085, -479.0
1574730133.88633, -479.0
1574730133.950629, -479.0
1574730134.013421, -479.0
1574730134.073305, -479.0
1574730134.132837, -479.0
1574730134.192457, -479.0
1574730134.251917, -479.0
1574730134.312501, -479.0
1574730135.698623, -470.0
1574730137.381207, -464.0
1574730139.006104, -464.0
1574730140.693391, -464.0
1574730142.430341, -456.0
1574730143.241098, -456.0
1574730143.731803, -456.0
1574730144.201582, -456.0
1574730144.687199, -456.0
1574730145.17559, -456.0
1574730146.242798, -456.0
1574730146.767287, -456.0
1574730147.75741, -456.0
1574730149.518195, -456.0
1574730151.19415, -456.0
1574730152.904103, -456.0
1574730154.134299, -456.0
1574730155.752725, -456.0
1574730156.605987, -456.0
1574730157.867864, -456.0
1574730158.728655, -456.0
1574730159.557765, -456.0
1574730160.410881, -456.0
1574730160.903059, -456.0
1574730162.148063, -456.0
1574730163.460872, -456.0
1574730164.736338, -456.0
1574730166.057518, -456.0
1574730132.215122, -519.0
1574730132.270345, -519.0
1574730133.11514, -479.0
1574730133.168175, -479.0
1574730133.222286, -479.0
1574730133.277036, -479.0
1574730133.33122, -479.0
1574730133.384475, -479.0
1574730134.605273, -479.0
1574730134.659392, -479.0
1574730134.713823, -479.0
1574730134.76938, -479.0
1574730134.825252, -479.0
1574730134.879703, -479.0
1574730136.475313, -470.0
1574730136.52899, -470.0
1574730136.945431, -470.0
1574730138.137272, -464.0
1574730139.76265, -464.0
1574730140.962964, -464.0
1574730141.737157, -456.0
1574730143.343158, -456.0
1574730144.537824, -456.0
1574730145.379816, -456.0
1574730146.615287, -456.0
1574730148.200718, -456.0
1574730149.370227, -456.0
1574730150.966023, -456.0
1574730152.194208, -456.0
1574730153.407009, -456.0
1574730155.018608, -456.0
1574730156.26873, -456.0
1574730157.461709, -456.0
1574730158.654264, -456.0
1574730160.225626, -456.0
1574730161.881499, -456.0
1574730163.099115, -456.0
1574730164.656411, -456.0
1574730165.862937, -456.0
1574730167.077371, -456.0
1574730168.407399, -456.0
1574730169.80439, -456.0
1574730171.108271, -456.0
1574730172.383102, -456.0
1574730173.651243, -456.0
1574730175.343265, -456.0
1574730176.683895, -456.0
1574730178.367275, -456.0
1574730179.971591, -456.0
1574730181.636944, -456.0
1574730158.084365, -456.0
1574730160.06641, -456.0
1574730160.133353, -456.0
1574730160.199993, -456.0
1574730160.266493, -456.0
1574730160.333419, -456.0
1574730160.405052, -456.0
1574730160.476383, -456.0
1574730160.548728, -456.0
1574730160.622955, -456.0
1574730160.691925, -456.0
1574730160.762879, -456.0
1574730160.831652, -456.0
1574730160.898358, -456.0
1574730160.965567, -456.0
1574730161.438412, -456.0
1574730163.159643, -456.0
1574730164.020815, -456.0
1574730164.883412, -456.0
1574730165.364438, -456.0
1574730167.338772, -456.0
1574730168.576788, -456.0
1574730169.051482, -456.0
1574730169.90434, -456.0
1574730170.784127, -456.0
1574730172.827027, -456.0
1574730174.407875, -456.0
1574730175.243293, -456.0
1574730176.50545, -456.0
1574730176.961018, -456.0
1574730177.028619, -456.0
1574730177.491738, -456.0
1574730178.371518, -456.0
1574730180.458628, -456.0
1574730182.130053, -456.0
1574730183.742837, -456.0
1574730185.463719, -456.0
1574730187.517603, -455.0
1574730189.158686, -455.0
1574730190.794437, -453.0
1574730192.43515, -453.0
1574730193.316661, -453.0
1574730194.682548, -453.0
1574730195.94613, -453.0
1574730197.198886, -453.0
1574730198.462231, -453.0
1574730199.320045, -453.0
1574730200.506688, -453.0
1574730202.105183, -453.0
1574730203.338927, -453.0
1574730162.036289, -456.0
1574730162.925259, -456.0
1574730163.476868, -456.0
1574730163.595224, -456.0
1574730163.713389, -456.0
1574730163.835638, -456.0
1574730163.960845, -456.0
1574730164.09174, -456.0
1574730164.219881, -456.0
1574730164.356244, -456.0
1574730164.484105, -456.0
1574730164.608861, -456.0
1574730165.159713, -456.0
1574730165.284996, -456.0
1574730165.417303, -456.0
1574730165.541541, -456.0
1574730165.666508, -456.0
1574730165.791254, -456.0
1574730165.922174, -456.0
1574730166.047206, -456.0
1574730166.171378, -456.0
1574730166.295098, -456.0
1574730166.418953, -456.0
1574730166.542995, -456.0
1574730166.666641, -456.0
1574730169.138268, -456.0
1574730170.81542, -456.0
1574730173.097644, -456.0
1574730174.022799, -456.0
1574730174.141161, -456.0
1574730175.070006, -456.0
1574730176.780191, -456.0
1574730178.749688, -456.0
1574730181.215635, -456.0
1574730184.442629, -456.0
1574730186.173501, -455.0
1574730187.861069, -455.0
1574730188.910371, -455.0
1574730190.957559, -453.0
1574730193.685437, -453.0
1574730195.224665, -453.0
1574730198.302252, -453.0
1574730199.020389, -453.0
1574730202.068994, -453.0
1574730205.420571, -453.0
1574730209.34501, -453.0
1574730213.025128, -453.0
1574730216.251778, -453.0
1574730218.5093, -453.0
1574730221.66138, -453.0
1574730166.206136, -456.0
1574730166.266333, -456.0
1574730166.329796, -456.0
1574730166.386816, -456.0
1574730166.448486, -456.0
1574730166.50657, -456.0
1574730166.568167, -456.0
1574730166.62668, -456.0
1574730166.688104, -456.0
1574730166.746501, -456.0
1574730166.806279, -456.0
1574730166.866211, -456.0
1574730166.926173, -456.0
1574730166.985768, -456.0
1574730167.045657, -456.0
1574730167.107196, -456.0
1574730167.16569, -456.0
1574730167.225717, -456.0
1574730167.284116, -456.0
1574730167.338127, -456.0
1574730167.390966, -456.0
1574730167.445274, -456.0
1574730167.499422, -456.0
1574730167.553199, -456.0
1574730167.607097, -456.0
1574730167.66109, -456.0
1574730167.714186, -456.0
1574730167.767386, -456.0
1574730167.820422, -456.0
1574730167.873594, -456.0
1574730167.926811, -456.0
1574730167.97997, -456.0
1574730168.033121, -456.0
1574730168.086052, -456.0
1574730168.139268, -456.0
1574730168.19248, -456.0
1574730168.245597, -456.0
1574730168.298723, -456.0
1574730168.351738, -456.0
1574730168.404704, -456.0
1574730168.45767, -456.0
1574730168.510525, -456.0
1574730168.565112, -456.0
1574730168.619844, -456.0
1574730168.673747, -456.0
1574730168.728069, -456.0
1574730168.781889, -456.0
1574730168.836134, -456.0
1574730168.890293, -456.0
1574730168.944831, -456.0
1574730169.191561, -456.0
1574730169.297887, -456.0
1574730169.404652, -456.0
1574730169.511423, -456.0
1574730169.618879, -456.0
1574730169.725379, -456.0
1574730169.832971, -456.0
1574730169.939174, -456.0
1574730170.044865, -456.0
1574730170.150425, -456.0
1574730170.256098, -456.0
1574730170.362136, -456.0
1574730170.469454, -456.0
1574730170.576705, -456.0
1574730170.683832, -456.0
1574730170.790442, -456.0
1574730170.898948, -456.0
1574730171.004968, -456.0
1574730171.112569, -456.0
1574730171.219654, -456.0
1574730171.326631, -456.0
1574730171.433852, -456.0
1574730171.540977, -456.0
1574730171.64842, -456.0
1574730171.755945, -456.0
1574730171.863513, -456.0
1574730171.970715, -456.0
1574730172.077365, -456.0
1574730172.184134, -456.0
1574730172.291601, -456.0
1574730172.399391, -456.0
1574730172.506291, -456.0
1574730172.613686, -456.0
1574730172.720557, -456.0
1574730172.827678, -456.0
1574730172.934378, -456.0
1574730173.041733, -456.0
1574730173.149802, -456.0
1574730173.257299, -456.0
1574730173.364325, -456.0
1574730173.471858, -456.0
1574730173.579064, -456.0
1574730173.686028, -456.0
1574730173.792138, -456.0
1574730173.899685, -456.0
1574730174.006042, -456.0
1574730174.114059, -456.0
1574730174.221403, -456.0
1574730174.328445, -456.0
1574730174.435748, -456.0
1574730174.567522, -456.0
1574730174.621711, -456.0
1574730175.544688, -456.0
1574730175.598987, -456.0
1574730175.652848, -456.0
1574730175.708082, -456.0
1574730175.765565, -456.0
1574730175.822035, -456.0
1574730175.878742, -456.0
1574730175.935617, -456.0
1574730175.994829, -456.0
1574730176.054849, -456.0
1574730176.112614, -456.0
1574730176.168688, -456.0
1574730177.974162, -456.0
1574730179.508411, -456.0
1574730180.095288, -456.0
1574730181.508385, -456.0
1574730182.622721, -456.0
1574730182.67607, -456.0
1574730182.729454, -456.0
1574730182.782992, -456.0
1574730182.836086, -456.0
1574730184.542055, -456.0
1574730186.348153, -455.0
1574730188.505537, -455.0
1574730190.95986, -453.0
1574730193.340548, -453.0
1574730195.958296, -453.0
1574730198.556522, -453.0
1574730201.133016, -453.0
1574730203.859896, -453.0
1574730206.357218, -453.0
1574730209.016233, -453.0
1574730211.575665, -453.0
1574730214.127463, -453.0
1574730216.66397, -453.0
1574730219.20944, -453.0
1574730221.809667, -453.0
1574730224.511513, -453.0
1574730227.280681, -453.0
1574730230.035012, -453.0
1574730232.819662, -453.0
1574730235.474606, -453.0
1574730238.060792, -453.0
1574730240.710222, -453.0
1574730243.343954, -453.0
1574730246.027732, -453.0
1574730248.663348, -453.0
1574730251.282895, -453.0
1574730181.770478, -456.0
1574730181.833165, -456.0
1574730181.894909, -456.0
1574730181.95612, -456.0
1574730182.016794, -456.0
1574730182.077674, -456.0
1574730182.144709, -456.0
1574730182.206564, -456.0
1574730182.269643, -456.0
1574730182.334369, -456.0
1574730182.398464, -456.0
1574730182.461753, -456.0
1574730182.525051, -456.0
1574730182.592632, -456.0
1574730182.655978, -456.0
1574730184.368599, -456.0
1574730184.431136, -456.0
1574730184.897564, -456.0
1574730185.773923, -456.0
1574730186.634332, -455.0
1574730187.088714, -455.0
1574730187.151482, -455.0
1574730187.214925, -455.0
1574730188.073395, -455.0
1574730188.99582, -455.0
1574730189.484863, -455.0
1574730190.332986, -455.0
1574730190.408619, -455.0
1574730190.890019, -453.0
1574730191.351338, -453.0
1574730192.723392, -453.0
1574730194.053359, -453.0
1574730194.526953, -453.0
1574730195.520133, -453.0
1574730196.081283, -453.0
1574730197.535262, -453.0
1574730198.546394, -453.0
1574730199.544341, -453.0
1574730200.479028, -453.0
1574730201.46967, -453.0
1574730202.608574, -453.0
1574730203.712309, -453.0
1574730204.729466, -453.0
1574730205.781752, -453.0
1574730206.893776, -453.0
1574730207.405625, -453.0
1574730208.478349, -453.0
1574730209.536828, -453.0
1574730210.659436, -453.0
1574730211.731486, -453.0
1574730257.904675, -453.0
1574730257.919847, -453.0
1574730257.934487, -453.0
1574730257.953074, -453.0
1574730258.929802, -453.0
1574730258.944676, -453.0
1574730258.959179, -453.0
1574730258.973714, -453.0
1574730258.988702, -453.0
1574730259.003854, -453.0
1574730259.018981, -453.0
1574730259.034122, -453.0
1574730259.048979, -453.0
1574730259.849069, -453.0
1574730259.863479, -453.0
1574730259.878005, -453.0
1574730259.891705, -453.0
1574730259.906073, -453.0
1574730259.919683, -453.0
1574730259.934078, -453.0
1574730260.332396, -453.0
1574730260.745464, -453.0
1574730261.177337, -453.0
1574730261.704026, -453.0
1574730262.351375, -453.0
1574730263.015418, -453.0
1574730263.029551, -453.0
1574730263.043665, -453.0
1574730263.057748, -453.0
1574730263.071953, -453.0
1574730263.085971, -453.0
1574730263.100026, -453.0
1574730263.114057, -453.0
1574730263.128171, -453.0
1574730263.142108, -453.0
1574730263.15623, -453.0
1574730263.17032, -453.0
1574730263.184293, -453.0
1574730263.198386, -453.0
1574730263.212464, -453.0
1574730263.226521, -453.0
1574730263.809661, -453.0
1574730264.198563, -453.0
1574730264.777007, -453.0
1574730265.197865, -453.0
1574730265.21179, -453.0
1574730265.225595, -453.0
1574730265.239865, -453.0
1574730265.253563, -453.0
1574730265.267983, -453.0
1574730265.281625, -453.0
1574730265.296019, -453.0
1574730265.309609, -453.0
1574730265.324003, -453.0
1574730265.337693, -453.0
1574730265.352041, -453.0
1574730265.365669, -453.0
1574730265.76244, -453.0
1574730266.183716, -453.0
1574730266.590842, -453.0
1574730267.010347, -453.0
1574730267.397933, -453.0
1574730267.839296, -453.0
1574730268.252238, -453.0
1574730268.64632, -453.0
1574730269.06526, -453.0
1574730269.078808, -453.0
1574730269.092352, -453.0
1574730269.106692, -453.0
1574730269.120308, -453.0
1574730269.134708, -453.0
1574730269.148382, -453.0
1574730269.162873, -453.0
1574730269.176468, -453.0
1574730269.190661, -453.0
1574730269.204381, -453.0
1574730269.613524, -453.0
1574730269.627887, -453.0
1574730269.641775, -453.0
1574730269.65604, -453.0
1574730269.66975, -453.0
1574730269.684358, -453.0
1574730269.698032, -453.0
1574730269.712571, -453.0
1574730269.726256, -453.0
1574730269.740879, -453.0
1574730269.754567, -453.0
1574730269.769033, -453.0
1574730269.782787, -453.0
1574730270.203863, -453.0
1574730270.217427, -453.0
1574730270.58975, -453.0
1574730270.991593, -453.0
1574730271.420256, -453.0
1574730271.43395, -453.0
1574730271.448622, -453.0
1574730271.462264, -453.0
1574730271.47664, -453.0
1574730271.882498, -453.0
1574730272.315351, -453.0
1574730272.703466, -453.0
1574730273.099488, -453.0
1574730273.113182, -453.0
1574730273.126762, -453.0
1574730273.141042, -453.0
1574730273.154705, -453.0
1574730273.169187, -453.0
1574730273.182914, -453.0
1574730273.573398, -453.0
1574730273.981868, -453.0
1574730274.392909, -453.0
1574730274.406625, -453.0
1574730274.420195, -453.0
1574730274.853498, -453.0
1574730275.290195, -453.0
1574730275.694967, -453.0
1574730276.094887, -453.0
1574730276.506128, -453.0
1574730276.519681, -453.0
1574730276.53325, -453.0
1574730276.546804, -453.0
1574730276.560284, -453.0
1574730276.57384, -453.0
1574730276.587343, -453.0
1574730276.600938, -453.0
1574730276.614434, -453.0
1574730276.627922, -453.0
1574730276.641382, -453.0
1574730276.654978, -453.0
1574730276.668469, -453.0
1574730276.681996, -453.0
1574730277.102176, -453.0
1574730277.115646, -453.0
1574730277.543859, -453.0
1574730277.981861, -453.0
1574730278.40214, -453.0
1574730278.416406, -453.0
1574730278.430644, -453.0
1574730278.444618, -453.0
1574730278.887765, -453.0
1574730278.901426, -453.0
1574730278.914928, -453.0
1574730278.928715, -453.0
1574730278.942825, -453.0
1574730278.957664, -453.0
1574730278.971397, -453.0
1574730278.985815, -453.0
1574730278.999522, -453.0
1574730279.013965, -453.0
1574730279.431205, -453.0
1574730279.445119, -453.0
1574730279.458653, -453.0
1574730279.472164, -453.0
1574730279.896926, -453.0
1574730280.296548, -453.0
1574730280.712746, -453.0
1574730280.726265, -453.0
1574730280.739851, -453.0
1574730280.753351, -453.0
1574730280.768023, -453.0
1574730280.781688, -453.0
1574730280.796194, -453.0
1574730280.809929, -453.0
1574730280.824309, -453.0
1574730281.256517, -453.0
1574730281.640469, -453.0
1574730282.068924, -453.0
1574730282.08253, -453.0
1574730282.096024, -453.0
1574730282.109522, -453.0
1574730282.123025, -453.0
1574730282.136571, -453.0
1574730282.150126, -453.0
1574730282.163655, -453.0
1574730282.177103, -453.0
1574730282.578194, -453.0
1574730282.592582, -453.0
1574730282.607045, -453.0
1574730282.620734, -453.0
1574730282.634362, -453.0
1574730282.648739, -453.0
1574730282.662472, -453.0
1574730282.676918, -453.0
1574730283.093266, -453.0
1574730283.515427, -453.0
1574730283.528988, -453.0
1574730283.916529, -453.0
1574730283.930205, -453.0
1574730283.944436, -453.0
1574730284.35555, -453.0
1574730284.760623, -453.0
1574730285.161995, -453.0
1574730285.558455, -453.0
1574730285.9682, -453.0
1574730285.981872, -453.0
1574730286.377046, -453.0
1574730286.392988, -453.0
1574730286.407428, -453.0
1574730286.421131, -453.0
1574730286.435483, -453.0
1574730286.868778, -453.0
1574730286.884654, -453.0
1574730287.292827, -453.0
1574730287.700201, -453.0
1574730288.138173, -453.0
1574730288.542053, -453.0
1574730288.972311, -453.0
1574730289.390031, -453.0
1574730289.798224, -453.0
1574730290.249382, -453.0
1574730290.265404, -453.0
1574730290.683373, -453.0
1574730290.698834, -453.0
1574730290.716155, -453.0
1574730290.732098, -453.0
1574730290.748351, -453.0
1574730290.763528, -453.0
1574730290.781074, -453.0
1574730290.794903, -453.0
1574730290.812965, -453.0
1574730290.826789, -453.0
1574730290.844391, -453.0
1574730290.858845, -453.0
1574730290.87417, -453.0
1574730290.889318, -453.0
1574730290.904799, -453.0
1574730290.920159, -453.0
1574730290.9356, -453.0
1574730291.367865, -453.0
1574730291.385838, -453.0
1574730291.849471, -453.0
1574730291.866292, -453.0
1574730291.880142, -453.0
1574730291.896987, -453.0
1574730291.910879, -453.0
1574730292.374667, -453.0
1574730292.390058, -453.0
1574730292.406981, -453.0
1574730292.422032, -453.0
1574730292.43755, -453.0
1574730292.452821, -453.0
1574730292.46826, -453.0
1574730292.483438, -453.0
1574730292.498906, -453.0
1574730292.514134, -453.0
1574730292.531482, -453.0
1574730292.545945, -453.0
1574730292.562771, -453.0
1574730292.576621, -453.0
1574730292.591917, -453.0
1574730257.917021, -453.0
1574730257.934063, -453.0
1574730257.953915, -453.0
1574730257.971527, -453.0
1574730257.988059, -453.0
1574730258.475443, -453.0
1574730258.907628, -453.0
1574730259.340543, -453.0
1574730259.748614, -453.0
1574730260.157481, -453.0
1574730260.171761, -453.0
1574730260.186708, -453.0
1574730260.201171, -453.0
1574730260.21488, -453.0
1574730260.229119, -453.0
1574730260.24288, -453.0
1574730260.256376, -453.0
1574730260.270778, -453.0
1574730260.284496, -453.0
1574730260.299072, -453.0
1574730260.314518, -453.0
1574730260.328347, -453.0
1574730260.343579, -453.0
1574730260.357508, -453.0
1574730260.891011, -453.0
1574730261.353559, -453.0
1574730261.829123, -453.0
1574730262.295184, -453.0
1574730262.754503, -453.0
1574730262.772791, -453.0
1574730262.789156, -453.0
1574730262.805158, -453.0
1574730262.822424, -453.0
1574730262.838138, -453.0
1574730262.855511, -453.0
1574730262.871845, -453.0
1574730262.890606, -453.0
1574730262.906401, -453.0
1574730262.922331, -453.0
1574730262.93872, -453.0
1574730262.954621, -453.0
1574730262.970317, -453.0
1574730262.985712, -453.0
1574730263.001191, -453.0
1574730263.016353, -453.0
1574730263.031757, -453.0
1574730263.046975, -453.0
1574730263.062418, -453.0
1574730263.076196, -453.0
1574730263.094677, -453.0
1574730263.108482, -453.0
1574730263.123718, -453.0
1574730263.570405, -453.0
1574730264.061062, -453.0
1574730264.56929, -453.0
1574730264.584733, -453.0
1574730264.601559, -453.0
1574730264.616914, -453.0
1574730264.632368, -453.0
1574730264.647676, -453.0
1574730264.663324, -453.0
1574730264.678487, -453.0
1574730264.695426, -453.0
1574730264.709213, -453.0
1574730264.724541, -453.0
1574730264.739744, -453.0
1574730264.755083, -453.0
1574730264.770597, -453.0
1574730264.786002, -453.0
1574730265.264778, -453.0
1574730265.701894, -453.0
1574730265.717263, -453.0
1574730265.735185, -453.0
1574730265.750611, -453.0
1574730265.76673, -453.0
1574730265.782555, -453.0
1574730265.798586, -453.0
1574730265.813819, -453.0
1574730265.83134, -453.0
1574730265.845168, -453.0
1574730266.322032, -453.0
1574730266.775214, -453.0
1574730267.238205, -453.0
1574730267.694066, -453.0
1574730267.707818, -453.0
1574730267.72289, -453.0
1574730267.738151, -453.0
1574730267.75358, -453.0
1574730267.768813, -453.0
1574730267.784231, -453.0
1574730267.799681, -453.0
1574730267.815427, -453.0
1574730267.830615, -453.0
1574730267.846249, -453.0
1574730267.861565, -453.0
1574730267.878453, -453.0
1574730267.892284, -453.0
1574730267.907535, -453.0
1574730267.922929, -453.0
1574730267.938903, -453.0
1574730267.955029, -453.0
1574730267.971466, -453.0
1574730267.987732, -453.0
1574730268.00423, -453.0
1574730268.020376, -453.0
1574730268.036793, -453.0
1574730268.053169, -453.0
1574730268.069558, -453.0
1574730268.085793, -453.0
1574730268.103664, -453.0
1574730268.120073, -453.0
1574730268.136261, -453.0
1574730268.152879, -453.0
1574730268.169209, -453.0
1574730268.185735, -453.0
1574730268.201945, -453.0
1574730268.218353, -453.0
1574730268.234615, -453.0
1574730268.251084, -453.0
1574730268.266793, -453.0
1574730268.803202, -453.0
1574730268.818579, -453.0
1574730268.836152, -453.0
1574730268.8515, -453.0
1574730268.867725, -453.0
1574730268.882941, -453.0
1574730268.899299, -453.0
1574730268.914636, -453.0
1574730268.932561, -453.0
1574730268.946491, -453.0
1574730268.964137, -453.0
1574730269.417329, -453.0
1574730269.906903, -453.0
1574730269.922683, -453.0
1574730269.940238, -453.0
1574730269.955936, -453.0
1574730269.971452, -453.0
1574730270.444259, -453.0
1574730270.978235, -453.0
1574730271.531264, -453.0
1574730271.5493, -453.0
1574730271.563161, -453.0
1574730271.579981, -453.0
1574730271.593794, -453.0
1574730271.609071, -453.0
1574730271.624333, -453.0
1574730272.079375, -453.0
1574730272.097224, -453.0
1574730272.11542, -453.0
1574730272.129316, -453.0
1574730272.148115, -453.0
1574730272.162062, -453.0
1574730272.180221, -453.0
1574730272.194137, -453.0
1574730272.212903, -453.0
1574730272.665218, -453.0
1574730272.681288, -453.0
1574730272.700156, -453.0
1574730272.715796, -453.0
1574730272.734477, -453.0
1574730273.191955, -453.0
1574730273.648757, -453.0
1574730274.112837, -453.0
1574730274.568179, -453.0
1574730275.099297, -453.0
1574730275.609278, -453.0
1574730276.137202, -453.0
1574730276.153397, -453.0
1574730276.631558, -453.0
1574730276.645341, -453.0
1574730276.662326, -453.0
1574730276.676133, -453.0
1574730276.691403, -453.0
1574730276.706699, -453.0
1574730276.721923, -453.0
1574730276.73736, -453.0
1574730276.754262, -453.0
1574730276.767971, -453.0
1574730276.784758, -453.0
1574730276.798619, -453.0
1574730276.815377, -453.0
1574730276.829245, -453.0
1574730276.845856, -453.0
1574730277.271317, -453.0
1574730277.287351, -453.0
1574730277.305359, -453.0
1574730277.747649, -453.0
1574730278.203083, -453.0
1574730278.219521, -453.0
1574730278.235331, -453.0
1574730278.252165, -453.0
1574730278.267999, -453.0
1574730278.286071, -453.0
1574730278.701092, -453.0
1574730279.171093, -453.0
1574730279.634265, -453.0
1574730279.649385, -453.0
1574730279.671465, -453.0
1574730279.685382, -453.0
1574730279.702094, -453.0
1574730279.715823, -453.0
1574730279.7325, -453.0
1574730279.749088, -453.0
1574730279.764169, -453.0
1574730279.779646, -453.0
1574730279.794725, -453.0
1574730279.810488, -453.0
1574730279.824281, -453.0
1574730279.841517, -453.0
1574730279.856678, -453.0
1574730280.28894, -453.0
1574730280.304783, -453.0
1574730280.321002, -453.0
1574730280.336748, -453.0
1574730280.354298, -453.0
1574730280.368086, -453.0
1574730280.38555, -453.0
1574730280.401574, -453.0
1574730280.822663, -453.0
1574730280.838513, -453.0
1574730280.854523, -453.0
1574730280.87017, -453.0
1574730280.885541, -453.0
1574730280.900678, -453.0
1574730280.9162, -453.0
1574730280.931303, -453.0
1574730280.946694, -453.0
1574730280.961845, -453.0
1574730281.423486, -453.0
1574730281.438645, -453.0
1574730281.454133, -453.0
1574730281.469334, -453.0
1574730281.486376, -453.0
1574730281.500182, -453.0
1574730281.516903, -453.0
1574730281.985019, -453.0
1574730282.409961, -453.0
1574730282.427855, -453.0
1574730282.898756, -453.0
1574730282.912644, -453.0
1574730283.379092, -453.0
1574730283.82248, -453.0
1574730283.838599, -453.0
1574730283.856895, -453.0
1574730284.319212, -453.0
1574730284.747539, -453.0
1574730285.156154, -453.0
1574730285.612756, -453.0
1574730286.042901, -453.0
1574730286.061768, -453.0
1574730257.928111, -453.0
1574730257.946885, -453.0
1574730257.963665, -453.0
1574730257.980361, -453.0
1574730257.995763, -453.0
1574730258.010634, -453.0
1574730258.571128, -453.0
1574730259.014076, -453.0
1574730259.42538, -453.0
1574730259.841712, -453.0
1574730259.855228, -453.0
1574730259.868646, -453.0
1574730259.882096, -453.0
1574730260.316682, -453.0
1574730260.330103, -453.0
1574730260.343564, -453.0
1574730260.357111, -453.0
1574730260.370556, -453.0
1574730260.775857, -453.0
1574730260.789363, -453.0
1574730260.802781, -453.0
1574730260.81623, -453.0
1574730260.829679, -453.0
1574730260.843147, -453.0
1574730260.856502, -453.0
1574730260.869893, -453.0
1574730260.883319, -453.0
1574730260.89683, -453.0
1574730260.910287, -453.0
1574730260.923846, -453.0
1574730260.937282, -453.0
1574730260.9507, -453.0
1574730260.964122, -453.0
1574730260.977588, -453.0
1574730261.371025, -453.0
1574730261.38543, -453.0
1574730261.398949, -453.0
1574730261.413335, -453.0
1574730261.426976, -453.0
1574730261.441794, -453.0
1574730261.45627, -453.0
1574730261.470807, -453.0
1574730261.486126, -453.0
1574730261.500462, -453.0
1574730261.515054, -453.0
1574730261.907232, -453.0
1574730262.332163, -453.0
1574730262.345778, -453.0
1574730262.35981, -453.0
1574730262.373605, -453.0
1574730262.388346, -453.0
1574730262.40201, -453.0
1574730262.828578, -453.0
1574730262.842116, -453.0
1574730262.855708, -453.0
1574730262.86936, -453.0
1574730262.883788, -453.0
1574730262.897392, -453.0
1574730262.912063, -453.0
1574730262.925648, -453.0
1574730262.939882, -453.0
1574730262.953461, -453.0
1574730262.967853, -453.0
1574730262.98174, -453.0
1574730262.996385, -453.0
1574730263.010515, -453.0
1574730263.024874, -453.0
1574730263.040077, -453.0
1574730263.054555, -453.0
1574730263.069893, -453.0
1574730263.084365, -453.0
1574730263.099618, -453.0
1574730263.114345, -453.0
1574730263.12988, -453.0
1574730263.144602, -453.0
1574730263.160221, -453.0
1574730263.175218, -453.0
1574730263.190866, -453.0
1574730263.205042, -453.0
1574730263.219368, -453.0
1574730263.232948, -453.0
1574730263.247207, -453.0
1574730263.260743, -453.0
1574730263.275094, -453.0
1574730263.679922, -453.0
1574730263.694339, -453.0
1574730263.708065, -453.0
1574730263.722225, -453.0
1574730263.735882, -453.0
1574730263.750394, -453.0
1574730263.764002, -453.0
1574730263.778492, -453.0
1574730263.792473, -453.0
1574730263.806883, -453.0
1574730263.820489, -453.0
1574730263.834862, -453.0
1574730263.848469, -453.0
1574730264.254752, -453.0
1574730264.26833, -453.0
1574730264.282096, -453.0
1574730264.295751, -453.0
1574730264.309403, -453.0
1574730264.324333, -453.0
1574730264.339571, -453.0
1574730264.355676, -453.0
1574730264.371039, -453.0
1574730264.387122, -453.0
1574730264.402439, -453.0
1574730264.418429, -453.0
1574730264.433705, -453.0
1574730264.449848, -453.0
1574730264.465292, -453.0
1574730264.481311, -453.0
1574730264.496652, -453.0
1574730264.511028, -453.0
1574730264.936147, -453.0
1574730264.9505, -453.0
1574730265.373346, -453.0
1574730265.796844, -453.0
1574730265.810253, -453.0
1574730265.823733, -453.0
1574730265.837184, -453.0
1574730265.850535, -453.0
1574730265.86399, -453.0
1574730265.877474, -453.0
1574730265.890837, -453.0
1574730265.904392, -453.0
1574730266.317798, -453.0
1574730266.331352, -453.0
1574730266.731926, -453.0
1574730266.745505, -453.0
1574730266.758996, -453.0
1574730266.772466, -453.0
1574730266.786051, -453.0
1574730266.799497, -453.0
1574730266.812948, -453.0
1574730267.207465, -453.0
1574730267.60135, -453.0
1574730267.614878, -453.0
1574730267.629044, -453.0
1574730267.642657, -453.0
1574730267.656264, -453.0
1574730267.670616, -453.0
1574730267.684215, -453.0
1574730267.698635, -453.0
1574730268.153567, -453.0
1574730268.60302, -453.0
1574730269.036553, -453.0
1574730269.050045, -453.0
1574730269.063414, -453.0
1574730269.077026, -453.0
1574730269.0907, -453.0
1574730269.5129, -453.0
1574730269.908439, -453.0
1574730270.353137, -453.0
1574730270.367489, -453.0
1574730270.381859, -453.0
1574730270.782698, -453.0
1574730270.796252, -453.0
1574730270.80967, -453.0
1574730271.199191, -453.0
1574730271.212725, -453.0
1574730271.226972, -453.0
1574730271.647648, -453.0
1574730271.661199, -453.0
1574730271.67467, -453.0
1574730271.688158, -453.0
1574730271.701581, -453.0
1574730271.715067, -453.0
1574730271.728565, -453.0
1574730271.742136, -453.0
1574730271.755508, -453.0
1574730271.768939, -453.0
1574730272.17753, -453.0
1574730272.595121, -453.0
1574730272.996055, -453.0
1574730273.013372, -453.0
1574730273.44532, -453.0
1574730273.462106, -453.0
1574730273.478205, -453.0
1574730273.491883, -453.0
1574730273.924414, -453.0
1574730274.317826, -453.0
1574730274.715483, -453.0
1574730274.730081, -453.0
1574730274.747479, -453.0
1574730274.762968, -453.0
1574730274.780678, -453.0
1574730274.795794, -453.0
1574730274.813214, -453.0
1574730274.828317, -453.0
1574730274.845356, -453.0
1574730274.860231, -453.0
1574730274.876064, -453.0
1574730274.889704, -453.0
1574730274.905467, -453.0
1574730275.33952, -453.0
1574730275.353038, -453.0
1574730275.366586, -453.0
1574730275.783758, -453.0
1574730276.209284, -453.0
1574730276.618956, -453.0
1574730277.031044, -453.0
1574730277.044585, -453.0
1574730277.469294, -453.0
1574730277.884482, -453.0
1574730278.313701, -453.0
1574730278.735979, -453.0
1574730278.749571, -453.0
1574730279.18433, -453.0
1574730279.197921, -453.0
1574730279.212254, -453.0
1574730279.227175, -453.0
1574730279.242095, -453.0
1574730279.2566, -453.0
1574730279.27173, -453.0
1574730279.286893, -453.0
1574730279.302994, -453.0
1574730279.318125, -453.0
1574730279.334215, -453.0
1574730279.349569, -453.0
1574730279.365724, -453.0
1574730279.381655, -453.0
1574730279.397136, -453.0
1574730279.413005, -453.0
1574730279.428244, -453.0
1574730279.44431, -453.0
1574730279.459663, -453.0
1574730279.475506, -453.0
1574730279.490546, -453.0
1574730279.5063, -453.0
1574730279.521405, -453.0
1574730279.537215, -453.0
1574730279.552296, -453.0
1574730279.568066, -453.0
1574730279.583054, -453.0
1574730279.598821, -453.0
1574730279.614031, -453.0
1574730279.629452, -453.0
1574730279.643011, -453.0
1574730279.657969, -453.0
1574730279.672889, -453.0
1574730279.688663, -453.0
1574730279.703805, -453.0
1574730279.719711, -453.0
1574730279.734999, -453.0
1574730279.75081, -453.0
1574730279.765854, -453.0
1574730279.781666, -453.0
1574730279.796836, -453.0
1574730257.956221, -453.0
1574730257.970363, -453.0
1574730257.983965, -453.0
1574730257.9975, -453.0
1574730258.011013, -453.0
1574730258.443637, -453.0
1574730258.858707, -453.0
1574730259.314224, -453.0
1574730259.723562, -453.0
1574730260.156393, -453.0
1574730260.171659, -453.0
1574730260.18785, -453.0
1574730260.202382, -453.0
1574730260.218465, -453.0
1574730260.233019, -453.0
1574730260.24911, -453.0
1574730260.263884, -453.0
1574730260.786314, -453.0
1574730260.800029, -453.0
1574730261.281405, -453.0
1574730261.728107, -453.0
1574730262.146565, -453.0
1574730262.553507, -453.0
1574730262.979703, -453.0
1574730263.400597, -453.0
1574730263.835064, -453.0
1574730263.848529, -453.0
1574730263.861997, -453.0
1574730263.875503, -453.0
1574730264.285067, -453.0
1574730264.299799, -453.0
1574730264.735842, -453.0
1574730265.128396, -453.0
1574730265.559655, -453.0
1574730265.573966, -453.0
1574730266.010293, -453.0
1574730266.024615, -453.0
1574730266.038993, -453.0
1574730266.052633, -453.0
1574730266.066248, -453.0
1574730266.080694, -453.0
1574730266.094337, -453.0
1574730266.108622, -453.0
1574730266.122182, -453.0
1574730266.136554, -453.0
1574730266.566425, -453.0
1574730266.952193, -453.0
1574730267.371249, -453.0
1574730267.385054, -453.0
1574730267.39958, -453.0
1574730267.413411, -453.0
1574730267.427932, -453.0
1574730267.441827, -453.0
1574730267.456334, -453.0
1574730267.470138, -453.0
1574730267.484691, -453.0
1574730267.885129, -453.0
1574730267.898596, -453.0
1574730267.91211, -453.0
1574730268.304661, -453.0
1574730268.712162, -453.0
1574730269.117843, -453.0
1574730269.5555, -453.0
1574730270.122389, -453.0
1574730270.136694, -453.0
1574730270.712171, -453.0
1574730270.72698, -453.0
1574730270.742347, -453.0
1574730270.756958, -453.0
1574730270.772346, -453.0
1574730270.787175, -453.0
1574730270.802623, -453.0
1574730270.817443, -453.0
1574730270.832158, -453.0
1574730270.845895, -453.0
1574730270.859475, -453.0
1574730270.873736, -453.0
1574730270.887362, -453.0
1574730270.901699, -453.0
1574730270.915245, -453.0
1574730270.92957, -453.0
1574730270.943108, -453.0
1574730270.957478, -453.0
1574730270.971078, -453.0
1574730270.985569, -453.0
1574730271.387956, -453.0
1574730271.797441, -453.0
1574730272.204, -453.0
1574730272.602991, -453.0
1574730273.02406, -453.0
1574730273.459899, -453.0
1574730273.872825, -453.0
1574730274.292053, -453.0
1574730274.307856, -453.0
1574730274.324336, -453.0
1574730274.338478, -453.0
1574730274.354223, -453.0
1574730274.367952, -453.0
1574730274.801716, -453.0
1574730275.207227, -453.0
1574730275.22155, -453.0
1574730275.235893, -453.0
1574730275.249566, -453.0
1574730275.672664, -453.0
1574730275.687024, -453.0
1574730276.08677, -453.0
1574730276.467052, -453.0
1574730276.900429, -453.0
1574730277.313367, -453.0
1574730277.326777, -453.0
1574730277.723976, -453.0
1574730277.738303, -453.0
1574730278.154334, -453.0
1574730278.168627, -453.0
1574730278.587114, -453.0
1574730279.036018, -453.0
1574730279.449829, -453.0
1574730279.839311, -453.0
1574730280.271428, -453.0
1574730280.700805, -453.0
1574730280.714263, -453.0
1574730280.728391, -453.0
1574730280.741998, -453.0
1574730280.755614, -453.0
1574730280.769194, -453.0
1574730281.1644, -453.0
1574730281.593625, -453.0
1574730281.999466, -453.0
1574730282.406253, -453.0
1574730282.814772, -453.0
1574730283.218547, -453.0
1574730283.232818, -453.0
1574730283.646664, -453.0
1574730284.07386, -453.0
1574730284.510101, -453.0
1574730284.926998, -453.0
1574730285.330344, -453.0
1574730285.34464, -453.0
1574730285.359828, -453.0
1574730285.374017, -453.0
1574730285.387415, -453.0
1574730285.400858, -453.0
1574730285.414351, -453.0
1574730285.427822, -453.0
1574730285.44125, -453.0
1574730285.454753, -453.0
1574730285.468164, -453.0
1574730285.481665, -453.0
1574730285.495108, -453.0
1574730285.508606, -453.0
1574730285.522071, -453.0
1574730285.535454, -453.0
1574730285.548971, -453.0
1574730285.562451, -453.0
1574730285.971341, -453.0
1574730285.985645, -453.0
1574730286.41457, -453.0
1574730286.427995, -453.0
1574730286.441365, -453.0
1574730286.4548, -453.0
1574730286.468178, -453.0
1574730286.481747, -453.0
1574730286.495228, -453.0
1574730286.887089, -453.0
1574730286.900554, -453.0
1574730286.91398, -453.0
1574730286.927372, -453.0
1574730286.940734, -453.0
1574730286.954121, -453.0
1574730286.967548, -453.0
1574730287.391401, -453.0
1574730287.405718, -453.0
1574730287.420094, -453.0
1574730287.433693, -453.0
1574730287.447331, -453.0
1574730287.461661, -453.0
1574730287.475248, -453.0
1574730287.489685, -453.0
1574730287.503344, -453.0
1574730287.517859, -453.0
1574730287.531507, -453.0
1574730287.545798, -453.0
1574730287.949844, -453.0
1574730288.334585, -453.0
1574730288.349024, -453.0
1574730288.36347, -453.0
1574730288.377124, -453.0
1574730288.820601, -453.0
1574730289.230648, -453.0
1574730289.629326, -453.0
1574730290.053288, -453.0
1574730290.066891, -453.0
1574730290.081293, -453.0
1574730290.095021, -453.0
1574730290.108673, -453.0
1574730290.123067, -453.0
1574730290.137528, -453.0
1574730290.55708, -453.0
1574730290.979464, -453.0
1574730291.612274, -453.0
1574730291.626144, -453.0
1574730291.64087, -453.0
1574730291.654916, -453.0
1574730291.669448, -453.0
1574730291.68407, -453.0
1574730291.697759, -453.0
1574730291.713052, -453.0
1574730291.727656, -453.0
1574730291.74298, -453.0
1574730291.75764, -453.0
1574730291.773011, -453.0
1574730291.787585, -453.0
1574730291.802995, -453.0
1574730291.817579, -453.0
1574730291.832912, -453.0
1574730291.846538, -453.0
1574730292.247209, -453.0
1574730292.261547, -453.0
1574730292.275391, -453.0
1574730292.289537, -453.0
1574730292.30473, -453.0
1574730292.31876, -453.0
1574730292.745493, -453.0
1574730293.178837, -453.0
1574730293.584766, -453.0
1574730293.599187, -453.0
1574730293.612761, -453.0
1574730293.627227, -453.0
1574730293.640784, -453.0
1574730293.654398, -453.0
1574730294.087969, -453.0
1574730294.49399, -453.0
1574730294.907573, -453.0
1574730294.921096, -453.0
1574730295.31596, -453.0
1574730295.744707, -453.0
1574730296.235719, -453.0
1574730296.649007, -453.0
1574730296.662659, -453.0
1574730297.067559, -453.0
1574730297.081178, -453.0
1574730297.09489, -453.0
1574730297.108381, -453.0
1574730297.121929, -453.0
1574730297.135769, -453.0
1574730297.149579, -453.0
1574730297.16418, -453.0
1574730297.178022, -453.0
1574730297.192376, -453.0
1574730297.206168, -453.0
1574730279.831976, -453.0
1574730279.84651, -453.0
1574730280.250972, -453.0
1574730280.667744, -453.0
1574730280.682075, -453.0
1574730280.696409, -453.0
1574730280.710027, -453.0
1574730280.723628, -453.0
1574730280.73812, -453.0
1574730280.751778, -453.0
1574730280.766051, -453.0
1574730280.78001, -453.0
1574730280.794133, -453.0
1574730280.808503, -453.0
1574730280.822664, -453.0
1574730280.836876, -453.0
1574730280.851167, -453.0
1574730280.865313, -453.0
1574730280.879361, -453.0
1574730280.893257, -453.0
1574730280.907161, -453.0
1574730280.921101, -453.0
1574730280.934826, -453.0
1574730281.352977, -453.0
1574730281.367347, -453.0
1574730281.381557, -453.0
1574730281.39525, -453.0
1574730281.408955, -453.0
1574730281.42338, -453.0
1574730281.853744, -453.0
1574730281.868114, -453.0
1574730281.882886, -453.0
1574730281.897089, -453.0
1574730281.912247, -453.0
1574730281.926464, -453.0
1574730281.941493, -453.0
1574730281.955989, -453.0
1574730281.970438, -453.0
1574730281.986251, -453.0
1574730282.000551, -453.0
1574730282.016277, -453.0
1574730282.030697, -453.0
1574730282.045618, -453.0
1574730282.687906, -453.0
1574730282.701692, -453.0
1574730282.715431, -453.0
1574730282.729229, -453.0
1574730282.74309, -453.0
1574730282.75728, -453.0
1574730282.771702, -453.0
1574730282.786117, -453.0
1574730282.800553, -453.0
1574730282.8148, -453.0
1574730282.82893, -453.0
1574730282.843123, -453.0
1574730282.857266, -453.0
1574730282.871348, -453.0
1574730282.885001, -453.0
1574730283.312533, -453.0
1574730283.326876, -453.0
1574730283.341257, -453.0
1574730283.354902, -453.0
1574730283.368546, -453.0
1574730283.382883, -453.0
1574730283.396419, -453.0
1574730283.410677, -453.0
1574730283.424435, -453.0
1574730283.43896, -453.0
1574730283.452816, -453.0
1574730283.467453, -453.0
1574730283.481369, -453.0
1574730283.495962, -453.0
1574730283.50983, -453.0
1574730283.524409, -453.0
1574730283.538374, -453.0
1574730283.552171, -453.0
1574730283.566725, -453.0
1574730284.06464, -453.0
1574730284.494484, -453.0
1574730284.907929, -453.0
1574730285.315478, -453.0
1574730285.329762, -453.0
1574730285.343495, -453.0
1574730285.357686, -453.0
1574730285.371256, -453.0
1574730285.385608, -453.0
1574730285.399251, -453.0
1574730285.413589, -453.0
1574730285.427195, -453.0
1574730285.441487, -453.0
1574730285.455101, -453.0
1574730285.469437, -453.0
1574730285.483058, -453.0
1574730285.497418, -453.0
1574730285.51092, -453.0
1574730285.52444, -453.0
1574730285.538755, -453.0
1574730285.552332, -453.0
1574730285.566612, -453.0
1574730285.580131, -453.0
1574730285.594521, -453.0
1574730285.608069, -453.0
1574730286.028046, -453.0
1574730286.042374, -453.0
1574730286.470404, -453.0
1574730286.886931, -453.0
1574730287.287484, -453.0
1574730287.661507, -453.0
1574730288.044625, -453.0
1574730288.439629, -453.0
1574730288.453887, -453.0
1574730288.468214, -453.0
1574730288.875385, -453.0
1574730289.272436, -453.0
1574730289.698569, -453.0
1574730289.712008, -453.0
1574730289.725947, -453.0
1574730289.739369, -453.0
1574730289.752824, -453.0
1574730289.76633, -453.0
1574730289.779808, -453.0
1574730290.202922, -453.0
1574730290.21644, -453.0
1574730290.229907, -453.0
1574730290.243398, -453.0
1574730290.256902, -453.0
1574730290.270218, -453.0
1574730290.283651, -453.0
1574730290.683867, -453.0
1574730291.086873, -453.0
1574730291.504304, -453.0
1574730291.517785, -453.0
1574730291.532002, -453.0
1574730291.545622, -453.0
1574730291.960305, -453.0
1574730291.97383, -453.0
1574730291.987427, -453.0
1574730292.00098, -453.0
1574730292.014516, -453.0
1574730292.028056, -453.0
1574730292.041607, -453.0
1574730292.055091, -453.0
1574730292.068597, -453.0
1574730292.082089, -453.0
1574730292.095653, -453.0
1574730292.109159, -453.0
1574730292.122726, -453.0
1574730292.136191, -453.0
1574730292.149762, -453.0
1574730292.163288, -453.0
1574730292.176831, -453.0
1574730292.190339, -453.0
1574730292.662781, -453.0
1574730292.676228, -453.0
1574730292.689768, -453.0
1574730292.703197, -453.0
1574730293.09946, -453.0
1574730293.113001, -453.0
1574730293.506823, -453.0
1574730293.908719, -453.0
1574730294.321639, -453.0
1574730294.33502, -453.0
1574730294.348511, -453.0
1574730294.361924, -453.0
1574730294.375282, -453.0
1574730294.388783, -453.0
1574730294.403177, -453.0
1574730294.838816, -453.0
1574730294.852441, -453.0
1574730294.865994, -453.0
1574730294.879707, -453.0
1574730294.893338, -453.0
1574730294.907811, -453.0
1574730294.922134, -453.0
1574730294.937308, -453.0
1574730294.951611, -453.0
1574730294.966534, -453.0
1574730294.980108, -453.0
1574730295.43474, -453.0
1574730295.863813, -453.0
1574730296.300637, -453.0
1574730296.314653, -453.0
1574730296.328749, -453.0
1574730296.342905, -453.0
1574730296.356609, -453.0
1574730296.371326, -453.0
1574730296.385008, -453.0
1574730296.39943, -453.0
1574730296.821322, -453.0
1574730296.835688, -453.0
1574730297.274926, -453.0
1574730297.288456, -453.0
1574730297.301929, -453.0
1574730297.3154, -453.0
1574730297.32887, -453.0
1574730297.342281, -453.0
1574730297.355836, -453.0
1574730297.369325, -453.0
1574730297.382787, -453.0
1574730297.396303, -453.0
1574730297.409746, -453.0
1574730297.423272, -453.0
1574730297.43685, -453.0
1574730297.450574, -453.0
1574730297.464511, -453.0
1574730297.479335, -453.0
1574730297.493341, -453.0
1574730297.507842, -453.0
1574730297.521776, -453.0
1574730297.535403, -453.0
1574730297.549914, -453.0
1574730297.563752, -453.0
1574730297.577491, -453.0
1574730297.591414, -453.0
1574730297.605669, -453.0
1574730297.61995, -453.0
1574730297.634463, -453.0
1574730297.648974, -453.0
1574730297.663345, -453.0
1574730297.677893, -453.0
1574730297.692227, -453.0
1574730297.706609, -453.0
1574730297.721065, -453.0
1574730297.735704, -453.0
1574730297.750405, -453.0
1574730297.765155, -453.0
1574730297.779942, -453.0
1574730297.7949, -453.0
1574730297.80996, -453.0
1574730297.825131, -453.0
1574730297.840343, -453.0
1574730297.855553, -453.0
1574730297.870755, -453.0
1574730297.885927, -453.0
1574730297.901112, -453.0
1574730297.916289, -453.0
1574730297.930698, -453.0
1574730297.94507, -453.0
1574730298.30667, -453.0
1574730298.320214, -453.0
1574730298.741598, -453.0
1574730299.161468, -453.0
1574730299.569644, -453.0
1574730300.056473, -453.0
1574730300.484572, -453.0
1574730300.899994, -453.0
1574730301.28678, -453.0
1574730301.677444, -453.0
1574730302.089274, -453.0
1574730302.103569, -453.0
1574730286.501419, -453.0
1574730286.925047, -453.0
1574730287.410987, -453.0
1574730287.894996, -453.0
1574730288.350502, -453.0
1574730288.790518, -453.0
1574730289.237701, -453.0
1574730289.684939, -453.0
1574730290.102794, -453.0
1574730290.572086, -453.0
1574730290.974577, -453.0
1574730291.407068, -453.0
1574730291.888836, -453.0
1574730292.418897, -453.0
1574730292.950363, -453.0
1574730293.546788, -453.0
1574730294.114317, -453.0
1574730294.686376, -453.0
1574730295.30955, -453.0
1574730295.796191, -453.0
1574730296.204617, -453.0
1574730296.611986, -453.0
1574730297.002645, -453.0
1574730297.569096, -453.0
1574730298.159176, -453.0
1574730298.752568, -453.0
1574730299.319553, -453.0
1574730299.927307, -453.0
1574730300.543466, -453.0
1574730300.967638, -453.0
1574730301.464495, -453.0
1574730302.005528, -453.0
1574730302.434454, -453.0
1574730302.834114, -453.0
1574730303.289071, -453.0
1574730303.303913, -453.0
1574730303.318977, -453.0
1574730303.334005, -453.0
1574730303.34907, -453.0
1574730303.363853, -453.0
1574730303.379682, -453.0
1574730303.39492, -453.0
1574730303.41088, -453.0
1574730303.425954, -453.0
1574730303.44204, -453.0
1574730303.456234, -453.0
1574730303.471949, -453.0
1574730303.487047, -453.0
1574730303.502824, -453.0
1574730303.518013, -453.0
1574730303.534001, -453.0
1574730303.549078, -453.0
1574730303.564883, -453.0
1574730303.580073, -453.0
1574730303.595958, -453.0
1574730303.611103, -453.0
1574730303.627052, -453.0
1574730303.642173, -453.0
1574730303.658003, -453.0
1574730304.123455, -453.0
1574730304.521893, -453.0
1574730304.931482, -453.0
1574730305.32687, -453.0
1574730305.71949, -453.0
1574730306.149554, -453.0
1574730306.532306, -453.0
1574730306.927507, -453.0
1574730306.941602, -453.0
1574730307.348606, -453.0
1574730307.78406, -453.0
1574730308.21722, -453.0
1574730308.659374, -453.0
1574730309.100584, -453.0
1574730309.557049, -453.0
1574730309.570662, -453.0
1574730309.585129, -453.0
1574730309.598823, -453.0
1574730309.612404, -453.0
1574730309.626743, -453.0
1574730309.640474, -453.0
1574730309.654928, -453.0
1574730309.66854, -453.0
1574730309.683001, -453.0
1574730310.13815, -453.0
1574730310.536414, -453.0
1574730310.914348, -453.0
1574730311.291423, -453.0
1574730311.305568, -453.0
1574730311.748691, -453.0
1574730311.763904, -453.0
1574730311.779064, -453.0
1574730311.794126, -453.0
1574730311.808928, -453.0
1574730312.215242, -453.0
1574730312.628649, -453.0
1574730313.05908, -453.0
1574730313.49306, -453.0
1574730313.910499, -453.0
1574730314.343988, -453.0
1574730314.769857, -453.0
1574730315.201268, -453.0
1574730315.612489, -453.0
1574730316.052047, -453.0
1574730316.471951, -453.0
1574730316.868068, -453.0
1574730317.291777, -453.0
1574730317.674061, -453.0
1574730317.687672, -453.0
1574730317.70124, -453.0
1574730317.714817, -453.0
1574730317.728407, -453.0
1574730317.741992, -453.0
1574730317.755595, -453.0
1574730317.769106, -453.0
1574730317.782777, -453.0
1574730318.154694, -453.0
1574730318.572768, -453.0
1574730318.974709, -453.0
1574730318.989021, -453.0
1574730319.00374, -453.0
1574730319.018097, -453.0
1574730319.032722, -453.0
1574730319.435973, -453.0
1574730319.449773, -453.0
1574730319.867134, -453.0
1574730319.880687, -453.0
1574730320.287909, -453.0
1574730320.30223, -453.0
1574730320.316622, -453.0
1574730320.709889, -453.0
1574730321.092268, -453.0
1574730321.105779, -453.0
1574730321.119295, -453.0
1574730321.132738, -453.0
1574730321.146134, -453.0
1574730321.159647, -453.0
1574730321.536837, -453.0
1574730321.550523, -453.0
1574730321.564095, -453.0
1574730321.577823, -453.0
1574730322.000362, -453.0
1574730322.013821, -453.0
1574730322.027416, -453.0
1574730322.041536, -453.0
1574730322.055056, -453.0
1574730322.069515, -453.0
1574730322.083078, -453.0
1574730322.097491, -453.0
1574730322.11114, -453.0
1574730322.125516, -453.0
1574730322.139125, -453.0
1574730322.153564, -453.0
1574730322.167196, -453.0
1574730322.181519, -453.0
1574730322.596545, -453.0
1574730323.020536, -453.0
1574730323.432973, -453.0
1574730323.823696, -453.0
1574730323.837311, -453.0
1574730323.850983, -453.0
1574730323.86448, -453.0
1574730323.878055, -453.0
1574730323.891569, -453.0
1574730323.905034, -453.0
1574730323.918654, -453.0
1574730323.93218, -453.0
1574730323.946344, -453.0
1574730323.959873, -453.0
1574730323.973384, -453.0
1574730323.986924, -453.0
1574730324.000487, -453.0
1574730324.014111, -453.0
1574730324.028126, -453.0
1574730324.042272, -453.0
1574730324.056165, -453.0
1574730324.070153, -453.0
1574730324.083983, -453.0
1574730324.097608, -453.0
1574730324.512806, -453.0
1574730324.920665, -453.0
1574730325.334429, -453.0
1574730325.723718, -453.0
1574730326.16989, -453.0
1574730326.791347, -453.0
1574730326.806905, -453.0
1574730326.824127, -453.0
1574730327.425791, -453.0
1574730328.015745, -453.0
1574730328.029285, -453.0
1574730328.042616, -453.0
1574730328.056073, -453.0
1574730328.503006, -453.0
1574730328.517342, -453.0
1574730328.531719, -453.0
1574730328.545418, -453.0
1574730328.959021, -453.0
1574730328.972585, -453.0
1574730328.986159, -453.0
1574730328.999591, -453.0
1574730329.401714, -453.0
1574730329.808462, -453.0
1574730330.210472, -453.0
1574730330.61977, -453.0
1574730331.024445, -453.0
1574730331.03874, -453.0
1574730331.439702, -453.0
1574730331.875652, -453.0
1574730332.297974, -453.0
1574730332.736314, -453.0
1574730333.150753, -453.0
1574730333.571876, -453.0
1574730333.976363, -453.0
1574730333.990686, -453.0
1574730334.005029, -453.0
1574730334.018621, -453.0
1574730334.032321, -453.0
1574730334.046748, -453.0
1574730334.060436, -453.0
1574730334.074813, -453.0
1574730334.088386, -453.0
1574730334.103476, -453.0
1574730334.117911, -453.0
1574730334.133048, -453.0
1574730334.147198, -453.0
1574730334.16229, -453.0
1574730334.17653, -453.0
1574730334.192653, -453.0
1574730334.208048, -453.0
1574730334.223392, -453.0
1574730334.23808, -453.0
1574730334.253895, -453.0
1574730334.268957, -453.0
1574730334.284801, -453.0
1574730334.300076, -453.0
1574730334.316148, -453.0
1574730334.331458, -453.0
1574730334.347481, -453.0
1574730334.362609, -453.0
1574730334.37865, -453.0
1574730334.39404, -453.0
1574730334.410046, -453.0
1574730334.425502, -453.0
1574730334.44016, -453.0
1574730334.453854, -453.0
1574730334.865736, -453.0
1574730335.300878, -453.0
1574730335.315217, -453.0
1574730335.745064, -453.0
1574730336.162586, -453.0
1574730336.176265, -453.0
1574730292.620582, -453.0
1574730292.635809, -453.0
1574730292.651243, -453.0
1574730292.666482, -453.0
1574730292.682679, -453.0
1574730292.698896, -453.0
1574730292.715655, -453.0
1574730292.732236, -453.0
1574730292.750681, -453.0
1574730292.765867, -453.0
1574730292.784058, -453.0
1574730292.799289, -453.0
1574730292.817502, -453.0
1574730292.834359, -453.0
1574730292.849553, -453.0
1574730292.865051, -453.0
1574730292.880149, -453.0
1574730292.895649, -453.0
1574730292.909317, -453.0
1574730293.3668, -453.0
1574730293.830804, -453.0
1574730294.274339, -453.0
1574730294.706287, -453.0
1574730295.160201, -453.0
1574730295.59181, -453.0
1574730295.607969, -453.0
1574730295.627629, -453.0
1574730295.642153, -453.0
1574730296.1092, -453.0
1574730296.126881, -453.0
1574730296.145719, -453.0
1574730296.586465, -453.0
1574730297.04199, -453.0
1574730297.058062, -453.0
1574730297.552, -453.0
1574730298.040285, -453.0
1574730298.486823, -453.0
1574730298.914566, -453.0
1574730299.390564, -453.0
1574730299.818839, -453.0
1574730299.83667, -453.0
1574730299.853574, -453.0
1574730299.868785, -453.0
1574730299.885695, -453.0
1574730299.902139, -453.0
1574730299.91927, -453.0
1574730299.935802, -453.0
1574730299.953675, -453.0
1574730299.967987, -453.0
1574730299.98509, -453.0
1574730299.999054, -453.0
1574730300.018754, -453.0
1574730300.427278, -453.0
1574730300.853839, -453.0
1574730301.311481, -453.0
1574730301.747382, -453.0
1574730301.761778, -453.0
1574730302.192051, -453.0
1574730302.207982, -453.0
1574730302.653439, -453.0
1574730303.10111, -453.0
1574730303.522493, -453.0
1574730304.01034, -453.0
1574730304.469948, -453.0
1574730304.907246, -453.0
1574730305.368617, -453.0
1574730305.798599, -453.0
1574730306.271548, -453.0
1574730306.744216, -453.0
1574730306.760956, -453.0
1574730306.777938, -453.0
1574730307.239096, -453.0
1574730307.254473, -453.0
1574730307.675636, -453.0
1574730308.152091, -453.0
1574730308.600476, -453.0
1574730309.048302, -453.0
1574730309.525445, -453.0
1574730309.96955, -453.0
1574730310.482526, -453.0
1574730311.042555, -453.0
1574730311.531469, -453.0
1574730311.990036, -453.0
1574730312.446791, -453.0
1574730313.018727, -453.0
1574730313.62972, -453.0
1574730314.075529, -453.0
1574730314.508715, -453.0
1574730314.934844, -453.0
1574730315.386926, -453.0
1574730315.85555, -453.0
1574730316.300062, -453.0
1574730316.747868, -453.0
1574730317.173321, -453.0
1574730317.188609, -453.0
1574730317.203877, -453.0
1574730317.219402, -453.0
1574730317.623517, -453.0
1574730318.069574, -453.0
1574730318.518098, -453.0
1574730318.969213, -453.0
1574730319.445902, -453.0
1574730319.921486, -453.0
1574730319.937715, -453.0
1574730320.407634, -453.0
1574730320.878765, -453.0
1574730320.89639, -453.0
1574730320.914652, -453.0
1574730320.928623, -453.0
1574730321.421565, -453.0
1574730321.437822, -453.0
1574730321.455901, -453.0
1574730321.893285, -453.0
1574730322.385255, -453.0
1574730322.820334, -453.0
1574730323.282613, -453.0
1574730323.725885, -453.0
1574730323.741948, -453.0
1574730324.228394, -453.0
1574730324.679589, -453.0
1574730324.6933, -453.0
1574730324.711552, -453.0
1574730324.725496, -453.0
1574730324.742349, -453.0
1574730325.177486, -453.0
1574730325.194394, -453.0
1574730325.211989, -453.0
1574730325.225833, -453.0
1574730325.241854, -453.0
1574730325.257227, -453.0
1574730325.273292, -453.0
1574730325.715781, -453.0
1574730325.729901, -453.0
1574730325.745155, -453.0
1574730325.758809, -453.0
1574730326.203636, -453.0
1574730326.218482, -453.0
1574730326.232866, -453.0
1574730326.247088, -453.0
1574730326.261399, -453.0
1574730326.27674, -453.0
1574730326.291364, -453.0
1574730326.305511, -453.0
1574730326.319759, -453.0
1574730326.334571, -453.0
1574730326.348185, -453.0
1574730326.793884, -453.0
1574730327.217445, -453.0
1574730327.667531, -453.0
1574730328.115873, -453.0
1574730328.131221, -453.0
1574730328.148094, -453.0
1574730328.16343, -453.0
1574730328.180391, -453.0
1574730328.638742, -453.0
1574730328.65411, -453.0
1574730328.671526, -453.0
1574730328.686971, -453.0
1574730329.138171, -453.0
1574730329.591767, -453.0
1574730329.611989, -453.0
1574730329.625864, -453.0
1574730330.063488, -453.0
1574730330.079576, -453.0
1574730330.541497, -453.0
1574730330.55687, -453.0
1574730330.577132, -453.0
1574730331.021137, -453.0
1574730331.503852, -453.0
1574730331.519861, -453.0
1574730331.537318, -453.0
1574730331.988006, -453.0
1574730332.428458, -453.0
1574730332.870383, -453.0
1574730333.324136, -453.0
1574730333.340225, -453.0
1574730333.812931, -453.0
1574730333.828366, -453.0
1574730334.244584, -453.0
1574730334.704521, -453.0
1574730335.185591, -453.0
1574730335.637619, -453.0
1574730335.65373, -453.0
1574730336.144944, -453.0
1574730336.163345, -453.0
1574730336.181737, -453.0
1574730336.195667, -453.0
1574730336.209329, -453.0
1574730336.224053, -453.0
1574730336.657803, -453.0
1574730336.672452, -453.0
1574730337.080437, -453.0
1574730337.094045, -453.0
1574730337.108302, -453.0
1574730337.12305, -453.0
1574730337.137154, -453.0
1574730337.550653, -453.0
1574730337.965599, -453.0
1574730338.368844, -453.0
1574730338.775741, -453.0
1574730339.201858, -453.0
1574730339.216551, -453.0
1574730339.231171, -453.0
1574730339.244834, -453.0
1574730339.635165, -453.0
1574730340.029416, -453.0
1574730340.440597, -453.0
1574730340.829233, -453.0
1574730341.231936, -453.0
1574730341.654672, -453.0
1574730342.081693, -453.0
1574730342.51965, -453.0
1574730342.934656, -453.0
1574730343.354633, -453.0
1574730343.757314, -453.0
1574730344.189087, -453.0
1574730344.202979, -453.0
1574730344.598831, -453.0
1574730345.025062, -453.0
1574730345.447795, -453.0
1574730345.885996, -453.0
1574730345.899564, -453.0
1574730345.913153, -453.0
1574730346.320383, -453.0
1574730346.731606, -453.0
1574730347.126971, -453.0
1574730347.142184, -453.0
1574730347.156901, -453.0
1574730347.170491, -453.0
1574730347.184602, -453.0
1574730347.199713, -453.0
1574730347.607186, -453.0
1574730348.036287, -453.0
1574730348.436575, -453.0
1574730348.848421, -453.0
1574730349.268466, -453.0
1574730349.282033, -453.0
1574730349.706241, -453.0
1574730350.115745, -453.0
1574730350.506283, -453.0
1574730350.519928, -453.0
1574730350.938496, -453.0
1574730351.327807, -453.0
1574730351.7431, -453.0
1574730352.163038, -453.0
1574730352.591068, -453.0
1574730353.020211, -453.0
1574730353.461001, -453.0
1574730353.474664, -453.0
1574730353.488526, -453.0
1574730297.24115, -453.0
1574730297.645462, -453.0
1574730298.094398, -453.0
1574730298.109183, -453.0
1574730298.124015, -453.0
1574730298.138785, -453.0
1574730298.621327, -453.0
1574730299.021034, -453.0
1574730299.441096, -453.0
1574730299.455006, -453.0
1574730299.918359, -453.0
1574730299.932263, -453.0
1574730299.946183, -453.0
1574730299.959896, -453.0
1574730300.395762, -453.0
1574730300.849797, -453.0
1574730301.259222, -453.0
1574730301.696953, -453.0
1574730301.710748, -453.0
1574730302.303382, -453.0
1574730302.317246, -453.0
1574730302.928506, -453.0
1574730303.421727, -453.0
1574730304.008957, -453.0
1574730304.022801, -453.0
1574730304.036643, -453.0
1574730304.050592, -453.0
1574730304.064489, -453.0
1574730304.616951, -453.0
1574730304.630609, -453.0
1574730305.054563, -453.0
1574730305.551382, -453.0
1574730306.075475, -453.0
1574730306.57292, -453.0
1574730307.121258, -453.0
1574730307.135152, -453.0
1574730307.149121, -453.0
1574730307.719561, -453.0
1574730308.186853, -453.0
1574730308.200381, -453.0
1574730308.21384, -453.0
1574730308.227413, -453.0
1574730308.240934, -453.0
1574730308.25444, -453.0
1574730308.267907, -453.0
1574730308.281425, -453.0
1574730308.294979, -453.0
1574730308.699787, -453.0
1574730309.128691, -453.0
1574730309.551795, -453.0
1574730309.961767, -453.0
1574730309.975311, -453.0
1574730310.402212, -453.0
1574730310.821631, -453.0
1574730310.835167, -453.0
1574730311.217654, -453.0
1574730311.231266, -453.0
1574730311.245309, -453.0
1574730311.639147, -453.0
1574730311.653043, -453.0
1574730311.667569, -453.0
1574730311.682463, -453.0
1574730311.696982, -453.0
1574730311.711579, -453.0
1574730311.726207, -453.0
1574730311.740413, -453.0
1574730311.75423, -453.0
1574730312.186878, -453.0
1574730312.613065, -453.0
1574730312.627348, -453.0
1574730312.641271, -453.0
1574730312.655376, -453.0
1574730312.669047, -453.0
1574730312.683959, -453.0
1574730312.697569, -453.0
1574730312.712508, -453.0
1574730312.726233, -453.0
1574730313.141679, -453.0
1574730313.15603, -453.0
1574730313.581258, -453.0
1574730313.595492, -453.0
1574730314.029511, -453.0
1574730314.465994, -453.0
1574730314.480374, -453.0
1574730314.494835, -453.0
1574730314.508499, -453.0
1574730314.522253, -453.0
1574730314.537303, -453.0
1574730314.551039, -453.0
1574730314.950436, -453.0
1574730314.963921, -453.0
1574730314.977454, -453.0
1574730314.990948, -453.0
1574730315.00448, -453.0
1574730315.018021, -453.0
1574730315.031532, -453.0
1574730315.421456, -453.0
1574730315.434973, -453.0
1574730315.449369, -453.0
1574730315.46302, -453.0
1574730315.477428, -453.0
1574730315.491107, -453.0
1574730315.506115, -453.0
1574730315.521176, -453.0
1574730315.537134, -453.0
1574730315.552405, -453.0
1574730315.568394, -453.0
1574730315.583552, -453.0
1574730315.598693, -453.0
1574730315.996348, -453.0
1574730316.407149, -453.0
1574730316.809571, -453.0
1574730316.824158, -453.0
1574730316.84006, -453.0
1574730316.855315, -453.0
1574730316.871284, -453.0
1574730316.886467, -453.0
1574730316.902391, -453.0
1574730316.917467, -453.0
1574730316.933383, -453.0
1574730316.94775, -453.0
1574730316.96275, -453.0
1574730317.369912, -453.0
1574730317.383602, -453.0
1574730317.798287, -453.0
1574730317.81183, -453.0
1574730318.232539, -453.0
1574730318.636888, -453.0
1574730319.064698, -453.0
1574730319.078302, -453.0
1574730319.091791, -453.0
1574730319.105328, -453.0
1574730319.118733, -453.0
1574730319.549097, -453.0
1574730319.974464, -453.0
1574730320.372198, -453.0
1574730320.769411, -453.0
1574730321.187524, -453.0
1574730321.201034, -453.0
1574730321.215369, -453.0
1574730321.228964, -453.0
1574730321.243313, -453.0
1574730321.665045, -453.0
1574730322.062835, -453.0
1574730322.489096, -453.0
1574730322.901401, -453.0
1574730323.307025, -453.0
1574730323.320441, -453.0
1574730323.3339, -453.0
1574730323.347411, -453.0
1574730323.361058, -453.0
1574730323.374755, -453.0
1574730323.388426, -453.0
1574730323.401958, -453.0
1574730323.415566, -453.0
1574730323.429146, -453.0
1574730323.442887, -453.0
1574730323.456362, -453.0
1574730323.855828, -453.0
1574730324.262184, -453.0
1574730324.275728, -453.0
1574730324.289295, -453.0
1574730324.302924, -453.0
1574730324.316564, -453.0
1574730324.330223, -453.0
1574730324.343934, -453.0
1574730324.357647, -453.0
1574730324.371423, -453.0
1574730324.385196, -453.0
1574730324.883366, -453.0
1574730324.896982, -453.0
1574730324.9105, -453.0
1574730324.924656, -453.0
1574730324.938377, -453.0
1574730324.952807, -453.0
1574730324.96678, -453.0
1574730324.981218, -453.0
1574730324.994926, -453.0
1574730325.009479, -453.0
1574730325.023305, -453.0
1574730325.037677, -453.0
1574730325.051284, -453.0
1574730325.465116, -453.0
1574730325.873681, -453.0
1574730325.887199, -453.0
1574730325.901353, -453.0
1574730326.308537, -453.0
1574730326.321972, -453.0
1574730326.335367, -453.0
1574730326.348762, -453.0
1574730326.362248, -453.0
1574730326.375761, -453.0
1574730326.389184, -453.0
1574730326.825243, -453.0
1574730326.838739, -453.0
1574730326.852183, -453.0
1574730326.86574, -453.0
1574730326.879258, -453.0
1574730326.892706, -453.0
1574730326.906267, -453.0
1574730326.919783, -453.0
1574730326.933322, -453.0
1574730326.946817, -453.0
1574730326.960361, -453.0
1574730326.973807, -453.0
1574730327.374263, -453.0
1574730327.387744, -453.0
1574730327.401228, -453.0
1574730327.41464, -453.0
1574730327.427988, -453.0
1574730327.441543, -453.0
1574730327.455038, -453.0
1574730327.468581, -453.0
1574730327.482141, -453.0
1574730327.495599, -453.0
1574730327.50903, -453.0
1574730327.919851, -453.0
1574730328.307847, -453.0
1574730328.691783, -453.0
1574730329.136039, -453.0
1574730329.573011, -453.0
1574730330.007979, -453.0
1574730330.022386, -453.0
1574730330.036015, -453.0
1574730330.437997, -453.0
1574730330.452375, -453.0
1574730330.865745, -453.0
1574730330.880162, -453.0
1574730330.893932, -453.0
1574730331.304409, -453.0
1574730331.318671, -453.0
1574730331.332961, -453.0
1574730331.751451, -453.0
1574730331.765057, -453.0
1574730332.1919, -453.0
1574730332.590356, -453.0
1574730332.604735, -453.0
1574730333.012109, -453.0
1574730333.416436, -453.0
1574730333.816163, -453.0
1574730334.2263, -453.0
1574730334.239861, -453.0
1574730334.648127, -453.0
1574730335.077945, -453.0
1574730335.516107, -453.0
1574730335.530472, -453.0
1574730335.925211, -453.0
1574730336.354855, -453.0
1574730336.368292, -453.0
1574730336.804919, -453.0
1574730302.68774, -453.0
1574730302.702648, -453.0
1574730302.71779, -453.0
1574730302.73258, -453.0
1574730302.747728, -453.0
1574730302.762898, -453.0
1574730302.778008, -453.0
1574730302.792861, -453.0
1574730302.80782, -453.0
1574730302.822803, -453.0
1574730302.838027, -453.0
1574730302.852412, -453.0
1574730302.86682, -453.0
1574730302.880418, -453.0
1574730302.894689, -453.0
1574730302.908371, -453.0
1574730302.921972, -453.0
1574730302.936347, -453.0
1574730302.949964, -453.0
1574730304.228334, -453.0
1574730304.244458, -453.0
1574730304.260577, -453.0
1574730304.275964, -453.0
1574730304.292039, -453.0
1574730304.307455, -453.0
1574730304.323496, -453.0
1574730304.338909, -453.0
1574730304.79738, -453.0
1574730305.2073, -453.0
1574730305.221454, -453.0
1574730305.235802, -453.0
1574730305.249415, -453.0
1574730305.26298, -453.0
1574730305.277328, -453.0
1574730305.29089, -453.0
1574730305.305133, -453.0
1574730305.318693, -453.0
1574730305.333038, -453.0
1574730305.346548, -453.0
1574730305.360862, -453.0
1574730305.374342, -453.0
1574730305.38848, -453.0
1574730305.402122, -453.0
1574730305.415685, -453.0
1574730305.821222, -453.0
1574730305.834785, -453.0
1574730305.84828, -453.0
1574730305.861751, -453.0
1574730305.87528, -453.0
1574730305.888669, -453.0
1574730305.902054, -453.0
1574730305.915561, -453.0
1574730305.928987, -453.0
1574730305.942542, -453.0
1574730305.956051, -453.0
1574730306.384037, -453.0
1574730306.398302, -453.0
1574730306.412716, -453.0
1574730306.42629, -453.0
1574730306.440629, -453.0
1574730306.454313, -453.0
1574730306.467929, -453.0
1574730306.482323, -453.0
1574730306.495977, -453.0
1574730306.510302, -453.0
1574730306.523942, -453.0
1574730306.538339, -453.0
1574730306.551903, -453.0
1574730306.959225, -453.0
1574730307.344248, -453.0
1574730307.736502, -453.0
1574730307.750139, -453.0
1574730307.763672, -453.0
1574730307.777145, -453.0
1574730307.790791, -453.0
1574730307.805808, -453.0
1574730307.820915, -453.0
1574730307.835992, -453.0
1574730307.851041, -453.0
1574730307.864865, -453.0
1574730307.88007, -453.0
1574730307.894046, -453.0
1574730307.909351, -453.0
1574730307.925457, -453.0
1574730307.940725, -453.0
1574730307.95686, -453.0
1574730307.97224, -453.0
1574730307.98813, -453.0
1574730308.00329, -453.0
1574730308.019367, -453.0
1574730308.033737, -453.0
1574730308.048054, -453.0
1574730308.061744, -453.0
1574730308.076131, -453.0
1574730308.089808, -453.0
1574730308.10409, -453.0
1574730308.11777, -453.0
1574730308.13139, -453.0
1574730308.14586, -453.0
1574730308.159486, -453.0
1574730308.173744, -453.0
1574730308.18754, -453.0
1574730308.202048, -453.0
1574730308.594449, -453.0
1574730308.60794, -453.0
1574730308.62221, -453.0
1574730308.636432, -453.0
1574730308.650745, -453.0
1574730308.665975, -453.0
1574730308.680696, -453.0
1574730308.695884, -453.0
1574730309.275791, -453.0
1574730309.289353, -453.0
1574730309.302853, -453.0
1574730309.316532, -453.0
1574730309.33017, -453.0
1574730309.3445, -453.0
1574730309.358737, -453.0
1574730309.765335, -453.0
1574730309.779566, -453.0
1574730309.793336, -453.0
1574730310.220117, -453.0
1574730310.657671, -453.0
1574730310.672097, -453.0
1574730310.686623, -453.0
1574730310.700343, -453.0
1574730310.714011, -453.0
1574730310.728719, -453.0
1574730310.7424, -453.0
1574730310.756977, -453.0
1574730310.770725, -453.0
1574730311.158074, -453.0
1574730311.172373, -453.0
1574730311.186619, -453.0
1574730311.200256, -453.0
1574730311.213789, -453.0
1574730311.228481, -453.0
1574730311.242144, -453.0
1574730311.256626, -453.0
1574730311.270414, -453.0
1574730311.285016, -453.0
1574730311.299394, -453.0
1574730311.314726, -453.0
1574730311.329452, -453.0
1574730311.34505, -453.0
1574730311.359839, -453.0
1574730311.374642, -453.0
1574730311.3883, -453.0
1574730311.402679, -453.0
1574730311.416345, -453.0
1574730311.431697, -453.0
1574730311.446399, -453.0
1574730311.461841, -453.0
1574730311.476349, -453.0
1574730311.491702, -453.0
1574730311.505351, -453.0
1574730311.933413, -453.0
1574730312.320918, -453.0
1574730312.739749, -453.0
1574730312.7532, -453.0
1574730313.165754, -453.0
1574730313.180115, -453.0
1574730313.193698, -453.0
1574730313.207905, -453.0
1574730313.221493, -453.0
1574730313.235793, -453.0
1574730313.249436, -453.0
1574730313.657313, -453.0
1574730314.074842, -453.0
1574730314.088513, -453.0
1574730314.101994, -453.0
1574730314.520044, -453.0
1574730314.533609, -453.0
1574730314.547117, -453.0
1574730314.968676, -453.0
1574730314.98223, -453.0
1574730315.38327, -453.0
1574730315.776066, -453.0
1574730316.23054, -453.0
1574730316.244904, -453.0
1574730316.654428, -453.0
1574730316.66865, -453.0
1574730317.089592, -453.0
1574730317.103174, -453.0
1574730317.117479, -453.0
1574730317.131266, -453.0
1574730317.144919, -453.0
1574730317.561674, -453.0
1574730317.57599, -453.0
1574730317.590482, -453.0
1574730317.604044, -453.0
1574730318.049595, -453.0
1574730318.46555, -453.0
1574730318.479963, -453.0
1574730318.886247, -453.0
1574730319.291559, -453.0
1574730319.305954, -453.0
1574730319.73962, -453.0
1574730319.753298, -453.0
1574730319.767181, -453.0
1574730319.781061, -453.0
1574730319.794731, -453.0
1574730320.202135, -453.0
1574730320.60374, -453.0
1574730320.618126, -453.0
1574730321.027468, -453.0
1574730321.040967, -453.0
1574730321.456361, -453.0
1574730321.470426, -453.0
1574730321.903838, -453.0
1574730321.917273, -453.0
1574730322.338023, -453.0
1574730322.35245, -453.0
1574730322.786352, -453.0
1574730322.800705, -453.0
1574730323.222325, -453.0
1574730323.236788, -453.0
1574730323.251119, -453.0
1574730323.264864, -453.0
1574730323.702357, -453.0
1574730324.12478, -453.0
1574730324.5492, -453.0
1574730324.962883, -453.0
1574730325.383393, -453.0
1574730325.783366, -453.0
1574730326.199128, -453.0
1574730326.618316, -453.0
1574730327.075078, -453.0
1574730327.468688, -453.0
1574730327.482016, -453.0
1574730327.495464, -453.0
1574730327.508925, -453.0
1574730327.929684, -453.0
1574730327.944015, -453.0
1574730327.958462, -453.0
1574730327.97209, -453.0
1574730328.385649, -453.0
1574730328.830535, -453.0
1574730328.844863, -453.0
1574730328.858623, -453.0
1574730328.873406, -453.0
1574730328.888886, -453.0
1574730328.902538, -453.0
1574730328.916084, -453.0
1574730328.931122, -453.0
1574730328.944967, -453.0
1574730328.960329, -453.0
1574730328.975461, -453.0
1574730328.991264, -453.0
1574730329.00586, -453.0
1574730329.440266, -453.0
1574730329.453887, -453.0
1574730329.468326, -453.0
1574730329.482027, -453.0
1574730329.496405, -453.0
1574730329.509877, -453.0
1574730329.95542, -453.0
1574730330.367959, -453.0
1574730330.771929, -453.0
1574730331.187519, -453.0
1574730331.62825, -453.0
1574730332.085471, -453.0
1574730332.566146, -453.0
1574730333.062547, -453.0
1574730333.597961, -453.0
1574730333.611841, -453.0
1574730333.625596, -453.0
1574730334.166962, -453.0
1574730334.180553, -453.0
1574730334.194306, -453.0
1574730334.207929, -453.0
1574730334.221649, -453.0
1574730334.235282, -453.0
1574730334.249011, -453.0
1574730334.26265, -453.0
1574730334.276264, -453.0
1574730334.82714, -453.0
1574730335.314373, -453.0
1574730335.79037, -453.0
1574730335.804017, -453.0
1574730336.238581, -453.0
1574730336.616807, -453.0
1574730337.035682, -453.0
1574730337.04927, -453.0
1574730337.529333, -453.0
1574730337.542889, -453.0
1574730337.556343, -453.0
1574730337.952576, -453.0
1574730338.375059, -453.0
1574730338.388653, -453.0
1574730338.779408, -453.0
1574730339.194813, -453.0
1574730339.60534, -453.0
1574730340.006338, -453.0
1574730340.01984, -453.0
1574730340.033423, -453.0
1574730340.046961, -453.0
1574730340.060524, -453.0
1574730340.669232, -453.0
1574730340.683162, -453.0
1574730341.330085, -453.0
1574730341.344136, -453.0
1574730341.358359, -453.0
1574730341.372331, -453.0
1574730341.3865, -453.0
1574730341.400745, -453.0
1574730341.414853, -453.0
1574730341.990754, -453.0
1574730342.392984, -453.0
1574730342.787219, -453.0
1574730343.197535, -453.0
1574730343.605079, -453.0
1574730344.002687, -453.0
1574730344.396955, -453.0
1574730344.819658, -453.0
1574730345.216472, -453.0
1574730345.61428, -453.0
1574730346.01636, -453.0
1574730346.428988, -453.0
1574730346.81623, -453.0
1574730347.238689, -453.0
1574730347.668402, -453.0
1574730348.085461, -453.0
1574730348.666158, -453.0
1574730348.68001, -453.0
1574730348.694175, -453.0
1574730348.708433, -453.0
1574730348.722703, -453.0
1574730348.736456, -453.0
1574730348.75045, -453.0
1574730348.764587, -453.0
1574730348.779268, -453.0
1574730348.794287, -453.0
1574730348.809227, -453.0
1574730348.824127, -453.0
1574730348.838016, -453.0
1574730348.852201, -453.0
1574730348.866799, -453.0
1574730348.88098, -453.0
1574730348.89497, -453.0
1574730348.908514, -453.0
1574730348.922131, -453.0
1574730349.36983, -453.0
1574730349.785971, -453.0
1574730349.799518, -453.0
1574730349.813087, -453.0
1574730350.230962, -453.0
1574730350.244458, -453.0
1574730350.679421, -453.0
1574730351.123552, -453.0
1574730351.547979, -453.0
1574730351.561602, -453.0
1574730351.575144, -453.0
1574730351.588635, -453.0
1574730351.602151, -453.0
1574730351.6157, -453.0
1574730352.010475, -453.0
1574730352.024073, -453.0
1574730352.438233, -453.0
1574730352.45175, -453.0
1574730352.465252, -453.0
1574730352.478842, -453.0
1574730352.492356, -453.0
1574730352.505833, -453.0
1574730352.933729, -453.0
1574730353.37478, -453.0
1574730353.813196, -453.0
1574730353.826797, -453.0
1574730354.246206, -453.0
1574730354.646036, -453.0
1574730355.051331, -453.0
1574730355.572734, -453.0
1574730355.586813, -453.0
1574730355.60147, -453.0
1574730355.616289, -453.0
1574730355.63119, -453.0
1574730355.645964, -453.0
1574730355.660744, -453.0
1574730355.675641, -453.0
1574730355.690576, -453.0
1574730355.705493, -453.0
1574730355.720386, -453.0
1574730355.735283, -453.0
1574730355.750248, -453.0
1574730355.765141, -453.0
1574730355.780036, -453.0
1574730355.794944, -453.0
1574730355.8099, -453.0
1574730355.824821, -453.0
1574730355.839772, -453.0
1574730355.85477, -453.0
1574730355.869674, -453.0
1574730356.259706, -453.0
1574730356.274682, -453.0
1574730356.289634, -453.0
1574730356.303607, -453.0
1574730356.781425, -453.0
1574730357.256619, -453.0
1574730357.271613, -453.0
1574730357.2866, -453.0
1574730357.301562, -453.0
1574730357.315763, -453.0
1574730357.758389, -453.0
1574730357.771897, -453.0
1574730357.785482, -453.0
1574730357.800124, -453.0
1574730357.81504, -453.0
1574730357.829151, -453.0
1574730357.84269, -453.0
1574730357.856228, -453.0
1574730357.869666, -453.0
1574730358.295882, -453.0
1574730358.727396, -453.0
1574730358.741068, -453.0
1574730358.755034, -453.0
1574730358.769891, -453.0
1574730358.783996, -453.0
1574730358.798167, -453.0
1574730358.812967, -453.0
1574730358.828, -453.0
1574730358.842861, -453.0
1574730358.857579, -453.0
1574730358.872298, -453.0
1574730358.887155, -453.0
1574730358.901909, -453.0
1574730358.916687, -453.0
1574730359.332662, -453.0
1574730359.761061, -453.0
1574730359.774539, -453.0
1574730360.208314, -453.0
1574730360.619032, -453.0
1574730360.632598, -453.0
1574730360.646156, -453.0
1574730361.045409, -453.0
1574730361.436289, -453.0
1574730361.834472, -453.0
1574730361.849262, -453.0
1574730361.864391, -453.0
1574730361.879394, -453.0
1574730361.894495, -453.0
1574730361.909545, -453.0
1574730361.924617, -453.0
1574730361.939674, -453.0
1574730361.954701, -453.0
1574730361.96977, -453.0
1574730361.984868, -453.0
1574730361.999987, -453.0
1574730362.01505, -453.0
1574730362.030097, -453.0
1574730362.045155, -453.0
1574730362.060126, -453.0
1574730362.075191, -453.0
1574730362.090238, -453.0
1574730362.105274, -453.0
1574730362.120299, -453.0
1574730362.135268, -453.0
1574730362.15031, -453.0
1574730362.165377, -453.0
1574730362.180363, -453.0
1574730362.194934, -453.0
1574730362.209987, -453.0
1574730362.225044, -453.0
1574730362.240066, -453.0
1574730362.255128, -453.0
1574730362.270165, -453.0
1574730362.285198, -453.0
1574730362.300153, -453.0
1574730362.315228, -453.0
1574730362.33048, -453.0
1574730362.34551, -453.0
1574730362.360651, -453.0
1574730362.786676, -453.0
1574730363.179083, -453.0
1574730363.192684, -453.0
1574730363.623689, -453.0
1574730363.63719, -453.0
1574730364.054804, -453.0
1574730364.462395, -453.0
1574730364.859787, -453.0
1574730364.873357, -453.0
1574730364.886857, -453.0
1574730364.900425, -453.0
1574730364.913834, -453.0
1574730364.927316, -453.0
1574730364.940815, -453.0
1574730364.954337, -453.0
1574730365.384319, -453.0
1574730365.397821, -453.0
1574730365.786168, -453.0
1574730365.799711, -453.0
1574730365.813741, -453.0
1574730365.828323, -453.0
1574730365.84225, -453.0
1574730365.856545, -453.0
1574730365.87092, -453.0
1574730365.885263, -453.0
1574730365.90002, -453.0
1574730365.914619, -453.0
1574730365.929834, -453.0
1574730365.945074, -453.0
