1574816653.923044, -80.0
1574816653.99796, -80.0
1574816654.071761, -80.0
1574816654.145458, -80.0
1574816654.219476, -80.0
1574816654.293036, -80.0
1574816654.36684, -80.0
1574816654.440904, -80.0
1574816654.515548, -80.0
1574816654.589385, -80.0
1574816654.66387, -80.0
1574816654.737698, -80.0
1574816654.811795, -80.0
1574816654.886337, -80.0
1574816654.960081, -80.0
1574816655.034194, -80.0
1574816655.108724, -80.0
1574816655.182754, -80.0
1574816655.256381, -80.0
1574816655.33028, -80.0
1574816655.403996, -80.0
1574816655.477914, -80.0
1574816655.552737, -80.0
1574816655.627087, -80.0
1574816655.701657, -80.0
1574816655.775888, -80.0
1574816655.849498, -80.0
1574816655.922963, -80.0
1574816655.996613, -80.0
1574816656.07106, -80.0
1574816656.145652, -80.0
1574816656.22006, -80.0
1574816656.29489, -80.0
1574816656.369016, -80.0
1574816656.443486, -80.0
1574816656.51834, -80.0
1574816656.592366, -80.0
1574816656.667502, -80.0
1574816656.740731, -80.0
1574816656.814936, -80.0
1574816656.8888, -80.0
1574816656.963004, -80.0
1574816657.037009, -80.0
1574816657.111228, -80.0
1574816657.184959, -80.0
1574816657.259004, -80.0
1574816657.332829, -80.0
1574816657.406825, -80.0
1574816657.481307, -80.0
1574816657.556018, -80.0
1574816653.934179, -80.0
1574816654.009265, -80.0
1574816654.083942, -80.0
1574816654.158057, -80.0
1574816654.232445, -80.0
1574816654.307273, -80.0
1574816654.381344, -80.0
1574816654.455737, -80.0
1574816654.530172, -80.0
1574816654.604712, -80.0
1574816654.6793, -80.0
1574816654.753765, -80.0
1574816654.828376, -80.0
1574816655.341734, -80.0
1574816655.415624, -80.0
1574816655.908568, -80.0
1574816655.982053, -80.0
1574816656.489952, -80.0
1574816656.563966, -80.0
1574816656.638232, -80.0
1574816656.712951, -80.0
1574816657.215151, -80.0
1574816657.289887, -80.0
1574816657.3647, -80.0
1574816657.438808, -80.0
1574816659.105771, -80.0
1574816660.691833, -80.0
1574816662.112265, -80.0
1574816663.554649, -80.0
1574816664.578328, -80.0
1574816665.993777, -80.0
1574816666.498399, -80.0
1574816668.080467, -80.0
1574816669.597997, -80.0
1574816670.555986, -78.0
1574816671.548329, -78.0
1574816672.548281, -78.0
1574816673.510168, -78.0
1574816674.509083, -78.0
1574816675.517584, -78.0
1574816676.549376, -78.0
1574816677.505378, -78.0
1574816678.718454, -78.0
1574816679.891748, -78.0
1574816680.699018, -78.0
1574816681.142792, -78.0
1574816681.216805, -78.0
1574816681.290629, -78.0
1574816681.364268, -78.0
1574816681.438317, -78.0
1574816654.062823, -80.0
1574816654.210434, -80.0
1574816654.358144, -80.0
1574816654.50563, -80.0
1574816654.653001, -80.0
1574816654.800874, -80.0
1574816654.948072, -80.0
1574816655.095632, -80.0
1574816655.24398, -80.0
1574816655.391793, -80.0
1574816655.538911, -80.0
1574816655.686941, -80.0
1574816655.834139, -80.0
1574816656.397053, -80.0
1574816656.544999, -80.0
1574816656.693272, -80.0
1574816656.840241, -80.0
1574816656.988183, -80.0
1574816657.135959, -80.0
1574816657.283428, -80.0
1574816658.251532, -80.0
1574816658.399773, -80.0
1574816658.548599, -80.0
1574816658.697436, -80.0
1574816658.84658, -80.0
1574816658.995218, -80.0
1574816659.598349, -80.0
1574816659.745982, -80.0
1574816660.764845, -80.0
1574816660.912478, -80.0
1574816661.060976, -80.0
1574816661.209052, -80.0
1574816661.782023, -80.0
1574816661.930225, -80.0
1574816662.54083, -80.0
1574816662.687592, -80.0
1574816663.230983, -80.0
1574816663.378983, -80.0
1574816663.526974, -80.0
1574816663.674663, -80.0
1574816664.253522, -80.0
1574816664.786697, -80.0
1574816665.330692, -80.0
1574816666.302212, -80.0
1574816667.431729, -80.0
1574816668.406445, -80.0
1574816669.902591, -78.0
1574816671.381879, -78.0
1574816674.164982, -78.0
1574816677.243699, -78.0
1574816653.963241, -80.0
1574816654.038354, -80.0
1574816654.113025, -80.0
1574816654.187342, -80.0
1574816654.261831, -80.0
1574816654.336369, -80.0
1574816654.411022, -80.0
1574816654.485735, -80.0
1574816654.560227, -80.0
1574816654.634394, -80.0
1574816654.70866, -80.0
1574816654.78274, -80.0
1574816654.856781, -80.0
1574816654.931116, -80.0
1574816655.005526, -80.0
1574816655.080296, -80.0
1574816655.154703, -80.0
1574816655.229716, -80.0
1574816655.303906, -80.0
1574816655.386696, -80.0
1574816655.468028, -80.0
1574816655.550423, -80.0
1574816655.634074, -80.0
1574816655.717961, -80.0
1574816655.800971, -80.0
1574816655.884954, -80.0
1574816655.968607, -80.0
1574816656.042939, -80.0
1574816656.117559, -80.0
1574816656.192042, -80.0
1574816656.26654, -80.0
1574816656.340951, -80.0
1574816656.812386, -80.0
1574816656.8867, -80.0
1574816656.960983, -80.0
1574816657.035435, -80.0
1574816657.109862, -80.0
1574816657.184203, -80.0
1574816657.258518, -80.0
1574816657.332896, -80.0
1574816657.406805, -80.0
1574816657.480268, -80.0
1574816657.975322, -80.0
1574816658.049809, -80.0
1574816658.124111, -80.0
1574816658.198302, -80.0
1574816658.272402, -80.0
1574816658.346545, -80.0
1574816658.420437, -80.0
1574816658.494466, -80.0
1574816657.694164, -80.0
1574816657.7689, -80.0
1574816657.843466, -80.0
1574816657.918132, -80.0
1574816657.99256, -80.0
1574816658.067241, -80.0
1574816658.141791, -80.0
1574816658.215914, -80.0
1574816658.709834, -80.0
1574816658.785765, -80.0
1574816658.86623, -80.0
1574816658.941778, -80.0
1574816660.563567, -80.0
1574816662.11056, -80.0
1574816663.351407, -80.0
1574816664.833245, -80.0
1574816665.891778, -80.0
1574816667.116292, -80.0
1574816668.288751, -80.0
1574816669.420957, -80.0
1574816670.581235, -78.0
1574816672.092785, -78.0
1574816673.177056, -78.0
1574816674.889927, -78.0
1574816675.319583, -78.0
1574816675.791911, -78.0
1574816676.286085, -78.0
1574816676.360336, -78.0
1574816676.434662, -78.0
1574816676.509224, -78.0
1574816676.583793, -78.0
1574816676.936534, -78.0
1574816677.272033, -78.0
1574816677.61599, -78.0
1574816677.937127, -78.0
1574816678.254614, -78.0
1574816678.59721, -78.0
1574816679.102253, -78.0
1574816679.176572, -78.0
1574816679.251399, -78.0
1574816679.325525, -78.0
1574816679.814992, -78.0
1574816679.888984, -78.0
1574816679.962922, -78.0
1574816680.03727, -78.0
1574816680.111482, -78.0
1574816680.186335, -78.0
1574816680.260947, -78.0
1574816680.334835, -78.0
1574816680.408695, -78.0
1574816658.628627, -80.0
1574816658.703233, -80.0
1574816658.777587, -80.0
1574816658.851889, -80.0
1574816658.92632, -80.0
1574816659.000724, -80.0
1574816659.07518, -80.0
1574816659.149747, -80.0
1574816659.224262, -80.0
1574816659.298919, -80.0
1574816659.373519, -80.0
1574816659.448083, -80.0
1574816659.522666, -80.0
1574816659.596892, -80.0
1574816659.670745, -80.0
1574816659.745017, -80.0
1574816659.819034, -80.0
1574816659.896357, -80.0
1574816659.971765, -80.0
1574816660.047445, -80.0
1574816660.12203, -80.0
1574816660.203902, -80.0
1574816660.284341, -80.0
1574816660.357642, -80.0
1574816660.430594, -80.0
1574816660.512447, -80.0
1574816660.592778, -80.0
1574816660.667795, -80.0
1574816660.742329, -80.0
1574816660.816907, -80.0
1574816660.891789, -80.0
1574816660.966352, -80.0
1574816661.045101, -80.0
1574816661.123133, -80.0
1574816661.198039, -80.0
1574816661.272712, -80.0
1574816661.347285, -80.0
1574816661.422772, -80.0
1574816661.506498, -80.0
1574816661.581334, -80.0
1574816661.664446, -80.0
1574816661.739018, -80.0
1574816661.813421, -80.0
1574816661.896625, -80.0
1574816661.980258, -80.0
1574816662.063821, -80.0
1574816662.14699, -80.0
1574816662.229915, -80.0
1574816662.310261, -80.0
1574816662.384978, -80.0
1574816662.549101, -80.0
1574816662.641667, -80.0
1574816662.733765, -80.0
1574816662.826047, -80.0
1574816662.927966, -80.0
1574816663.030302, -80.0
1574816663.128056, -80.0
1574816663.222591, -80.0
1574816663.320091, -80.0
1574816663.420983, -80.0
1574816664.654448, -80.0
1574816665.91295, -80.0
1574816667.177344, -80.0
1574816668.368964, -80.0
1574816668.461565, -80.0
1574816668.55404, -80.0
1574816668.647285, -80.0
1574816668.739359, -80.0
1574816668.832255, -80.0
1574816668.925186, -80.0
1574816669.020139, -80.0
1574816669.112355, -80.0
1574816669.207773, -80.0
1574816669.300626, -80.0
1574816669.392861, -80.0
1574816669.485332, -80.0
1574816669.577691, -80.0
1574816670.86565, -78.0
1574816672.096997, -78.0
1574816672.927509, -78.0
1574816674.032782, -78.0
1574816675.091543, -78.0
1574816676.056378, -78.0
1574816677.276396, -78.0
1574816678.635491, -78.0
1574816679.815591, -78.0
1574816681.220475, -78.0
1574816682.520398, -78.0
1574816683.811571, -78.0
1574816685.349156, -78.0
1574816686.959398, -78.0
1574816687.052403, -78.0
1574816687.145575, -78.0
1574816687.238209, -78.0
1574816687.330809, -78.0
1574816688.745873, -78.0
1574816690.019619, -78.0
1574816691.29622, -78.0
1574816692.417343, -78.0
1574816693.675674, -78.0
1574816677.49557, -78.0
1574816680.201541, -78.0
1574816680.349538, -78.0
1574816680.508671, -78.0
1574816680.656964, -78.0
1574816680.805221, -78.0
1574816680.95262, -78.0
1574816681.099642, -78.0
1574816681.248302, -78.0
1574816682.684465, -78.0
1574816685.254199, -78.0
1574816687.860283, -78.0
1574816688.853051, -78.0
1574816689.833874, -78.0
1574816692.207528, -78.0
1574816695.244743, -78.0
1574816697.287141, -78.0
1574816699.355386, -78.0
1574816702.316979, -78.0
1574816705.008098, -78.0
1574816707.067239, -78.0
1574816709.879455, -78.0
1574816713.033001, -78.0
1574816715.758815, -78.0
1574816718.539812, -78.0
1574816720.708059, -78.0
1574816722.682736, -78.0
1574816724.828104, -78.0
1574816727.643467, -78.0
1574816730.275644, -78.0
1574816732.300668, -78.0
1574816734.305589, -78.0
1574816736.323763, -78.0
1574816738.265889, -78.0
1574816740.250257, -78.0
1574816743.068919, -78.0
1574816745.068014, -78.0
1574816747.109399, -78.0
1574816749.087606, -78.0
1574816751.079076, -78.0
1574816753.0603, -78.0
1574816755.083926, -78.0
1574816757.064158, -78.0
1574816759.044838, -78.0
1574816761.020274, -78.0
1574816762.963379, -78.0
1574816764.857916, -78.0
1574816766.894063, -78.0
1574816769.850798, -78.0
1574816772.780433, -78.0
1574816680.535481, -78.0
1574816680.609793, -78.0
1574816680.684229, -78.0
1574816680.758464, -78.0
1574816680.832626, -78.0
1574816680.906765, -78.0
1574816680.981203, -78.0
1574816681.896512, -78.0
1574816683.196715, -78.0
1574816684.830967, -78.0
1574816686.437191, -78.0
1574816687.967881, -78.0
1574816689.699186, -78.0
1574816690.865156, -78.0
1574816692.093996, -78.0
1574816693.288538, -78.0
1574816694.53409, -78.0
1574816695.891863, -78.0
1574816697.382457, -78.0
1574816698.313811, -78.0
1574816699.598379, -78.0
1574816701.560654, -78.0
1574816703.050848, -78.0
1574816704.107243, -78.0
1574816705.125013, -78.0
1574816706.076458, -78.0
1574816707.058608, -78.0
1574816708.073835, -78.0
1574816709.066504, -78.0
1574816710.069826, -78.0
1574816711.108526, -78.0
1574816712.137816, -78.0
1574816713.196358, -78.0
1574816714.306348, -78.0
1574816715.290545, -78.0
1574816716.521428, -78.0
1574816717.975073, -78.0
1574816719.529919, -78.0
1574816721.004286, -78.0
1574816722.533073, -78.0
1574816724.068407, -78.0
1574816725.673295, -78.0
1574816727.298584, -78.0
1574816728.906127, -78.0
1574816730.470654, -78.0
1574816732.021175, -78.0
1574816733.439052, -78.0
1574816734.722159, -78.0
1574816736.14803, -78.0
1574816737.373602, -78.0
1574816681.57205, -78.0
1574816681.646405, -78.0
1574816681.720543, -78.0
1574816681.795043, -78.0
1574816681.869402, -78.0
1574816681.943787, -78.0
1574816682.017916, -78.0
1574816682.092157, -78.0
1574816682.166535, -78.0
1574816682.240659, -78.0
1574816682.315187, -78.0
1574816682.38905, -78.0
1574816682.463618, -78.0
1574816682.970914, -78.0
1574816683.045365, -78.0
1574816683.98241, -78.0
1574816684.933026, -78.0
1574816685.81157, -78.0
1574816685.885996, -78.0
1574816686.405499, -78.0
1574816687.321984, -78.0
1574816687.396013, -78.0
1574816687.470373, -78.0
1574816687.958275, -78.0
1574816688.032259, -78.0
1574816688.535559, -78.0
1574816688.609721, -78.0
1574816688.684044, -78.0
1574816688.758493, -78.0
1574816689.659523, -78.0
1574816689.733545, -78.0
1574816689.807776, -78.0
1574816690.276474, -78.0
1574816690.350981, -78.0
1574816690.424855, -78.0
1574816691.365683, -78.0
1574816691.865453, -78.0
1574816692.778149, -78.0
1574816694.489964, -78.0
1574816695.776215, -78.0
1574816696.712327, -78.0
1574816696.786272, -78.0
1574816697.684272, -78.0
1574816698.178311, -78.0
1574816699.093997, -78.0
1574816699.963192, -78.0
1574816700.037678, -78.0
1574816700.111688, -78.0
1574816700.185921, -78.0
1574816700.260262, -78.0
1574816693.715156, -78.0
1574816693.734631, -78.0
1574816693.753871, -78.0
1574816693.773359, -78.0
1574816693.793018, -78.0
1574816693.812366, -78.0
1574816693.831984, -78.0
1574816693.85117, -78.0
1574816693.87048, -78.0
1574816694.225646, -78.0
1574816694.477648, -78.0
1574816694.723781, -78.0
1574816694.97906, -78.0
1574816695.218933, -78.0
1574816695.469521, -78.0
1574816695.713242, -78.0
1574816695.947527, -78.0
1574816696.199697, -78.0
1574816696.444126, -78.0
1574816696.709947, -78.0
1574816697.188116, -78.0
1574816697.207893, -78.0
1574816697.227855, -78.0
1574816697.247448, -78.0
1574816697.266595, -78.0
1574816697.816427, -78.0
1574816697.835814, -78.0
1574816697.855142, -78.0
1574816697.874451, -78.0
1574816697.893571, -78.0
1574816698.453648, -78.0
1574816698.472901, -78.0
1574816699.088503, -78.0
1574816699.107696, -78.0
1574816699.618113, -78.0
1574816699.637502, -78.0
1574816699.656832, -78.0
1574816699.675883, -78.0
1574816699.695172, -78.0
1574816699.714222, -78.0
1574816699.733701, -78.0
1574816699.752982, -78.0
1574816700.247595, -78.0
1574816700.784131, -78.0
1574816701.369075, -78.0
1574816701.975855, -78.0
1574816702.558391, -78.0
1574816702.577458, -78.0
1574816703.179123, -78.0
1574816703.741369, -78.0
1574816781.800767, -78.0
1574816781.820552, -78.0
1574816781.840607, -78.0
1574816781.86102, -78.0
1574816781.881593, -78.0
1574816781.902062, -78.0
1574816781.921509, -78.0
1574816781.941863, -78.0
1574816781.962358, -78.0
1574816782.304108, -78.0
1574816782.555843, -78.0
1574816782.938361, -78.0
1574816783.517524, -78.0
1574816784.171374, -78.0
1574816784.549833, -78.0
1574816784.89641, -78.0
1574816785.218279, -78.0
1574816785.549743, -78.0
1574816785.934547, -78.0
1574816786.317005, -78.0
1574816786.687429, -78.0
1574816787.029245, -78.0
1574816787.412648, -78.0
1574816787.750792, -78.0
1574816788.094816, -78.0
1574816788.43874, -78.0
1574816788.76832, -78.0
1574816789.087667, -78.0
1574816789.430022, -78.0
1574816789.788116, -78.0
1574816790.127008, -78.0
1574816790.477101, -78.0
1574816790.815988, -78.0
1574816791.351025, -78.0
1574816791.370554, -78.0
1574816791.390377, -78.0
1574816791.41021, -78.0
1574816791.429766, -78.0
1574816791.897636, -78.0
1574816792.282468, -78.0
1574816792.568827, -78.0
1574816792.958801, -78.0
1574816793.418316, -78.0
1574816793.953038, -78.0
1574816793.972334, -78.0
1574816793.991687, -78.0
1574816794.01134, -78.0
1574816794.030526, -78.0
1574816794.52833, -78.0
1574816794.918682, -78.0
1574816795.312051, -78.0
1574816795.569423, -78.0
1574816795.822485, -78.0
1574816796.226501, -78.0
1574816796.246452, -78.0
1574816796.267513, -78.0
1574816796.288991, -78.0
1574816796.618242, -78.0
1574816797.095165, -78.0
1574816797.114621, -78.0
1574816797.134361, -78.0
1574816797.154291, -78.0
1574816797.623519, -78.0
1574816798.055496, -78.0
1574816798.447241, -78.0
1574816798.706997, -78.0
1574816798.950131, -78.0
1574816799.21217, -78.0
1574816799.456952, -78.0
1574816799.707216, -78.0
1574816799.949334, -78.0
1574816800.195673, -78.0
1574816800.433724, -78.0
1574816800.820852, -78.0
1574816800.840648, -78.0
1574816800.860472, -78.0
1574816800.880149, -78.0
1574816800.89979, -78.0
1574816800.920628, -78.0
1574816800.940286, -78.0
1574816800.959573, -78.0
1574816801.371648, -78.0
1574816801.672166, -78.0
1574816801.94299, -78.0
1574816802.210263, -78.0
1574816802.649488, -78.0
1574816802.669689, -78.0
1574816802.68984, -78.0
1574816802.709639, -78.0
1574816803.370787, -78.0
1574816804.006024, -78.0
1574816804.681454, -78.0
1574816805.329498, -78.0
1574816805.657626, -78.0
1574816806.217698, -78.0
1574816806.464952, -78.0
1574816806.721286, -78.0
1574816806.97001, -78.0
1574816807.211243, -78.0
1574816807.467516, -78.0
1574816807.715922, -78.0
1574816807.982498, -78.0
1574816808.224171, -78.0
1574816808.464634, -78.0
1574816808.716362, -78.0
1574816808.973471, -78.0
1574816809.236382, -78.0
1574816809.49129, -78.0
1574816809.85481, -78.0
1574816810.107828, -78.0
1574816810.359879, -78.0
1574816810.609353, -78.0
1574816810.852707, -78.0
1574816811.113461, -78.0
1574816811.365618, -78.0
1574816811.610405, -78.0
1574816811.853465, -78.0
1574816812.152229, -78.0
1574816812.473866, -78.0
1574816812.73359, -78.0
1574816812.982553, -78.0
1574816813.213216, -78.0
1574816813.461108, -78.0
1574816813.692753, -78.0
1574816813.941868, -78.0
1574816814.203513, -78.0
1574816814.453286, -78.0
1574816814.70443, -78.0
1574816814.956922, -78.0
1574816815.263728, -78.0
1574816815.705446, -78.0
1574816816.023894, -78.0
1574816816.279441, -78.0
1574816816.555756, -78.0
1574816816.818032, -78.0
1574816817.082893, -78.0
1574816817.329592, -78.0
1574816817.582661, -78.0
1574816817.83275, -78.0
1574816818.079421, -78.0
1574816818.348682, -78.0
1574816818.607008, -78.0
1574816818.853463, -78.0
1574816819.092731, -78.0
1574816819.33694, -78.0
1574816819.572435, -78.0
1574816819.825754, -78.0
1574816820.081847, -78.0
1574816820.494874, -78.0
1574816820.756439, -78.0
1574816821.28039, -78.0
1574816821.520106, -78.0
1574816821.747046, -78.0
1574816822.0217, -78.0
1574816822.257906, -78.0
1574816822.507244, -78.0
1574816822.748749, -78.0
1574816822.99665, -78.0
1574816823.263849, -78.0
1574816823.519137, -78.0
1574816823.767217, -78.0
1574816824.014758, -78.0
1574816824.421721, -78.0
1574816824.682303, -78.0
1574816824.940108, -78.0
1574816825.203993, -78.0
1574816825.451183, -78.0
1574816825.686165, -78.0
1574816825.938799, -78.0
1574816826.180952, -78.0
1574816826.422185, -78.0
1574816826.67989, -78.0
1574816827.039079, -78.0
1574816827.277328, -78.0
1574816827.543385, -78.0
1574816827.798006, -78.0
1574816828.052878, -78.0
1574816828.300248, -78.0
1574816828.543329, -78.0
1574816828.808912, -78.0
1574816829.056292, -78.0
1574816829.300254, -78.0
1574816829.534001, -78.0
1574816829.769946, -78.0
1574816830.027141, -78.0
1574816830.275181, -78.0
1574816830.504169, -78.0
1574816830.769766, -78.0
1574816831.306199, -78.0
1574816831.809279, -78.0
1574816832.160524, -78.0
1574816832.690079, -78.0
1574816833.130861, -78.0
1574816833.595073, -78.0
1574816833.876195, -78.0
1574816834.249998, -78.0
1574816834.713811, -78.0
1574816835.110155, -78.0
1574816835.480024, -78.0
1574816835.861971, -78.0
1574816836.270578, -78.0
1574816836.710453, -78.0
1574816836.729866, -78.0
1574816836.749409, -78.0
1574816837.259491, -78.0
1574816837.784607, -78.0
1574816838.262826, -78.0
1574816838.715188, -78.0
1574816839.135458, -78.0
1574816839.516017, -78.0
1574816840.066152, -78.0
1574816840.615824, -78.0
1574816840.635076, -78.0
1574816841.173283, -78.0
1574816841.745585, -78.0
1574816842.310026, -78.0
1574816842.823259, -78.0
1574816843.269868, -78.0
1574816843.71634, -78.0
1574816844.109315, -78.0
1574816844.511709, -78.0
1574816844.765309, -78.0
1574816845.148054, -78.0
1574816845.501507, -78.0
1574816846.003192, -78.0
1574816846.361956, -78.0
1574816846.608969, -78.0
1574816846.853982, -78.0
1574816847.125909, -78.0
1574816847.39204, -78.0
1574816847.644151, -78.0
1574816847.912575, -78.0
1574816848.162535, -78.0
1574816848.435095, -78.0
1574816848.684547, -78.0
1574816848.934935, -78.0
1574816849.172223, -78.0
1574816849.416066, -78.0
1574816849.658399, -78.0
1574816849.922907, -78.0
1574816850.168135, -78.0
1574816850.432909, -78.0
1574816850.68178, -78.0
1574816850.93318, -78.0
1574816851.168857, -78.0
1574816851.422622, -78.0
1574816851.663251, -78.0
1574816851.931341, -78.0
1574816852.316714, -78.0
1574816852.730386, -78.0
1574816782.215343, -78.0
1574816782.235662, -78.0
1574816782.25655, -78.0
1574816782.27632, -78.0
1574816782.709566, -78.0
1574816782.728641, -78.0
1574816782.747584, -78.0
1574816782.766221, -78.0
1574816782.78552, -78.0
1574816782.804741, -78.0
1574816782.823631, -78.0
1574816782.842658, -78.0
1574816782.861595, -78.0
1574816782.880266, -78.0
1574816782.89933, -78.0
1574816782.918094, -78.0
1574816782.937644, -78.0
1574816782.958485, -78.0
1574816782.979102, -78.0
1574816782.999836, -78.0
1574816783.020611, -78.0
1574816783.04065, -78.0
1574816783.385759, -78.0
1574816783.655711, -78.0
1574816783.906094, -78.0
1574816784.16751, -78.0
1574816784.417001, -78.0
1574816784.658547, -78.0
1574816784.916042, -78.0
1574816785.172314, -78.0
1574816785.432279, -78.0
1574816785.710537, -78.0
1574816785.964399, -78.0
1574816786.2115, -78.0
1574816786.45178, -78.0
1574816786.70845, -78.0
1574816786.982262, -78.0
1574816787.203382, -78.0
1574816787.45577, -78.0
1574816787.7147, -78.0
1574816787.978196, -78.0
1574816788.246983, -78.0
1574816788.484686, -78.0
1574816788.814214, -78.0
1574816788.833728, -78.0
1574816788.853258, -78.0
1574816788.87391, -78.0
1574816788.894517, -78.0
1574816788.914902, -78.0
1574816788.935432, -78.0
1574816788.955139, -78.0
1574816789.205905, -78.0
1574816789.439589, -78.0
1574816789.682103, -78.0
1574816789.920566, -78.0
1574816790.16063, -78.0
1574816790.409285, -78.0
1574816790.66521, -78.0
1574816790.915161, -78.0
1574816791.161088, -78.0
1574816791.399463, -78.0
1574816791.665623, -78.0
1574816791.92893, -78.0
1574816792.159607, -78.0
1574816792.65129, -78.0
1574816792.913344, -78.0
1574816793.347003, -78.0
1574816793.786634, -78.0
1574816794.058519, -78.0
1574816794.286928, -78.0
1574816794.543616, -78.0
1574816794.798152, -78.0
1574816795.056362, -78.0
1574816795.320487, -78.0
1574816795.730851, -78.0
1574816795.750531, -78.0
1574816795.770185, -78.0
1574816795.789929, -78.0
1574816796.172293, -78.0
1574816796.533944, -78.0
1574816796.924117, -78.0
1574816797.165991, -78.0
1574816797.399823, -78.0
1574816797.677358, -78.0
1574816797.96415, -78.0
1574816797.983798, -78.0
1574816798.004266, -78.0
1574816798.024209, -78.0
1574816798.627874, -78.0
1574816798.647508, -78.0
1574816799.213949, -78.0
1574816799.552872, -78.0
1574816800.081713, -78.0
1574816800.340107, -78.0
1574816800.576522, -78.0
1574816800.927995, -78.0
1574816801.485623, -78.0
1574816801.505073, -78.0
1574816802.052938, -78.0
1574816802.482049, -78.0
1574816802.944039, -78.0
1574816803.445445, -78.0
1574816803.903729, -78.0
1574816804.223236, -78.0
1574816804.478916, -78.0
1574816804.738697, -78.0
1574816804.992841, -78.0
1574816805.248383, -78.0
1574816805.484643, -78.0
1574816805.750905, -78.0
1574816805.995563, -78.0
1574816806.267909, -78.0
1574816806.716742, -78.0
1574816806.736204, -78.0
1574816806.755962, -78.0
1574816806.775144, -78.0
1574816807.345395, -78.0
1574816807.906104, -78.0
1574816808.475879, -78.0
1574816808.910215, -78.0
1574816809.296347, -78.0
1574816809.673021, -78.0
1574816810.089108, -78.0
1574816810.478571, -78.0
1574816810.853524, -78.0
1574816811.212078, -78.0
1574816811.464301, -78.0
1574816811.706689, -78.0
1574816811.976516, -78.0
1574816812.226926, -78.0
1574816812.643448, -78.0
1574816812.662775, -78.0
1574816812.683193, -78.0
1574816813.254099, -78.0
1574816813.803239, -78.0
1574816814.280306, -78.0
1574816814.642349, -78.0
1574816815.041067, -78.0
1574816815.426706, -78.0
1574816815.721488, -78.0
1574816815.969191, -78.0
1574816816.227874, -78.0
1574816816.484885, -78.0
1574816816.725157, -78.0
1574816816.985851, -78.0
1574816817.244874, -78.0
1574816817.495916, -78.0
1574816817.763532, -78.0
1574816818.012632, -78.0
1574816818.265597, -78.0
1574816818.510958, -78.0
1574816818.753319, -78.0
1574816819.014427, -78.0
1574816819.291432, -78.0
1574816819.312516, -78.0
1574816819.33296, -78.0
1574816819.354074, -78.0
1574816819.374563, -78.0
1574816819.648645, -78.0
1574816819.909451, -78.0
1574816820.156095, -78.0
1574816820.474602, -78.0
1574816821.008419, -78.0
1574816821.528336, -78.0
1574816821.547877, -78.0
1574816822.09403, -78.0
1574816822.576804, -78.0
1574816823.126238, -78.0
1574816823.676721, -78.0
1574816824.213197, -78.0
1574816824.738907, -78.0
1574816824.75839, -78.0
1574816824.777796, -78.0
1574816824.797836, -78.0
1574816824.817671, -78.0
1574816824.837552, -78.0
1574816825.336912, -78.0
1574816825.902329, -78.0
1574816826.404891, -78.0
1574816826.86465, -78.0
1574816827.355178, -78.0
1574816827.37453, -78.0
1574816827.881255, -78.0
1574816828.259539, -78.0
1574816828.6694, -78.0
1574816828.688797, -78.0
1574816828.708597, -78.0
1574816829.180584, -78.0
1574816829.493507, -78.0
1574816829.783272, -78.0
1574816830.139656, -78.0
1574816830.463123, -78.0
1574816830.836467, -78.0
1574816831.157976, -78.0
1574816831.732159, -78.0
1574816831.751562, -78.0
1574816832.325123, -78.0
1574816832.848094, -78.0
1574816833.219895, -78.0
1574816833.720387, -78.0
1574816834.254147, -78.0
1574816834.8076, -78.0
1574816835.391183, -78.0
1574816835.963927, -78.0
1574816836.526792, -78.0
1574816837.105694, -78.0
1574816837.641054, -78.0
1574816838.195725, -78.0
1574816838.749272, -78.0
1574816839.321644, -78.0
1574816839.341003, -78.0
1574816839.883359, -78.0
1574816840.440112, -78.0
1574816840.9767, -78.0
1574816840.996216, -78.0
1574816841.015781, -78.0
1574816841.036822, -78.0
1574816841.056405, -78.0
1574816841.075939, -78.0
1574816841.095706, -78.0
1574816841.115123, -78.0
1574816841.134661, -78.0
1574816841.153876, -78.0
1574816841.173148, -78.0
1574816841.777764, -78.0
1574816842.362183, -78.0
1574816842.381677, -78.0
1574816842.400999, -78.0
1574816842.4199, -78.0
1574816842.993664, -78.0
1574816843.012996, -78.0
1574816843.633157, -78.0
1574816843.652527, -78.0
1574816843.671789, -78.0
1574816844.245889, -78.0
1574816844.801472, -78.0
1574816844.820564, -78.0
1574816844.839687, -78.0
1574816844.858877, -78.0
1574816844.877962, -78.0
1574816845.489653, -78.0
1574816845.508891, -78.0
1574816846.084942, -78.0
1574816846.104213, -78.0
1574816846.733526, -78.0
1574816847.391143, -78.0
1574816848.083032, -78.0
1574816848.729863, -78.0
1574816848.749871, -78.0
1574816849.378023, -78.0
1574816781.822977, -78.0
1574816781.843734, -78.0
1574816781.865179, -78.0
1574816781.885373, -78.0
1574816781.905945, -78.0
1574816781.926346, -78.0
1574816781.945645, -78.0
1574816781.966053, -78.0
1574816781.986814, -78.0
1574816782.329827, -78.0
1574816782.574947, -78.0
1574816782.978061, -78.0
1574816783.580255, -78.0
1574816783.599882, -78.0
1574816783.619827, -78.0
1574816784.248077, -78.0
1574816784.268073, -78.0
1574816784.287815, -78.0
1574816784.30854, -78.0
1574816784.328215, -78.0
1574816784.348079, -78.0
1574816784.772749, -78.0
1574816785.027693, -78.0
1574816785.286511, -78.0
1574816785.805473, -78.0
1574816785.825014, -78.0
1574816785.845723, -78.0
1574816785.866808, -78.0
1574816785.887225, -78.0
1574816785.908457, -78.0
1574816785.929128, -78.0
1574816786.283139, -78.0
1574816786.710681, -78.0
1574816787.187367, -78.0
1574816787.678648, -78.0
1574816788.113843, -78.0
1574816788.541477, -78.0
1574816788.960285, -78.0
1574816789.536869, -78.0
1574816790.105659, -78.0
1574816790.682047, -78.0
1574816791.257513, -78.0
1574816791.806053, -78.0
1574816792.374093, -78.0
1574816792.978187, -78.0
1574816793.555874, -78.0
1574816794.089296, -78.0
1574816794.598456, -78.0
1574816795.133528, -78.0
1574816795.615071, -78.0
1574816796.166053, -78.0
1574816796.67239, -78.0
1574816797.211038, -78.0
1574816797.731974, -78.0
1574816798.223533, -78.0
1574816798.762438, -78.0
1574816798.781689, -78.0
1574816798.802267, -78.0
1574816798.822833, -78.0
1574816798.843205, -78.0
1574816798.863398, -78.0
1574816799.289824, -78.0
1574816799.794905, -78.0
1574816800.359856, -78.0
1574816800.939344, -78.0
1574816801.491686, -78.0
1574816802.017518, -78.0
1574816802.551256, -78.0
1574816803.087014, -78.0
1574816803.651366, -78.0
1574816804.21536, -78.0
1574816804.766229, -78.0
1574816805.335049, -78.0
1574816805.898228, -78.0
1574816806.46825, -78.0
1574816807.007681, -78.0
1574816807.027181, -78.0
1574816807.046476, -78.0
1574816807.065746, -78.0
1574816807.51604, -78.0
1574816807.874427, -78.0
1574816808.126531, -78.0
1574816808.3765, -78.0
1574816808.615197, -78.0
1574816808.849679, -78.0
1574816809.229494, -78.0
1574816809.248861, -78.0
1574816809.268463, -78.0
1574816809.28777, -78.0
1574816809.307612, -78.0
1574816809.329087, -78.0
1574816809.348186, -78.0
1574816809.853712, -78.0
1574816810.267382, -78.0
1574816810.552179, -78.0
1574816810.793873, -78.0
1574816811.031723, -78.0
1574816811.26857, -78.0
1574816811.719022, -78.0
1574816812.004435, -78.0
1574816812.238338, -78.0
1574816812.51868, -78.0
1574816812.761912, -78.0
1574816813.010343, -78.0
1574816813.246686, -78.0
1574816813.497274, -78.0
1574816813.753535, -78.0
1574816814.012101, -78.0
1574816814.374734, -78.0
1574816814.394579, -78.0
1574816814.414754, -78.0
1574816814.435034, -78.0
1574816814.455791, -78.0
1574816814.476257, -78.0
1574816815.210933, -78.0
1574816815.524643, -78.0
1574816815.774216, -78.0
1574816816.033849, -78.0
1574816816.276985, -78.0
1574816816.527653, -78.0
1574816816.800259, -78.0
1574816817.066683, -78.0
1574816817.314751, -78.0
1574816817.545077, -78.0
1574816817.785863, -78.0
1574816818.029223, -78.0
1574816818.268144, -78.0
1574816818.516495, -78.0
1574816818.769389, -78.0
1574816819.041304, -78.0
1574816819.292235, -78.0
1574816819.559554, -78.0
1574816819.891498, -78.0
1574816820.451648, -78.0
1574816820.471131, -78.0
1574816820.490847, -78.0
1574816820.510032, -78.0
1574816820.529156, -78.0
1574816820.946127, -78.0
1574816821.30099, -78.0
1574816821.541259, -78.0
1574816821.787656, -78.0
1574816822.016946, -78.0
1574816822.257077, -78.0
1574816822.510561, -78.0
1574816822.755036, -78.0
1574816823.139916, -78.0
1574816823.415339, -78.0
1574816823.664993, -78.0
1574816823.912954, -78.0
1574816824.154644, -78.0
1574816824.403634, -78.0
1574816824.648008, -78.0
1574816824.905248, -78.0
1574816825.139432, -78.0
1574816825.396022, -78.0
1574816826.053022, -78.0
1574816826.072777, -78.0
1574816826.092453, -78.0
1574816826.1121, -78.0
1574816826.131564, -78.0
1574816826.471261, -78.0
1574816826.490946, -78.0
1574816826.510577, -78.0
1574816826.904379, -78.0
1574816827.268723, -78.0
1574816827.682672, -78.0
1574816828.088455, -78.0
1574816828.51111, -78.0
1574816829.074804, -78.0
1574816829.094167, -78.0
1574816829.626949, -78.0
1574816830.055099, -78.0
1574816830.597505, -78.0
1574816831.162568, -78.0
1574816831.753598, -78.0
1574816831.773063, -78.0
1574816831.793442, -78.0
1574816831.814378, -78.0
1574816831.835536, -78.0
1574816831.85665, -78.0
1574816831.877479, -78.0
1574816831.898544, -78.0
1574816831.91947, -78.0
1574816831.94052, -78.0
1574816831.961697, -78.0
1574816831.982945, -78.0
1574816832.003945, -78.0
1574816832.025427, -78.0
1574816832.04693, -78.0
1574816832.068198, -78.0
1574816832.767614, -78.0
1574816832.786851, -78.0
1574816833.176992, -78.0
1574816833.563832, -78.0
1574816834.136823, -78.0
1574816834.70478, -78.0
1574816835.240105, -78.0
1574816835.838541, -78.0
1574816836.385838, -78.0
1574816836.882047, -78.0
1574816837.206178, -78.0
1574816837.518266, -78.0
1574816837.822826, -78.0
1574816838.194128, -78.0
1574816838.545049, -78.0
1574816838.914814, -78.0
1574816839.265055, -78.0
1574816839.813485, -78.0
1574816839.832865, -78.0
1574816839.852172, -78.0
1574816840.462962, -78.0
1574816840.482249, -78.0
1574816840.501226, -78.0
1574816841.052621, -78.0
1574816841.071725, -78.0
1574816841.09101, -78.0
1574816841.603752, -78.0
1574816841.623029, -78.0
1574816842.139571, -78.0
1574816842.699712, -78.0
1574816842.719443, -78.0
1574816843.321724, -78.0
1574816843.903856, -78.0
1574816843.923374, -78.0
1574816844.555504, -78.0
1574816845.182445, -78.0
1574816845.795322, -78.0
1574816846.359485, -78.0
1574816846.957533, -78.0
1574816846.978296, -78.0
1574816846.998327, -78.0
1574816847.622269, -78.0
1574816848.273915, -78.0
1574816848.960024, -78.0
1574816848.97965, -78.0
1574816848.999428, -78.0
1574816849.019288, -78.0
1574816849.638507, -78.0
1574816850.287331, -78.0
1574816850.825577, -78.0
1574816851.271455, -78.0
1574816851.791344, -78.0
1574816852.368928, -78.0
1574816852.794992, -78.0
1574816853.203568, -78.0
1574816853.769437, -78.0
1574816853.788395, -78.0
1574816854.345615, -78.0
1574816854.365011, -78.0
1574816781.838715, -78.0
1574816781.858307, -78.0
1574816781.878613, -78.0
1574816781.89871, -78.0
1574816781.918699, -78.0
1574816781.938481, -78.0
1574816781.957944, -78.0
1574816781.97781, -78.0
1574816781.999248, -78.0
1574816782.019364, -78.0
1574816782.432142, -78.0
1574816782.451573, -78.0
1574816782.470854, -78.0
1574816782.490241, -78.0
1574816782.509303, -78.0
1574816783.117748, -78.0
1574816783.13748, -78.0
1574816783.157294, -78.0
1574816783.177062, -78.0
1574816783.196383, -78.0
1574816783.215997, -78.0
1574816783.235124, -78.0
1574816783.254445, -78.0
1574816783.831954, -78.0
1574816784.445431, -78.0
1574816784.464553, -78.0
1574816784.483974, -78.0
1574816784.503028, -78.0
1574816785.20743, -78.0
1574816785.227039, -78.0
1574816785.247085, -78.0
1574816785.268544, -78.0
1574816785.289716, -78.0
1574816785.310878, -78.0
1574816785.332212, -78.0
1574816785.353572, -78.0
1574816785.374312, -78.0
1574816785.716207, -78.0
1574816785.966663, -78.0
1574816786.224071, -78.0
1574816786.483585, -78.0
1574816786.747357, -78.0
1574816787.025765, -78.0
1574816787.280554, -78.0
1574816787.524822, -78.0
1574816787.765133, -78.0
1574816788.026181, -78.0
1574816788.303605, -78.0
1574816788.527437, -78.0
1574816788.782634, -78.0
1574816789.048186, -78.0
1574816789.322077, -78.0
1574816789.589446, -78.0
1574816789.825298, -78.0
1574816790.167534, -78.0
1574816790.186787, -78.0
1574816790.206623, -78.0
1574816790.227203, -78.0
1574816790.247597, -78.0
1574816790.268732, -78.0
1574816790.2895, -78.0
1574816790.309179, -78.0
1574816790.555255, -78.0
1574816790.792149, -78.0
1574816791.039258, -78.0
1574816791.28081, -78.0
1574816791.522697, -78.0
1574816791.774068, -78.0
1574816792.033354, -78.0
1574816792.287687, -78.0
1574816792.533592, -78.0
1574816792.772226, -78.0
1574816793.039928, -78.0
1574816793.30263, -78.0
1574816793.535686, -78.0
1574816793.845739, -78.0
1574816794.1092, -78.0
1574816794.431581, -78.0
1574816794.676082, -78.0
1574816794.938296, -78.0
1574816795.169076, -78.0
1574816795.430583, -78.0
1574816795.685706, -78.0
1574816795.950214, -78.0
1574816796.219057, -78.0
1574816796.461614, -78.0
1574816796.717584, -78.0
1574816796.966527, -78.0
1574816797.198594, -78.0
1574816797.443941, -78.0
1574816797.696291, -78.0
1574816797.936841, -78.0
1574816798.170132, -78.0
1574816798.468088, -78.0
1574816799.039228, -78.0
1574816799.058615, -78.0
1574816799.077901, -78.0
1574816799.097371, -78.0
1574816799.116658, -78.0
1574816799.136056, -78.0
1574816799.609541, -78.0
1574816799.960092, -78.0
1574816800.20358, -78.0
1574816800.447401, -78.0
1574816800.687271, -78.0
1574816800.949911, -78.0
1574816801.350631, -78.0
1574816801.585883, -78.0
1574816801.846281, -78.0
1574816802.17378, -78.0
1574816802.193178, -78.0
1574816802.494724, -78.0
1574816802.901189, -78.0
1574816803.348833, -78.0
1574816803.855475, -78.0
1574816804.335591, -78.0
1574816804.777455, -78.0
1574816805.313363, -78.0
1574816805.942857, -78.0
1574816806.496419, -78.0
1574816806.891157, -78.0
1574816807.2787, -78.0
1574816807.539453, -78.0
1574816807.788634, -78.0
1574816808.062946, -78.0
1574816808.323597, -78.0
1574816808.735365, -78.0
1574816808.754936, -78.0
1574816808.776198, -78.0
1574816809.401779, -78.0
1574816809.814324, -78.0
1574816810.247957, -78.0
1574816810.694354, -78.0
1574816811.227006, -78.0
1574816811.783761, -78.0
1574816812.317505, -78.0
1574816812.888299, -78.0
1574816813.626171, -78.0
1574816813.646942, -78.0
1574816813.668215, -78.0
1574816813.68752, -78.0
1574816813.70603, -78.0
1574816813.724798, -78.0
1574816813.743369, -78.0
1574816813.764776, -78.0
1574816814.227024, -78.0
1574816814.708961, -78.0
1574816815.276319, -78.0
1574816815.29532, -78.0
1574816815.314682, -78.0
1574816815.334256, -78.0
1574816815.353703, -78.0
1574816815.373396, -78.0
1574816815.392876, -78.0
1574816815.412041, -78.0
1574816815.431249, -78.0
1574816815.984409, -78.0
1574816816.555487, -78.0
1574816816.574737, -78.0
1574816816.594416, -78.0
1574816816.614051, -78.0
1574816816.633294, -78.0
1574816817.246651, -78.0
1574816817.266354, -78.0
1574816817.286079, -78.0
1574816817.305663, -78.0
1574816817.324964, -78.0
1574816817.344512, -78.0
1574816817.363671, -78.0
1574816817.383178, -78.0
1574816817.402521, -78.0
1574816817.421745, -78.0
1574816817.441369, -78.0
1574816818.097169, -78.0
1574816818.652005, -78.0
1574816819.349833, -78.0
1574816819.369752, -78.0
1574816819.389538, -78.0
1574816819.409044, -78.0
1574816819.429026, -78.0
1574816819.449069, -78.0
1574816819.468527, -78.0
1574816819.488433, -78.0
1574816820.262748, -78.0
1574816820.282543, -78.0
1574816820.302349, -78.0
1574816820.322075, -78.0
1574816820.341601, -78.0
1574816820.361434, -78.0
1574816820.381224, -78.0
1574816820.400885, -78.0
1574816820.420664, -78.0
1574816820.44027, -78.0
1574816820.460128, -78.0
1574816820.479526, -78.0
1574816821.058413, -78.0
1574816821.077942, -78.0
1574816821.637282, -78.0
1574816821.656961, -78.0
1574816822.371426, -78.0
1574816822.391105, -78.0
1574816822.41102, -78.0
1574816822.431986, -78.0
1574816822.453252, -78.0
1574816822.474321, -78.0
1574816822.495204, -78.0
1574816822.516479, -78.0
1574816822.53736, -78.0
1574816822.558519, -78.0
1574816822.579188, -78.0
1574816822.599403, -78.0
1574816822.619955, -78.0
1574816822.63987, -78.0
1574816822.660297, -78.0
1574816823.368981, -78.0
1574816823.894162, -78.0
1574816824.486463, -78.0
1574816825.036859, -78.0
1574816825.056349, -78.0
1574816825.623432, -78.0
1574816826.22812, -78.0
1574816826.247558, -78.0
1574816826.266603, -78.0
1574816826.286012, -78.0
1574816826.851504, -78.0
1574816827.461274, -78.0
1574816827.948026, -78.0
1574816828.557439, -78.0
1574816829.123046, -78.0
1574816829.662404, -78.0
1574816830.227208, -78.0
1574816830.772688, -78.0
1574816831.290336, -78.0
1574816831.812034, -78.0
1574816832.33478, -78.0
1574816833.0104, -78.0
1574816833.572886, -78.0
1574816834.149837, -78.0
1574816834.671565, -78.0
1574816835.259896, -78.0
1574816835.831123, -78.0
1574816835.850347, -78.0
1574816836.445368, -78.0
1574816836.464624, -78.0
1574816836.483895, -78.0
1574816836.503165, -78.0
1574816837.100527, -78.0
1574816837.656916, -78.0
1574816837.676198, -78.0
1574816838.228492, -78.0
1574816838.65748, -78.0
1574816839.114959, -78.0
1574816839.134612, -78.0
1574816839.154345, -78.0
1574816839.865735, -78.0
1574816839.885085, -78.0
1574816839.904369, -78.0
1574816839.923449, -78.0
1574816839.942735, -78.0
1574816839.961974, -78.0
1574816839.981042, -78.0
1574816840.493157, -78.0
1574816840.925266, -78.0
1574816841.204213, -78.0
1574816841.450443, -78.0
1574816841.719264, -78.0
1574816841.972137, -78.0
1574816842.221436, -78.0
1574816842.452276, -78.0
1574816842.691271, -78.0
1574816842.952022, -78.0
1574816843.373113, -78.0
1574816844.074262, -78.0
1574816844.635769, -78.0
1574816845.195662, -78.0
1574816845.803145, -78.0
1574816846.409436, -78.0
1574816847.009009, -78.0
1574816847.615181, -78.0
1574816847.634688, -78.0
1574816847.654058, -78.0
1574816848.196452, -78.0
1574816848.21566, -78.0
1574816848.235628, -78.0
1574816848.25483, -78.0
1574816848.770729, -78.0
1574816848.790184, -78.0
1574816848.810125, -78.0
1574816848.82972, -78.0
1574816848.849497, -78.0
1574816848.869377, -78.0
1574816848.888924, -78.0
1574816848.908625, -78.0
1574816849.525645, -78.0
1574816850.108166, -78.0
1574816850.127504, -78.0
1574816850.147724, -78.0
1574816850.168871, -78.0
1574816850.190189, -78.0
1574816850.211631, -78.0
1574816850.232637, -78.0
1574816850.253823, -78.0
1574816850.273963, -78.0
1574816850.661873, -78.0
1574816850.985044, -78.0
1574816851.398869, -78.0
1574816851.41836, -78.0
1574816851.437904, -78.0
1574816851.835158, -78.0
1574816852.226831, -78.0
1574816852.60972, -78.0
1574816852.859093, -78.0
1574816853.117869, -78.0
1574816853.365513, -78.0
1574816853.608885, -78.0
1574816853.874679, -78.0
1574816854.324648, -78.0
1574816854.577134, -78.0
1574816854.83644, -78.0
1574816855.082956, -78.0
1574816855.363221, -78.0
1574816855.61045, -78.0
1574816855.87221, -78.0
1574816856.098593, -78.0
1574816856.359119, -78.0
1574816856.633894, -78.0
1574816856.911002, -78.0
1574816857.154475, -78.0
1574816857.384231, -78.0
1574816857.647661, -78.0
1574816857.897057, -78.0
1574816858.140988, -78.0
1574816858.411846, -78.0
1574816858.651217, -78.0
1574816858.90914, -78.0
1574816859.142313, -78.0
1574816859.422052, -78.0
1574816859.776505, -78.0
1574816860.316839, -78.0
1574816860.825765, -78.0
1574816861.175529, -78.0
1574816861.569662, -78.0
1574816861.978601, -78.0
1574816862.361127, -78.0
1574816862.758645, -78.0
1574816863.140067, -78.0
1574816863.412877, -78.0
1574816863.680508, -78.0
1574816863.952605, -78.0
1574816864.198955, -78.0
1574816864.451834, -78.0
1574816864.700413, -78.0
1574816864.966024, -78.0
1574816865.229437, -78.0
1574816865.485777, -78.0
1574816865.733199, -78.0
1574816865.994024, -78.0
1574816866.26914, -78.0
1574816866.600229, -78.0
1574816866.922963, -78.0
1574816867.478571, -78.0
1574816867.781109, -78.0
1574816868.019419, -78.0
1574816868.27122, -78.0
1574816868.520188, -78.0
1574816868.768755, -78.0
1574816869.01446, -78.0
1574816869.267071, -78.0
1574816869.529873, -78.0
1574816869.771891, -78.0
1574816870.041989, -78.0
1574816870.281427, -78.0
1574816870.522647, -78.0
1574816870.542378, -78.0
1574816870.562437, -78.0
1574816871.187563, -78.0
1574816871.734643, -78.0
1574816872.195545, -78.0
1574816872.569348, -78.0
1574816872.81897, -78.0
1574816873.083441, -78.0
1574816873.347621, -78.0
1574816873.598995, -78.0
1574816873.852306, -78.0
1574816874.101358, -78.0
1574816874.361969, -78.0
1574816874.627925, -78.0
1574816874.884572, -78.0
1574816875.149187, -78.0
1574816875.622328, -78.0
1574816875.641673, -78.0
1574816875.66096, -78.0
1574816875.68032, -78.0
1574816875.699596, -78.0
1574816875.718646, -78.0
1574816876.232279, -78.0
1574816876.597327, -78.0
1574816876.898093, -78.0
1574816877.185625, -78.0
1574816877.428443, -78.0
1574816877.682137, -78.0
1574816877.948085, -78.0
1574816878.190307, -78.0
1574816878.437357, -78.0
1574816878.674086, -78.0
1574816878.925782, -78.0
1574816879.181996, -78.0
1574816879.202282, -78.0
1574816879.543634, -78.0
1574816879.563715, -78.0
1574816879.797462, -78.0
1574816880.0477, -78.0
1574816880.292347, -78.0
1574816880.57038, -78.0
1574816881.009522, -78.0
1574816881.453039, -78.0
1574816881.934447, -78.0
1574816881.95534, -78.0
1574816881.976774, -78.0
1574816881.998183, -78.0
1574816882.018522, -78.0
1574816882.039046, -78.0
1574816882.059597, -78.0
1574816882.079852, -78.0
1574816882.100387, -78.0
1574816882.120832, -78.0
1574816882.142025, -78.0
1574816882.162597, -78.0
1574816882.183088, -78.0
1574816882.203337, -78.0
1574816882.982833, -78.0
1574816883.003604, -78.0
1574816883.024144, -78.0
1574816883.045587, -78.0
1574816883.066685, -78.0
1574816883.311604, -78.0
1574816883.558134, -78.0
1574816883.848193, -78.0
1574816884.102113, -78.0
1574816884.593266, -78.0
1574816885.129802, -78.0
1574816885.686262, -78.0
1574816886.143402, -78.0
1574816886.685009, -78.0
1574816887.204784, -78.0
1574816887.469424, -78.0
1574816887.925494, -78.0
1574816888.192192, -78.0
1574816888.462201, -78.0
1574816888.719592, -78.0
1574816889.264202, -78.0
1574816889.283535, -78.0
1574816889.857284, -78.0
1574816890.15592, -78.0
1574816890.399527, -78.0
1574816890.975793, -78.0
1574816891.27845, -78.0
1574816891.841107, -78.0
1574816892.34921, -78.0
1574816892.878404, -78.0
1574816892.897849, -78.0
1574816892.917126, -78.0
1574816893.497731, -78.0
1574816894.103569, -78.0
1574816894.655548, -78.0
1574816895.218334, -78.0
1574816895.798192, -78.0
1574816896.25497, -78.0
1574816896.685951, -78.0
1574816897.106164, -78.0
1574816897.344965, -78.0
1574816897.595507, -78.0
1574816897.853124, -78.0
1574816898.128382, -78.0
1574816898.580348, -78.0
1574816898.87572, -78.0
1574816899.178293, -78.0
1574816899.502832, -78.0
1574816899.827273, -78.0
1574816900.110924, -78.0
1574816900.43063, -78.0
1574816900.698877, -78.0
1574816901.006761, -78.0
1574816901.318012, -78.0
1574816901.669549, -78.0
1574816902.159174, -78.0
1574816902.524029, -78.0
1574816902.54428, -78.0
1574816902.826927, -78.0
1574816903.274551, -78.0
1574816903.720275, -78.0
1574816904.237017, -78.0
1574816904.734954, -78.0
1574816905.271931, -78.0
1574816905.291631, -78.0
1574816905.796384, -78.0
1574816906.486704, -78.0
1574816907.024465, -78.0
1574816907.472246, -78.0
1574816907.93498, -78.0
1574816849.416983, -78.0
1574816849.435922, -78.0
1574816849.454611, -78.0
1574816849.473766, -78.0
1574816849.493866, -78.0
1574816849.515114, -78.0
1574816849.535376, -78.0
1574816849.55486, -78.0
1574816849.575642, -78.0
1574816849.596602, -78.0
1574816849.617701, -78.0
1574816849.63914, -78.0
1574816849.660419, -78.0
1574816849.681772, -78.0
1574816849.703011, -78.0
1574816849.724382, -78.0
1574816849.745415, -78.0
1574816849.766223, -78.0
1574816849.787424, -78.0
1574816849.808534, -78.0
1574816849.829414, -78.0
1574816849.85038, -78.0
1574816850.358704, -78.0
1574816850.378561, -78.0
1574816850.398744, -78.0
1574816850.419227, -78.0
1574816850.440161, -78.0
1574816850.461388, -78.0
1574816850.482582, -78.0
1574816850.502877, -78.0
1574816850.522438, -78.0
1574816850.541937, -78.0
1574816850.561232, -78.0
1574816850.580611, -78.0
1574816850.599846, -78.0
1574816851.197899, -78.0
1574816851.21769, -78.0
1574816851.237076, -78.0
1574816851.256879, -78.0
1574816851.276759, -78.0
1574816851.296547, -78.0
1574816851.316283, -78.0
1574816851.336364, -78.0
1574816851.356629, -78.0
1574816851.37643, -78.0
1574816851.396314, -78.0
1574816852.000831, -78.0
1574816852.384781, -78.0
1574816852.769014, -78.0
1574816853.041636, -78.0
1574816853.342334, -78.0
1574816853.686604, -78.0
1574816854.036685, -78.0
1574816854.408101, -78.0
1574816854.963371, -78.0
1574816854.983041, -78.0
1574816855.003094, -78.0
1574816855.02349, -78.0
1574816855.044416, -78.0
1574816855.065736, -78.0
1574816855.086988, -78.0
1574816855.106523, -78.0
1574816855.335912, -78.0
1574816855.654793, -78.0
1574816855.673783, -78.0
1574816855.693049, -78.0
1574816855.714078, -78.0
1574816855.735154, -78.0
1574816855.756161, -78.0
1574816855.77728, -78.0
1574816856.328303, -78.0
1574816856.584457, -78.0
1574816856.854788, -78.0
1574816857.09054, -78.0
1574816857.55923, -78.0
1574816857.579842, -78.0
1574816857.600112, -78.0
1574816857.621108, -78.0
1574816857.641095, -78.0
1574816857.660447, -78.0
1574816858.161518, -78.0
1574816858.564732, -78.0
1574816858.922539, -78.0
1574816859.32002, -78.0
1574816859.721899, -78.0
1574816860.090157, -78.0
1574816860.55224, -78.0
1574816861.082381, -78.0
1574816861.617149, -78.0
1574816862.035235, -78.0
1574816862.054545, -78.0
1574816862.073738, -78.0
1574816862.093111, -78.0
1574816862.113997, -78.0
1574816862.133512, -78.0
1574816862.153346, -78.0
1574816862.541977, -78.0
1574816862.798401, -78.0
1574816863.055601, -78.0
1574816863.319687, -78.0
1574816863.584065, -78.0
1574816863.839436, -78.0
1574816864.115871, -78.0
1574816864.377392, -78.0
1574816864.812514, -78.0
1574816865.36262, -78.0
1574816865.382003, -78.0
1574816865.952331, -78.0
1574816865.971706, -78.0
1574816866.546897, -78.0
1574816867.102226, -78.0
1574816867.121603, -78.0
1574816867.784357, -78.0
1574816868.414064, -78.0
1574816869.007029, -78.0
1574816869.653693, -78.0
1574816869.673592, -78.0
1574816870.306501, -78.0
1574816870.326011, -78.0
1574816870.345311, -78.0
1574816870.884959, -78.0
1574816870.904015, -78.0
1574816870.923279, -78.0
1574816870.942259, -78.0
1574816870.961668, -78.0
1574816871.54673, -78.0
1574816872.110257, -78.0
1574816872.69896, -78.0
1574816872.718912, -78.0
1574816872.738072, -78.0
1574816872.757366, -78.0
1574816872.776472, -78.0
1574816873.323179, -78.0
1574816873.832045, -78.0
1574816874.383653, -78.0
1574816874.929668, -78.0
1574816875.429909, -78.0
1574816875.895514, -78.0
1574816876.344702, -78.0
1574816876.718804, -78.0
1574816877.20203, -78.0
1574816877.676577, -78.0
1574816877.931916, -78.0
1574816878.366259, -78.0
1574816878.770222, -78.0
1574816879.024387, -78.0
1574816879.288612, -78.0
1574816879.629564, -78.0
1574816879.895174, -78.0
1574816880.214375, -78.0
1574816880.633257, -78.0
1574816881.015826, -78.0
1574816881.256466, -78.0
1574816881.507485, -78.0
1574816881.759504, -78.0
1574816882.006854, -78.0
1574816882.258012, -78.0
1574816882.529286, -78.0
1574816882.771364, -78.0
1574816883.019749, -78.0
1574816883.260202, -78.0
1574816883.510687, -78.0
1574816883.758041, -78.0
1574816884.001788, -78.0
1574816884.270234, -78.0
1574816884.522434, -78.0
1574816884.771781, -78.0
1574816885.021395, -78.0
1574816885.27446, -78.0
1574816885.531369, -78.0
1574816885.777452, -78.0
1574816886.038649, -78.0
1574816886.27457, -78.0
1574816886.525536, -78.0
1574816886.771052, -78.0
1574816887.038476, -78.0
1574816887.28906, -78.0
1574816887.529665, -78.0
1574816887.754172, -78.0
1574816887.992976, -78.0
1574816888.259173, -78.0
1574816888.505575, -78.0
1574816888.754659, -78.0
1574816889.006652, -78.0
1574816889.262951, -78.0
1574816889.514948, -78.0
1574816889.769315, -78.0
1574816890.032582, -78.0
1574816890.294855, -78.0
1574816890.565215, -78.0
1574816890.83296, -78.0
1574816891.311999, -78.0
1574816891.890936, -78.0
1574816892.504405, -78.0
1574816892.523661, -78.0
1574816892.542852, -78.0
1574816893.11871, -78.0
1574816893.67836, -78.0
1574816893.697522, -78.0
1574816893.716753, -78.0
1574816893.735637, -78.0
1574816894.306388, -78.0
1574816894.325401, -78.0
1574816894.923014, -78.0
1574816894.942232, -78.0
1574816894.961208, -78.0
1574816894.980428, -78.0
1574816894.999574, -78.0
1574816895.018533, -78.0
1574816895.037865, -78.0
1574816895.057003, -78.0
1574816895.076174, -78.0
1574816895.095674, -78.0
1574816895.114764, -78.0
1574816895.134142, -78.0
1574816895.153619, -78.0
1574816895.172715, -78.0
1574816895.192174, -78.0
1574816895.212177, -78.0
1574816895.739632, -78.0
1574816896.24002, -78.0
1574816896.884867, -78.0
1574816897.408362, -78.0
1574816898.031308, -78.0
1574816898.608246, -78.0
1574816898.627928, -78.0
1574816898.647283, -78.0
1574816898.666889, -78.0
1574816898.686584, -78.0
1574816898.705915, -78.0
1574816899.450009, -78.0
1574816899.469692, -78.0
1574816899.489428, -78.0
1574816899.50866, -78.0
1574816899.527848, -78.0
1574816899.547345, -78.0
1574816899.566523, -78.0
1574816899.5858, -78.0
1574816899.605164, -78.0
1574816899.624367, -78.0
1574816899.643681, -78.0
1574816899.662693, -78.0
1574816899.681765, -78.0
1574816899.70104, -78.0
1574816899.720039, -78.0
1574816899.73941, -78.0
1574816899.758718, -78.0
1574816899.777678, -78.0
1574816900.306705, -78.0
1574816900.326012, -78.0
1574816852.769372, -78.0
1574816853.220797, -78.0
1574816853.667118, -78.0
1574816853.686336, -78.0
1574816853.705136, -78.0
1574816853.724196, -78.0
1574816853.742974, -78.0
1574816853.76208, -78.0
1574816853.78095, -78.0
1574816853.800128, -78.0
1574816853.819282, -78.0
1574816853.838029, -78.0
1574816853.857429, -78.0
1574816853.87641, -78.0
1574816853.895765, -78.0
1574816853.915051, -78.0
1574816854.443243, -78.0
1574816854.866443, -78.0
1574816855.304779, -78.0
1574816855.734319, -78.0
1574816856.145999, -78.0
1574816856.556194, -78.0
1574816856.952892, -78.0
1574816857.36753, -78.0
1574816857.790781, -78.0
1574816858.221367, -78.0
1574816858.63653, -78.0
1574816859.069795, -78.0
1574816859.516522, -78.0
1574816859.937676, -78.0
1574816860.328926, -78.0
1574816860.761035, -78.0
1574816861.175236, -78.0
1574816861.587084, -78.0
1574816861.606512, -78.0
1574816862.200225, -78.0
1574816862.219853, -78.0
1574816862.238787, -78.0
1574816862.621524, -78.0
1574816863.127273, -78.0
1574816863.5761, -78.0
1574816864.143469, -78.0
1574816864.706448, -78.0
1574816864.725716, -78.0
1574816865.22033, -78.0
1574816865.625771, -78.0
1574816865.987506, -78.0
1574816866.229279, -78.0
1574816866.486277, -78.0
1574816866.727294, -78.0
1574816866.993591, -78.0
1574816867.234945, -78.0
1574816867.578864, -78.0
1574816868.108038, -78.0
1574816868.460878, -78.0
1574816868.696506, -78.0
1574816869.056848, -78.0
1574816869.3159, -78.0
1574816869.573047, -78.0
1574816869.812771, -78.0
1574816870.073177, -78.0
1574816870.324617, -78.0
1574816870.565397, -78.0
1574816870.819049, -78.0
1574816871.090802, -78.0
1574816871.354339, -78.0
1574816871.602665, -78.0
1574816871.863482, -78.0
1574816872.1052, -78.0
1574816872.384658, -78.0
1574816872.608024, -78.0
1574816872.848997, -78.0
1574816873.079258, -78.0
1574816873.347732, -78.0
1574816873.588108, -78.0
1574816873.861351, -78.0
1574816874.103889, -78.0
1574816874.362934, -78.0
1574816874.599535, -78.0
1574816874.869198, -78.0
1574816875.148439, -78.0
1574816875.409248, -78.0
1574816875.669003, -78.0
1574816875.914088, -78.0
1574816876.19361, -78.0
1574816876.465545, -78.0
1574816876.961758, -78.0
1574816877.383616, -78.0
1574816877.884102, -78.0
1574816878.261136, -78.0
1574816878.527589, -78.0
1574816878.8715, -78.0
1574816879.271043, -78.0
1574816879.535529, -78.0
1574816879.798806, -78.0
1574816880.047197, -78.0
1574816880.297307, -78.0
1574816880.544311, -78.0
1574816880.806852, -78.0
1574816881.061915, -78.0
1574816881.306277, -78.0
1574816881.565992, -78.0
1574816881.827059, -78.0
1574816882.065975, -78.0
1574816882.342815, -78.0
1574816882.625441, -78.0
1574816882.894916, -78.0
1574816883.151146, -78.0
1574816883.413046, -78.0
1574816883.677126, -78.0
1574816883.932103, -78.0
1574816884.180764, -78.0
1574816884.496826, -78.0
1574816884.744248, -78.0
1574816884.996385, -78.0
1574816885.25737, -78.0
1574816885.52138, -78.0
1574816885.762026, -78.0
1574816885.999416, -78.0
1574816886.258028, -78.0
1574816886.526457, -78.0
1574816886.948426, -78.0
1574816886.967692, -78.0
1574816886.986977, -78.0
1574816887.56214, -78.0
1574816888.054925, -78.0
1574816888.501054, -78.0
1574816888.93174, -78.0
1574816889.349209, -78.0
1574816889.755254, -78.0
1574816890.179918, -78.0
1574816890.598292, -78.0
1574816890.970644, -78.0
1574816891.213088, -78.0
1574816891.466595, -78.0
1574816891.711196, -78.0
1574816891.948526, -78.0
1574816892.179023, -78.0
1574816892.420585, -78.0
1574816892.681708, -78.0
1574816892.915975, -78.0
1574816893.156385, -78.0
1574816893.415, -78.0
1574816893.654358, -78.0
1574816893.905779, -78.0
1574816894.162692, -78.0
1574816894.41767, -78.0
1574816894.673307, -78.0
1574816894.905957, -78.0
1574816895.284601, -78.0
1574816895.304049, -78.0
1574816895.323911, -78.0
1574816895.343142, -78.0
1574816895.757174, -78.0
1574816896.168691, -78.0
1574816896.187926, -78.0
1574816896.207179, -78.0
1574816896.778915, -78.0
1574816897.257401, -78.0
1574816897.70116, -78.0
1574816898.184686, -78.0
1574816898.660307, -78.0
1574816899.126153, -78.0
1574816899.619406, -78.0
1574816900.09109, -78.0
1574816900.568389, -78.0
1574816900.587922, -78.0
1574816900.60785, -78.0
1574816900.629223, -78.0
1574816900.649037, -78.0
1574816900.669064, -78.0
1574816900.689042, -78.0
1574816900.708717, -78.0
1574816900.7285, -78.0
1574816900.747895, -78.0
1574816900.767768, -78.0
1574816901.504516, -78.0
1574816902.183451, -78.0
1574816902.887091, -78.0
1574816903.663035, -78.0
1574816903.682852, -78.0
1574816904.444428, -78.0
1574816905.150128, -78.0
1574816905.824744, -78.0
1574816906.524829, -78.0
1574816907.201706, -78.0
1574816907.899348, -78.0
1574816907.919097, -78.0
1574816907.938882, -78.0
1574816907.959115, -78.0
1574816907.978724, -78.0
1574816907.998673, -78.0
1574816908.018259, -78.0
1574816908.750569, -78.0
1574816908.770682, -78.0
1574816908.790827, -78.0
1574816909.480991, -78.0
1574816909.802848, -78.0
1574816910.075625, -78.0
1574816910.337268, -78.0
1574816910.575578, -78.0
1574816910.841866, -78.0
1574816911.275561, -78.0
1574816911.29518, -78.0
1574816911.314841, -78.0
1574816911.33417, -78.0
1574816911.921876, -78.0
1574816912.474569, -78.0
1574816913.0387, -78.0
1574816913.440586, -78.0
1574816913.852518, -78.0
1574816914.39295, -78.0
1574816914.412516, -78.0
1574816914.431837, -78.0
1574816914.993623, -78.0
1574816915.519632, -78.0
1574816916.116384, -78.0
1574816916.704368, -78.0
1574816917.298244, -78.0
1574816917.899998, -78.0
1574816917.91997, -78.0
1574816917.941408, -78.0
1574816917.962586, -78.0
1574816917.982976, -78.0
1574816918.00261, -78.0
1574816918.021875, -78.0
1574816918.040995, -78.0
1574816918.060603, -78.0
1574816918.080148, -78.0
1574816918.099382, -78.0
1574816918.118894, -78.0
1574816918.13815, -78.0
1574816918.157577, -78.0
1574816918.176961, -78.0
1574816918.19636, -78.0
1574816918.215925, -78.0
1574816918.235476, -78.0
1574816918.254892, -78.0
1574816918.274723, -78.0
1574816918.741574, -78.0
1574816919.258628, -78.0
1574816919.277954, -78.0
1574816919.872298, -78.0
1574816919.891658, -78.0
1574816920.460998, -78.0
1574816921.031828, -78.0
1574816921.052305, -78.0
1574816921.54437, -78.0
1574816921.563638, -78.0
1574816921.582934, -78.0
1574816854.397317, -78.0
1574816854.416541, -78.0
1574816854.435488, -78.0
1574816854.454723, -78.0
1574816854.473693, -78.0
1574816854.492395, -78.0
1574816855.051738, -78.0
1574816855.470546, -78.0
1574816855.489714, -78.0
1574816855.508812, -78.0
1574816855.528162, -78.0
1574816855.547041, -78.0
1574816855.566277, -78.0
1574816855.585197, -78.0
1574816855.604489, -78.0
1574816855.623505, -78.0
1574816855.642418, -78.0
1574816855.661717, -78.0
1574816855.680544, -78.0
1574816855.699701, -78.0
1574816855.720027, -78.0
1574816855.740336, -78.0
1574816855.760743, -78.0
1574816856.248626, -78.0
1574816856.628981, -78.0
1574816856.940893, -78.0
1574816857.244571, -78.0
1574816857.526892, -78.0
1574816857.822468, -78.0
1574816858.107483, -78.0
1574816858.398768, -78.0
1574816858.683371, -78.0
1574816858.975878, -78.0
1574816859.301119, -78.0
1574816859.584138, -78.0
1574816859.88667, -78.0
1574816860.189395, -78.0
1574816860.47187, -78.0
1574816860.781565, -78.0
1574816861.086542, -78.0
1574816861.397428, -78.0
1574816861.694321, -78.0
1574816861.978617, -78.0
1574816862.285734, -78.0
1574816862.584246, -78.0
1574816862.879921, -78.0
1574816863.17555, -78.0
1574816863.478981, -78.0
1574816863.767116, -78.0
1574816864.264099, -78.0
1574816864.856365, -78.0
1574816864.877209, -78.0
1574816864.898209, -78.0
1574816864.919499, -78.0
1574816864.940924, -78.0
1574816864.962181, -78.0
1574816864.983132, -78.0
1574816865.354544, -78.0
1574816865.878669, -78.0
1574816866.403924, -78.0
1574816866.964196, -78.0
1574816867.509644, -78.0
1574816868.05388, -78.0
1574816868.618304, -78.0
1574816868.637758, -78.0
1574816868.657184, -78.0
1574816868.678206, -78.0
1574816868.697822, -78.0
1574816869.179528, -78.0
1574816869.597833, -78.0
1574816869.85318, -78.0
1574816870.106101, -78.0
1574816870.364701, -78.0
1574816870.632501, -78.0
1574816870.894949, -78.0
1574816871.276042, -78.0
1574816871.931467, -78.0
1574816871.950879, -78.0
1574816872.517165, -78.0
1574816873.061966, -78.0
1574816873.654365, -78.0
1574816874.08366, -78.0
1574816874.323132, -78.0
1574816874.584185, -78.0
1574816874.994586, -78.0
1574816875.66763, -78.0
1574816875.687064, -78.0
1574816875.706547, -78.0
1574816875.726556, -78.0
1574816875.746697, -78.0
1574816875.766523, -78.0
1574816875.786632, -78.0
1574816875.806513, -78.0
1574816876.448298, -78.0
1574816876.467854, -78.0
1574816876.48719, -78.0
1574816877.044075, -78.0
1574816877.495402, -78.0
1574816877.992872, -78.0
1574816878.443305, -78.0
1574816878.900136, -78.0
1574816879.32947, -78.0
1574816879.78438, -78.0
1574816880.268535, -78.0
1574816880.742629, -78.0
1574816881.231033, -78.0
1574816881.710911, -78.0
1574816882.206648, -78.0
1574816882.699238, -78.0
1574816883.214209, -78.0
1574816883.733104, -78.0
1574816884.245482, -78.0
1574816884.770859, -78.0
1574816885.22874, -78.0
1574816885.715754, -78.0
1574816886.209402, -78.0
1574816886.750059, -78.0
1574816887.256982, -78.0
1574816887.769396, -78.0
1574816887.788958, -78.0
1574816887.808256, -78.0
1574816887.828156, -78.0
1574816887.847958, -78.0
1574816887.867278, -78.0
1574816887.88653, -78.0
1574816888.412702, -78.0
1574816889.023002, -78.0
1574816889.042451, -78.0
1574816889.061615, -78.0
1574816889.080839, -78.0
1574816889.652544, -78.0
1574816890.193689, -78.0
1574816890.838367, -78.0
1574816891.455739, -78.0
1574816892.070665, -78.0
1574816892.602077, -78.0
1574816892.621501, -78.0
1574816892.64097, -78.0
1574816892.660489, -78.0
1574816892.679697, -78.0
1574816892.698851, -78.0
1574816892.717917, -78.0
1574816892.737185, -78.0
1574816892.756231, -78.0
1574816892.775255, -78.0
1574816893.307168, -78.0
1574816893.775342, -78.0
1574816894.280127, -78.0
1574816894.299421, -78.0
1574816894.790623, -78.0
1574816895.110812, -78.0
1574816895.460524, -78.0
1574816895.809715, -78.0
1574816896.168411, -78.0
1574816896.52626, -78.0
1574816896.898187, -78.0
1574816897.356226, -78.0
1574816897.859028, -78.0
1574816898.212664, -78.0
1574816898.562924, -78.0
1574816898.925096, -78.0
1574816899.277316, -78.0
1574816899.656153, -78.0
1574816900.050137, -78.0
1574816900.39067, -78.0
1574816900.744964, -78.0
1574816901.098491, -78.0
1574816901.462592, -78.0
1574816901.801475, -78.0
1574816902.149452, -78.0
1574816902.475755, -78.0
1574816903.046844, -78.0
1574816903.532171, -78.0
1574816903.893425, -78.0
1574816904.239652, -78.0
1574816904.57771, -78.0
1574816905.245461, -78.0
1574816905.623069, -78.0
1574816906.341781, -78.0
1574816907.083356, -78.0
1574816907.729546, -78.0
1574816908.146427, -78.0
1574816908.62348, -78.0
1574816909.240443, -78.0
1574816909.858434, -78.0
1574816910.338412, -78.0
1574816910.87282, -78.0
1574816911.356375, -78.0
1574816911.803355, -78.0
1574816912.390633, -78.0
1574816913.035134, -78.0
1574816913.672936, -78.0
1574816914.329928, -78.0
1574816915.073557, -78.0
1574816915.817514, -78.0
1574816916.593002, -78.0
1574816917.283293, -78.0
1574816918.01146, -78.0
1574816918.692201, -78.0
1574816919.341129, -78.0
1574816920.114342, -78.0
1574816920.826035, -78.0
1574816921.587371, -78.0
1574816922.232671, -78.0
1574816922.966506, -78.0
1574816923.719989, -78.0
1574816924.429257, -78.0
1574816924.449395, -78.0
1574816924.470428, -78.0
1574816924.490112, -78.0
1574816924.510982, -78.0
1574816924.531962, -78.0
1574816924.552965, -78.0
1574816924.572708, -78.0
1574816924.592612, -78.0
1574816924.612523, -78.0
1574816924.632195, -78.0
1574816924.652294, -78.0
1574816924.672304, -78.0
1574816924.692063, -78.0
1574816924.712025, -78.0
1574816924.731735, -78.0
1574816924.751872, -78.0
1574816924.772045, -78.0
1574816924.79168, -78.0
1574816924.811627, -78.0
1574816924.831599, -78.0
1574816924.851351, -78.0
1574816924.871355, -78.0
1574816924.892457, -78.0
1574816925.492606, -78.0
1574816926.06755, -78.0
1574816926.950517, -78.0
1574816926.970158, -78.0
1574816926.989776, -78.0
1574816927.00926, -78.0
1574816927.028403, -78.0
1574816927.548296, -78.0
1574816928.11274, -78.0
1574816928.672736, -78.0
1574816928.6921, -78.0
1574816928.711258, -78.0
1574816929.274515, -78.0
1574816929.873488, -78.0
1574816929.892813, -78.0
1574816930.477401, -78.0
1574816931.051691, -78.0
1574816931.071065, -78.0
1574816931.090285, -78.0
1574816931.686065, -78.0
1574816900.769932, -78.0
1574816901.215794, -78.0
1574816901.65033, -78.0
1574816902.051764, -78.0
1574816902.552213, -78.0
1574816902.571961, -78.0
1574816902.591618, -78.0
1574816902.612854, -78.0
1574816902.634412, -78.0
1574816902.655835, -78.0
1574816902.676922, -78.0
1574816902.698204, -78.0
1574816902.718527, -78.0
1574816902.738649, -78.0
1574816902.759243, -78.0
1574816902.779924, -78.0
1574816902.800333, -78.0
1574816902.820971, -78.0
1574816902.840965, -78.0
1574816902.861018, -78.0
1574816902.881514, -78.0
1574816902.901563, -78.0
1574816902.921765, -78.0
1574816902.942358, -78.0
1574816902.962875, -78.0
1574816902.983142, -78.0
1574816903.003709, -78.0
1574816903.411086, -78.0
1574816903.675483, -78.0
1574816903.959577, -78.0
1574816904.508331, -78.0
1574816904.527698, -78.0
1574816905.09556, -78.0
1574816905.115385, -78.0
1574816905.531164, -78.0
1574816905.834274, -78.0
1574816906.079581, -78.0
1574816906.316765, -78.0
1574816906.566866, -78.0
1574816906.81818, -78.0
1574816907.062604, -78.0
1574816907.310381, -78.0
1574816907.558642, -78.0
1574816907.810135, -78.0
1574816908.129856, -78.0
1574816908.358227, -78.0
1574816908.603058, -78.0
1574816908.87036, -78.0
1574816909.475569, -78.0
1574816909.495297, -78.0
1574816910.105449, -78.0
1574816910.476208, -78.0
1574816910.716927, -78.0
1574816910.973973, -78.0
1574816911.507637, -78.0
1574816912.120341, -78.0
1574816912.139735, -78.0
1574816912.159205, -78.0
1574816912.736447, -78.0
1574816913.185517, -78.0
1574816913.431312, -78.0
1574816913.685138, -78.0
1574816913.938987, -78.0
1574816914.17966, -78.0
1574816914.423, -78.0
1574816914.670406, -78.0
1574816914.934176, -78.0
1574816915.194379, -78.0
1574816915.428585, -78.0
1574816915.681516, -78.0
1574816915.700738, -78.0
1574816915.720357, -78.0
1574816915.740118, -78.0
1574816915.759622, -78.0
1574816915.778862, -78.0
1574816916.203853, -78.0
1574816916.609084, -78.0
1574816916.996386, -78.0
1574816917.417206, -78.0
1574816917.949533, -78.0
1574816917.969012, -78.0
1574816918.542516, -78.0
1574816918.562128, -78.0
1574816918.582625, -78.0
1574816918.60182, -78.0
1574816919.019357, -78.0
1574816919.303868, -78.0
1574816919.661895, -78.0
1574816920.047365, -78.0
1574816920.57017, -78.0
1574816920.589973, -78.0
1574816920.611335, -78.0
1574816920.630504, -78.0
1574816921.389577, -78.0
1574816921.947249, -78.0
1574816921.966773, -78.0
1574816921.986477, -78.0
1574816922.006174, -78.0
1574816922.025715, -78.0
1574816922.659785, -78.0
1574816922.898486, -78.0
1574816923.136229, -78.0
1574816923.396849, -78.0
1574816923.626821, -78.0
1574816923.863111, -78.0
1574816924.118538, -78.0
1574816924.529165, -78.0
1574816925.134312, -78.0
1574816925.439275, -78.0
1574816925.693658, -78.0
1574816925.999697, -78.0
1574816926.268186, -78.0
1574816926.533559, -78.0
1574816926.784302, -78.0
1574816927.040968, -78.0
1574816927.28972, -78.0
1574816927.524534, -78.0
1574816927.773816, -78.0
1574816928.275801, -78.0
1574816928.296462, -78.0
1574816928.316154, -78.0
1574816928.905917, -78.0
1574816929.437436, -78.0
1574816930.016339, -78.0
1574816930.580489, -78.0
1574816931.174955, -78.0
1574816931.750902, -78.0
1574816932.292123, -78.0
1574816932.843778, -78.0
1574816933.395979, -78.0
1574816933.934658, -78.0
1574816934.375872, -78.0
1574816934.871131, -78.0
1574816935.31032, -78.0
1574816935.830862, -78.0
1574816936.206664, -78.0
1574816936.590647, -78.0
1574816936.983385, -78.0
1574816937.2073, -78.0
1574816937.464252, -78.0
1574816937.723845, -78.0
1574816937.9833, -78.0
1574816938.224997, -78.0
1574816938.483354, -78.0
1574816938.757887, -78.0
1574816939.011936, -78.0
1574816939.321127, -78.0
1574816939.554466, -78.0
1574816939.808223, -78.0
1574816940.197724, -78.0
1574816940.445831, -78.0
1574816940.698131, -78.0
1574816940.923489, -78.0
1574816941.160872, -78.0
1574816941.403109, -78.0
1574816941.662997, -78.0
1574816941.8906, -78.0
1574816942.139473, -78.0
1574816942.388683, -78.0
1574816942.633147, -78.0
1574816942.883704, -78.0
1574816943.13665, -78.0
1574816943.381636, -78.0
1574816943.638918, -78.0
1574816943.879113, -78.0
1574816944.136984, -78.0
1574816944.378274, -78.0
1574816944.633098, -78.0
1574816944.881292, -78.0
1574816945.139549, -78.0
1574816945.399337, -78.0
1574816945.640528, -78.0
1574816945.897532, -78.0
1574816946.147304, -78.0
1574816946.550611, -78.0
1574816946.569835, -78.0
1574816946.98361, -78.0
1574816947.493858, -78.0
1574816947.913885, -78.0
1574816948.139671, -78.0
1574816948.462778, -78.0
1574816949.063219, -78.0
1574816949.571561, -78.0
1574816950.000843, -78.0
1574816950.402026, -78.0
1574816950.740482, -78.0
1574816950.997988, -78.0
1574816951.259934, -78.0
1574816951.528152, -78.0
1574816951.769903, -78.0
1574816952.01761, -78.0
1574816952.255952, -78.0
1574816952.500491, -78.0
1574816952.749614, -78.0
1574816952.984429, -78.0
1574816953.240276, -78.0
1574816953.467178, -78.0
1574816953.716924, -78.0
1574816954.082024, -78.0
1574816954.324191, -78.0
1574816954.732185, -78.0
1574816955.264062, -78.0
1574816955.769652, -78.0
1574816955.788688, -78.0
1574816955.807877, -78.0
1574816955.827111, -78.0
1574816955.846544, -78.0
1574816956.399763, -78.0
1574816956.969517, -78.0
1574816956.988688, -78.0
1574816957.600399, -78.0
1574816958.169496, -78.0
1574816958.723754, -78.0
1574816959.298978, -78.0
1574816959.857525, -78.0
1574816959.876591, -78.0
1574816960.457221, -78.0
1574816960.476361, -78.0
1574816960.495482, -78.0
1574816960.955876, -78.0
1574816961.3777, -78.0
1574816961.764284, -78.0
1574816962.179023, -78.0
1574816962.610492, -78.0
1574816963.144789, -78.0
1574816963.695453, -78.0
1574816964.25185, -78.0
1574816964.833036, -78.0
1574816965.397182, -78.0
1574816965.982508, -78.0
1574816966.001558, -78.0
1574816966.450354, -78.0
1574816966.892649, -78.0
1574816967.370144, -78.0
1574816967.388957, -78.0
1574816967.980374, -78.0
1574816967.999326, -78.0
1574816968.018255, -78.0
1574816968.561589, -78.0
1574816969.045055, -78.0
1574816969.455159, -78.0
1574816969.819442, -78.0
1574816970.047114, -78.0
1574816970.296118, -78.0
1574816970.551022, -78.0
1574816970.799293, -78.0
1574816971.053703, -78.0
1574816971.312848, -78.0
1574816971.535735, -78.0
1574816971.809126, -78.0
1574816907.972669, -78.0
1574816907.991496, -78.0
1574816908.010326, -78.0
1574816908.029376, -78.0
1574816908.048136, -78.0
1574816908.067527, -78.0
1574816908.087654, -78.0
1574816908.107253, -78.0
1574816908.127153, -78.0
1574816908.730021, -78.0
1574816909.1498, -78.0
1574816909.647957, -78.0
1574816910.192019, -78.0
1574816910.662814, -78.0
1574816911.125655, -78.0
1574816911.581859, -78.0
1574816912.048041, -78.0
1574816912.49256, -78.0
1574816912.972535, -78.0
1574816913.389145, -78.0
1574816913.829601, -78.0
1574816914.168381, -78.0
1574816914.427249, -78.0
1574816914.668635, -78.0
1574816914.925666, -78.0
1574816915.178673, -78.0
1574816915.432077, -78.0
1574816915.990174, -78.0
1574816916.545432, -78.0
1574816917.123114, -78.0
1574816917.700344, -78.0
1574816918.240441, -78.0
1574816918.639058, -78.0
1574816918.951797, -78.0
1574816919.192023, -78.0
1574816919.443003, -78.0
1574816919.699609, -78.0
1574816919.927678, -78.0
1574816920.186927, -78.0
1574816920.625886, -78.0
1574816920.884989, -78.0
1574816921.141433, -78.0
1574816921.410364, -78.0
1574816921.647404, -78.0
1574816921.895851, -78.0
1574816922.265131, -78.0
1574816922.723838, -78.0
1574816922.743747, -78.0
1574816923.131264, -78.0
1574816923.374519, -78.0
1574816923.78083, -78.0
1574816924.327972, -78.0
1574816924.347384, -78.0
1574816924.897134, -78.0
1574816925.334345, -78.0
1574816925.353652, -78.0
1574816925.373632, -78.0
1574816925.393603, -78.0
1574816925.412797, -78.0
1574816925.92721, -78.0
1574816926.173009, -78.0
1574816926.425707, -78.0
1574816926.687761, -78.0
1574816926.91433, -78.0
1574816927.147216, -78.0
1574816927.382674, -78.0
1574816927.629683, -78.0
1574816927.867063, -78.0
1574816928.132271, -78.0
1574816928.401859, -78.0
1574816928.652268, -78.0
1574816928.896509, -78.0
1574816929.391231, -78.0
1574816929.411795, -78.0
1574816929.432227, -78.0
1574816929.919278, -78.0
1574816930.178254, -78.0
1574816930.422295, -78.0
1574816930.720415, -78.0
1574816931.127251, -78.0
1574816931.444687, -78.0
1574816931.7816, -78.0
1574816932.39766, -78.0
1574816932.79681, -78.0
1574816933.379653, -78.0
1574816933.399551, -78.0
1574816933.419544, -78.0
1574816933.439152, -78.0
1574816933.458834, -78.0
1574816934.039768, -78.0
1574816934.596502, -78.0
1574816935.001641, -78.0
1574816935.387239, -78.0
1574816935.84921, -78.0
1574816936.197812, -78.0
1574816936.493313, -78.0
1574816936.841938, -78.0
1574816937.182127, -78.0
1574816937.594454, -78.0
1574816937.98788, -78.0
1574816938.403771, -78.0
1574816938.89916, -78.0
1574816939.519005, -78.0
1574816939.538406, -78.0
1574816939.557926, -78.0
1574816939.578198, -78.0
1574816939.598588, -78.0
1574816939.618916, -78.0
1574816939.639052, -78.0
1574816939.658559, -78.0
1574816939.678206, -78.0
1574816940.523808, -78.0
1574816940.543527, -78.0
1574816940.563218, -78.0
1574816940.582853, -78.0
1574816940.602536, -78.0
1574816940.622278, -78.0
1574816940.642074, -78.0
1574816941.254639, -78.0
1574816941.273896, -78.0
1574816941.293173, -78.0
1574816941.312405, -78.0
1574816941.331599, -78.0
1574816941.350739, -78.0
1574816941.369926, -78.0
1574816941.389124, -78.0
1574816941.408943, -78.0
1574816941.429462, -78.0
1574816941.450359, -78.0
1574816941.471403, -78.0
1574816941.492256, -78.0
1574816941.512966, -78.0
1574816941.533576, -78.0
1574816941.553361, -78.0
1574816941.573341, -78.0
1574816941.592602, -78.0
1574816941.612207, -78.0
1574816941.632394, -78.0
1574816942.227027, -78.0
1574816942.684749, -78.0
1574816943.141449, -78.0
1574816943.160953, -78.0
1574816943.180815, -78.0
1574816943.2006, -78.0
1574816943.221685, -78.0
1574816943.242464, -78.0
1574816943.262596, -78.0
1574816943.281965, -78.0
1574816943.30184, -78.0
1574816943.321049, -78.0
1574816943.885612, -78.0
1574816944.4512, -78.0
1574816945.042571, -78.0
1574816945.061522, -78.0
1574816945.081366, -78.0
1574816945.101186, -78.0
1574816945.121056, -78.0
1574816945.140749, -78.0
1574816945.160381, -78.0
1574816945.179972, -78.0
1574816945.19944, -78.0
1574816945.219046, -78.0
1574816945.238601, -78.0
1574816945.25798, -78.0
1574816945.277606, -78.0
1574816945.297286, -78.0
1574816945.31832, -78.0
1574816945.339416, -78.0
1574816945.360678, -78.0
1574816945.380692, -78.0
1574816945.838924, -78.0
1574816945.858089, -78.0
1574816945.877301, -78.0
1574816945.896442, -78.0
1574816945.915588, -78.0
1574816945.934617, -78.0
1574816945.953657, -78.0
1574816945.972721, -78.0
1574816945.991865, -78.0
1574816946.011037, -78.0
1574816946.030172, -78.0
1574816946.049147, -78.0
1574816946.068247, -78.0
1574816946.521603, -78.0
1574816946.954407, -78.0
1574816947.389336, -78.0
1574816947.862449, -78.0
1574816948.331009, -78.0
1574816948.822568, -78.0
1574816949.400157, -78.0
1574816949.989252, -78.0
1574816950.659876, -78.0
1574816951.237271, -78.0
1574816951.256172, -78.0
1574816951.275256, -78.0
1574816951.294419, -78.0
1574816951.740252, -78.0
1574816952.300463, -78.0
1574816952.321707, -78.0
1574816952.341609, -78.0
1574816952.361775, -78.0
1574816952.381628, -78.0
1574816952.40136, -78.0
1574816952.421106, -78.0
1574816952.441886, -78.0
1574816952.461759, -78.0
1574816952.481916, -78.0
1574816952.502256, -78.0
1574816952.522565, -78.0
1574816952.542882, -78.0
1574816952.563369, -78.0
1574816952.583858, -78.0
1574816952.603202, -78.0
1574816952.624322, -78.0
1574816952.645444, -78.0
1574816952.666119, -78.0
1574816952.686735, -78.0
1574816952.707299, -78.0
1574816952.727918, -78.0
1574816952.748346, -78.0
1574816952.768894, -78.0
1574816952.789338, -78.0
1574816952.809639, -78.0
1574816952.830152, -78.0
1574816952.850778, -78.0
1574816952.871324, -78.0
1574816952.892058, -78.0
1574816952.913163, -78.0
1574816952.933659, -78.0
1574816952.954196, -78.0
1574816952.97479, -78.0
1574816952.99532, -78.0
1574816953.015847, -78.0
1574816953.036506, -78.0
1574816953.05705, -78.0
1574816953.077559, -78.0
1574816953.098055, -78.0
1574816953.118577, -78.0
1574816953.139046, -78.0
1574816953.159539, -78.0
1574816953.180089, -78.0
1574816953.200746, -78.0
1574816953.221404, -78.0
1574816953.242005, -78.0
1574816953.262513, -78.0
1574816953.283019, -78.0
1574816953.304097, -78.0
1574816953.324611, -78.0
1574816953.343513, -78.0
1574816953.362513, -78.0
1574816921.851543, -78.0
1574816922.093353, -78.0
1574816922.370605, -78.0
1574816922.820059, -78.0
1574816922.83927, -78.0
1574816922.858268, -78.0
1574816922.877379, -78.0
1574816922.896783, -78.0
1574816922.915592, -78.0
1574816922.934357, -78.0
1574816922.953462, -78.0
1574816923.37683, -78.0
1574816923.615949, -78.0
1574816923.856681, -78.0
1574816924.126611, -78.0
1574816924.365533, -78.0
1574816924.590704, -78.0
1574816924.84195, -78.0
1574816925.098263, -78.0
1574816925.372827, -78.0
1574816925.623636, -78.0
1574816925.862868, -78.0
1574816926.123, -78.0
1574816926.364457, -78.0
1574816926.617281, -78.0
1574816926.858343, -78.0
1574816927.110618, -78.0
1574816927.359883, -78.0
1574816927.613744, -78.0
1574816927.871409, -78.0
1574816928.13445, -78.0
1574816928.397168, -78.0
1574816928.647592, -78.0
1574816928.898763, -78.0
1574816929.166652, -78.0
1574816929.412915, -78.0
1574816929.687761, -78.0
1574816929.920683, -78.0
1574816930.1651, -78.0
1574816930.407649, -78.0
1574816930.661436, -78.0
1574816930.907314, -78.0
1574816931.168295, -78.0
1574816931.42346, -78.0
1574816931.686249, -78.0
1574816931.948221, -78.0
1574816932.207557, -78.0
1574816932.435168, -78.0
1574816932.703726, -78.0
1574816932.945592, -78.0
1574816933.21236, -78.0
1574816933.482909, -78.0
1574816933.739927, -78.0
1574816933.984498, -78.0
1574816934.241363, -78.0
1574816934.48358, -78.0
1574816934.735468, -78.0
1574816934.98368, -78.0
1574816935.215922, -78.0
1574816935.44132, -78.0
1574816935.712442, -78.0
1574816935.957333, -78.0
1574816936.196324, -78.0
1574816936.444766, -78.0
1574816936.70293, -78.0
1574816936.967366, -78.0
1574816937.242632, -78.0
1574816937.496303, -78.0
1574816937.725194, -78.0
1574816937.984272, -78.0
1574816938.281665, -78.0
1574816938.544452, -78.0
1574816939.030699, -78.0
1574816939.285994, -78.0
1574816939.52378, -78.0
1574816939.77415, -78.0
1574816940.018647, -78.0
1574816940.25968, -78.0
1574816940.506888, -78.0
1574816940.762956, -78.0
1574816941.022099, -78.0
1574816941.276704, -78.0
1574816941.534681, -78.0
1574816941.79431, -78.0
1574816942.028595, -78.0
1574816942.279951, -78.0
1574816942.539964, -78.0
1574816942.811527, -78.0
1574816943.072853, -78.0
1574816943.324772, -78.0
1574816943.570575, -78.0
1574816943.822141, -78.0
1574816944.096323, -78.0
1574816944.346848, -78.0
1574816944.581423, -78.0
1574816944.829132, -78.0
1574816945.057614, -78.0
1574816945.304304, -78.0
1574816945.557467, -78.0
1574816945.797074, -78.0
1574816946.053942, -78.0
1574816946.316556, -78.0
1574816946.560683, -78.0
1574816946.80959, -78.0
1574816947.064732, -78.0
1574816947.309225, -78.0
1574816947.559848, -78.0
1574816947.811244, -78.0
1574816948.057194, -78.0
1574816948.318648, -78.0
1574816948.563993, -78.0
1574816948.822306, -78.0
1574816949.0697, -78.0
1574816949.337276, -78.0
1574816949.596921, -78.0
1574816949.837986, -78.0
1574816950.077776, -78.0
1574816950.463997, -78.0
1574816950.874762, -78.0
1574816951.343837, -78.0
1574816951.770446, -78.0
1574816952.032995, -78.0
1574816952.258514, -78.0
1574816952.515448, -78.0
1574816952.768018, -78.0
1574816953.023996, -78.0
1574816953.448582, -78.0
1574816953.870871, -78.0
1574816954.11943, -78.0
1574816954.361843, -78.0
1574816954.806565, -78.0
1574816955.382825, -78.0
1574816955.768084, -78.0
1574816956.219543, -78.0
1574816956.623571, -78.0
1574816956.909373, -78.0
1574816957.172623, -78.0
1574816957.606167, -78.0
1574816957.862878, -78.0
1574816958.114152, -78.0
1574816958.352978, -78.0
1574816958.598251, -78.0
1574816958.858652, -78.0
1574816959.143115, -78.0
1574816959.395988, -78.0
1574816959.647197, -78.0
1574816959.886222, -78.0
1574816960.127942, -78.0
1574816960.36747, -78.0
1574816960.593115, -78.0
1574816960.826029, -78.0
1574816961.073188, -78.0
1574816961.316387, -78.0
1574816961.573175, -78.0
1574816961.830684, -78.0
1574816962.090393, -78.0
1574816962.325889, -78.0
1574816962.587207, -78.0
1574816962.817506, -78.0
1574816963.053787, -78.0
1574816963.304876, -78.0
1574816963.588124, -78.0
1574816963.842648, -78.0
1574816964.110576, -78.0
1574816964.385716, -78.0
1574816964.653355, -78.0
1574816964.93194, -78.0
1574816965.220838, -78.0
1574816965.50875, -78.0
1574816965.844775, -78.0
1574816966.234612, -78.0
1574816966.886139, -78.0
1574816966.905564, -78.0
1574816967.272403, -78.0
1574816967.606427, -78.0
1574816967.963702, -78.0
1574816968.343894, -78.0
1574816968.64385, -78.0
1574816968.997728, -78.0
1574816969.546757, -78.0
1574816969.565795, -78.0
1574816969.58498, -78.0
1574816969.604177, -78.0
1574816969.623263, -78.0
1574816970.165609, -78.0
1574816970.708502, -78.0
1574816970.727616, -78.0
1574816970.74663, -78.0
1574816970.765696, -78.0
1574816971.333674, -78.0
1574816971.352648, -78.0
1574816971.371711, -78.0
1574816971.973643, -78.0
1574816971.992435, -78.0
1574816972.582427, -78.0
1574816973.129636, -78.0
1574816973.148593, -78.0
1574816973.673769, -78.0
1574816973.692901, -78.0
1574816974.211853, -78.0
1574816974.23097, -78.0
1574816974.781291, -78.0
1574816974.800282, -78.0
1574816975.413685, -78.0
1574816975.432732, -78.0
1574816975.451788, -78.0
1574816975.470838, -78.0
1574816975.489856, -78.0
1574816976.025327, -78.0
1574816976.495678, -78.0
1574816976.937151, -78.0
1574816977.541362, -78.0
1574816978.10249, -78.0
1574816978.64079, -78.0
1574816978.659985, -78.0
1574816979.199679, -78.0
1574816979.752027, -78.0
1574816980.267922, -78.0
1574816980.826992, -78.0
1574816981.323203, -78.0
1574816981.342352, -78.0
1574816981.914832, -78.0
1574816981.933843, -78.0
1574816981.952763, -78.0
1574816982.533876, -78.0
1574816983.063459, -78.0
1574816983.082482, -78.0
1574816983.641353, -78.0
1574816984.19152, -78.0
1574816984.767866, -78.0
1574816985.301018, -78.0
1574816985.903824, -78.0
1574816985.922961, -78.0
1574816985.942001, -78.0
1574816986.533188, -78.0
1574816986.552245, -78.0
1574816987.126537, -78.0
1574816987.145693, -78.0
1574816987.164692, -78.0
1574816987.183755, -78.0
1574816987.202662, -78.0
1574816987.647946, -78.0
1574816988.206833, -78.0
1574816988.225989, -78.0
1574816988.774315, -78.0
1574816989.3341, -78.0
1574816989.820053, -78.0
1574816990.364568, -78.0
1574816990.815994, -78.0
1574816990.834943, -78.0
