1574731227.591415, -499.0
1574731227.647226, -481.0
1574731227.704381, -481.0
1574731227.76397, -481.0
1574731227.825492, -481.0
1574731227.884284, -481.0
1574731227.940053, -481.0
1574731228.003146, -481.0
1574731228.05852, -481.0
1574731228.116747, -481.0
1574731228.172003, -481.0
1574731228.23216, -481.0
1574731228.294453, -481.0
1574731228.354654, -481.0
1574731228.422741, -481.0
1574731228.483101, -481.0
1574731228.543209, -481.0
1574731228.601734, -481.0
1574731228.661773, -481.0
1574731228.721791, -481.0
1574731228.78162, -481.0
1574731228.841768, -481.0
1574731228.902226, -481.0
1574731228.963543, -481.0
1574731229.02346, -481.0
1574731229.083605, -481.0
1574731229.144528, -481.0
1574731229.205669, -481.0
1574731229.26577, -481.0
1574731229.325987, -481.0
1574731229.389404, -481.0
1574731229.453169, -481.0
1574731229.51706, -481.0
1574731229.580774, -481.0
1574731229.643935, -481.0
1574731229.707542, -481.0
1574731229.769482, -481.0
1574731229.835039, -481.0
1574731229.898814, -481.0
1574731229.962643, -481.0
1574731230.025754, -481.0
1574731230.086023, -481.0
1574731230.145971, -481.0
1574731230.202485, -481.0
1574731230.265628, -481.0
1574731230.324211, -481.0
1574731230.38312, -481.0
1574731230.442825, -481.0
1574731230.500808, -481.0
1574731230.557564, -481.0
1574731227.599981, -481.0
1574731227.65615, -481.0
1574731227.710625, -481.0
1574731227.769543, -481.0
1574731227.829615, -481.0
1574731227.888481, -481.0
1574731227.943735, -481.0
1574731227.998858, -481.0
1574731228.053893, -481.0
1574731228.108298, -481.0
1574731228.163104, -481.0
1574731228.220936, -481.0
1574731228.280857, -481.0
1574731228.338685, -481.0
1574731228.395159, -481.0
1574731228.450317, -481.0
1574731228.504508, -481.0
1574731228.559579, -481.0
1574731228.614302, -481.0
1574731228.669211, -481.0
1574731228.723411, -481.0
1574731228.778369, -481.0
1574731228.833361, -481.0
1574731228.889624, -481.0
1574731228.945096, -481.0
1574731228.999101, -481.0
1574731229.054576, -481.0
1574731229.110827, -481.0
1574731229.165762, -481.0
1574731229.220678, -481.0
1574731229.27886, -481.0
1574731229.338378, -481.0
1574731229.39694, -481.0
1574731229.456187, -481.0
1574731229.515084, -481.0
1574731229.574511, -481.0
1574731229.634557, -481.0
1574731229.693786, -481.0
1574731229.752883, -481.0
1574731229.812882, -481.0
1574731229.870921, -481.0
1574731229.925399, -481.0
1574731229.980932, -481.0
1574731230.035881, -481.0
1574731230.090713, -481.0
1574731230.144878, -481.0
1574731230.198874, -481.0
1574731230.258219, -481.0
1574731230.313734, -481.0
1574731230.368718, -481.0
1574731227.612723, -481.0
1574731227.672612, -481.0
1574731227.730222, -481.0
1574731227.793624, -481.0
1574731227.858008, -481.0
1574731227.920407, -481.0
1574731227.978287, -481.0
1574731228.034632, -481.0
1574731228.091092, -481.0
1574731228.147812, -481.0
1574731228.202688, -481.0
1574731228.26277, -481.0
1574731228.32505, -481.0
1574731228.38555, -481.0
1574731228.44013, -481.0
1574731228.493076, -481.0
1574731228.546137, -481.0
1574731228.599218, -481.0
1574731228.652406, -481.0
1574731228.705345, -481.0
1574731228.758333, -481.0
1574731228.81135, -481.0
1574731228.864341, -481.0
1574731228.919419, -481.0
1574731228.972496, -481.0
1574731229.025569, -481.0
1574731229.079639, -481.0
1574731229.135078, -481.0
1574731229.188281, -481.0
1574731229.241491, -481.0
1574731229.299498, -481.0
1574731229.357692, -481.0
1574731229.415973, -481.0
1574731229.474323, -481.0
1574731229.532487, -481.0
1574731229.590636, -481.0
1574731229.648904, -481.0
1574731229.706981, -481.0
1574731229.766453, -481.0
1574731229.824825, -481.0
1574731229.882617, -481.0
1574731229.93576, -481.0
1574731229.988795, -481.0
1574731230.041752, -481.0
1574731230.094603, -481.0
1574731230.147401, -481.0
1574731230.200456, -481.0
1574731230.258359, -481.0
1574731230.313052, -481.0
1574731230.366, -481.0
1574731227.742134, -481.0
1574731227.848605, -481.0
1574731227.954465, -481.0
1574731228.067434, -481.0
1574731228.18508, -481.0
1574731228.298121, -481.0
1574731228.404063, -481.0
1574731228.509707, -481.0
1574731228.615276, -481.0
1574731228.720764, -481.0
1574731228.826747, -481.0
1574731228.938484, -481.0
1574731229.054403, -481.0
1574731229.166329, -481.0
1574731229.272152, -481.0
1574731229.377962, -481.0
1574731229.483859, -481.0
1574731229.590114, -481.0
1574731229.695906, -481.0
1574731229.801521, -481.0
1574731229.907354, -481.0
1574731230.013164, -481.0
1574731230.119229, -481.0
1574731230.227967, -481.0
1574731230.333831, -481.0
1574731230.440006, -481.0
1574731230.547814, -481.0
1574731230.656646, -481.0
1574731230.762359, -481.0
1574731230.868456, -481.0
1574731230.981058, -481.0
1574731231.094993, -481.0
1574731231.208863, -481.0
1574731231.322151, -481.0
1574731231.43526, -481.0
1574731231.549238, -481.0
1574731231.663298, -481.0
1574731231.777232, -481.0
1574731231.893038, -481.0
1574731232.00691, -481.0
1574731232.11988, -481.0
1574731232.225888, -481.0
1574731232.331731, -481.0
1574731232.437318, -481.0
1574731232.543128, -481.0
1574731232.64831, -481.0
1574731232.753865, -481.0
1574731232.867482, -481.0
1574731232.975723, -481.0
1574731233.081564, -481.0
1574731230.505024, -481.0
1574731230.557725, -481.0
1574731230.610796, -481.0
1574731230.663566, -481.0
1574731230.716296, -481.0
1574731230.770273, -481.0
1574731230.824978, -481.0
1574731230.879763, -481.0
1574731230.934415, -481.0
1574731230.98958, -481.0
1574731231.043578, -481.0
1574731231.097966, -481.0
1574731231.151749, -481.0
1574731231.206468, -481.0
1574731231.264365, -481.0
1574731231.321963, -481.0
1574731231.378062, -481.0
1574731231.444167, -481.0
1574731231.511838, -481.0
1574731231.577435, -481.0
1574731231.641416, -481.0
1574731231.704604, -481.0
1574731231.761194, -481.0
1574731231.821932, -481.0
1574731231.885434, -481.0
1574731231.945431, -481.0
1574731232.002285, -481.0
1574731232.060556, -481.0
1574731232.118052, -481.0
1574731232.176356, -481.0
1574731232.235789, -481.0
1574731232.293257, -481.0
1574731232.35182, -481.0
1574731232.410312, -481.0
1574731232.46696, -481.0
1574731232.525576, -481.0
1574731232.58409, -481.0
1574731232.639323, -481.0
1574731232.693646, -481.0
1574731232.749057, -481.0
1574731232.808355, -481.0
1574731232.867257, -481.0
1574731232.926579, -481.0
1574731232.982532, -481.0
1574731233.037567, -481.0
1574731233.092044, -481.0
1574731233.147411, -481.0
1574731233.202599, -481.0
1574731233.257936, -481.0
1574731233.312585, -481.0
1574731230.518126, -481.0
1574731230.576937, -481.0
1574731230.6363, -481.0
1574731230.69445, -481.0
1574731230.752014, -481.0
1574731230.807484, -481.0
1574731230.864034, -481.0
1574731230.920292, -481.0
1574731230.976976, -481.0
1574731231.033532, -481.0
1574731231.088729, -481.0
1574731231.143544, -481.0
1574731231.200181, -481.0
1574731231.256694, -481.0
1574731231.312365, -481.0
1574731231.367633, -481.0
1574731231.421097, -481.0
1574731231.48078, -481.0
1574731231.538942, -481.0
1574731231.598191, -481.0
1574731231.656649, -481.0
1574731231.712866, -481.0
1574731231.767392, -481.0
1574731231.824339, -481.0
1574731231.884221, -481.0
1574731231.939023, -481.0
1574731231.994161, -481.0
1574731232.049314, -481.0
1574731232.103722, -481.0
1574731232.158602, -481.0
1574731232.213634, -481.0
1574731232.268646, -481.0
1574731232.323754, -481.0
1574731232.378677, -481.0
1574731232.43311, -481.0
1574731232.488078, -481.0
1574731232.543331, -481.0
1574731232.598361, -481.0
1574731232.653404, -481.0
1574731232.70781, -481.0
1574731232.766748, -481.0
1574731232.825215, -481.0
1574731232.884032, -481.0
1574731232.939118, -481.0
1574731232.994138, -481.0
1574731233.04816, -481.0
1574731233.10351, -481.0
1574731233.158555, -481.0
1574731233.213995, -481.0
1574731233.268978, -481.0
1574731230.875735, -481.0
1574731231.017476, -481.0
1574731231.157322, -481.0
1574731231.296309, -481.0
1574731231.431664, -481.0
1574731231.566799, -481.0
1574731231.705095, -481.0
1574731231.840066, -481.0
1574731231.976013, -481.0
1574731232.111556, -481.0
1574731232.247466, -481.0
1574731232.383261, -481.0
1574731232.518357, -481.0
1574731232.658801, -481.0
1574731232.80129, -481.0
1574731232.94445, -481.0
1574731233.088728, -481.0
1574731233.250053, -481.0
1574731233.409101, -481.0
1574731233.569043, -464.0
1574731233.723458, -464.0
1574731233.869961, -464.0
1574731234.015157, -464.0
1574731234.166282, -464.0
1574731234.321318, -464.0
1574731234.466128, -464.0
1574731234.60729, -464.0
1574731234.747115, -464.0
1574731234.888412, -464.0
1574731235.028498, -464.0
1574731235.169558, -464.0
1574731235.309067, -464.0
1574731235.449224, -464.0
1574731235.589172, -464.0
1574731235.724819, -464.0
1574731235.860518, -464.0
1574731235.995733, -464.0
1574731236.130457, -464.0
1574731236.265203, -464.0
1574731236.398388, -464.0
1574731236.545826, -464.0
1574731236.693805, -464.0
1574731236.839723, -464.0
1574731236.974709, -464.0
1574731237.110095, -464.0
1574731237.245025, -464.0
1574731237.378495, -464.0
1574731237.513918, -464.0
1574731237.647276, -464.0
1574731237.783167, -464.0
1574731233.212269, -481.0
1574731233.265244, -481.0
1574731233.330239, -481.0
1574731233.383434, -481.0
1574731233.436602, -481.0
1574731233.489788, -481.0
1574731233.543046, -481.0
1574731233.596475, -464.0
1574731233.649399, -464.0
1574731233.702405, -464.0
1574731233.755528, -464.0
1574731233.808717, -464.0
1574731233.861809, -464.0
1574731233.914917, -464.0
1574731233.96786, -464.0
1574731234.021131, -464.0
1574731234.074456, -464.0
1574731234.134329, -464.0
1574731234.192938, -464.0
1574731234.25222, -464.0
1574731234.308575, -464.0
1574731234.363348, -464.0
1574731234.417164, -464.0
1574731234.472469, -464.0
1574731234.53068, -464.0
1574731234.583719, -464.0
1574731234.63681, -464.0
1574731234.689972, -464.0
1574731234.742866, -464.0
1574731234.796079, -464.0
1574731234.849084, -464.0
1574731234.902216, -464.0
1574731234.955104, -464.0
1574731235.008342, -464.0
1574731235.061309, -464.0
1574731235.114302, -464.0
1574731235.167337, -464.0
1574731235.220465, -464.0
1574731235.273837, -464.0
1574731235.326858, -464.0
1574731235.38368, -464.0
1574731235.440119, -464.0
1574731235.497295, -464.0
1574731235.550714, -464.0
1574731235.603827, -464.0
1574731235.65688, -464.0
1574731235.709936, -464.0
1574731235.762855, -464.0
1574731235.816048, -464.0
1574731235.868914, -464.0
1574731233.395479, -481.0
1574731233.450483, -481.0
1574731233.505303, -481.0
1574731233.56086, -464.0
1574731233.616565, -464.0
1574731233.671179, -464.0
1574731233.725993, -464.0
1574731234.200959, -464.0
1574731234.254983, -464.0
1574731234.312828, -464.0
1574731234.369398, -464.0
1574731234.428015, -464.0
1574731234.486192, -464.0
1574731234.544497, -464.0
1574731234.602662, -464.0
1574731234.660959, -464.0
1574731234.720044, -464.0
1574731234.781371, -464.0
1574731234.841251, -464.0
1574731234.906324, -464.0
1574731234.969356, -464.0
1574731235.032643, -464.0
1574731235.095568, -464.0
1574731235.15881, -464.0
1574731235.222369, -464.0
1574731235.28367, -464.0
1574731235.347133, -464.0
1574731235.41056, -464.0
1574731235.47411, -464.0
1574731235.537979, -464.0
1574731235.608113, -464.0
1574731235.674082, -464.0
1574731235.740818, -464.0
1574731235.806456, -464.0
1574731235.870696, -464.0
1574731235.929812, -464.0
1574731235.988166, -464.0
1574731236.046406, -464.0
1574731236.104597, -464.0
1574731236.162922, -464.0
1574731236.221685, -464.0
1574731237.007836, -464.0
1574731237.066363, -464.0
1574731237.124918, -464.0
1574731237.182911, -464.0
1574731237.239411, -464.0
1574731237.295281, -464.0
1574731237.352739, -464.0
1574731237.40996, -464.0
1574731237.467009, -464.0
1574731233.440597, -481.0
1574731233.494946, -481.0
1574731233.975158, -464.0
1574731234.031509, -464.0
1574731234.085921, -464.0
1574731234.141373, -464.0
1574731234.195982, -464.0
1574731234.251178, -464.0
1574731234.304656, -464.0
1574731234.357699, -464.0
1574731234.411057, -464.0
1574731234.4643, -464.0
1574731234.517277, -464.0
1574731234.570374, -464.0
1574731234.62342, -464.0
1574731234.676305, -464.0
1574731234.729305, -464.0
1574731234.782045, -464.0
1574731234.834912, -464.0
1574731234.888062, -464.0
1574731234.943182, -464.0
1574731234.996322, -464.0
1574731235.050872, -464.0
1574731235.105633, -464.0
1574731235.160239, -464.0
1574731235.214875, -464.0
1574731235.269586, -464.0
1574731235.324299, -464.0
1574731235.379091, -464.0
1574731235.433768, -464.0
1574731235.489039, -464.0
1574731235.543755, -464.0
1574731235.598407, -464.0
1574731235.652853, -464.0
1574731235.707622, -464.0
1574731235.762258, -464.0
1574731236.549036, -464.0
1574731236.602673, -464.0
1574731236.655567, -464.0
1574731236.708312, -464.0
1574731236.761054, -464.0
1574731236.814038, -464.0
1574731236.867078, -464.0
1574731236.920021, -464.0
1574731236.972715, -464.0
1574731237.027027, -464.0
1574731237.081483, -464.0
1574731237.816561, -464.0
1574731237.870211, -464.0
1574731237.923674, -464.0
1574731244.647016, -464.0
1574731244.661459, -464.0
1574731244.675185, -464.0
1574731244.689376, -464.0
1574731244.703658, -464.0
1574731244.718452, -464.0
1574731244.733446, -464.0
1574731244.748502, -464.0
1574731244.763434, -464.0
1574731244.777675, -464.0
1574731244.792164, -464.0
1574731244.807086, -464.0
1574731244.822065, -464.0
1574731244.836976, -464.0
1574731244.851417, -464.0
1574731244.865084, -464.0
1574731244.879065, -464.0
1574731244.8931, -464.0
1574731244.907196, -464.0
1574731244.92132, -464.0
1574731244.934974, -464.0
1574731244.949638, -464.0
1574731244.963668, -464.0
1574731244.977257, -464.0
1574731245.664038, -464.0
1574731245.677993, -464.0
1574731245.691678, -464.0
1574731245.705255, -464.0
1574731245.718882, -464.0
1574731245.733034, -464.0
1574731245.747294, -464.0
1574731245.761742, -464.0
1574731245.776245, -464.0
1574731245.79114, -464.0
1574731245.805982, -464.0
1574731245.820893, -464.0
1574731245.835771, -464.0
1574731245.850666, -464.0
1574731245.865545, -464.0
1574731245.880478, -464.0
1574731245.895324, -464.0
1574731245.909628, -464.0
1574731245.923359, -464.0
1574731245.936958, -464.0
1574731245.951199, -464.0
1574731245.964973, -464.0
1574731245.978963, -464.0
1574731245.993463, -464.0
1574731246.00742, -464.0
1574731246.02129, -464.0
1574731246.034952, -464.0
1574731246.63732, -464.0
1574731246.651212, -464.0
1574731246.665643, -464.0
1574731246.680094, -464.0
1574731246.694236, -464.0
1574731246.708529, -464.0
1574731246.722035, -464.0
1574731246.735621, -464.0
1574731246.749158, -464.0
1574731246.762686, -464.0
1574731246.776174, -464.0
1574731246.789818, -464.0
1574731246.803349, -464.0
1574731246.816959, -464.0
1574731246.83065, -464.0
1574731246.844171, -464.0
1574731246.857832, -464.0
1574731246.87143, -464.0
1574731246.884955, -464.0
1574731246.898549, -464.0
1574731246.912088, -464.0
1574731246.925631, -464.0
1574731246.939964, -464.0
1574731246.954282, -464.0
1574731246.96832, -464.0
1574731246.981903, -464.0
1574731246.995499, -464.0
1574731247.009056, -464.0
1574731247.022606, -464.0
1574731247.036236, -464.0
1574731247.050145, -464.0
1574731247.063906, -464.0
1574731247.077477, -464.0
1574731247.091057, -464.0
1574731247.104717, -464.0
1574731247.118346, -464.0
1574731247.131963, -464.0
1574731247.14553, -464.0
1574731247.159109, -464.0
1574731247.172714, -464.0
1574731247.186283, -464.0
1574731247.199904, -464.0
1574731247.213478, -464.0
1574731247.227049, -464.0
1574731247.240623, -464.0
1574731247.254214, -464.0
1574731247.267771, -464.0
1574731247.281462, -464.0
1574731247.295055, -464.0
1574731247.308726, -464.0
1574731247.32231, -464.0
1574731247.33593, -464.0
1574731247.35018, -464.0
1574731247.364489, -464.0
1574731247.378309, -464.0
1574731247.391947, -464.0
1574731247.405516, -464.0
1574731247.419137, -464.0
1574731247.432736, -464.0
1574731247.446756, -464.0
1574731247.460354, -464.0
1574731247.473958, -464.0
1574731247.487452, -464.0
1574731247.501049, -464.0
1574731247.514557, -464.0
1574731247.52815, -464.0
1574731247.541735, -464.0
1574731247.555348, -464.0
1574731247.568888, -464.0
1574731247.582478, -464.0
1574731247.596055, -464.0
1574731247.609599, -464.0
1574731247.623105, -464.0
1574731247.636754, -464.0
1574731247.650298, -464.0
1574731247.663945, -464.0
1574731247.677638, -464.0
1574731247.691322, -464.0
1574731247.705018, -464.0
1574731247.718766, -464.0
1574731247.732319, -464.0
1574731247.745976, -464.0
1574731247.759702, -464.0
1574731247.773521, -464.0
1574731247.787319, -464.0
1574731247.801025, -464.0
1574731247.814632, -464.0
1574731247.828243, -464.0
1574731247.841761, -464.0
1574731247.855279, -464.0
1574731247.868786, -464.0
1574731247.882453, -464.0
1574731247.896261, -464.0
1574731247.910667, -464.0
1574731247.924304, -464.0
1574731247.938446, -464.0
1574731247.951962, -464.0
1574731247.965467, -464.0
1574731247.978961, -464.0
1574731247.992533, -464.0
1574731248.006047, -464.0
1574731248.019582, -464.0
1574731248.033095, -464.0
1574731248.046917, -464.0
1574731248.062104, -464.0
1574731248.075994, -464.0
1574731248.089543, -464.0
1574731248.103084, -464.0
1574731248.116603, -464.0
1574731248.13011, -464.0
1574731248.143578, -464.0
1574731248.15721, -464.0
1574731248.171006, -464.0
1574731248.18502, -464.0
1574731248.198708, -464.0
1574731248.212358, -464.0
1574731248.226079, -464.0
1574731248.240069, -464.0
1574731248.253933, -464.0
1574731248.268064, -464.0
1574731248.282065, -464.0
1574731248.29614, -464.0
1574731248.310222, -464.0
1574731248.324512, -464.0
1574731248.338779, -464.0
1574731248.353067, -464.0
1574731248.367332, -464.0
1574731248.381533, -464.0
1574731248.3957, -464.0
1574731248.409948, -464.0
1574731248.424134, -464.0
1574731248.438913, -464.0
1574731248.453316, -464.0
1574731248.46771, -464.0
1574731248.482155, -464.0
1574731248.496564, -464.0
1574731248.510947, -464.0
1574731248.525097, -464.0
1574731248.539279, -464.0
1574731248.553795, -464.0
1574731248.568303, -464.0
1574731248.582609, -464.0
1574731248.596148, -464.0
1574731248.609652, -464.0
1574731248.623159, -464.0
1574731248.636693, -464.0
1574731248.650173, -464.0
1574731248.663671, -464.0
1574731248.677172, -464.0
1574731248.690675, -464.0
1574731248.704266, -464.0
1574731248.717848, -464.0
1574731248.731465, -464.0
1574731248.745961, -464.0
1574731248.760839, -464.0
1574731248.7752, -464.0
1574731248.789307, -464.0
1574731248.804161, -464.0
1574731248.818494, -464.0
1574731248.832474, -464.0
1574731248.846272, -464.0
1574731248.859807, -464.0
1574731248.873378, -464.0
1574731248.886871, -464.0
1574731248.900388, -464.0
1574731248.913982, -464.0
1574731248.927454, -464.0
1574731248.941422, -464.0
1574731248.955073, -464.0
1574731248.969172, -464.0
1574731248.983605, -464.0
1574731248.997679, -464.0
1574731249.012065, -464.0
1574731249.026372, -464.0
1574731249.040832, -464.0
1574731249.055344, -464.0
1574731249.069967, -464.0
1574731249.08461, -464.0
1574731249.099269, -464.0
1574731249.113957, -464.0
1574731249.128609, -464.0
1574731249.143218, -464.0
1574731249.157934, -464.0
1574731249.172598, -464.0
1574731249.1873, -464.0
1574731249.20199, -464.0
1574731249.216703, -464.0
1574731249.230504, -464.0
1574731249.244171, -464.0
1574731249.258253, -464.0
1574731249.271887, -464.0
1574731249.285923, -464.0
1574731249.299577, -464.0
1574731249.313081, -464.0
1574731249.327075, -464.0
1574731249.341759, -464.0
1574731249.3558, -464.0
1574731249.369958, -464.0
1574731249.38408, -464.0
1574731244.659214, -464.0
1574731244.673529, -464.0
1574731245.067155, -464.0
1574731245.486177, -464.0
1574731245.938462, -464.0
1574731246.362224, -464.0
1574731246.375709, -464.0
1574731246.791341, -464.0
1574731247.20798, -464.0
1574731247.62665, -464.0
1574731248.027066, -464.0
1574731248.460285, -464.0
1574731248.871347, -464.0
1574731249.295464, -464.0
1574731249.309285, -464.0
1574731249.323739, -464.0
1574731249.337914, -464.0
1574731249.351849, -464.0
1574731249.896299, -464.0
1574731249.91063, -464.0
1574731249.925067, -464.0
1574731249.939823, -464.0
1574731249.954662, -464.0
1574731249.969321, -464.0
1574731249.983974, -464.0
1574731250.44241, -464.0
1574731250.456015, -464.0
1574731250.470266, -464.0
1574731250.484619, -464.0
1574731250.499, -464.0
1574731250.513482, -464.0
1574731250.527867, -464.0
1574731250.541938, -464.0
1574731250.556316, -464.0
1574731250.571281, -464.0
1574731250.586334, -464.0
1574731250.601325, -464.0
1574731250.616387, -464.0
1574731250.63135, -464.0
1574731250.646385, -464.0
1574731250.661264, -464.0
1574731250.676109, -464.0
1574731250.691013, -464.0
1574731250.704736, -464.0
1574731250.718566, -464.0
1574731250.733086, -464.0
1574731250.747571, -464.0
1574731250.76211, -464.0
1574731250.776701, -464.0
1574731250.791138, -464.0
1574731250.804838, -464.0
1574731250.818381, -464.0
1574731250.832283, -464.0
1574731250.846441, -464.0
1574731250.86037, -464.0
1574731250.874111, -464.0
1574731250.887721, -464.0
1574731250.901231, -464.0
1574731250.914905, -464.0
1574731250.928859, -464.0
1574731250.942874, -464.0
1574731250.956554, -464.0
1574731250.970435, -464.0
1574731250.984003, -464.0
1574731250.997552, -464.0
1574731251.011059, -464.0
1574731251.024685, -464.0
1574731251.038286, -464.0
1574731251.052345, -464.0
1574731251.065941, -464.0
1574731251.079453, -464.0
1574731251.504816, -464.0
1574731251.518449, -464.0
1574731251.965143, -464.0
1574731252.39274, -464.0
1574731252.406335, -464.0
1574731252.419963, -464.0
1574731252.433681, -464.0
1574731252.447981, -464.0
1574731252.463481, -464.0
1574731252.478323, -464.0
1574731252.493847, -464.0
1574731252.508651, -464.0
1574731252.523912, -464.0
1574731252.537552, -464.0
1574731252.552559, -464.0
1574731252.566216, -464.0
1574731252.580528, -464.0
1574731253.420158, -464.0
1574731253.43565, -464.0
1574731253.450557, -464.0
1574731253.466353, -464.0
1574731253.481592, -464.0
1574731253.497612, -464.0
1574731253.512778, -464.0
1574731253.528755, -464.0
1574731253.544052, -464.0
1574731253.560006, -464.0
1574731253.575218, -464.0
1574731253.591147, -464.0
1574731253.606352, -464.0
1574731253.622275, -464.0
1574731253.636717, -464.0
1574731253.651134, -464.0
1574731253.664708, -464.0
1574731253.679035, -464.0
1574731253.692685, -464.0
1574731253.706394, -464.0
1574731253.721107, -464.0
1574731253.734853, -464.0
1574731253.749297, -464.0
1574731253.763225, -464.0
1574731253.778327, -464.0
1574731253.792001, -464.0
1574731253.806405, -464.0
1574731253.820195, -464.0
1574731253.834585, -464.0
1574731253.848311, -464.0
1574731253.862768, -464.0
1574731253.876509, -464.0
1574731253.890172, -464.0
1574731253.904605, -464.0
1574731253.918241, -464.0
1574731253.932587, -464.0
1574731253.94624, -464.0
1574731253.960615, -464.0
1574731253.974537, -464.0
1574731253.989628, -464.0
1574731254.004007, -464.0
1574731254.019012, -464.0
1574731254.033659, -464.0
1574731254.049269, -464.0
1574731254.064468, -464.0
1574731254.080465, -464.0
1574731254.095552, -464.0
1574731254.11099, -464.0
1574731254.12475, -464.0
1574731254.612815, -464.0
1574731254.626703, -464.0
1574731255.310402, -464.0
1574731256.195273, -464.0
1574731256.209696, -464.0
1574731256.224507, -464.0
1574731256.239503, -464.0
1574731256.254277, -464.0
1574731256.269196, -464.0
1574731256.284196, -464.0
1574731256.299175, -464.0
1574731256.314148, -464.0
1574731256.329244, -464.0
1574731256.34439, -464.0
1574731256.359635, -464.0
1574731256.374804, -464.0
1574731256.389943, -464.0
1574731256.405169, -464.0
1574731256.420421, -464.0
1574731256.435569, -464.0
1574731256.450802, -464.0
1574731256.465993, -464.0
1574731256.481274, -464.0
1574731256.496384, -464.0
1574731256.511568, -464.0
1574731256.5261, -464.0
1574731256.539654, -464.0
1574731256.553652, -464.0
1574731256.568441, -464.0
1574731256.583446, -464.0
1574731256.597609, -464.0
1574731256.61132, -464.0
1574731256.624911, -464.0
1574731256.638437, -464.0
1574731256.65197, -464.0
1574731256.665509, -464.0
1574731256.67899, -464.0
1574731256.6925, -464.0
1574731256.705975, -464.0
1574731256.71951, -464.0
1574731256.733103, -464.0
1574731256.74661, -464.0
1574731256.760086, -464.0
1574731256.773565, -464.0
1574731256.787091, -464.0
1574731256.800637, -464.0
1574731256.814168, -464.0
1574731256.827672, -464.0
1574731257.294188, -464.0
1574731257.30787, -464.0
1574731257.321629, -464.0
1574731257.335527, -464.0
1574731257.349348, -464.0
1574731257.363222, -464.0
1574731257.376928, -464.0
1574731257.390551, -464.0
1574731257.4041, -464.0
1574731257.417607, -464.0
1574731257.43112, -464.0
1574731257.44521, -464.0
1574731257.458827, -464.0
1574731257.472905, -464.0
1574731257.486968, -464.0
1574731257.500725, -464.0
1574731257.514697, -464.0
1574731257.528568, -464.0
1574731257.542557, -464.0
1574731257.556697, -464.0
1574731257.570279, -464.0
1574731257.583865, -464.0
1574731257.598464, -464.0
1574731257.612057, -464.0
1574731258.1375, -464.0
1574731258.151445, -464.0
1574731258.16546, -464.0
1574731258.179767, -464.0
1574731258.194123, -464.0
1574731258.636051, -464.0
1574731258.649684, -464.0
1574731258.66325, -464.0
1574731258.677293, -464.0
1574731258.690896, -464.0
1574731258.704992, -464.0
1574731258.718695, -464.0
1574731258.732273, -464.0
1574731258.74588, -464.0
1574731258.759401, -464.0
1574731258.772903, -464.0
1574731258.78642, -464.0
1574731258.799908, -464.0
1574731258.813473, -464.0
1574731258.827019, -464.0
1574731258.840599, -464.0
1574731258.8541, -464.0
1574731258.867664, -464.0
1574731258.881219, -464.0
1574731258.89505, -464.0
1574731258.908575, -464.0
1574731258.922079, -464.0
1574731258.935564, -464.0
1574731258.949082, -464.0
1574731258.962637, -464.0
1574731258.976608, -464.0
1574731258.990185, -464.0
1574731259.003715, -464.0
1574731259.017789, -464.0
1574731259.031319, -464.0
1574731259.044866, -464.0
1574731259.058404, -464.0
1574731259.071968, -464.0
1574731259.085526, -464.0
1574731259.099082, -464.0
1574731259.11263, -464.0
1574731244.680025, -464.0
1574731244.696713, -464.0
1574731245.127638, -464.0
1574731245.14396, -464.0
1574731245.161237, -464.0
1574731245.175936, -464.0
1574731245.192785, -464.0
1574731245.207739, -464.0
1574731245.224193, -464.0
1574731245.239167, -464.0
1574731245.25554, -464.0
1574731245.270289, -464.0
1574731245.286668, -464.0
1574731245.300498, -464.0
1574731245.316598, -464.0
1574731245.33117, -464.0
1574731245.347084, -464.0
1574731245.361059, -464.0
1574731245.377028, -464.0
1574731245.390885, -464.0
1574731245.407164, -464.0
1574731245.421398, -464.0
1574731245.437869, -464.0
1574731245.451993, -464.0
1574731245.468013, -464.0
1574731245.482309, -464.0
1574731245.499375, -464.0
1574731245.514535, -464.0
1574731245.53208, -464.0
1574731245.547441, -464.0
1574731245.565006, -464.0
1574731245.580361, -464.0
1574731245.598014, -464.0
1574731245.613419, -464.0
1574731245.631094, -464.0
1574731245.648771, -464.0
1574731245.664078, -464.0
1574731245.680993, -464.0
1574731245.694827, -464.0
1574731245.710753, -464.0
1574731245.724717, -464.0
1574731245.740785, -464.0
1574731246.317647, -464.0
1574731246.332899, -464.0
1574731246.348972, -464.0
1574731246.362802, -464.0
1574731246.377132, -464.0
1574731246.390706, -464.0
1574731246.405191, -464.0
1574731246.41894, -464.0
1574731246.43405, -464.0
1574731246.448343, -464.0
1574731246.463483, -464.0
1574731246.47881, -464.0
1574731246.494484, -464.0
1574731246.509852, -464.0
1574731246.52584, -464.0
1574731246.540882, -464.0
1574731246.556399, -464.0
1574731246.571009, -464.0
1574731246.586333, -464.0
1574731246.600981, -464.0
1574731246.616551, -464.0
1574731246.631021, -464.0
1574731246.645717, -464.0
1574731246.65972, -464.0
1574731246.674952, -464.0
1574731246.689858, -464.0
1574731246.705405, -464.0
1574731246.720681, -464.0
1574731246.73676, -464.0
1574731246.752079, -464.0
1574731246.768114, -464.0
1574731246.783381, -464.0
1574731246.799463, -464.0
1574731246.814724, -464.0
1574731246.830113, -464.0
1574731246.84547, -464.0
1574731247.433563, -464.0
1574731247.448035, -464.0
1574731247.46174, -464.0
1574731247.476085, -464.0
1574731247.489838, -464.0
1574731247.504221, -464.0
1574731247.517982, -464.0
1574731247.531802, -464.0
1574731247.54646, -464.0
1574731247.561812, -464.0
1574731247.577002, -464.0
1574731247.591235, -464.0
1574731247.606236, -464.0
1574731247.620473, -464.0
1574731247.635547, -464.0
1574731247.650849, -464.0
1574731247.665273, -464.0
1574731247.678964, -464.0
1574731247.69341, -464.0
1574731247.707183, -464.0
1574731247.721711, -464.0
1574731247.736171, -464.0
1574731247.751967, -464.0
1574731247.765755, -464.0
1574731247.780195, -464.0
1574731247.794393, -464.0
1574731247.80843, -464.0
1574731247.823967, -464.0
1574731247.837875, -464.0
1574731247.852381, -464.0
1574731247.866405, -464.0
1574731247.881276, -464.0
1574731247.894999, -464.0
1574731247.909409, -464.0
1574731247.923536, -464.0
1574731247.93873, -464.0
1574731248.787962, -464.0
1574731248.802473, -464.0
1574731248.816326, -464.0
1574731248.830723, -464.0
1574731248.844407, -464.0
1574731248.858805, -464.0
1574731248.872492, -464.0
1574731248.886933, -464.0
1574731248.900601, -464.0
1574731248.914971, -464.0
1574731248.929063, -464.0
1574731248.943501, -464.0
1574731248.959044, -464.0
1574731248.973179, -464.0
1574731248.987859, -464.0
1574731249.001697, -464.0
1574731249.016272, -464.0
1574731249.029933, -464.0
1574731249.044433, -464.0
1574731249.058158, -464.0
1574731249.07267, -464.0
1574731249.086269, -464.0
1574731249.100674, -464.0
1574731249.114368, -464.0
1574731249.128104, -464.0
1574731249.142528, -464.0
1574731249.156162, -464.0
1574731249.170636, -464.0
1574731249.184344, -464.0
1574731249.198763, -464.0
1574731249.21244, -464.0
1574731249.226888, -464.0
1574731249.240591, -464.0
1574731249.25511, -464.0
1574731249.268773, -464.0
1574731249.283233, -464.0
1574731249.297279, -464.0
1574731249.311041, -464.0
1574731249.325531, -464.0
1574731249.339182, -464.0
1574731249.353642, -464.0
1574731249.367228, -464.0
1574731249.381642, -464.0
1574731249.395637, -464.0
1574731249.41044, -464.0
1574731249.424225, -464.0
1574731249.438766, -464.0
1574731249.452485, -464.0
1574731249.466263, -464.0
1574731249.480726, -464.0
1574731249.494448, -464.0
1574731249.508879, -464.0
1574731249.522518, -464.0
1574731249.536869, -464.0
1574731249.550594, -464.0
1574731249.565074, -464.0
1574731249.578758, -464.0
1574731249.593154, -464.0
1574731249.606869, -464.0
1574731249.621307, -464.0
1574731249.635017, -464.0
1574731249.6487, -464.0
1574731249.663037, -464.0
1574731249.676737, -464.0
1574731249.691177, -464.0
1574731249.70491, -464.0
1574731249.719812, -464.0
1574731249.735129, -464.0
1574731249.750885, -464.0
1574731249.765783, -464.0
1574731249.78097, -464.0
1574731249.795371, -464.0
1574731249.810396, -464.0
1574731249.824798, -464.0
1574731249.839961, -464.0
1574731249.855059, -464.0
1574731249.870185, -464.0
1574731249.883804, -464.0
1574731249.898264, -464.0
1574731249.911851, -464.0
1574731249.925493, -464.0
1574731249.939907, -464.0
1574731249.953583, -464.0
1574731249.968028, -464.0
1574731249.981808, -464.0
1574731249.996225, -464.0
1574731250.009992, -464.0
1574731250.024479, -464.0
1574731250.038188, -464.0
1574731250.052651, -464.0
1574731250.066316, -464.0
1574731250.079928, -464.0
1574731250.094194, -464.0
1574731250.107813, -464.0
1574731250.122278, -464.0
1574731250.136, -464.0
1574731250.150426, -464.0
1574731250.164127, -464.0
1574731250.178475, -464.0
1574731250.192053, -464.0
1574731250.206349, -464.0
1574731250.220039, -464.0
1574731250.233706, -464.0
1574731250.248095, -464.0
1574731250.2618, -464.0
1574731250.276124, -464.0
1574731250.289829, -464.0
1574731250.30428, -464.0
1574731250.318041, -464.0
1574731250.332441, -464.0
1574731250.346099, -464.0
1574731250.36034, -464.0
1574731250.374123, -464.0
1574731250.387785, -464.0
1574731250.402102, -464.0
1574731250.415774, -464.0
1574731250.430152, -464.0
1574731250.44385, -464.0
1574731250.458255, -464.0
1574731250.471939, -464.0
1574731250.48633, -464.0
1574731250.500026, -464.0
1574731250.514446, -464.0
1574731250.528301, -464.0
1574731250.543046, -464.0
1574731251.072394, -464.0
1574731251.086595, -464.0
1574731251.101051, -464.0
1574731251.11471, -464.0
1574731251.129164, -464.0
1574731251.142891, -464.0
1574731251.156493, -464.0
1574731251.17083, -464.0
1574731251.184443, -464.0
1574731251.198785, -464.0
1574731251.212618, -464.0
1574731244.698681, -464.0
1574731244.712979, -464.0
1574731245.136876, -464.0
1574731245.151461, -464.0
1574731245.16614, -464.0
1574731245.622794, -464.0
1574731245.63871, -464.0
1574731245.653984, -464.0
1574731245.670744, -464.0
1574731245.687697, -464.0
1574731245.703165, -464.0
1574731245.720069, -464.0
1574731245.735509, -464.0
1574731245.752474, -464.0
1574731245.76791, -464.0
1574731245.784897, -464.0
1574731245.799183, -464.0
1574731245.81298, -464.0
1574731245.828184, -464.0
1574731246.281292, -464.0
1574731246.75998, -464.0
1574731247.260096, -464.0
1574731247.85788, -464.0
1574731248.53271, -464.0
1574731249.254792, -464.0
1574731249.943871, -464.0
1574731250.503171, -464.0
1574731250.518603, -464.0
1574731250.958074, -464.0
1574731251.536345, -464.0
1574731251.96617, -464.0
1574731252.402039, -464.0
1574731252.416489, -464.0
1574731252.430955, -464.0
1574731252.445009, -464.0
1574731252.45863, -464.0
1574731252.472566, -464.0
1574731252.48685, -464.0
1574731252.500886, -464.0
1574731252.515565, -464.0
1574731252.530534, -464.0
1574731252.545611, -464.0
1574731252.560623, -464.0
1574731252.57564, -464.0
1574731252.59054, -464.0
1574731252.605347, -464.0
1574731252.620235, -464.0
1574731252.635172, -464.0
1574731252.650065, -464.0
1574731252.665004, -464.0
1574731252.67991, -464.0
1574731252.694817, -464.0
1574731252.709822, -464.0
1574731252.724604, -464.0
1574731252.738224, -464.0
1574731252.75178, -464.0
1574731252.765365, -464.0
1574731252.778992, -464.0
1574731252.792579, -464.0
1574731252.806345, -464.0
1574731252.821093, -464.0
1574731252.836047, -464.0
1574731252.851197, -464.0
1574731252.866353, -464.0
1574731252.881353, -464.0
1574731252.895432, -464.0
1574731252.909205, -464.0
1574731252.923118, -464.0
1574731252.937003, -464.0
1574731252.95133, -464.0
1574731252.965028, -464.0
1574731252.979711, -464.0
1574731252.994658, -464.0
1574731253.009787, -464.0
1574731253.024985, -464.0
1574731253.039953, -464.0
1574731253.055149, -464.0
1574731253.070093, -464.0
1574731253.084876, -464.0
1574731253.099666, -464.0
1574731253.114456, -464.0
1574731253.129279, -464.0
1574731253.144084, -464.0
1574731253.157683, -464.0
1574731253.171182, -464.0
1574731253.184749, -464.0
1574731253.19828, -464.0
1574731253.21178, -464.0
1574731253.225359, -464.0
1574731253.2389, -464.0
1574731253.252487, -464.0
1574731253.645345, -464.0
1574731254.059399, -464.0
1574731254.49845, -464.0
1574731254.512233, -464.0
1574731254.949374, -464.0
1574731255.384306, -464.0
1574731255.399015, -464.0
1574731255.413324, -464.0
1574731255.428183, -464.0
1574731255.443748, -464.0
1574731255.458641, -464.0
1574731255.473846, -464.0
1574731255.48849, -464.0
1574731255.503874, -464.0
1574731255.518477, -464.0
1574731255.533837, -464.0
1574731255.548608, -464.0
1574731255.564033, -464.0
1574731255.578771, -464.0
1574731255.594144, -464.0
1574731255.608927, -464.0
1574731255.623649, -464.0
1574731255.639172, -464.0
1574731255.653853, -464.0
1574731255.669988, -464.0
1574731255.684803, -464.0
1574731255.699647, -464.0
1574731255.713374, -464.0
1574731255.727706, -464.0
1574731255.741442, -464.0
1574731255.755877, -464.0
1574731255.769489, -464.0
1574731255.783944, -464.0
1574731256.621519, -464.0
1574731256.635973, -464.0
1574731257.435407, -464.0
1574731257.450309, -464.0
1574731257.464061, -464.0
1574731257.478689, -464.0
1574731257.49231, -464.0
1574731257.506742, -464.0
1574731257.520322, -464.0
1574731257.534717, -464.0
1574731257.54839, -464.0
1574731257.562885, -464.0
1574731257.576648, -464.0
1574731257.591066, -464.0
1574731257.604925, -464.0
1574731257.618729, -464.0
1574731257.633111, -464.0
1574731257.64686, -464.0
1574731257.661281, -464.0
1574731257.675403, -464.0
1574731257.689856, -464.0
1574731257.703463, -464.0
1574731257.717849, -464.0
1574731257.731405, -464.0
1574731257.745787, -464.0
1574731257.759448, -464.0
1574731257.773056, -464.0
1574731257.787607, -464.0
1574731257.801257, -464.0
1574731257.815644, -464.0
1574731257.829302, -464.0
1574731257.843654, -464.0
1574731257.857303, -464.0
1574731257.87167, -464.0
1574731257.885328, -464.0
1574731257.8997, -464.0
1574731257.913354, -464.0
1574731257.927035, -464.0
1574731257.942057, -464.0
1574731257.955759, -464.0
1574731257.97031, -464.0
1574731257.98445, -464.0
1574731257.998952, -464.0
1574731258.013402, -464.0
1574731258.039583, -464.0
1574731258.054811, -464.0
1574731258.069854, -464.0
1574731258.084304, -464.0
1574731258.09791, -464.0
1574731258.111645, -464.0
1574731258.126053, -464.0
1574731258.139733, -464.0
1574731258.154207, -464.0
1574731258.167882, -464.0
1574731258.182334, -464.0
1574731258.196236, -464.0
1574731258.21076, -464.0
1574731258.224593, -464.0
1574731258.23924, -464.0
1574731258.25302, -464.0
1574731258.267528, -464.0
1574731258.281445, -464.0
1574731258.29537, -464.0
1574731258.310232, -464.0
1574731258.324223, -464.0
1574731258.338788, -464.0
1574731258.35244, -464.0
1574731258.366822, -464.0
1574731258.380629, -464.0
1574731258.395353, -464.0
1574731258.410371, -464.0
1574731258.426112, -464.0
1574731258.440313, -464.0
1574731258.454697, -464.0
1574731258.468419, -464.0
1574731258.483067, -464.0
1574731258.496821, -464.0
1574731258.510488, -464.0
1574731258.524832, -464.0
1574731258.53842, -464.0
1574731258.552831, -464.0
1574731258.566413, -464.0
1574731258.580704, -464.0
1574731258.594409, -464.0
1574731258.60877, -464.0
1574731258.622422, -464.0
1574731258.637198, -464.0
1574731258.651293, -464.0
1574731258.665279, -464.0
1574731258.68026, -464.0
1574731258.693961, -464.0
1574731258.708451, -464.0
1574731258.722087, -464.0
1574731258.736542, -464.0
1574731258.75019, -464.0
1574731258.764542, -464.0
1574731258.778233, -464.0
1574731258.792544, -464.0
1574731258.806114, -464.0
1574731258.819644, -464.0
1574731258.834019, -464.0
1574731258.847614, -464.0
1574731258.861936, -464.0
1574731258.87552, -464.0
1574731258.889867, -464.0
1574731258.903505, -464.0
1574731258.91794, -464.0
1574731258.931611, -464.0
1574731258.946562, -464.0
1574731258.96029, -464.0
1574731258.973873, -464.0
1574731258.988362, -464.0
1574731259.002002, -464.0
1574731259.016501, -464.0
1574731259.030194, -464.0
1574731259.044571, -464.0
1574731259.058332, -464.0
1574731259.072806, -464.0
1574731259.086477, -464.0
1574731259.100913, -464.0
1574731259.114506, -464.0
1574731259.129248, -464.0
1574731259.143046, -464.0
1574731259.156778, -464.0
1574731259.171242, -464.0
1574731259.184947, -464.0
1574731249.418166, -464.0
1574731249.431737, -464.0
1574731249.445541, -464.0
1574731249.459088, -464.0
1574731249.473282, -464.0
1574731249.48841, -464.0
1574731249.50356, -464.0
1574731249.517625, -464.0
1574731249.53112, -464.0
1574731249.54471, -464.0
1574731249.558239, -464.0
1574731249.571693, -464.0
1574731249.585107, -464.0
1574731249.599038, -464.0
1574731249.612612, -464.0
1574731249.626144, -464.0
1574731249.639636, -464.0
1574731249.653114, -464.0
1574731249.666634, -464.0
1574731249.680176, -464.0
1574731249.693739, -464.0
1574731249.707234, -464.0
1574731249.720769, -464.0
1574731249.734257, -464.0
1574731249.747787, -464.0
1574731249.761346, -464.0
1574731250.22368, -464.0
1574731250.237159, -464.0
1574731250.250657, -464.0
1574731250.26419, -464.0
1574731250.278104, -464.0
1574731250.293274, -464.0
1574731250.307202, -464.0
1574731250.862537, -464.0
1574731250.876362, -464.0
1574731250.889882, -464.0
1574731250.903415, -464.0
1574731250.916968, -464.0
1574731250.930631, -464.0
1574731250.944881, -464.0
1574731250.958503, -464.0
1574731250.972213, -464.0
1574731250.986437, -464.0
1574731251.000243, -464.0
1574731251.013869, -464.0
1574731251.027684, -464.0
1574731251.041616, -464.0
1574731251.055837, -464.0
1574731251.070079, -464.0
1574731251.084268, -464.0
1574731251.098285, -464.0
1574731251.112586, -464.0
1574731251.126971, -464.0
1574731251.141407, -464.0
1574731251.155727, -464.0
1574731251.170043, -464.0
1574731251.184429, -464.0
1574731251.198683, -464.0
1574731251.212677, -464.0
1574731251.236712, -464.0
1574731251.250302, -464.0
1574731251.269552, -464.0
1574731251.286018, -464.0
1574731251.302111, -464.0
1574731251.319218, -464.0
1574731251.335481, -464.0
1574731251.354159, -464.0
1574731251.369206, -464.0
1574731251.388104, -464.0
1574731251.403172, -464.0
1574731251.423444, -464.0
1574731251.441383, -464.0
1574731251.459339, -464.0
1574731251.475865, -464.0
1574731252.033836, -464.0
1574731252.051417, -464.0
1574731252.068902, -464.0
1574731252.082751, -464.0
1574731252.099445, -464.0
1574731252.113243, -464.0
1574731252.128561, -464.0
1574731252.143708, -464.0
1574731252.701641, -464.0
1574731252.717396, -464.0
1574731252.735094, -464.0
1574731252.749697, -464.0
1574731252.767499, -464.0
1574731252.782182, -464.0
1574731252.800051, -464.0
1574731252.81525, -464.0
1574731252.833509, -464.0
1574731252.848714, -464.0
1574731252.866202, -464.0
1574731252.881844, -464.0
1574731252.895504, -464.0
1574731252.912572, -464.0
1574731252.928218, -464.0
1574731252.943576, -464.0
1574731252.959547, -464.0
1574731252.975329, -464.0
1574731252.990521, -464.0
1574731253.715606, -464.0
1574731253.730174, -464.0
1574731253.746278, -464.0
1574731253.762439, -464.0
1574731253.778633, -464.0
1574731254.317606, -464.0
1574731254.334843, -464.0
1574731254.353132, -464.0
1574731254.367384, -464.0
1574731254.386556, -464.0
1574731254.400757, -464.0
1574731254.419427, -464.0
1574731254.433847, -464.0
1574731254.453321, -464.0
1574731254.471189, -464.0
1574731254.488152, -464.0
1574731254.50583, -464.0
1574731254.523258, -464.0
1574731254.541188, -464.0
1574731254.558119, -464.0
1574731254.577538, -464.0
1574731254.595361, -464.0
1574731254.612273, -464.0
1574731254.629836, -464.0
1574731254.645926, -464.0
1574731254.663687, -464.0
1574731254.680674, -464.0
1574731254.699829, -464.0
1574731254.717682, -464.0
1574731254.734114, -464.0
1574731254.751937, -464.0
1574731254.768464, -464.0
1574731254.7874, -464.0
1574731254.802672, -464.0
1574731254.82141, -464.0
1574731254.836634, -464.0
1574731254.85726, -464.0
1574731255.45755, -464.0
1574731255.474671, -464.0
1574731255.492322, -464.0
1574731255.509681, -464.0
1574731255.526826, -464.0
1574731255.543805, -464.0
1574731255.560451, -464.0
1574731255.576904, -464.0
1574731255.593027, -464.0
1574731255.610983, -464.0
1574731255.628193, -464.0
1574731255.645541, -464.0
1574731255.662227, -464.0
1574731255.679653, -464.0
1574731255.695293, -464.0
1574731255.711769, -464.0
1574731255.727555, -464.0
1574731255.743156, -464.0
1574731255.758824, -464.0
1574731255.774104, -464.0
1574731255.790041, -464.0
1574731255.805567, -464.0
1574731255.822735, -464.0
1574731255.836864, -464.0
1574731255.853663, -464.0
1574731255.867371, -464.0
1574731255.88438, -464.0
1574731255.898225, -464.0
1574731255.913602, -464.0
1574731255.928931, -464.0
1574731255.944321, -464.0
1574731255.960757, -464.0
1574731255.976176, -464.0
1574731255.992549, -464.0
1574731256.010139, -464.0
1574731256.024403, -464.0
1574731256.041248, -464.0
1574731256.055025, -464.0
1574731256.071788, -464.0
1574731256.085908, -464.0
1574731256.102855, -464.0
1574731256.116746, -464.0
1574731256.133532, -464.0
1574731256.147369, -464.0
1574731256.162679, -464.0
1574731256.178071, -464.0
1574731256.193249, -464.0
1574731256.208339, -464.0
1574731256.225336, -464.0
1574731256.242365, -464.0
1574731256.259194, -464.0
1574731256.274812, -464.0
1574731256.290066, -464.0
1574731256.305517, -464.0
1574731256.320633, -464.0
1574731256.336119, -464.0
1574731256.351365, -464.0
1574731256.366813, -464.0
1574731256.380454, -464.0
1574731256.398896, -464.0
1574731256.412712, -464.0
1574731256.428066, -464.0
1574731256.443223, -464.0
1574731256.458705, -464.0
1574731256.473891, -464.0
1574731256.489439, -464.0
1574731256.505935, -464.0
1574731256.521412, -464.0
1574731256.536751, -464.0
1574731256.552271, -464.0
1574731256.567405, -464.0
1574731256.584344, -464.0
1574731256.598159, -464.0
1574731256.61346, -464.0
1574731256.628754, -464.0
1574731256.64397, -464.0
1574731256.659142, -464.0
1574731256.674666, -464.0
1574731256.689902, -464.0
1574731256.706667, -464.0
1574731256.721951, -464.0
1574731257.554236, -464.0
1574731257.57182, -464.0
1574731257.586512, -464.0
1574731257.603688, -464.0
1574731257.61758, -464.0
1574731257.634501, -464.0
1574731257.648357, -464.0
1574731257.663714, -464.0
1574731257.679096, -464.0
1574731257.694342, -464.0
1574731257.709497, -464.0
1574731257.724958, -464.0
1574731257.740093, -464.0
1574731257.755514, -464.0
1574731257.770655, -464.0
1574731257.787723, -464.0
1574731257.801552, -464.0
1574731257.818336, -464.0
1574731257.832097, -464.0
1574731257.849085, -464.0
1574731257.862933, -464.0
1574731257.878281, -464.0
1574731257.894958, -464.0
1574731257.910179, -464.0
1574731257.925403, -464.0
1574731257.940996, -464.0
1574731257.956417, -464.0
1574731257.975069, -464.0
1574731257.989777, -464.0
1574731258.007265, -464.0
1574731258.021177, -464.0
1574731251.239067, -464.0
1574731251.762621, -464.0
1574731251.776927, -464.0
1574731251.792916, -464.0
1574731251.807153, -464.0
1574731251.822386, -464.0
1574731251.836959, -464.0
1574731251.852234, -464.0
1574731251.867132, -464.0
1574731251.882854, -464.0
1574731251.897756, -464.0
1574731251.913641, -464.0
1574731251.928792, -464.0
1574731251.944393, -464.0
1574731252.81479, -464.0
1574731252.828969, -464.0
1574731252.842954, -464.0
1574731252.856543, -464.0
1574731252.870268, -464.0
1574731252.884726, -464.0
1574731252.898466, -464.0
1574731252.912195, -464.0
1574731252.926384, -464.0
1574731252.940968, -464.0
1574731252.95553, -464.0
1574731252.970019, -464.0
1574731252.98443, -464.0
1574731252.998797, -464.0
1574731253.01371, -464.0
1574731253.028962, -464.0
1574731253.043806, -464.0
1574731253.058792, -464.0
1574731253.073723, -464.0
1574731253.088481, -464.0
1574731253.102634, -464.0
1574731253.116419, -464.0
1574731253.129994, -464.0
1574731253.143517, -464.0
1574731253.157057, -464.0
1574731253.17065, -464.0
1574731253.184318, -464.0
1574731253.197956, -464.0
1574731253.211962, -464.0
1574731253.226177, -464.0
1574731253.240444, -464.0
1574731253.254648, -464.0
1574731253.268966, -464.0
1574731253.283622, -464.0
1574731253.298299, -464.0
1574731253.313017, -464.0
1574731253.327344, -464.0
1574731253.341597, -464.0
1574731253.355173, -464.0
1574731253.368771, -464.0
1574731253.382325, -464.0
1574731253.395933, -464.0
1574731253.409656, -464.0
1574731253.423433, -464.0
1574731253.437349, -464.0
1574731253.45128, -464.0
1574731253.465198, -464.0
1574731253.479125, -464.0
1574731253.492886, -464.0
1574731253.50649, -464.0
1574731254.538811, -464.0
1574731254.553562, -464.0
1574731254.568719, -464.0
1574731254.583803, -464.0
1574731254.598811, -464.0
1574731254.613749, -464.0
1574731254.628621, -464.0
1574731254.643633, -464.0
1574731254.658749, -464.0
1574731254.672312, -464.0
1574731254.685997, -464.0
1574731254.700016, -464.0
1574731254.713709, -464.0
1574731254.727384, -464.0
1574731255.676768, -464.0
1574731255.691313, -464.0
1574731255.706351, -464.0
1574731255.721149, -464.0
1574731255.736008, -464.0
1574731255.7511, -464.0
1574731255.766264, -464.0
1574731255.781371, -464.0
1574731255.796493, -464.0
1574731255.811378, -464.0
1574731255.82523, -464.0
1574731255.838718, -464.0
1574731255.852191, -464.0
1574731255.865615, -464.0
1574731255.879079, -464.0
1574731255.892569, -464.0
1574731255.906086, -464.0
1574731255.919635, -464.0
1574731255.933172, -464.0
1574731255.946672, -464.0
1574731255.960164, -464.0
1574731255.973684, -464.0
1574731255.987162, -464.0
1574731256.000601, -464.0
1574731256.014099, -464.0
1574731256.027472, -464.0
1574731256.041036, -464.0
1574731256.054536, -464.0
1574731256.068007, -464.0
1574731256.081512, -464.0
1574731256.095012, -464.0
1574731256.108732, -464.0
1574731256.122196, -464.0
1574731256.135736, -464.0
1574731256.149247, -464.0
1574731256.162783, -464.0
1574731256.176491, -464.0
1574731256.191113, -464.0
1574731256.206152, -464.0
1574731256.22072, -464.0
1574731256.234461, -464.0
1574731256.248977, -464.0
1574731256.263925, -464.0
1574731256.279001, -464.0
1574731256.293984, -464.0
1574731256.30908, -464.0
1574731256.323939, -464.0
1574731256.338935, -464.0
1574731256.353848, -464.0
1574731256.368738, -464.0
1574731256.383404, -464.0
1574731256.396929, -464.0
1574731256.410434, -464.0
1574731256.423929, -464.0
1574731256.437497, -464.0
1574731256.836687, -464.0
1574731256.850264, -464.0
1574731256.863902, -464.0
1574731256.877814, -464.0
1574731256.892021, -464.0
1574731256.906499, -464.0
1574731256.920736, -464.0
1574731256.93495, -464.0
1574731256.949173, -464.0
1574731256.963605, -464.0
1574731256.978157, -464.0
1574731256.993274, -464.0
1574731257.007817, -464.0
1574731257.022365, -464.0
1574731257.036976, -464.0
1574731257.051482, -464.0
1574731257.066027, -464.0
1574731257.080378, -464.0
1574731257.094882, -464.0
1574731257.109224, -464.0
1574731257.123789, -464.0
1574731257.138403, -464.0
1574731257.153413, -464.0
1574731257.16864, -464.0
1574731257.183618, -464.0
1574731257.198644, -464.0
1574731257.213855, -464.0
1574731257.228722, -464.0
1574731257.24351, -464.0
1574731257.258247, -464.0
1574731257.272963, -464.0
1574731257.287758, -464.0
1574731257.302096, -464.0
1574731257.316312, -464.0
1574731257.330684, -464.0
1574731257.345648, -464.0
1574731257.360181, -464.0
1574731257.373807, -464.0
1574731257.387405, -464.0
1574731257.400977, -464.0
1574731257.414553, -464.0
1574731257.42811, -464.0
1574731257.441768, -464.0
1574731257.455431, -464.0
1574731257.951118, -464.0
1574731257.965653, -464.0
1574731257.980393, -464.0
1574731257.993956, -464.0
1574731258.007553, -464.0
1574731258.021119, -464.0
1574731258.03512, -464.0
1574731258.048856, -464.0
1574731258.06241, -464.0
1574731258.075962, -464.0
1574731258.089542, -464.0
1574731258.10308, -464.0
1574731258.116657, -464.0
1574731258.130193, -464.0
1574731258.143886, -464.0
1574731258.157496, -464.0
1574731258.171045, -464.0
1574731258.184662, -464.0
1574731258.198237, -464.0
1574731258.211815, -464.0
1574731258.225354, -464.0
1574731258.23904, -464.0
1574731258.252645, -464.0
1574731258.26619, -464.0
1574731258.28009, -464.0
1574731258.294479, -464.0
1574731258.308144, -464.0
1574731258.321745, -464.0
1574731258.335395, -464.0
1574731258.348977, -464.0
1574731258.362513, -464.0
1574731258.376097, -464.0
1574731258.38967, -464.0
1574731258.403235, -464.0
1574731258.416783, -464.0
1574731258.430308, -464.0
1574731258.443903, -464.0
1574731258.457436, -464.0
1574731258.471038, -464.0
1574731258.484603, -464.0
1574731258.498216, -464.0
1574731258.512615, -464.0
1574731259.040066, -464.0
1574731259.05416, -464.0
1574731259.068289, -464.0
1574731259.083383, -464.0
1574731259.09858, -464.0
1574731259.113564, -464.0
1574731259.12863, -464.0
1574731259.143751, -464.0
1574731259.158666, -464.0
1574731259.173516, -464.0
1574731259.188168, -464.0
1574731259.204217, -464.0
1574731259.219229, -464.0
1574731259.235111, -464.0
1574731259.249558, -464.0
1574731259.265526, -464.0
1574731259.279931, -464.0
1574731259.294258, -464.0
1574731259.307932, -464.0
1574731259.322445, -464.0
1574731259.336523, -464.0
1574731259.350962, -464.0
1574731259.364676, -464.0
1574731259.379833, -464.0
1574731259.393536, -464.0
1574731259.407932, -464.0
1574731259.421535, -464.0
1574731259.435808, -464.0
1574731259.449646, -464.0
1574731259.463287, -464.0
1574731259.477774, -464.0
1574731258.054973, -464.0
1574731258.070333, -464.0
1574731258.087011, -464.0
1574731258.103818, -464.0
1574731258.11972, -464.0
1574731258.134999, -464.0
1574731258.151976, -464.0
1574731258.165831, -464.0
1574731258.182634, -464.0
1574731258.655297, -464.0
1574731259.177194, -464.0
1574731259.655497, -464.0
1574731260.099389, -464.0
1574731260.540965, -464.0
1574731260.995357, -464.0
1574731261.440298, -464.0
1574731261.950513, -464.0
1574731262.420161, -464.0
1574731262.885506, -464.0
1574731263.39154, -464.0
1574731263.897312, -464.0
1574731264.369127, -464.0
1574731264.894721, -464.0
1574731265.389238, -463.0
1574731265.818443, -463.0
1574731266.282597, -463.0
1574731266.754009, -463.0
1574731267.220116, -463.0
1574731267.710588, -463.0
1574731268.176897, -463.0
1574731268.59474, -463.0
1574731269.0185, -463.0
1574731269.458557, -463.0
1574731269.903701, -463.0
1574731270.357466, -463.0
1574731270.791236, -463.0
1574731271.234616, -463.0
1574731271.689454, -463.0
1574731272.119477, -463.0
1574731272.525228, -463.0
1574731272.976158, -463.0
1574731273.393348, -463.0
1574731273.839352, -463.0
1574731274.265971, -463.0
1574731274.679556, -463.0
1574731275.113608, -463.0
1574731275.560536, -463.0
1574731275.993574, -463.0
1574731276.424319, -463.0
1574731276.850733, -463.0
1574731277.288579, -463.0
1574731277.725824, -463.0
1574731278.153576, -463.0
1574731278.560148, -463.0
1574731279.016991, -463.0
1574731279.459457, -463.0
1574731279.901382, -463.0
1574731280.362835, -463.0
1574731280.790886, -463.0
1574731281.240549, -463.0
1574731281.675078, -463.0
1574731282.102401, -463.0
1574731282.544574, -463.0
1574731282.970891, -463.0
1574731283.394325, -463.0
1574731283.848743, -463.0
1574731284.27389, -463.0
1574731284.703582, -463.0
1574731285.11348, -463.0
1574731285.547226, -463.0
1574731285.980945, -463.0
1574731286.385973, -463.0
1574731286.826854, -463.0
1574731287.262332, -463.0
1574731287.696237, -463.0
1574731288.154054, -463.0
1574731288.577884, -463.0
1574731289.001579, -463.0
1574731289.431988, -463.0
1574731289.888919, -463.0
1574731290.326829, -463.0
1574731290.772758, -463.0
1574731291.170349, -463.0
1574731291.633876, -463.0
1574731292.096902, -463.0
1574731292.535943, -463.0
1574731292.973172, -463.0
1574731293.390054, -461.0
1574731293.812897, -461.0
1574731294.23263, -461.0
1574731294.666452, -461.0
1574731295.094375, -461.0
1574731295.540564, -461.0
1574731295.964162, -461.0
1574731296.425392, -461.0
1574731296.850799, -461.0
1574731297.267476, -461.0
1574731297.724337, -461.0
1574731298.129189, -461.0
1574731298.570729, -461.0
1574731299.009084, -461.0
1574731299.442625, -461.0
1574731299.888101, -461.0
1574731300.313363, -461.0
1574731300.729521, -461.0
1574731301.128921, -461.0
1574731301.570363, -461.0
1574731301.975952, -461.0
1574731302.430292, -461.0
1574731302.866913, -461.0
1574731303.315138, -461.0
1574731303.750119, -461.0
1574731304.161216, -461.0
1574731304.586735, -461.0
1574731305.019093, -461.0
1574731305.465012, -461.0
1574731305.914688, -461.0
1574731306.330498, -461.0
1574731306.772364, -461.0
1574731307.181373, -461.0
1574731307.619222, -461.0
1574731308.004375, -461.0
1574731308.431381, -461.0
1574731308.887879, -461.0
1574731309.297487, -461.0
1574731309.723427, -461.0
1574731310.148073, -461.0
1574731310.561097, -461.0
1574731311.013769, -461.0
1574731311.443284, -461.0
1574731311.871813, -461.0
1574731312.27355, -461.0
1574731312.705692, -461.0
1574731313.15552, -461.0
1574731313.550659, -461.0
1574731313.972515, -461.0
1574731314.415077, -461.0
1574731314.832953, -461.0
1574731315.264914, -461.0
1574731315.69614, -461.0
1574731316.143285, -461.0
1574731316.589343, -461.0
1574731316.999397, -461.0
1574731317.439811, -461.0
1574731317.878903, -461.0
1574731318.31192, -461.0
1574731318.741857, -461.0
1574731319.150705, -461.0
1574731319.583095, -461.0
1574731320.008448, -461.0
1574731320.449314, -461.0
1574731320.887685, -461.0
1574731321.309585, -461.0
1574731321.776424, -461.0
1574731322.212603, -461.0
1574731322.656494, -461.0
1574731323.074986, -461.0
1574731323.512419, -461.0
1574731323.967418, -461.0
1574731324.378452, -461.0
1574731324.831961, -461.0
1574731325.269914, -461.0
1574731325.708048, -461.0
1574731326.135241, -461.0
1574731326.561246, -461.0
1574731326.99325, -461.0
1574731327.419178, -461.0
1574731327.85674, -461.0
1574731328.283297, -461.0
1574731328.737208, -461.0
1574731329.169349, -461.0
1574731329.609139, -461.0
1574731330.048748, -461.0
1574731330.479391, -461.0
1574731330.929777, -461.0
1574731331.363578, -461.0
1574731331.776701, -461.0
1574731332.19588, -461.0
1574731332.607131, -461.0
1574731333.016643, -461.0
1574731333.493716, -461.0
1574731333.896698, -461.0
1574731334.327387, -461.0
1574731334.75013, -461.0
1574731335.173108, -461.0
1574731335.578845, -461.0
1574731336.010779, -461.0
1574731336.421548, -461.0
1574731336.899968, -461.0
1574731337.313771, -461.0
1574731337.736746, -461.0
1574731338.163477, -461.0
1574731338.592909, -461.0
1574731339.007874, -461.0
1574731339.43868, -461.0
1574731339.879347, -461.0
1574731340.321252, -461.0
1574731340.714983, -461.0
1574731341.146752, -461.0
1574731341.581115, -461.0
1574731342.018097, -461.0
1574731342.431914, -461.0
1574731342.852066, -461.0
1574731343.252301, -461.0
1574731343.658498, -461.0
1574731344.094847, -461.0
1574731344.538781, -461.0
1574731344.977969, -461.0
1574731345.412992, -461.0
1574731345.839084, -461.0
1574731346.257826, -461.0
1574731346.706776, -461.0
1574731347.109711, -461.0
1574731347.5492, -461.0
1574731347.972123, -459.0
1574731348.428525, -459.0
1574731348.861318, -459.0
1574731349.313374, -459.0
1574731349.746751, -459.0
1574731350.18371, -459.0
1574731350.60127, -459.0
1574731351.021163, -459.0
1574731351.468585, -459.0
1574731351.901699, -459.0
1574731352.368667, -459.0
1574731352.776366, -459.0
1574731353.20242, -459.0
1574731353.606713, -459.0
1574731354.011095, -459.0
1574731354.451045, -459.0
1574731354.870394, -459.0
1574731355.319981, -459.0
1574731355.765497, -459.0
1574731356.193998, -459.0
1574731356.617599, -459.0
1574731357.027977, -459.0
1574731357.464702, -459.0
1574731357.888623, -459.0
1574731358.300146, -459.0
1574731358.750278, -459.0
1574731359.183409, -459.0
1574731359.623315, -459.0
1574731360.047353, -459.0
1574731360.464214, -459.0
1574731360.882593, -459.0
1574731361.301626, -459.0
1574731361.726193, -459.0
1574731362.174357, -459.0
1574731362.599992, -459.0
1574731363.047717, -459.0
1574731259.146715, -464.0
1574731259.160215, -464.0
1574731259.173678, -464.0
1574731259.62725, -464.0
1574731260.283395, -464.0
1574731260.297432, -464.0
1574731260.311477, -464.0
1574731260.325482, -464.0
1574731260.339448, -464.0
1574731260.353474, -464.0
1574731260.367511, -464.0
1574731260.999866, -464.0
1574731261.014851, -464.0
1574731261.030275, -464.0
1574731261.044016, -464.0
1574731261.455873, -464.0
1574731261.471427, -464.0
1574731261.486243, -464.0
1574731261.501224, -464.0
1574731261.515894, -464.0
1574731261.530592, -464.0
1574731261.545578, -464.0
1574731261.560337, -464.0
1574731261.575119, -464.0
1574731261.589491, -464.0
1574731261.603353, -464.0
1574731261.617084, -464.0
1574731261.630957, -464.0
1574731261.645052, -464.0
1574731261.658708, -464.0
1574731261.672573, -464.0
1574731261.686544, -464.0
1574731261.700582, -464.0
1574731261.714771, -464.0
1574731261.729034, -464.0
1574731261.743273, -464.0
1574731261.757496, -464.0
1574731261.771528, -464.0
1574731261.785064, -464.0
1574731261.798725, -464.0
1574731261.812525, -464.0
1574731261.826407, -464.0
1574731261.840263, -464.0
1574731261.854012, -464.0
1574731261.867562, -464.0
1574731261.881152, -464.0
1574731261.894701, -464.0
1574731261.908498, -464.0
1574731261.922725, -464.0
1574731261.93707, -464.0
1574731261.951426, -464.0
1574731261.966464, -464.0
1574731261.981592, -464.0
1574731261.99659, -464.0
1574731262.011747, -464.0
1574731262.026477, -464.0
1574731262.040117, -464.0
1574731262.053774, -464.0
1574731262.067484, -464.0
1574731262.081171, -464.0
1574731262.094764, -464.0
1574731262.108309, -464.0
1574731262.122368, -464.0
1574731262.136451, -464.0
1574731262.1507, -464.0
1574731262.16424, -464.0
1574731262.674435, -464.0
1574731262.688562, -464.0
1574731262.702574, -464.0
1574731262.716829, -464.0
1574731262.731041, -464.0
1574731262.745304, -464.0
1574731262.759438, -464.0
1574731262.773658, -464.0
1574731262.788011, -464.0
1574731262.802255, -464.0
1574731262.816067, -464.0
1574731262.829627, -464.0
1574731262.843659, -464.0
1574731262.85767, -464.0
1574731262.872215, -464.0
1574731262.887037, -464.0
1574731262.902033, -464.0
1574731262.916694, -464.0
1574731262.930562, -464.0
1574731262.944143, -464.0
1574731262.957721, -464.0
1574731262.971203, -464.0
1574731262.984695, -464.0
1574731262.998249, -464.0
1574731263.012098, -464.0
1574731263.025748, -464.0
1574731263.03927, -464.0
1574731263.05278, -464.0
1574731263.066383, -464.0
1574731263.080008, -464.0
1574731263.093522, -464.0
1574731263.107118, -464.0
1574731263.12116, -464.0
1574731263.135803, -464.0
1574731263.150951, -464.0
1574731263.166188, -464.0
1574731263.181385, -464.0
1574731263.196581, -464.0
1574731263.211701, -464.0
1574731263.22698, -464.0
1574731263.240551, -464.0
1574731263.255429, -464.0
1574731263.270468, -464.0
1574731263.285346, -464.0
1574731263.300537, -464.0
1574731263.314854, -464.0
1574731263.328752, -464.0
1574731263.342218, -464.0
1574731263.355797, -464.0
1574731263.3694, -464.0
1574731263.382894, -464.0
1574731263.39646, -464.0
1574731263.41005, -464.0
1574731263.423706, -464.0
1574731263.437319, -464.0
1574731263.450937, -464.0
1574731263.464772, -464.0
1574731263.478749, -464.0
1574731263.492363, -464.0
1574731263.507259, -464.0
1574731263.522326, -464.0
1574731263.537521, -464.0
1574731263.55263, -464.0
1574731263.567847, -464.0
1574731263.583077, -464.0
1574731263.598251, -464.0
1574731263.613416, -464.0
1574731263.627857, -464.0
1574731263.642793, -464.0
1574731264.126189, -464.0
1574731264.140055, -464.0
1574731264.153873, -464.0
1574731264.167751, -464.0
1574731264.842662, -464.0
1574731264.856874, -464.0
1574731264.870872, -464.0
1574731264.885865, -464.0
1574731264.900934, -464.0
1574731264.915944, -464.0
1574731264.929558, -464.0
1574731264.943114, -464.0
1574731264.956626, -464.0
1574731264.970131, -464.0
1574731264.98367, -464.0
1574731264.997177, -464.0
1574731265.010695, -464.0
1574731265.024197, -464.0
1574731265.037727, -464.0
1574731265.051281, -464.0
1574731265.064869, -464.0
1574731265.07843, -464.0
1574731265.091966, -464.0
1574731265.105455, -464.0
1574731265.11896, -464.0
1574731265.132443, -464.0
1574731265.145931, -464.0
1574731265.159368, -464.0
1574731265.172886, -464.0
1574731265.1864, -464.0
1574731265.199878, -464.0
1574731265.213397, -464.0
1574731265.226944, -464.0
1574731265.240441, -464.0
1574731265.253998, -464.0
1574731265.267541, -464.0
1574731265.281023, -464.0
1574731265.294621, -464.0
1574731265.308167, -464.0
1574731265.32171, -464.0
1574731265.335201, -464.0
1574731265.34872, -464.0
1574731265.362452, -464.0
1574731265.376169, -464.0
1574731265.38983, -463.0
1574731265.811372, -463.0
1574731266.250183, -463.0
1574731266.662311, -463.0
1574731267.100034, -463.0
1574731267.537952, -463.0
1574731267.999615, -463.0
1574731268.424507, -463.0
1574731268.850676, -463.0
1574731269.253372, -463.0
1574731269.648106, -463.0
1574731270.062091, -463.0
1574731270.460718, -463.0
1574731270.892177, -463.0
1574731271.335866, -463.0
1574731271.740399, -463.0
1574731272.175115, -463.0
1574731272.599692, -463.0
1574731273.047331, -463.0
1574731273.467896, -463.0
1574731273.87484, -463.0
1574731274.290985, -463.0
1574731274.729583, -463.0
1574731275.179596, -463.0
1574731275.601573, -463.0
1574731276.026222, -463.0
1574731276.458707, -463.0
1574731276.89264, -463.0
1574731277.315169, -463.0
1574731277.734544, -463.0
1574731278.146032, -463.0
1574731278.581509, -463.0
1574731279.014992, -463.0
1574731279.455189, -463.0
1574731279.893615, -463.0
1574731280.318661, -463.0
1574731280.742672, -463.0
1574731281.17969, -463.0
1574731281.619284, -463.0
1574731282.043589, -463.0
1574731282.467041, -463.0
1574731282.892345, -463.0
1574731283.353696, -463.0
1574731283.77283, -463.0
1574731284.195389, -463.0
1574731284.612092, -463.0
1574731285.035807, -463.0
1574731285.495042, -463.0
1574731285.926034, -463.0
1574731286.348549, -463.0
1574731286.773836, -463.0
1574731287.185478, -463.0
1574731287.620858, -463.0
1574731288.058954, -463.0
1574731288.465599, -463.0
1574731288.872995, -463.0
1574731289.303055, -463.0
1574731289.737388, -463.0
1574731290.179708, -463.0
1574731290.608055, -463.0
1574731291.044324, -463.0
1574731291.468363, -463.0
1574731291.905036, -463.0
1574731292.334209, -463.0
1574731292.755236, -463.0
1574731293.201968, -461.0
1574731293.627214, -461.0
1574731294.057893, -461.0
1574731294.453033, -461.0
1574731294.875143, -461.0
1574731295.312333, -461.0
1574731259.21864, -464.0
1574731259.232188, -464.0
1574731259.245728, -464.0
1574731259.259196, -464.0
1574731259.272751, -464.0
1574731259.286224, -464.0
1574731259.299773, -464.0
1574731259.313708, -464.0
1574731259.328737, -464.0
1574731259.343855, -464.0
1574731259.358811, -464.0
1574731259.963986, -464.0
1574731259.979997, -464.0
1574731259.996118, -464.0
1574731260.626162, -464.0
1574731260.640129, -464.0
1574731261.157012, -464.0
1574731261.173151, -464.0
1574731261.190327, -464.0
1574731261.205339, -464.0
1574731261.219468, -464.0
1574731261.2345, -464.0
1574731261.24865, -464.0
1574731261.262317, -464.0
1574731261.276905, -464.0
1574731261.291768, -464.0
1574731261.305605, -464.0
1574731261.320392, -464.0
1574731261.334187, -464.0
1574731261.348741, -464.0
1574731261.363248, -464.0
1574731261.378423, -464.0
1574731261.392999, -464.0
1574731261.408928, -464.0
1574731261.42423, -464.0
1574731261.440587, -464.0
1574731261.455808, -464.0
1574731261.471039, -464.0
1574731261.486289, -464.0
1574731261.501525, -464.0
1574731261.515102, -464.0
1574731261.529472, -464.0
1574731261.543214, -464.0
1574731261.557832, -464.0
1574731261.571551, -464.0
1574731261.586036, -464.0
1574731261.599712, -464.0
1574731261.61331, -464.0
1574731261.627727, -464.0
1574731261.641444, -464.0
1574731261.656026, -464.0
1574731261.6698, -464.0
1574731261.685322, -464.0
1574731261.699594, -464.0
1574731261.713975, -464.0
1574731261.727621, -464.0
1574731261.742073, -464.0
1574731261.755755, -464.0
1574731261.770809, -464.0
1574731261.784471, -464.0
1574731261.798866, -464.0
1574731261.812552, -464.0
1574731261.826149, -464.0
1574731261.84066, -464.0
1574731261.854328, -464.0
1574731261.868847, -464.0
1574731261.882577, -464.0
1574731261.897034, -464.0
1574731261.91067, -464.0
1574731261.925089, -464.0
1574731261.939387, -464.0
1574731261.953937, -464.0
1574731261.968025, -464.0
1574731261.982877, -464.0
1574731261.996951, -464.0
1574731262.010563, -464.0
1574731262.025015, -464.0
1574731262.038736, -464.0
1574731262.053215, -464.0
1574731262.06687, -464.0
1574731262.081249, -464.0
1574731262.559787, -464.0
1574731263.107519, -464.0
1574731263.121042, -464.0
1574731263.677373, -464.0
1574731263.69145, -464.0
1574731263.70541, -464.0
1574731263.719435, -464.0
1574731264.452234, -464.0
1574731264.466487, -464.0
1574731264.480848, -464.0
1574731264.495286, -464.0
1574731264.509821, -464.0
1574731264.524357, -464.0
1574731264.538881, -464.0
1574731264.553418, -464.0
1574731264.567954, -464.0
1574731264.582474, -464.0
1574731264.597048, -464.0
1574731264.611705, -464.0
1574731264.626665, -464.0
1574731264.641132, -464.0
1574731264.655259, -464.0
1574731264.668768, -464.0
1574731264.682219, -464.0
1574731264.695748, -464.0
1574731264.709216, -464.0
1574731264.722692, -464.0
1574731264.736318, -464.0
1574731264.749805, -464.0
1574731264.763245, -464.0
1574731264.776797, -464.0
1574731264.790369, -464.0
1574731264.803856, -464.0
1574731264.817395, -464.0
1574731264.830961, -464.0
1574731264.844455, -464.0
1574731264.857976, -464.0
1574731264.871372, -464.0
1574731264.884771, -464.0
1574731264.898235, -464.0
1574731264.911586, -464.0
1574731264.925056, -464.0
1574731264.940541, -464.0
1574731264.954224, -464.0
1574731264.967761, -464.0
1574731264.982862, -464.0
1574731264.998005, -464.0
1574731265.013073, -464.0
1574731265.027816, -464.0
1574731265.042381, -464.0
1574731265.056875, -464.0
1574731265.071359, -464.0
1574731265.085854, -464.0
1574731265.100431, -464.0
1574731265.114873, -464.0
1574731265.129346, -464.0
1574731265.143632, -464.0
1574731265.157649, -464.0
1574731265.172185, -464.0
1574731265.187199, -464.0
1574731265.200685, -464.0
1574731265.214155, -464.0
1574731265.227632, -464.0
1574731265.241115, -464.0
1574731265.254635, -464.0
1574731265.268043, -464.0
1574731265.28154, -464.0
1574731265.873209, -463.0
1574731265.88769, -463.0
1574731265.90215, -463.0
1574731265.916937, -463.0
1574731265.931745, -463.0
1574731265.947195, -463.0
1574731265.961531, -463.0
1574731266.482002, -463.0
1574731266.496691, -463.0
1574731266.511846, -463.0
1574731266.526252, -463.0
1574731266.540983, -463.0
1574731266.962962, -463.0
1574731267.382162, -463.0
1574731267.816607, -463.0
1574731268.233129, -463.0
1574731268.644825, -463.0
1574731269.082254, -463.0
1574731269.483391, -463.0
1574731269.907551, -463.0
1574731270.324694, -463.0
1574731270.743611, -463.0
1574731271.162594, -463.0
1574731271.572752, -463.0
1574731271.963563, -463.0
1574731272.398884, -463.0
1574731272.83025, -463.0
1574731273.232552, -463.0
1574731273.658304, -463.0
1574731274.07009, -463.0
1574731274.501516, -463.0
1574731274.902946, -463.0
1574731275.325058, -463.0
1574731275.741772, -463.0
1574731276.167225, -463.0
1574731276.607609, -463.0
1574731277.042962, -463.0
1574731277.467784, -463.0
1574731277.88778, -463.0
1574731278.305246, -463.0
1574731278.739989, -463.0
1574731279.159829, -463.0
1574731279.572384, -463.0
1574731280.009467, -463.0
1574731280.427806, -463.0
1574731280.855248, -463.0
1574731281.289317, -463.0
1574731281.706798, -463.0
1574731282.117454, -463.0
1574731282.541093, -463.0
1574731282.968318, -463.0
1574731283.377407, -463.0
1574731283.795087, -463.0
1574731284.223791, -463.0
1574731284.689114, -463.0
1574731285.105754, -463.0
1574731285.529074, -463.0
1574731285.974662, -463.0
1574731286.405759, -463.0
1574731286.86811, -463.0
1574731287.286911, -463.0
1574731287.702741, -463.0
1574731288.133594, -463.0
1574731288.542648, -463.0
1574731288.96842, -463.0
1574731289.391932, -463.0
1574731289.810084, -463.0
1574731290.210525, -463.0
1574731290.629363, -463.0
1574731291.064987, -463.0
1574731291.502654, -463.0
1574731291.954777, -463.0
1574731292.387017, -463.0
1574731292.817121, -463.0
1574731293.242705, -461.0
1574731293.671662, -461.0
1574731294.096271, -461.0
1574731294.549532, -461.0
1574731294.970508, -461.0
1574731295.401174, -461.0
1574731295.817474, -461.0
1574731296.245048, -461.0
1574731296.662823, -461.0
1574731297.072534, -461.0
1574731297.485539, -461.0
1574731297.919181, -461.0
1574731298.325358, -461.0
1574731298.751075, -461.0
1574731299.164095, -461.0
1574731299.597969, -461.0
1574731300.020969, -461.0
1574731300.473523, -461.0
1574731300.900292, -461.0
1574731301.32633, -461.0
1574731301.760552, -461.0
1574731302.160339, -461.0
1574731302.597633, -461.0
1574731303.003525, -461.0
1574731303.43139, -461.0
1574731303.872067, -461.0
1574731304.33498, -461.0
1574731304.770222, -461.0
1574731259.507334, -464.0
1574731259.521166, -464.0
1574731259.537322, -464.0
1574731259.552672, -464.0
1574731259.569915, -464.0
1574731259.584801, -464.0
1574731259.601439, -464.0
1574731259.616735, -464.0
1574731259.633189, -464.0
1574731259.64696, -464.0
1574731259.662865, -464.0
1574731260.102988, -464.0
1574731260.118937, -464.0
1574731260.133541, -464.0
1574731260.147401, -464.0
1574731260.161863, -464.0
1574731260.175602, -464.0
1574731260.19027, -464.0
1574731260.204965, -464.0
1574731260.220989, -464.0
1574731260.236388, -464.0
1574731260.252458, -464.0
1574731260.267864, -464.0
1574731260.28392, -464.0
1574731260.299298, -464.0
1574731260.315435, -464.0
1574731260.330779, -464.0
1574731260.346872, -464.0
1574731260.360878, -464.0
1574731260.375339, -464.0
1574731260.388955, -464.0
1574731260.40334, -464.0
1574731260.417035, -464.0
1574731260.430796, -464.0
1574731260.445281, -464.0
1574731260.459004, -464.0
1574731260.473526, -464.0
1574731260.487268, -464.0
1574731260.502386, -464.0
1574731260.517304, -464.0
1574731260.532914, -464.0
1574731260.548393, -464.0
1574731260.564433, -464.0
1574731260.579177, -464.0
1574731260.595214, -464.0
1574731260.610576, -464.0
1574731260.626642, -464.0
1574731260.642057, -464.0
1574731260.658203, -464.0
1574731260.673463, -464.0
1574731260.687892, -464.0
1574731260.701585, -464.0
1574731260.716032, -464.0
1574731260.729658, -464.0
1574731260.744243, -464.0
1574731260.759518, -464.0
1574731260.774196, -464.0
1574731260.787835, -464.0
1574731260.80221, -464.0
1574731260.816025, -464.0
1574731260.829746, -464.0
1574731260.844291, -464.0
1574731260.859531, -464.0
1574731260.874009, -464.0
1574731260.887821, -464.0
1574731261.625067, -464.0
1574731261.639479, -464.0
1574731261.654042, -464.0
1574731261.669356, -464.0
1574731261.68464, -464.0
1574731261.699612, -464.0
1574731261.714473, -464.0
1574731261.729294, -464.0
1574731261.744563, -464.0
1574731261.759343, -464.0
1574731261.774125, -464.0
1574731261.78886, -464.0
1574731261.803623, -464.0
1574731261.81853, -464.0
1574731261.833427, -464.0
1574731261.847179, -464.0
1574731261.861376, -464.0
1574731261.875625, -464.0
1574731261.89007, -464.0
1574731261.904638, -464.0
1574731261.91908, -464.0
1574731261.933176, -464.0
1574731261.947381, -464.0
1574731261.96114, -464.0
1574731262.415406, -464.0
1574731262.429125, -464.0
1574731262.442868, -464.0
1574731262.456905, -464.0
1574731262.471142, -464.0
1574731262.486032, -464.0
1574731262.500095, -464.0
1574731262.514552, -464.0
1574731262.528363, -464.0
1574731262.542791, -464.0
1574731262.556505, -464.0
1574731262.570953, -464.0
1574731262.584665, -464.0
1574731262.599099, -464.0
1574731262.612723, -464.0
1574731262.626322, -464.0
1574731262.641718, -464.0
1574731262.656171, -464.0
1574731262.671352, -464.0
1574731262.686618, -464.0
1574731262.702575, -464.0
1574731262.717574, -464.0
1574731262.733328, -464.0
1574731262.748251, -464.0
1574731262.7638, -464.0
1574731262.778623, -464.0
1574731262.794145, -464.0
1574731262.808951, -464.0
1574731262.824886, -464.0
1574731262.839851, -464.0
1574731262.854954, -464.0
1574731262.868792, -464.0
1574731262.883301, -464.0
1574731262.897244, -464.0
1574731262.911681, -464.0
1574731262.925445, -464.0
1574731262.939979, -464.0
1574731262.953794, -464.0
1574731262.968239, -464.0
1574731262.981924, -464.0
1574731262.996325, -464.0
1574731263.010007, -464.0
1574731263.023625, -464.0
1574731263.038145, -464.0
1574731263.051944, -464.0
1574731263.066412, -464.0
1574731263.080088, -464.0
1574731263.09451, -464.0
1574731263.108253, -464.0
1574731263.122734, -464.0
1574731263.13638, -464.0
1574731263.150636, -464.0
1574731263.164333, -464.0
1574731263.178116, -464.0
1574731263.192781, -464.0
1574731263.206631, -464.0
1574731263.22113, -464.0
1574731263.234846, -464.0
1574731263.249369, -464.0
1574731263.263041, -464.0
1574731263.277384, -464.0
1574731263.29097, -464.0
1574731263.305293, -464.0
1574731263.319055, -464.0
1574731263.332756, -464.0
1574731263.347274, -464.0
1574731263.362022, -464.0
1574731263.828054, -464.0
1574731263.843241, -464.0
1574731263.858388, -464.0
1574731263.872373, -464.0
1574731263.886742, -464.0
1574731263.900421, -464.0
1574731263.914049, -464.0
1574731263.928357, -464.0
1574731263.941974, -464.0
1574731263.956369, -464.0
1574731263.969992, -464.0
1574731263.984385, -464.0
1574731263.997987, -464.0
1574731264.01233, -464.0
1574731264.026043, -464.0
1574731264.040516, -464.0
1574731264.054218, -464.0
1574731264.067829, -464.0
1574731264.082235, -464.0
1574731264.095817, -464.0
1574731264.11029, -464.0
1574731264.124216, -464.0
1574731264.139001, -464.0
1574731264.152767, -464.0
1574731264.167154, -464.0
1574731264.180864, -464.0
1574731264.195315, -464.0
1574731264.209011, -464.0
1574731264.222618, -464.0
1574731264.237035, -464.0
1574731264.25075, -464.0
1574731264.265136, -464.0
1574731264.278825, -464.0
1574731264.293182, -464.0
1574731264.306803, -464.0
1574731264.321231, -464.0
1574731264.334809, -464.0
1574731264.349182, -464.0
1574731264.362758, -464.0
1574731264.93127, -464.0
1574731264.945715, -464.0
1574731264.959378, -464.0
1574731264.973798, -464.0
1574731264.987514, -464.0
1574731265.00192, -464.0
1574731265.015601, -464.0
1574731265.029225, -464.0
1574731265.043664, -464.0
1574731265.05742, -464.0
1574731265.07189, -464.0
1574731265.085646, -464.0
1574731265.100247, -464.0
1574731265.113949, -464.0
1574731265.128882, -464.0
1574731265.144004, -464.0
1574731265.159543, -464.0
1574731265.174182, -464.0
1574731265.189729, -464.0
1574731265.204377, -464.0
1574731265.219801, -464.0
1574731265.234446, -464.0
1574731265.250085, -464.0
1574731265.265064, -464.0
1574731265.280867, -464.0
1574731265.294851, -464.0
1574731265.309227, -464.0
1574731265.322912, -464.0
1574731265.336588, -464.0
1574731265.351125, -464.0
1574731265.364796, -464.0
1574731265.37915, -464.0
1574731265.392908, -463.0
1574731265.824923, -463.0
1574731265.838463, -463.0
1574731265.852223, -463.0
1574731265.866562, -463.0
1574731265.882313, -463.0
1574731265.896692, -463.0
1574731265.911221, -463.0
1574731265.924941, -463.0
1574731265.939504, -463.0
1574731265.953393, -463.0
1574731265.968008, -463.0
1574731265.98196, -463.0
1574731266.48111, -463.0
1574731266.495442, -463.0
1574731267.096383, -463.0
1574731267.613265, -463.0
1574731267.627738, -463.0
1574731267.642287, -463.0
1574731267.656187, -463.0
1574731267.670628, -463.0
1574731267.685797, -463.0
1574731267.70176, -463.0
