1575337232.984282, -497.0
1575337233.038573, -497.0
1575337233.09274, -497.0
1575337233.146768, -497.0
1575337233.200941, -497.0
1575337233.254981, -497.0
1575337233.309059, -497.0
1575337233.363405, -497.0
1575337233.41786, -497.0
1575337233.472985, -497.0
1575337233.526903, -497.0
1575337233.5808, -497.0
1575337233.634602, -497.0
1575337233.688562, -497.0
1575337233.742538, -497.0
1575337233.796624, -497.0
1575337233.851155, -497.0
1575337233.905758, -497.0
1575337233.959785, -497.0
1575337234.015607, -497.0
1575337234.068963, -497.0
1575337234.122753, -497.0
1575337234.176248, -497.0
1575337234.22971, -497.0
1575337234.283174, -497.0
1575337234.336953, -497.0
1575337234.418466, -497.0
1575337234.472548, -497.0
1575337234.526978, -497.0
1575337234.581516, -497.0
1575337234.635834, -497.0
1575337234.690456, -497.0
1575337234.745049, -497.0
1575337234.799196, -497.0
1575337234.854108, -497.0
1575337234.908732, -497.0
1575337234.963494, -497.0
1575337235.018258, -497.0
1575337235.072535, -497.0
1575337235.127194, -497.0
1575337235.181868, -497.0
1575337235.236357, -497.0
1575337235.290606, -497.0
1575337235.345424, -497.0
1575337235.399912, -497.0
1575337235.454728, -497.0
1575337235.509538, -497.0
1575337235.563497, -497.0
1575337235.618101, -497.0
1575337235.672783, -497.0
1575337232.996169, -497.0
1575337233.054945, -497.0
1575337233.114317, -497.0
1575337233.17474, -497.0
1575337233.23118, -497.0
1575337233.289471, -497.0
1575337233.348512, -497.0
1575337233.411981, -497.0
1575337233.479626, -497.0
1575337233.545006, -497.0
1575337233.604063, -497.0
1575337233.663436, -497.0
1575337233.720765, -497.0
1575337233.78192, -497.0
1575337233.838997, -497.0
1575337233.90189, -497.0
1575337233.963426, -497.0
1575337234.025958, -497.0
1575337234.084576, -497.0
1575337234.14603, -497.0
1575337234.202949, -497.0
1575337234.262119, -497.0
1575337234.320488, -497.0
1575337234.413972, -497.0
1575337234.472276, -497.0
1575337234.530549, -497.0
1575337234.58735, -497.0
1575337234.649807, -497.0
1575337234.708211, -497.0
1575337234.766573, -497.0
1575337234.824859, -497.0
1575337234.883824, -497.0
1575337234.942922, -497.0
1575337234.999271, -497.0
1575337235.059296, -497.0
1575337235.116081, -497.0
1575337235.176386, -497.0
1575337235.232653, -497.0
1575337235.290834, -497.0
1575337235.349398, -497.0
1575337235.408455, -497.0
1575337235.466948, -497.0
1575337235.525429, -497.0
1575337235.584022, -497.0
1575337235.642783, -497.0
1575337235.704058, -497.0
1575337235.757386, -497.0
1575337235.811694, -497.0
1575337235.866449, -496.0
1575337235.921316, -496.0
1575337233.004481, -497.0
1575337233.067084, -497.0
1575337233.128432, -497.0
1575337233.189704, -497.0
1575337233.248941, -497.0
1575337233.305283, -497.0
1575337233.362334, -497.0
1575337233.419944, -497.0
1575337233.479918, -497.0
1575337233.53806, -497.0
1575337233.597687, -497.0
1575337233.656067, -497.0
1575337233.714735, -497.0
1575337233.773672, -497.0
1575337233.830503, -497.0
1575337233.888171, -497.0
1575337233.94764, -497.0
1575337234.00869, -497.0
1575337234.067463, -497.0
1575337234.126356, -497.0
1575337234.185791, -497.0
1575337234.244681, -497.0
1575337234.303103, -497.0
1575337234.370702, -497.0
1575337234.449498, -497.0
1575337234.506434, -497.0
1575337234.563464, -497.0
1575337234.621671, -497.0
1575337234.678682, -497.0
1575337234.737363, -497.0
1575337234.795889, -497.0
1575337234.854655, -497.0
1575337234.91299, -497.0
1575337234.971427, -497.0
1575337235.030623, -497.0
1575337235.088677, -497.0
1575337235.147452, -497.0
1575337235.206753, -497.0
1575337235.264814, -497.0
1575337235.321738, -497.0
1575337235.380379, -497.0
1575337235.439092, -497.0
1575337235.497646, -497.0
1575337235.555563, -497.0
1575337235.614851, -497.0
1575337235.673488, -497.0
1575337235.728491, -497.0
1575337235.78545, -497.0
1575337235.842439, -496.0
1575337235.90119, -496.0
1575337233.287692, -497.0
1575337233.469697, -497.0
1575337233.64814, -497.0
1575337233.828776, -497.0
1575337234.009516, -497.0
1575337234.187904, -497.0
1575337234.388519, -497.0
1575337234.573714, -497.0
1575337234.752097, -497.0
1575337234.92933, -497.0
1575337235.108519, -497.0
1575337235.286476, -497.0
1575337235.464187, -497.0
1575337235.642381, -497.0
1575337235.823482, -496.0
1575337236.00666, -496.0
1575337236.186548, -496.0
1575337236.364375, -496.0
1575337236.546369, -496.0
1575337236.728229, -496.0
1575337236.916386, -496.0
1575337237.097972, -496.0
1575337237.286868, -496.0
1575337237.486958, -481.0
1575337237.680932, -481.0
1575337237.871004, -481.0
1575337238.067717, -481.0
1575337238.264475, -481.0
1575337238.45777, -480.0
1575337238.64316, -480.0
1575337238.830853, -468.0
1575337239.018422, -468.0
1575337239.19847, -468.0
1575337239.377319, -465.0
1575337239.555792, -465.0
1575337239.735214, -465.0
1575337239.913497, -465.0
1575337240.091539, -465.0
1575337240.270317, -465.0
1575337240.450324, -465.0
1575337240.631527, -465.0
1575337240.812921, -465.0
1575337240.994637, -465.0
1575337241.175919, -465.0
1575337241.354101, -465.0
1575337241.531892, -465.0
1575337241.709729, -465.0
1575337241.888679, -465.0
1575337242.076978, -465.0
1575337242.257773, -465.0
1575337235.818435, -496.0
1575337237.563006, -481.0
1575337237.621422, -481.0
1575337237.678585, -481.0
1575337237.737284, -481.0
1575337237.793826, -481.0
1575337237.854007, -481.0
1575337237.915329, -481.0
1575337237.977011, -481.0
1575337238.038596, -481.0
1575337238.100109, -481.0
1575337238.158905, -481.0
1575337238.217195, -481.0
1575337238.276856, -481.0
1575337238.333204, -481.0
1575337238.797722, -468.0
1575337239.672565, -465.0
1575337239.738577, -465.0
1575337239.803867, -465.0
1575337239.865734, -465.0
1575337240.394444, -465.0
1575337242.128778, -465.0
1575337242.679094, -465.0
1575337242.742295, -465.0
1575337243.665512, -458.0
1575337243.728357, -458.0
1575337244.987506, -458.0
1575337245.893968, -458.0
1575337246.815885, -458.0
1575337247.268091, -458.0
1575337248.161238, -458.0
1575337249.05422, -458.0
1575337249.544216, -458.0
1575337250.010452, -458.0
1575337250.885196, -458.0
1575337252.197484, -458.0
1575337253.441604, -458.0
1575337253.905893, -458.0
1575337254.358378, -458.0
1575337255.638536, -458.0
1575337256.50067, -458.0
1575337257.730207, -458.0
1575337258.187049, -457.0
1575337259.535311, -457.0
1575337259.977858, -457.0
1575337260.501842, -457.0
1575337260.962936, -457.0
1575337261.024054, -457.0
1575337261.08736, -457.0
1575337261.917948, -457.0
1575337236.043293, -496.0
1575337237.783141, -481.0
1575337237.838266, -481.0
1575337237.893685, -481.0
1575337237.949256, -481.0
1575337238.006769, -481.0
1575337238.062424, -481.0
1575337238.119458, -481.0
1575337238.176686, -481.0
1575337238.23409, -481.0
1575337238.294315, -481.0
1575337238.351546, -481.0
1575337238.406944, -481.0
1575337238.461661, -480.0
1575337238.516212, -480.0
1575337238.969982, -468.0
1575337240.190499, -465.0
1575337240.245753, -465.0
1575337240.30082, -465.0
1575337240.355435, -465.0
1575337240.413201, -465.0
1575337240.468942, -465.0
1575337240.525225, -465.0
1575337240.581382, -465.0
1575337240.637643, -465.0
1575337240.692905, -465.0
1575337241.529166, -465.0
1575337242.37187, -465.0
1575337242.426356, -465.0
1575337242.893948, -465.0
1575337243.356808, -465.0
1575337243.415308, -465.0
1575337243.47377, -465.0
1575337243.530697, -465.0
1575337244.042866, -458.0
1575337244.105138, -458.0
1575337244.166156, -458.0
1575337244.638711, -458.0
1575337245.58494, -458.0
1575337246.43687, -458.0
1575337248.088463, -458.0
1575337249.765449, -458.0
1575337250.622298, -458.0
1575337251.43948, -458.0
1575337252.659857, -458.0
1575337253.097611, -458.0
1575337253.550703, -458.0
1575337254.410554, -458.0
1575337254.840989, -458.0
1575337256.064375, -458.0
1575337236.055121, -496.0
1575337237.288313, -487.0
1575337237.34479, -481.0
1575337237.402546, -481.0
1575337237.45928, -481.0
1575337237.516264, -481.0
1575337237.572392, -481.0
1575337238.409272, -480.0
1575337239.246348, -465.0
1575337239.703794, -465.0
1575337239.7575, -465.0
1575337240.247065, -465.0
1575337240.687372, -465.0
1575337241.523973, -465.0
1575337242.371955, -465.0
1575337242.851084, -465.0
1575337242.907557, -465.0
1575337242.964091, -465.0
1575337243.020108, -465.0
1575337243.075783, -465.0
1575337243.893883, -458.0
1575337244.447212, -458.0
1575337245.329613, -458.0
1575337246.17929, -458.0
1575337247.400335, -458.0
1575337248.626304, -458.0
1575337249.848202, -458.0
1575337250.283545, -458.0
1575337251.928101, -458.0
1575337253.5562, -458.0
1575337254.804385, -458.0
1575337256.386552, -458.0
1575337257.621879, -458.0
1575337258.887589, -457.0
1575337260.131616, -457.0
1575337260.974783, -457.0
1575337262.224388, -457.0
1575337263.443224, -457.0
1575337264.676412, -457.0
1575337265.875169, -457.0
1575337267.16834, -457.0
1575337268.349493, -447.0
1575337269.95393, -447.0
1575337271.560651, -447.0
1575337273.189052, -447.0
1575337274.816279, -447.0
1575337275.248735, -447.0
1575337276.876502, -447.0
1575337278.049721, -447.0
1575337279.627032, -447.0
1575337242.39343, -465.0
1575337243.663423, -458.0
1575337243.718688, -458.0
1575337243.774661, -458.0
1575337243.830239, -458.0
1575337243.888881, -458.0
1575337243.945986, -458.0
1575337244.828452, -458.0
1575337245.284427, -458.0
1575337246.131702, -458.0
1575337246.984496, -458.0
1575337247.462006, -458.0
1575337247.942691, -458.0
1575337248.79763, -458.0
1575337249.2734, -458.0
1575337250.132039, -458.0
1575337250.579573, -458.0
1575337251.017708, -458.0
1575337251.86992, -458.0
1575337252.738788, -458.0
1575337253.190149, -458.0
1575337254.007523, -458.0
1575337254.866219, -458.0
1575337255.341115, -458.0
1575337256.205334, -458.0
1575337257.061255, -458.0
1575337257.912057, -457.0
1575337258.806986, -457.0
1575337259.273908, -457.0
1575337260.160229, -457.0
1575337261.048753, -457.0
1575337262.307227, -457.0
1575337263.179298, -457.0
1575337264.095421, -457.0
1575337264.56792, -457.0
1575337265.917775, -457.0
1575337266.770702, -457.0
1575337267.965393, -447.0
1575337269.304785, -447.0
1575337270.561152, -447.0
1575337271.793816, -447.0
1575337272.661836, -447.0
1575337274.048117, -447.0
1575337274.934826, -447.0
1575337275.804869, -447.0
1575337277.076614, -447.0
1575337278.380435, -447.0
1575337279.218499, -447.0
1575337280.500613, -447.0
1575337281.370044, -447.0
1575337256.224605, -458.0
1575337258.267804, -457.0
1575337258.335143, -457.0
1575337258.403473, -457.0
1575337258.470945, -457.0
1575337258.538589, -457.0
1575337258.606174, -457.0
1575337258.674334, -457.0
1575337260.331923, -457.0
1575337261.966607, -457.0
1575337262.848592, -457.0
1575337263.343845, -457.0
1575337263.812446, -457.0
1575337264.276848, -457.0
1575337264.859708, -457.0
1575337265.322699, -457.0
1575337265.775312, -457.0
1575337265.843542, -457.0
1575337265.91172, -457.0
1575337266.364779, -457.0
1575337267.222654, -447.0
1575337267.644042, -447.0
1575337268.343186, -447.0
1575337269.000015, -447.0
1575337269.066411, -447.0
1575337269.532922, -447.0
1575337270.815024, -447.0
1575337272.126334, -447.0
1575337273.019679, -447.0
1575337273.958733, -447.0
1575337274.452988, -447.0
1575337275.315501, -447.0
1575337276.205764, -447.0
1575337276.273201, -447.0
1575337276.71689, -447.0
1575337277.205541, -447.0
1575337278.134134, -447.0
1575337279.005773, -447.0
1575337280.300531, -447.0
1575337281.179644, -447.0
1575337282.030412, -447.0
1575337282.928612, -447.0
1575337282.996216, -447.0
1575337283.065336, -447.0
1575337283.132903, -447.0
1575337283.199909, -447.0
1575337283.267836, -447.0
1575337283.335598, -447.0
1575337284.245592, -447.0
1575337284.69043, -447.0
1575337262.061179, -457.0
1575337262.128597, -457.0
1575337262.19221, -457.0
1575337262.26122, -457.0
1575337262.331887, -457.0
1575337262.39145, -457.0
1575337262.453264, -457.0
1575337262.515106, -457.0
1575337262.583671, -457.0
1575337262.647241, -457.0
1575337262.711329, -457.0
1575337262.773744, -457.0
1575337262.835319, -457.0
1575337262.897723, -457.0
1575337262.960407, -457.0
1575337263.022767, -457.0
1575337263.084449, -457.0
1575337263.146711, -457.0
1575337263.213538, -457.0
1575337263.272377, -457.0
1575337263.334151, -457.0
1575337263.39648, -457.0
1575337263.463934, -457.0
1575337263.523012, -457.0
1575337263.584575, -457.0
1575337263.646583, -457.0
1575337263.709246, -457.0
1575337263.771335, -457.0
1575337263.835411, -457.0
1575337263.897343, -457.0
1575337263.960303, -457.0
1575337264.024366, -457.0
1575337264.086584, -457.0
1575337264.147662, -457.0
1575337264.210547, -457.0
1575337264.272454, -457.0
1575337264.334266, -457.0
1575337264.398093, -457.0
1575337264.458925, -457.0
1575337264.520718, -457.0
1575337264.584629, -457.0
1575337264.646878, -457.0
1575337264.711198, -457.0
1575337264.772801, -457.0
1575337264.834329, -457.0
1575337264.898651, -457.0
1575337264.96329, -457.0
1575337265.022789, -457.0
1575337265.084549, -457.0
1575337265.146598, -457.0
1575337291.362027, -447.0
1575337291.376911, -447.0
1575337291.392995, -447.0
1575337291.408314, -447.0
1575337291.422638, -447.0
1575337291.436838, -447.0
1575337291.450899, -447.0
1575337291.464837, -447.0
1575337291.478931, -447.0
1575337291.492963, -447.0
1575337291.507556, -447.0
1575337291.521717, -447.0
1575337291.535839, -447.0
1575337291.550968, -447.0
1575337291.564648, -447.0
1575337292.007315, -447.0
1575337292.447371, -447.0
1575337292.903499, -447.0
1575337293.334579, -447.0
1575337293.781701, -447.0
1575337294.232717, -447.0
1575337294.674611, -447.0
1575337295.146879, -447.0
1575337295.160913, -447.0
1575337295.177881, -447.0
1575337295.191707, -447.0
1575337295.207414, -447.0
1575337295.222315, -447.0
1575337295.240481, -447.0
1575337295.255855, -447.0
1575337295.273408, -447.0
1575337295.288854, -447.0
1575337295.30617, -447.0
1575337295.32171, -447.0
1575337295.339182, -447.0
1575337295.354656, -447.0
1575337295.372036, -447.0
1575337295.389956, -447.0
1575337295.405288, -447.0
1575337295.42342, -447.0
1575337295.437421, -447.0
1575337295.453018, -447.0
1575337296.104314, -447.0
1575337296.540605, -447.0
1575337297.068371, -447.0
1575337297.082354, -447.0
1575337297.096496, -447.0
1575337297.11015, -447.0
1575337297.123831, -447.0
1575337297.137952, -447.0
1575337297.15753, -447.0
1575337297.613743, -447.0
1575337297.627772, -447.0
1575337297.641508, -447.0
1575337297.655141, -447.0
1575337298.130456, -447.0
1575337298.549586, -447.0
1575337298.977094, -447.0
1575337298.991162, -447.0
1575337299.480724, -447.0
1575337299.935716, -447.0
1575337300.405513, -447.0
1575337300.860166, -447.0
1575337301.309631, -447.0
1575337301.751926, -447.0
1575337302.206714, -447.0
1575337302.649356, -447.0
1575337303.101484, -447.0
1575337303.544878, -447.0
1575337304.031954, -447.0
1575337304.046045, -447.0
1575337304.489839, -447.0
1575337304.503329, -447.0
1575337304.982868, -447.0
1575337305.38832, -447.0
1575337305.82071, -447.0
1575337306.271081, -447.0
1575337306.7089, -447.0
1575337307.161064, -447.0
1575337307.611, -447.0
1575337308.069251, -447.0
1575337308.502941, -447.0
1575337308.943657, -447.0
1575337309.427093, -447.0
1575337309.87876, -447.0
1575337310.339956, -447.0
1575337310.783681, -447.0
1575337311.239397, -447.0
1575337311.252915, -447.0
1575337311.266409, -447.0
1575337311.740666, -447.0
1575337312.212033, -447.0
1575337312.225661, -447.0
1575337312.241319, -447.0
1575337312.255097, -447.0
1575337312.709728, -447.0
1575337313.154859, -447.0
1575337313.168965, -447.0
1575337313.185372, -447.0
1575337313.662029, -447.0
1575337313.677632, -447.0
1575337314.108528, -447.0
1575337314.534498, -447.0
1575337314.935038, -447.0
1575337315.370763, -447.0
1575337315.384773, -447.0
1575337315.399376, -447.0
1575337315.413024, -447.0
1575337315.869986, -447.0
1575337316.315524, -447.0
1575337316.782025, -447.0
1575337317.210259, -447.0
1575337317.223789, -447.0
1575337317.237295, -447.0
1575337317.250705, -447.0
1575337317.264304, -447.0
1575337317.278047, -447.0
1575337317.291613, -447.0
1575337317.305141, -447.0
1575337317.318826, -447.0
1575337317.332995, -447.0
1575337317.346528, -447.0
1575337317.360707, -447.0
1575337317.814074, -447.0
1575337318.246622, -447.0
1575337318.261115, -447.0
1575337318.275488, -447.0
1575337318.289533, -447.0
1575337318.303745, -447.0
1575337318.317743, -447.0
1575337318.331693, -447.0
1575337318.346252, -447.0
1575337318.360175, -447.0
1575337318.374704, -447.0
1575337318.388514, -447.0
1575337318.403104, -447.0
1575337318.84934, -447.0
1575337318.863503, -447.0
1575337318.879474, -447.0
1575337318.893882, -447.0
1575337318.909647, -447.0
1575337318.923814, -447.0
1575337318.940794, -447.0
1575337318.954913, -447.0
1575337319.433001, -447.0
1575337319.916587, -447.0
1575337320.691681, -447.0
1575337321.258128, -447.0
1575337322.027191, -447.0
1575337322.044369, -447.0
1575337322.058306, -447.0
1575337322.074368, -447.0
1575337322.088274, -447.0
1575337322.105019, -447.0
1575337322.119063, -447.0
1575337322.577343, -447.0
1575337322.593597, -447.0
1575337322.607432, -447.0
1575337322.621626, -447.0
1575337322.637401, -447.0
1575337323.101388, -447.0
1575337323.115363, -447.0
1575337323.588941, -447.0
1575337323.602511, -447.0
1575337323.615981, -447.0
1575337323.629501, -447.0
1575337323.643, -447.0
1575337323.656455, -447.0
1575337324.075143, -447.0
1575337324.08871, -447.0
1575337324.535363, -447.0
1575337325.036786, -447.0
1575337325.053936, -447.0
1575337325.070234, -447.0
1575337325.08443, -447.0
1575337325.101215, -447.0
1575337325.115787, -447.0
1575337325.132568, -447.0
1575337325.146494, -447.0
1575337325.629612, -447.0
1575337326.114207, -447.0
1575337326.130637, -447.0
1575337326.57743, -447.0
1575337326.593711, -447.0
1575337327.08117, -447.0
1575337327.094938, -447.0
1575337327.598547, -447.0
1575337328.074726, -447.0
1575337328.55596, -447.0
1575337328.572688, -447.0
1575337328.59219, -447.0
1575337328.606193, -447.0
1575337328.625737, -447.0
1575337328.642501, -447.0
1575337328.659678, -447.0
1575337328.679031, -447.0
1575337329.184482, -447.0
1575337329.199941, -447.0
1575337329.711356, -447.0
1575337329.72931, -447.0
1575337329.743083, -447.0
1575337330.256359, -447.0
1575337330.786044, -447.0
1575337330.800216, -447.0
1575337330.818581, -447.0
1575337330.83517, -447.0
1575337330.851204, -447.0
1575337330.867698, -447.0
1575337330.883732, -447.0
1575337330.900125, -447.0
1575337330.91612, -447.0
1575337331.390277, -447.0
1575337331.404559, -447.0
1575337331.418885, -447.0
1575337331.433322, -447.0
1575337331.450314, -447.0
1575337331.466918, -447.0
1575337331.482107, -447.0
1575337331.498303, -447.0
1575337331.513997, -447.0
1575337331.530323, -447.0
1575337331.544917, -447.0
1575337332.042311, -447.0
1575337332.06115, -447.0
1575337332.528347, -447.0
1575337333.003571, -447.0
1575337333.022136, -447.0
1575337333.528555, -447.0
1575337333.542891, -447.0
1575337333.987568, -447.0
1575337334.001579, -447.0
1575337334.020652, -447.0
1575337334.039092, -447.0
1575337334.053655, -447.0
1575337334.071973, -447.0
1575337334.514028, -447.0
1575337334.977687, -447.0
1575337334.994546, -447.0
1575337335.008428, -447.0
1575337335.023297, -447.0
1575337335.039229, -447.0
1575337335.508867, -447.0
1575337336.014709, -447.0
1575337336.029862, -447.0
1575337336.526781, -447.0
1575337336.545041, -447.0
1575337336.558845, -447.0
1575337336.576735, -447.0
1575337337.053713, -447.0
1575337337.532804, -447.0
1575337291.37402, -447.0
1575337291.391634, -447.0
1575337291.40696, -447.0
1575337291.421604, -447.0
1575337291.435701, -447.0
1575337291.449655, -447.0
1575337291.463606, -447.0
1575337291.477622, -447.0
1575337291.491594, -447.0
1575337291.505594, -447.0
1575337291.519665, -447.0
1575337291.533733, -447.0
1575337291.547738, -447.0
1575337291.562771, -447.0
1575337292.006923, -447.0
1575337292.645908, -447.0
1575337293.089378, -447.0
1575337293.53227, -447.0
1575337293.975294, -447.0
1575337294.43307, -447.0
1575337294.869387, -447.0
1575337295.342552, -447.0
1575337295.355981, -447.0
1575337295.792088, -447.0
1575337295.805699, -447.0
1575337296.264051, -447.0
1575337296.699458, -447.0
1575337296.713465, -447.0
1575337297.164649, -447.0
1575337297.684404, -447.0
1575337298.114841, -447.0
1575337298.577493, -447.0
1575337299.016147, -447.0
1575337299.471378, -447.0
1575337299.484913, -447.0
1575337299.499161, -447.0
1575337299.513016, -447.0
1575337299.9629, -447.0
1575337300.403542, -447.0
1575337300.417733, -447.0
1575337300.841353, -447.0
1575337301.310354, -447.0
1575337301.76139, -447.0
1575337302.19639, -447.0
1575337302.210496, -447.0
1575337302.226116, -447.0
1575337302.239786, -447.0
1575337302.686277, -447.0
1575337302.700161, -447.0
1575337302.715789, -447.0
1575337303.16515, -447.0
1575337303.178786, -447.0
1575337303.192321, -447.0
1575337303.206188, -447.0
1575337303.641649, -447.0
1575337303.655109, -447.0
1575337303.668947, -447.0
1575337303.682504, -447.0
1575337303.696471, -447.0
1575337303.710481, -447.0
1575337303.724556, -447.0
1575337303.738598, -447.0
1575337303.752625, -447.0
1575337303.768162, -447.0
1575337303.782419, -447.0
1575337303.796722, -447.0
1575337303.810691, -447.0
1575337303.82478, -447.0
1575337303.839115, -447.0
1575337303.852969, -447.0
1575337303.866536, -447.0
1575337303.880212, -447.0
1575337303.893862, -447.0
1575337303.908036, -447.0
1575337303.92184, -447.0
1575337303.935531, -447.0
1575337304.518968, -447.0
1575337304.532497, -447.0
1575337304.546168, -447.0
1575337304.559599, -447.0
1575337304.573551, -447.0
1575337304.587496, -447.0
1575337304.602036, -447.0
1575337304.615764, -447.0
1575337304.630008, -447.0
1575337304.643622, -447.0
1575337304.657742, -447.0
1575337304.671738, -447.0
1575337304.685771, -447.0
1575337304.699562, -447.0
1575337304.713153, -447.0
1575337304.727253, -447.0
1575337304.740897, -447.0
1575337304.754921, -447.0
1575337305.195711, -447.0
1575337305.209291, -447.0
1575337305.636619, -447.0
1575337306.079773, -447.0
1575337306.093753, -447.0
1575337306.111201, -447.0
1575337306.57293, -447.0
1575337306.587274, -447.0
1575337306.607021, -447.0
1575337306.620876, -447.0
1575337306.636659, -447.0
1575337306.652309, -447.0
1575337306.668619, -447.0
1575337307.124687, -447.0
1575337307.138795, -447.0
1575337307.158836, -447.0
1575337307.172556, -447.0
1575337307.186668, -447.0
1575337307.202246, -447.0
1575337307.215953, -447.0
1575337307.664752, -447.0
1575337308.092917, -447.0
1575337308.535067, -447.0
1575337308.995046, -447.0
1575337309.438281, -447.0
1575337309.451864, -447.0
1575337309.465489, -447.0
1575337309.909907, -447.0
1575337310.348285, -447.0
1575337310.780448, -447.0
1575337310.794, -447.0
1575337310.807553, -447.0
1575337310.821796, -447.0
1575337310.836091, -447.0
1575337310.850748, -447.0
1575337310.865074, -447.0
1575337310.880224, -447.0
1575337310.894672, -447.0
1575337310.909307, -447.0
1575337310.925772, -447.0
1575337310.94007, -447.0
1575337310.95467, -447.0
1575337310.968947, -447.0
1575337310.983985, -447.0
1575337310.998228, -447.0
1575337311.012883, -447.0
1575337311.027124, -447.0
1575337311.041826, -447.0
1575337311.056098, -447.0
1575337311.070711, -447.0
1575337311.084989, -447.0
1575337311.099614, -447.0
1575337311.113894, -447.0
1575337311.128632, -447.0
1575337311.142948, -447.0
1575337311.157675, -447.0
1575337311.17188, -447.0
1575337311.187312, -447.0
1575337311.200853, -447.0
1575337311.214439, -447.0
1575337311.228545, -447.0
1575337311.24212, -447.0
1575337311.256165, -447.0
1575337311.269821, -447.0
1575337311.284117, -447.0
1575337311.297825, -447.0
1575337311.311987, -447.0
1575337311.751002, -447.0
1575337312.196607, -447.0
1575337312.628608, -447.0
1575337313.072919, -447.0
1575337313.510193, -447.0
1575337313.523605, -447.0
1575337313.537021, -447.0
1575337313.550558, -447.0
1575337313.564154, -447.0
1575337313.577611, -447.0
1575337313.5911, -447.0
1575337313.604643, -447.0
1575337313.618087, -447.0
1575337313.631598, -447.0
1575337313.645088, -447.0
1575337314.108684, -447.0
1575337314.122649, -447.0
1575337314.136758, -447.0
1575337314.150551, -447.0
1575337314.164199, -447.0
1575337314.178989, -447.0
1575337314.192598, -447.0
1575337314.20723, -447.0
1575337314.220907, -447.0
1575337314.235081, -447.0
1575337314.248783, -447.0
1575337314.262921, -447.0
1575337314.27743, -447.0
1575337314.292287, -447.0
1575337314.307628, -447.0
1575337314.322556, -447.0
1575337314.336993, -447.0
1575337314.351834, -447.0
1575337314.366312, -447.0
1575337314.381331, -447.0
1575337314.395874, -447.0
1575337314.410914, -447.0
1575337314.425535, -447.0
1575337314.441068, -447.0
1575337314.455569, -447.0
1575337314.4702, -447.0
1575337314.485685, -447.0
1575337314.500331, -447.0
1575337314.515351, -447.0
1575337314.529812, -447.0
1575337314.544766, -447.0
1575337314.558617, -447.0
1575337314.572754, -447.0
1575337314.586411, -447.0
1575337314.600495, -447.0
1575337314.614171, -447.0
1575337314.62833, -447.0
1575337314.642063, -447.0
1575337315.07744, -447.0
1575337315.534179, -447.0
1575337315.547792, -447.0
1575337315.562903, -447.0
1575337315.577421, -447.0
1575337315.59249, -447.0
1575337315.607121, -447.0
1575337316.045059, -447.0
1575337316.55427, -447.0
1575337316.568377, -447.0
1575337316.582595, -447.0
1575337316.596441, -447.0
1575337316.610137, -447.0
1575337316.624939, -447.0
1575337316.638806, -447.0
1575337316.653084, -447.0
1575337316.666839, -447.0
1575337316.681288, -447.0
1575337316.695218, -447.0
1575337316.709364, -447.0
1575337316.723143, -447.0
1575337316.73735, -447.0
1575337316.751294, -447.0
1575337316.766073, -447.0
1575337316.779874, -447.0
1575337316.793659, -447.0
1575337316.807812, -447.0
1575337316.821594, -447.0
1575337317.274013, -447.0
1575337317.7483, -447.0
1575337318.284874, -447.0
1575337318.299562, -447.0
1575337318.776289, -447.0
1575337319.215382, -447.0
1575337319.229913, -447.0
1575337319.670453, -447.0
1575337291.390866, -447.0
1575337291.410739, -447.0
1575337291.427233, -447.0
1575337291.446607, -447.0
1575337291.462031, -447.0
1575337291.481532, -447.0
1575337291.497504, -447.0
1575337291.514884, -447.0
1575337291.530893, -447.0
1575337291.547817, -447.0
1575337291.563792, -447.0
1575337291.580542, -447.0
1575337291.59757, -447.0
1575337291.612945, -447.0
1575337291.629208, -447.0
1575337292.100104, -447.0
1575337292.119196, -447.0
1575337292.650092, -447.0
1575337292.664426, -447.0
1575337293.177642, -447.0
1575337293.680048, -447.0
1575337294.163662, -447.0
1575337294.656119, -447.0
1575337294.670365, -447.0
1575337294.689927, -447.0
1575337294.703839, -447.0
1575337294.718704, -447.0
1575337294.735652, -447.0
1575337294.749689, -447.0
1575337294.766613, -447.0
1575337294.781344, -447.0
1575337294.798358, -447.0
1575337295.278492, -447.0
1575337295.725969, -447.0
1575337295.743088, -447.0
1575337295.763278, -447.0
1575337295.777454, -447.0
1575337295.796174, -447.0
1575337296.246542, -447.0
1575337296.265678, -447.0
1575337296.28141, -447.0
1575337296.298533, -447.0
1575337296.315385, -447.0
1575337296.33252, -447.0
1575337296.349377, -447.0
1575337296.366128, -447.0
1575337296.382281, -447.0
1575337296.398916, -447.0
1575337296.417594, -447.0
1575337296.431998, -447.0
1575337296.452546, -447.0
1575337296.469236, -447.0
1575337296.48781, -447.0
1575337296.503954, -447.0
1575337296.521241, -447.0
1575337297.101737, -447.0
1575337297.632685, -447.0
1575337297.650483, -447.0
1575337297.665645, -447.0
1575337297.682162, -447.0
1575337297.697445, -447.0
1575337297.714124, -447.0
1575337297.728843, -447.0
1575337297.745927, -447.0
1575337297.760515, -447.0
1575337297.778683, -447.0
1575337297.796797, -447.0
1575337297.812878, -447.0
1575337297.830279, -447.0
1575337297.846417, -447.0
1575337297.863235, -447.0
1575337297.877888, -447.0
1575337297.895519, -447.0
1575337297.909555, -447.0
1575337297.925956, -447.0
1575337297.939709, -447.0
1575337297.95549, -447.0
1575337297.970191, -447.0
1575337297.986193, -447.0
1575337298.001666, -447.0
1575337298.017538, -447.0
1575337298.03203, -447.0
1575337298.047956, -447.0
1575337298.557579, -447.0
1575337298.574548, -447.0
1575337298.593598, -447.0
1575337298.608437, -447.0
1575337298.622894, -447.0
1575337298.645745, -447.0
1575337298.659736, -447.0
1575337298.677066, -447.0
1575337298.690829, -447.0
1575337298.709284, -447.0
1575337298.723237, -447.0
1575337298.738124, -447.0
1575337299.240862, -447.0
1575337299.254729, -447.0
1575337299.27569, -447.0
1575337299.289465, -447.0
1575337299.305419, -447.0
1575337299.793793, -447.0
1575337299.810596, -447.0
1575337300.292976, -447.0
1575337300.309471, -447.0
1575337300.328827, -447.0
1575337300.342654, -447.0
1575337300.362787, -447.0
1575337300.376683, -447.0
1575337300.396267, -447.0
1575337300.410949, -447.0
1575337300.431477, -447.0
1575337300.448024, -447.0
1575337300.915488, -447.0
1575337301.348107, -447.0
1575337301.361909, -447.0
1575337301.378225, -447.0
1575337301.391991, -447.0
1575337301.406466, -447.0
1575337301.423248, -447.0
1575337301.437676, -447.0
1575337301.454835, -447.0
1575337301.468533, -447.0
1575337301.947013, -447.0
1575337301.961007, -447.0
1575337301.98085, -447.0
1575337301.999036, -447.0
1575337302.012991, -447.0
1575337302.443929, -447.0
1575337302.896894, -447.0
1575337302.91366, -447.0
1575337302.930312, -447.0
1575337302.946778, -447.0
1575337302.966826, -447.0
1575337302.980777, -447.0
1575337303.000086, -447.0
1575337303.017201, -447.0
1575337303.037935, -447.0
1575337303.053985, -447.0
1575337303.072311, -447.0
1575337303.093511, -447.0
1575337303.110837, -447.0
1575337303.128533, -447.0
1575337303.145956, -447.0
1575337303.163786, -447.0
1575337303.182319, -447.0
1575337303.710882, -447.0
1575337303.727502, -447.0
1575337303.745259, -447.0
1575337303.764899, -447.0
1575337303.77987, -447.0
1575337303.798984, -447.0
1575337303.813877, -447.0
1575337303.833511, -447.0
1575337303.849319, -447.0
1575337304.321723, -447.0
1575337304.335397, -447.0
1575337304.353189, -447.0
1575337304.369631, -447.0
1575337304.385205, -447.0
1575337304.401459, -447.0
1575337304.417008, -447.0
1575337304.433275, -447.0
1575337304.448683, -447.0
1575337304.465051, -447.0
1575337304.483381, -447.0
1575337304.497267, -447.0
1575337305.041779, -447.0
1575337305.058688, -447.0
1575337305.077221, -447.0
1575337305.091157, -447.0
1575337305.65173, -447.0
1575337306.19469, -447.0
1575337306.209739, -447.0
1575337306.653544, -447.0
1575337306.667676, -447.0
1575337306.682469, -447.0
1575337306.6962, -447.0
1575337307.14823, -447.0
1575337307.617831, -447.0
1575337307.634648, -447.0
1575337307.65131, -447.0
1575337308.160633, -447.0
1575337308.641241, -447.0
1575337309.157658, -447.0
1575337309.672678, -447.0
1575337309.689639, -447.0
1575337309.70902, -447.0
1575337309.723306, -447.0
1575337309.744534, -447.0
1575337309.758841, -447.0
1575337310.316395, -447.0
1575337310.761752, -447.0
1575337310.776603, -447.0
1575337311.264781, -447.0
1575337311.278467, -447.0
1575337311.294385, -447.0
1575337311.308117, -447.0
1575337311.32378, -447.0
1575337311.337795, -447.0
1575337311.352954, -447.0
1575337311.831245, -447.0
1575337311.847991, -447.0
1575337311.865432, -447.0
1575337311.884527, -447.0
1575337311.900863, -447.0
1575337311.919516, -447.0
1575337312.76268, -447.0
1575337313.265066, -447.0
1575337313.279883, -447.0
1575337313.299441, -447.0
1575337313.315176, -447.0
1575337313.331679, -447.0
1575337313.346816, -447.0
1575337313.364059, -447.0
1575337313.378488, -447.0
1575337313.395127, -447.0
1575337313.409601, -447.0
1575337313.426557, -447.0
1575337313.440997, -447.0
1575337313.457861, -447.0
1575337313.472714, -447.0
1575337313.488647, -447.0
1575337313.50298, -447.0
1575337313.518853, -447.0
1575337313.533405, -447.0
1575337314.034813, -447.0
1575337314.545328, -447.0
1575337315.02454, -447.0
1575337315.044087, -447.0
1575337315.536135, -447.0
1575337316.06925, -447.0
1575337316.604692, -447.0
1575337317.111046, -447.0
1575337317.129076, -447.0
1575337317.146696, -447.0
1575337317.164488, -447.0
1575337317.184228, -447.0
1575337317.200797, -447.0
1575337317.220542, -447.0
1575337317.238374, -447.0
1575337317.255736, -447.0
1575337317.275511, -447.0
1575337317.289957, -447.0
1575337317.305965, -447.0
1575337317.324512, -447.0
1575337317.33869, -447.0
1575337317.360353, -447.0
1575337317.374801, -447.0
1575337317.393978, -447.0
1575337317.409321, -447.0
1575337291.419467, -447.0
1575337291.434408, -447.0
1575337291.450096, -447.0
1575337291.465216, -447.0
1575337291.480055, -447.0
1575337291.494521, -447.0
1575337291.509058, -447.0
1575337291.523933, -447.0
1575337291.538758, -447.0
1575337291.553468, -447.0
1575337291.568277, -447.0
1575337291.583006, -447.0
1575337291.599955, -447.0
1575337291.616098, -447.0
1575337291.632298, -447.0
1575337292.08587, -447.0
1575337292.530823, -447.0
1575337293.000565, -447.0
1575337293.432786, -447.0
1575337293.888699, -447.0
1575337294.34102, -447.0
1575337294.79495, -447.0
1575337294.808659, -447.0
1575337294.823424, -447.0
1575337294.838298, -447.0
1575337294.852832, -447.0
1575337295.32444, -447.0
1575337295.777945, -447.0
1575337296.222803, -447.0
1575337296.237305, -447.0
1575337296.251635, -447.0
1575337296.266545, -447.0
1575337296.281955, -447.0
1575337296.296692, -447.0
1575337296.311716, -447.0
1575337296.326761, -447.0
1575337296.342027, -447.0
1575337296.357108, -447.0
1575337296.372762, -447.0
1575337296.38734, -447.0
1575337296.402053, -447.0
1575337296.820109, -447.0
1575337297.310232, -447.0
1575337297.748204, -447.0
1575337298.234467, -447.0
1575337298.66033, -447.0
1575337299.145151, -447.0
1575337299.592205, -447.0
1575337299.606536, -447.0
1575337300.044845, -447.0
1575337300.489869, -447.0
1575337300.504487, -447.0
1575337300.929409, -447.0
1575337301.38654, -447.0
1575337301.854322, -447.0
1575337301.868404, -447.0
1575337301.88257, -447.0
1575337301.89664, -447.0
1575337302.466076, -447.0
1575337302.48078, -447.0
1575337302.495281, -447.0
1575337302.50992, -447.0
1575337302.524359, -447.0
1575337302.538708, -447.0
1575337303.055557, -447.0
1575337303.553796, -447.0
1575337303.568185, -447.0
1575337303.582804, -447.0
1575337303.597305, -447.0
1575337303.61205, -447.0
1575337303.626721, -447.0
1575337303.641417, -447.0
1575337303.656003, -447.0
1575337303.670981, -447.0
1575337304.193291, -447.0
1575337304.207919, -447.0
1575337304.22234, -447.0
1575337304.236696, -447.0
1575337304.251342, -447.0
1575337304.265694, -447.0
1575337304.279497, -447.0
1575337304.776215, -447.0
1575337304.789993, -447.0
1575337304.803903, -447.0
1575337304.81858, -447.0
1575337304.832789, -447.0
1575337304.847618, -447.0
1575337304.86173, -447.0
1575337304.876671, -447.0
1575337305.320638, -447.0
1575337305.335291, -447.0
1575337305.349719, -447.0
1575337305.364921, -447.0
1575337305.37937, -447.0
1575337305.393634, -447.0
1575337305.408371, -447.0
1575337305.422223, -447.0
1575337305.436917, -447.0
1575337305.451667, -447.0
1575337305.466134, -447.0
1575337305.480828, -447.0
1575337305.495128, -447.0
1575337305.509392, -447.0
1575337305.523426, -447.0
1575337305.538194, -447.0
1575337305.552557, -447.0
1575337305.567364, -447.0
1575337305.581747, -447.0
1575337305.59802, -447.0
1575337305.612761, -447.0
1575337306.108986, -447.0
1575337306.123676, -447.0
1575337306.13836, -447.0
1575337306.152471, -447.0
1575337306.16646, -447.0
1575337306.181565, -447.0
1575337306.196448, -447.0
1575337306.211643, -447.0
1575337306.227228, -447.0
1575337306.242793, -447.0
1575337306.258333, -447.0
1575337306.27392, -447.0
1575337306.289096, -447.0
1575337306.303318, -447.0
1575337306.31806, -447.0
1575337306.333258, -447.0
1575337306.348545, -447.0
1575337306.364559, -447.0
1575337306.378679, -447.0
1575337306.393366, -447.0
1575337306.824298, -447.0
1575337307.271231, -447.0
1575337307.285783, -447.0
1575337307.299805, -447.0
1575337307.31419, -447.0
1575337307.802044, -447.0
1575337308.447072, -447.0
1575337308.929172, -447.0
1575337309.377524, -447.0
1575337309.837245, -447.0
1575337309.851403, -447.0
1575337309.865959, -447.0
1575337309.879863, -447.0
1575337309.893872, -447.0
1575337310.344578, -447.0
1575337310.797956, -447.0
1575337311.287887, -447.0
1575337311.303762, -447.0
1575337311.318101, -447.0
1575337311.810321, -447.0
1575337311.824984, -447.0
1575337311.839175, -447.0
1575337311.852942, -447.0
1575337311.867419, -447.0
1575337311.88131, -447.0
1575337311.89534, -447.0
1575337311.909495, -447.0
1575337311.923557, -447.0
1575337311.939105, -447.0
1575337311.954682, -447.0
1575337311.970982, -447.0
1575337311.986856, -447.0
1575337312.002075, -447.0
1575337312.017371, -447.0
1575337312.033643, -447.0
1575337312.049589, -447.0
1575337312.06483, -447.0
1575337312.080544, -447.0
1575337312.096501, -447.0
1575337312.112638, -447.0
1575337312.129046, -447.0
1575337312.144995, -447.0
1575337312.160786, -447.0
1575337312.177239, -447.0
1575337312.192681, -447.0
1575337312.209113, -447.0
1575337312.224607, -447.0
1575337312.240513, -447.0
1575337312.255693, -447.0
1575337312.271607, -447.0
1575337312.286828, -447.0
1575337312.302402, -447.0
1575337312.317786, -447.0
1575337312.333691, -447.0
1575337312.349198, -447.0
1575337312.364937, -447.0
1575337312.380364, -447.0
1575337312.395885, -447.0
1575337312.411151, -447.0
1575337312.427099, -447.0
1575337312.441399, -447.0
1575337312.90591, -447.0
1575337312.920438, -447.0
1575337312.934967, -447.0
1575337313.378531, -447.0
1575337313.857881, -447.0
1575337314.361478, -447.0
1575337314.37566, -447.0
1575337314.389482, -447.0
1575337314.403649, -447.0
1575337314.41777, -447.0
1575337314.43162, -447.0
1575337314.445651, -447.0
1575337314.459419, -447.0
1575337314.473624, -447.0
1575337314.48776, -447.0
1575337314.5015, -447.0
1575337314.956747, -447.0
1575337315.44644, -447.0
1575337315.46057, -447.0
1575337315.47436, -447.0
1575337315.488176, -447.0
1575337315.502331, -447.0
1575337315.93803, -447.0
1575337315.952451, -447.0
1575337315.966733, -447.0
1575337315.981065, -447.0
1575337315.995695, -447.0
1575337316.00994, -447.0
1575337316.024507, -447.0
1575337316.038968, -447.0
1575337316.052974, -447.0
1575337316.067468, -447.0
1575337316.081821, -447.0
1575337316.096693, -447.0
1575337316.110842, -447.0
1575337316.125661, -447.0
1575337316.139983, -447.0
1575337316.154282, -447.0
1575337316.168572, -447.0
1575337316.183163, -447.0
1575337316.644328, -447.0
1575337316.658214, -447.0
1575337316.67224, -447.0
1575337317.115381, -447.0
1575337317.554174, -447.0
1575337317.568316, -447.0
1575337317.582697, -447.0
1575337317.596623, -447.0
1575337318.070459, -447.0
1575337318.530639, -447.0
1575337318.987237, -447.0
1575337319.00212, -447.0
1575337319.016261, -447.0
1575337319.030556, -447.0
1575337319.044617, -447.0
1575337319.058411, -447.0
1575337319.074637, -447.0
1575337319.088727, -447.0
1575337319.554766, -447.0
1575337317.899362, -447.0
1575337318.461369, -447.0
1575337318.921003, -447.0
1575337318.938045, -447.0
1575337319.412604, -447.0
1575337319.934049, -447.0
1575337320.410295, -447.0
1575337320.928594, -447.0
1575337321.401633, -447.0
1575337322.023457, -447.0
1575337322.038371, -447.0
1575337322.498811, -447.0
1575337322.513413, -447.0
1575337322.528214, -447.0
1575337322.54309, -447.0
1575337322.558112, -447.0
1575337322.573168, -447.0
1575337322.58782, -447.0
1575337322.60284, -447.0
1575337322.618059, -447.0
1575337322.633144, -447.0
1575337322.647715, -447.0
1575337322.66265, -447.0
1575337322.677076, -447.0
1575337323.141525, -447.0
1575337323.155716, -447.0
1575337323.17011, -447.0
1575337323.184745, -447.0
1575337323.199642, -447.0
1575337323.213904, -447.0
1575337323.228282, -447.0
1575337323.718622, -447.0
1575337323.732907, -447.0
1575337323.747033, -447.0
1575337324.175916, -447.0
1575337324.1898, -447.0
1575337324.207687, -447.0
1575337324.226016, -447.0
1575337324.240301, -447.0
1575337324.684597, -447.0
1575337324.698823, -447.0
1575337324.713623, -447.0
1575337325.150359, -447.0
1575337325.164205, -447.0
1575337325.178247, -447.0
1575337325.192748, -447.0
1575337325.207874, -447.0
1575337325.223164, -447.0
1575337325.23831, -447.0
1575337325.253732, -447.0
1575337325.269091, -447.0
1575337325.284891, -447.0
1575337325.299909, -447.0
1575337325.315366, -447.0
1575337325.330444, -447.0
1575337325.345854, -447.0
1575337325.361002, -447.0
1575337325.840682, -447.0
1575337325.85489, -447.0
1575337325.869685, -447.0
1575337325.885086, -447.0
1575337325.899776, -447.0
1575337325.914738, -447.0
1575337325.928634, -447.0
1575337326.373494, -447.0
1575337326.387868, -447.0
1575337326.403602, -447.0
1575337326.418434, -447.0
1575337326.433519, -447.0
1575337326.448433, -447.0
1575337326.463059, -447.0
1575337326.478626, -447.0
1575337326.930344, -447.0
1575337326.945448, -447.0
1575337326.959984, -447.0
1575337326.974255, -447.0
1575337326.99177, -447.0
1575337327.006331, -447.0
1575337327.020842, -447.0
1575337327.491794, -447.0
1575337327.950306, -447.0
1575337328.444931, -447.0
1575337328.907389, -447.0
1575337329.357803, -447.0
1575337329.372391, -447.0
1575337329.386157, -447.0
1575337329.400264, -447.0
1575337329.414324, -447.0
1575337329.428152, -447.0
1575337329.907694, -447.0
1575337329.92191, -447.0
1575337329.936607, -447.0
1575337330.40774, -447.0
1575337330.422331, -447.0
1575337330.437048, -447.0
1575337330.892297, -447.0
1575337330.907072, -447.0
1575337331.377211, -447.0
1575337331.394116, -447.0
1575337331.956794, -447.0
1575337332.415785, -447.0
1575337332.430121, -447.0
1575337332.446463, -447.0
1575337332.460787, -447.0
1575337332.476832, -447.0
1575337332.491073, -447.0
1575337332.988451, -447.0
1575337333.003024, -447.0
1575337333.017333, -447.0
1575337333.031287, -447.0
1575337333.046098, -447.0
1575337333.060805, -447.0
1575337333.076856, -447.0
1575337333.092232, -447.0
1575337333.108221, -447.0
1575337333.124626, -447.0
1575337333.140737, -447.0
1575337333.156095, -447.0
1575337333.171742, -447.0
1575337333.187178, -447.0
1575337333.203086, -447.0
1575337333.218636, -447.0
1575337333.234548, -447.0
1575337333.250191, -447.0
1575337333.265794, -447.0
1575337333.281197, -447.0
1575337333.297263, -447.0
1575337333.311458, -447.0
1575337333.326382, -447.0
1575337333.340317, -447.0
1575337333.791231, -447.0
1575337334.250991, -447.0
1575337334.265712, -447.0
1575337334.279971, -447.0
1575337334.293946, -447.0
1575337334.308706, -447.0
1575337334.322903, -447.0
1575337334.775607, -447.0
1575337335.237994, -447.0
1575337335.252583, -447.0
1575337335.268868, -447.0
1575337335.282915, -447.0
1575337335.299334, -447.0
1575337335.313417, -447.0
1575337335.329946, -447.0
1575337335.344353, -447.0
1575337335.360383, -447.0
1575337335.37576, -447.0
1575337335.392364, -447.0
1575337335.406748, -447.0
1575337335.422612, -447.0
1575337335.437131, -447.0
1575337335.453099, -447.0
1575337335.467693, -447.0
1575337335.483961, -447.0
1575337335.498217, -447.0
1575337335.514595, -447.0
1575337335.528985, -447.0
1575337335.545363, -447.0
1575337335.559291, -447.0
1575337335.576095, -447.0
1575337335.590077, -447.0
1575337335.606245, -447.0
1575337335.621126, -447.0
1575337335.637457, -447.0
1575337335.651582, -447.0
1575337335.667863, -447.0
1575337335.681925, -447.0
1575337335.698354, -447.0
1575337335.71288, -447.0
1575337335.729085, -447.0
1575337336.201594, -447.0
1575337336.215991, -447.0
1575337336.230395, -447.0
1575337336.673201, -447.0
1575337337.124941, -447.0
1575337337.604774, -447.0
1575337337.619199, -447.0
1575337337.633149, -447.0
1575337337.647288, -447.0
1575337337.661041, -447.0
1575337337.674828, -447.0
1575337337.688873, -447.0
1575337337.703027, -447.0
1575337337.716976, -447.0
1575337337.730898, -447.0
1575337337.744666, -447.0
1575337338.202038, -447.0
1575337338.215773, -447.0
1575337338.230035, -447.0
1575337338.244135, -447.0
1575337338.25818, -447.0
1575337338.272525, -447.0
1575337338.287061, -447.0
1575337338.301093, -447.0
1575337338.316148, -447.0
1575337338.330128, -447.0
1575337338.34501, -447.0
1575337338.359046, -447.0
1575337338.373786, -447.0
1575337338.388051, -447.0
1575337338.402314, -447.0
1575337338.416628, -447.0
1575337338.431396, -447.0
1575337338.445723, -447.0
1575337338.45991, -447.0
1575337338.473899, -447.0
1575337338.488594, -447.0
1575337338.50265, -447.0
1575337338.516847, -447.0
1575337338.531274, -447.0
1575337338.545155, -447.0
1575337338.559697, -447.0
1575337338.574019, -447.0
1575337339.050948, -447.0
1575337339.551435, -447.0
1575337340.032762, -447.0
1575337340.560507, -447.0
1575337341.048026, -447.0
1575337341.06224, -447.0
1575337341.078464, -447.0
1575337341.094226, -447.0
1575337341.108522, -447.0
1575337341.122535, -447.0
1575337341.13854, -447.0
1575337341.154628, -447.0
1575337341.649462, -447.0
1575337341.665162, -447.0
1575337342.147052, -447.0
1575337342.160694, -447.0
1575337342.651353, -447.0
1575337342.664905, -447.0
1575337342.678983, -447.0
1575337342.69258, -447.0
1575337342.70653, -447.0
1575337342.720663, -447.0
1575337343.17847, -447.0
1575337343.61114, -447.0
1575337344.079555, -447.0
1575337344.093895, -447.0
1575337344.111467, -447.0
1575337344.125672, -447.0
1575337344.142341, -447.0
1575337344.156188, -447.0
1575337344.172308, -447.0
1575337344.186275, -447.0
1575337344.202568, -447.0
1575337344.216772, -447.0
1575337344.233029, -447.0
1575337344.246932, -447.0
1575337319.591229, -447.0
1575337319.605162, -447.0
1575337319.621326, -447.0
1575337319.635769, -447.0
1575337319.650782, -447.0
1575337319.665169, -447.0
1575337319.69074, -447.0
1575337319.704801, -447.0
1575337319.71908, -447.0
1575337319.733683, -447.0
1575337319.747866, -447.0
1575337319.762215, -447.0
1575337319.777353, -447.0
1575337319.791765, -447.0
1575337319.80644, -447.0
1575337319.822062, -447.0
1575337319.836909, -447.0
1575337319.851537, -447.0
1575337319.866, -447.0
1575337319.881409, -447.0
1575337319.897388, -447.0
1575337319.913008, -447.0
1575337320.337972, -447.0
1575337320.721392, -447.0
1575337320.735274, -447.0
1575337320.749926, -447.0
1575337320.764002, -447.0
1575337320.779214, -447.0
1575337320.79457, -447.0
1575337320.809834, -447.0
1575337320.825205, -447.0
1575337320.840221, -447.0
1575337320.855471, -447.0
1575337320.87086, -447.0
1575337320.886141, -447.0
1575337320.900348, -447.0
1575337320.913958, -447.0
1575337320.927947, -447.0
1575337320.942032, -447.0
1575337320.955769, -447.0
1575337320.969815, -447.0
1575337320.983616, -447.0
1575337320.997617, -447.0
1575337321.011591, -447.0
1575337321.025232, -447.0
1575337321.039223, -447.0
1575337321.053068, -447.0
1575337321.50276, -447.0
1575337321.516545, -447.0
1575337321.53077, -447.0
1575337321.545107, -447.0
1575337321.558782, -447.0
1575337322.044885, -447.0
1575337322.065219, -447.0
1575337322.081361, -447.0
1575337322.558105, -447.0
1575337323.034715, -447.0
1575337323.540606, -447.0
1575337324.01169, -447.0
1575337324.025882, -447.0
1575337324.562367, -447.0
1575337325.024299, -447.0
1575337325.038328, -447.0
1575337325.053954, -447.0
1575337325.06775, -447.0
1575337325.083681, -447.0
1575337325.097711, -447.0
1575337325.113476, -447.0
1575337325.127331, -447.0
1575337325.143114, -447.0
1575337325.157036, -447.0
1575337325.170983, -447.0
1575337325.186851, -447.0
1575337325.200735, -447.0
1575337325.731175, -447.0
1575337325.745333, -447.0
1575337325.76252, -447.0
1575337325.776766, -447.0
1575337325.792516, -447.0
1575337326.394356, -447.0
1575337326.410105, -447.0
1575337326.424296, -447.0
1575337326.440858, -447.0
1575337326.455376, -447.0
1575337326.472039, -447.0
1575337326.486675, -447.0
1575337326.503185, -447.0
1575337326.517772, -447.0
1575337326.534094, -447.0
1575337326.548661, -447.0
1575337326.565657, -447.0
1575337326.580075, -447.0
1575337326.596583, -447.0
1575337326.611583, -447.0
1575337326.627902, -447.0
1575337326.641626, -447.0
1575337326.657413, -447.0
1575337326.671153, -447.0
1575337326.686898, -447.0
1575337327.141314, -447.0
1575337327.154833, -447.0
1575337327.168319, -447.0
1575337327.181956, -447.0
1575337327.652923, -447.0
1575337327.667045, -447.0
1575337327.680744, -447.0
1575337328.127691, -447.0
1575337328.141266, -447.0
1575337328.154959, -447.0
1575337328.169061, -447.0
1575337328.182825, -447.0
1575337328.196951, -447.0
1575337328.630892, -447.0
1575337328.64436, -447.0
1575337328.657856, -447.0
1575337329.08106, -447.0
1575337329.094553, -447.0
1575337329.108005, -447.0
1575337329.121494, -447.0
1575337329.135007, -447.0
1575337329.148448, -447.0
1575337329.161929, -447.0
1575337329.175451, -447.0
1575337329.623731, -447.0
1575337329.637211, -447.0
1575337330.071343, -447.0
1575337330.529451, -447.0
1575337330.543464, -447.0
1575337330.560427, -447.0
1575337330.574262, -447.0
1575337330.590301, -447.0
1575337330.604004, -447.0
1575337330.617614, -447.0
1575337330.632919, -447.0
1575337330.646573, -447.0
1575337330.662456, -447.0
1575337330.676087, -447.0
1575337330.692032, -447.0
1575337331.134874, -447.0
1575337331.148722, -447.0
1575337331.162452, -447.0
1575337331.176608, -447.0
1575337331.623814, -447.0
1575337331.637692, -447.0
1575337331.651807, -447.0
1575337331.665584, -447.0
1575337331.679489, -447.0
1575337331.693611, -447.0
1575337331.707306, -447.0
1575337332.135167, -447.0
1575337332.547397, -447.0
1575337332.56085, -447.0
1575337332.574394, -447.0
1575337332.588031, -447.0
1575337332.601555, -447.0
1575337332.615095, -447.0
1575337332.628617, -447.0
1575337332.642116, -447.0
1575337332.655587, -447.0
1575337332.669076, -447.0
1575337332.682576, -447.0
1575337332.696168, -447.0
1575337332.709752, -447.0
1575337332.723243, -447.0
1575337332.736759, -447.0
1575337332.750298, -447.0
1575337332.764039, -447.0
1575337332.777719, -447.0
1575337332.791852, -447.0
1575337332.805538, -447.0
1575337332.819551, -447.0
1575337332.833314, -447.0
1575337332.847514, -447.0
1575337333.282028, -447.0
1575337333.295545, -447.0
1575337333.734476, -447.0
1575337334.17098, -447.0
1575337334.600754, -447.0
1575337335.054704, -447.0
1575337335.499858, -447.0
1575337335.92543, -447.0
1575337336.400151, -447.0
1575337336.839442, -447.0
1575337337.299135, -447.0
1575337337.313118, -447.0
1575337337.327194, -447.0
1575337337.340868, -447.0
1575337337.354505, -447.0
1575337337.784305, -447.0
1575337337.797895, -447.0
1575337337.811451, -447.0
1575337338.254741, -447.0
1575337338.720244, -447.0
1575337338.733694, -447.0
1575337338.747296, -447.0
1575337338.760778, -447.0
1575337339.219199, -447.0
1575337339.232728, -447.0
1575337339.246294, -447.0
1575337339.722624, -447.0
1575337339.736962, -447.0
1575337339.751222, -447.0
1575337340.176343, -447.0
1575337340.190174, -447.0
1575337340.204082, -447.0
1575337340.63725, -447.0
1575337340.650962, -447.0
1575337341.062882, -447.0
1575337341.510929, -447.0
1575337341.525352, -447.0
1575337341.539622, -447.0
1575337341.553345, -447.0
1575337341.567773, -447.0
1575337341.581592, -447.0
1575337341.595965, -447.0
1575337341.610311, -447.0
1575337341.624598, -447.0
1575337341.638926, -447.0
1575337342.080845, -447.0
1575337342.094547, -447.0
1575337342.112236, -447.0
1575337342.126445, -447.0
1575337342.584529, -447.0
1575337342.598721, -447.0
1575337342.613356, -447.0
1575337342.627201, -447.0
1575337342.641586, -447.0
1575337342.655411, -447.0
1575337342.669429, -447.0
1575337342.683713, -447.0
1575337342.697703, -447.0
1575337342.711942, -447.0
1575337343.177613, -447.0
1575337343.191683, -447.0
1575337343.649717, -447.0
1575337344.122156, -447.0
1575337344.135838, -447.0
1575337344.598303, -447.0
1575337345.057493, -447.0
1575337345.491907, -447.0
1575337345.925856, -447.0
1575337345.939481, -447.0
1575337345.953217, -447.0
1575337345.966845, -447.0
1575337345.980789, -447.0
1575337345.997629, -447.0
1575337346.011486, -447.0
1575337346.025924, -447.0
1575337346.039619, -447.0
1575337346.053382, -447.0
1575337319.696919, -447.0
1575337319.71109, -447.0
1575337319.724958, -447.0
1575337319.739311, -447.0
1575337319.754543, -447.0
1575337319.771344, -447.0
1575337319.785705, -447.0
1575337320.221636, -447.0
1575337320.235782, -447.0
1575337320.251544, -447.0
1575337320.266981, -447.0
1575337320.282279, -447.0
1575337320.297752, -447.0
1575337320.313418, -447.0
1575337320.328858, -447.0
1575337320.344605, -447.0
1575337320.358322, -447.0
1575337320.373038, -447.0
1575337320.386823, -447.0
1575337320.401137, -447.0
1575337320.415061, -447.0
1575337320.429059, -447.0
1575337320.443258, -447.0
1575337320.457076, -447.0
1575337320.471305, -447.0
1575337320.485141, -447.0
1575337320.499514, -447.0
1575337320.513243, -447.0
1575337320.527476, -447.0
1575337320.541245, -447.0
1575337320.55545, -447.0
1575337320.569306, -447.0
1575337320.583146, -447.0
1575337320.597799, -447.0
1575337320.612037, -447.0
1575337320.626666, -447.0
1575337320.640749, -447.0
1575337320.655262, -447.0
1575337320.669668, -447.0
1575337320.684253, -447.0
1575337320.698643, -447.0
1575337320.713176, -447.0
1575337321.324633, -447.0
1575337321.339329, -447.0
1575337321.353037, -447.0
1575337321.368253, -447.0
1575337321.383208, -447.0
1575337321.398122, -447.0
1575337321.412999, -447.0
1575337321.428494, -447.0
1575337321.443987, -447.0
1575337321.459382, -447.0
1575337322.015475, -447.0
1575337322.435753, -447.0
1575337322.853599, -447.0
1575337322.867595, -447.0
1575337322.881774, -447.0
1575337323.420328, -447.0
1575337323.434437, -447.0
1575337323.45168, -447.0
1575337323.465464, -447.0
1575337323.479749, -447.0
1575337323.493746, -447.0
1575337323.509408, -447.0
1575337323.524714, -447.0
1575337323.540363, -447.0
1575337323.555732, -447.0
1575337323.571492, -447.0
1575337323.586698, -447.0
1575337323.602195, -447.0
1575337323.61753, -447.0
1575337323.63318, -447.0
1575337323.648316, -447.0
1575337323.664043, -447.0
1575337323.67927, -447.0
1575337323.693746, -447.0
1575337324.161885, -447.0
1575337324.583515, -447.0
1575337325.056061, -447.0
1575337325.069628, -447.0
1575337325.526912, -447.0
1575337325.540475, -447.0
1575337325.555969, -447.0
1575337325.569644, -447.0
1575337325.584004, -447.0
1575337325.597622, -447.0
1575337326.030156, -447.0
1575337326.044159, -447.0
1575337326.061682, -447.0
1575337326.075822, -447.0
1575337326.091536, -447.0
1575337326.105032, -447.0
1575337326.544452, -447.0
1575337326.557948, -447.0
1575337326.571463, -447.0
1575337326.585114, -447.0
1575337327.089784, -447.0
1575337327.103309, -447.0
1575337327.11676, -447.0
1575337327.130994, -447.0
1575337327.146578, -447.0
1575337327.16199, -447.0
1575337327.664804, -447.0
1575337327.678731, -447.0
1575337327.69237, -447.0
1575337327.706146, -447.0
1575337327.720489, -447.0
1575337327.734156, -447.0
1575337327.748523, -447.0
1575337328.163308, -447.0
1575337328.585879, -447.0
1575337329.013915, -447.0
1575337329.027783, -447.0
1575337329.04183, -447.0
1575337329.055465, -447.0
1575337329.069214, -447.0
1575337329.083441, -447.0
1575337329.097306, -447.0
1575337329.112201, -447.0
1575337329.126676, -447.0
1575337329.141708, -447.0
1575337329.155925, -447.0
1575337329.170671, -447.0
1575337329.185022, -447.0
1575337329.200142, -447.0
1575337329.2149, -447.0
1575337329.230367, -447.0
1575337329.245671, -447.0
1575337329.261398, -447.0
1575337329.277045, -447.0
1575337329.292923, -447.0
1575337329.308181, -447.0
1575337329.323279, -447.0
1575337329.337749, -447.0
1575337329.353168, -447.0
1575337329.368545, -447.0
1575337329.384211, -447.0
1575337329.399526, -447.0
1575337329.41527, -447.0
1575337329.430499, -447.0
1575337329.446125, -447.0
1575337329.461412, -447.0
1575337329.47707, -447.0
1575337329.492359, -447.0
1575337329.507884, -447.0
1575337329.522927, -447.0
1575337329.538485, -447.0
1575337329.553601, -447.0
1575337329.569133, -447.0
1575337329.584265, -447.0
1575337329.599577, -447.0
1575337329.613428, -447.0
1575337329.62907, -447.0
1575337329.644308, -447.0
1575337329.659934, -447.0
1575337329.673909, -447.0
1575337330.120542, -447.0
1575337330.134539, -447.0
1575337330.148114, -447.0
1575337330.162174, -447.0
1575337330.613032, -447.0
1575337330.627191, -447.0
1575337330.640706, -447.0
1575337330.654382, -447.0
1575337330.668156, -447.0
1575337330.681827, -447.0
1575337331.111741, -447.0
1575337331.125788, -447.0
1575337331.139316, -447.0
1575337331.568346, -447.0
1575337331.581818, -447.0
1575337331.595353, -447.0
1575337331.608856, -447.0
1575337331.622468, -447.0
1575337331.635963, -447.0
1575337331.649528, -447.0
1575337331.663138, -447.0
1575337331.677135, -447.0
1575337331.691028, -447.0
1575337331.704886, -447.0
1575337332.157957, -447.0
1575337332.172206, -447.0
1575337332.185844, -447.0
1575337332.200069, -447.0
1575337332.637957, -447.0
1575337332.651496, -447.0
1575337332.665015, -447.0
1575337332.678818, -447.0
1575337332.692545, -447.0
1575337333.105423, -447.0
1575337333.118932, -447.0
1575337333.552358, -447.0
1575337333.995187, -447.0
1575337334.01002, -447.0
1575337334.02587, -447.0
1575337334.039595, -447.0
1575337334.472798, -447.0
1575337334.927195, -447.0
1575337334.941423, -447.0
1575337335.429644, -447.0
1575337335.44313, -447.0
1575337335.891291, -447.0
1575337336.328029, -447.0
1575337336.342125, -447.0
1575337336.356084, -447.0
1575337336.370238, -447.0
1575337336.384713, -447.0
1575337336.398486, -447.0
1575337336.412247, -447.0
1575337336.427043, -447.0
1575337336.440663, -447.0
1575337336.454822, -447.0
1575337336.468543, -447.0
1575337336.482727, -447.0
1575337336.496324, -447.0
1575337336.510496, -447.0
1575337336.525233, -447.0
1575337336.54044, -447.0
1575337336.554793, -447.0
1575337336.568906, -447.0
1575337336.5827, -447.0
1575337336.59646, -447.0
1575337336.610542, -447.0
1575337336.624692, -447.0
1575337336.638792, -447.0
1575337336.65244, -447.0
1575337336.666535, -447.0
1575337336.680595, -447.0
1575337336.694733, -447.0
1575337337.158562, -447.0
1575337337.17231, -447.0
1575337337.643978, -447.0
1575337337.657499, -447.0
1575337337.67147, -447.0
1575337337.685652, -447.0
1575337337.699352, -447.0
1575337338.155322, -447.0
1575337338.642244, -447.0
1575337338.655798, -447.0
1575337338.670146, -447.0
1575337338.683797, -447.0
1575337338.697528, -447.0
1575337338.711723, -447.0
1575337338.725334, -447.0
1575337338.739532, -447.0
1575337339.19591, -447.0
1575337339.209888, -447.0
1575337339.224065, -447.0
1575337339.237627, -447.0
1575337339.251266, -447.0
1575337337.565136, -447.0
1575337337.582397, -447.0
1575337338.063113, -447.0
1575337338.578431, -447.0
1575337339.037947, -447.0
1575337339.455979, -447.0
1575337339.945019, -447.0
1575337340.377762, -447.0
1575337340.842021, -447.0
1575337340.85881, -447.0
1575337340.8784, -447.0
1575337341.364541, -447.0
1575337341.378917, -447.0
1575337341.999294, -447.0
1575337342.467642, -447.0
1575337343.033191, -447.0
1575337343.481885, -447.0
1575337343.95993, -447.0
1575337343.976419, -447.0
1575337344.456087, -447.0
1575337345.023173, -447.0
1575337345.037409, -447.0
1575337345.571422, -447.0
1575337346.083877, -447.0
1575337346.555743, -447.0
1575337347.006853, -447.0
1575337347.496171, -447.0
1575337347.943507, -447.0
1575337348.413788, -447.0
1575337348.888954, -447.0
1575337349.392402, -447.0
1575337349.406015, -447.0
1575337349.855715, -447.0
1575337350.31747, -447.0
1575337350.78392, -447.0
1575337351.287916, -447.0
1575337351.302101, -447.0
1575337351.764986, -447.0
1575337352.204698, -447.0
1575337352.687783, -447.0
1575337353.129337, -447.0
1575337353.603426, -447.0
1575337353.616965, -447.0
1575337353.630494, -447.0
1575337353.644101, -447.0
1575337354.095389, -447.0
1575337354.1089, -447.0
1575337354.534522, -447.0
1575337354.981161, -447.0
1575337355.39018, -447.0
1575337355.840442, -447.0
1575337356.264392, -447.0
1575337356.698526, -447.0
1575337357.238663, -447.0
1575337357.693572, -447.0
1575337358.161204, -447.0
1575337358.174806, -447.0
1575337358.61284, -447.0
1575337359.066306, -447.0
1575337359.48391, -447.0
1575337359.911474, -447.0
1575337359.925119, -447.0
1575337359.938707, -447.0
1575337359.952406, -447.0
1575337359.966006, -447.0
1575337359.988008, -447.0
1575337360.017858, -447.0
1575337360.045627, -447.0
1575337360.074911, -447.0
1575337360.103183, -447.0
1575337360.117824, -447.0
1575337360.13213, -447.0
1575337360.14631, -447.0
1575337360.666718, -447.0
1575337361.108625, -447.0
1575337361.585494, -447.0
1575337362.062097, -447.0
1575337362.075633, -447.0
1575337362.089154, -447.0
1575337362.103084, -447.0
1575337362.117223, -447.0
1575337362.553294, -447.0
1575337363.015894, -447.0
1575337363.470012, -447.0
1575337363.483486, -447.0
1575337363.932269, -447.0
1575337364.363197, -447.0
1575337364.775503, -447.0
1575337365.234099, -447.0
1575337365.696574, -447.0
1575337365.710101, -447.0
1575337365.723576, -447.0
1575337365.73711, -447.0
1575337365.750647, -447.0
1575337366.226681, -447.0
1575337366.240211, -447.0
1575337366.253747, -447.0
1575337366.26727, -447.0
1575337366.280778, -447.0
1575337366.294262, -447.0
1575337366.307792, -447.0
1575337366.744114, -447.0
1575337367.182313, -447.0
1575337367.616596, -447.0
1575337368.063145, -447.0
1575337368.076638, -447.0
1575337368.090108, -447.0
1575337368.530171, -447.0
1575337368.543686, -447.0
1575337368.987032, -447.0
1575337369.000496, -447.0
1575337369.42483, -447.0
1575337369.438396, -447.0
1575337369.451854, -447.0
1575337369.886705, -447.0
1575337370.335251, -447.0
1575337370.778525, -447.0
1575337371.222577, -447.0
1575337371.236173, -447.0
1575337371.636194, -447.0
1575337371.649769, -447.0
1575337371.66328, -447.0
1575337371.676873, -447.0
1575337371.690455, -447.0
1575337371.703956, -447.0
1575337371.717487, -447.0
1575337371.730981, -447.0
1575337371.74455, -447.0
1575337371.758091, -447.0
1575337372.209271, -447.0
1575337372.222801, -447.0
1575337372.642617, -447.0
1575337373.071005, -447.0
1575337373.498095, -447.0
1575337373.511613, -447.0
1575337373.525224, -447.0
1575337373.538758, -447.0
1575337373.552297, -447.0
1575337373.565742, -447.0
1575337373.579419, -447.0
1575337373.593009, -447.0
1575337373.606506, -447.0
1575337373.620055, -447.0
1575337373.633607, -447.0
1575337374.086195, -447.0
1575337374.528427, -447.0
1575337374.991402, -447.0
1575337375.005028, -447.0
1575337375.018673, -447.0
1575337375.032286, -447.0
1575337375.045885, -447.0
1575337375.491023, -447.0
1575337375.978917, -447.0
1575337376.46019, -447.0
1575337376.473785, -447.0
1575337376.487343, -447.0
1575337376.500887, -447.0
1575337376.514413, -447.0
1575337376.528013, -447.0
1575337376.541477, -447.0
1575337376.55499, -447.0
1575337376.568523, -447.0
1575337376.582053, -447.0
1575337376.595589, -447.0
1575337376.609107, -447.0
1575337376.622623, -447.0
1575337376.63623, -447.0
1575337376.649838, -447.0
1575337376.663303, -447.0
1575337376.676791, -447.0
1575337376.690353, -447.0
1575337376.703857, -447.0
1575337376.717375, -447.0
1575337376.730838, -447.0
1575337376.744371, -447.0
1575337376.757864, -447.0
1575337376.771359, -447.0
1575337377.206772, -447.0
1575337377.220298, -447.0
1575337377.233863, -447.0
1575337377.247348, -447.0
1575337377.260872, -447.0
1575337377.274395, -447.0
1575337377.287865, -447.0
1575337377.301407, -447.0
1575337377.31497, -447.0
1575337377.764775, -447.0
1575337377.778226, -447.0
1575337377.791796, -447.0
1575337378.232307, -447.0
1575337378.245873, -447.0
1575337378.259377, -447.0
1575337378.272896, -447.0
1575337378.286395, -447.0
1575337378.299839, -447.0
1575337378.313286, -447.0
1575337378.326814, -447.0
1575337378.340327, -447.0
1575337378.353832, -447.0
1575337378.36734, -447.0
1575337378.380791, -447.0
1575337378.394266, -447.0
1575337378.407761, -447.0
1575337378.867024, -447.0
1575337378.880498, -447.0
1575337378.89411, -447.0
1575337378.907636, -447.0
1575337378.921138, -447.0
1575337378.934681, -447.0
1575337378.948281, -447.0
1575337378.961777, -447.0
1575337378.975254, -447.0
1575337379.42514, -447.0
1575337379.858589, -447.0
1575337379.872125, -447.0
1575337379.88567, -447.0
1575337379.899253, -447.0
1575337380.31734, -447.0
1575337380.330938, -447.0
1575337380.344427, -447.0
1575337380.357943, -447.0
1575337380.371408, -447.0
1575337380.384915, -447.0
1575337380.821568, -447.0
1575337380.835088, -447.0
1575337380.848604, -447.0
1575337381.303322, -447.0
1575337381.742386, -447.0
1575337382.185155, -447.0
1575337382.613907, -447.0
1575337382.627415, -447.0
1575337383.067552, -447.0
1575337383.50295, -447.0
1575337383.967668, -447.0
1575337384.388299, -447.0
1575337384.826567, -447.0
1575337385.269723, -447.0
1575337385.709635, -447.0
1575337385.723139, -447.0
1575337386.20536, -447.0
1575337386.21894, -447.0
1575337386.658823, -447.0
1575337387.114191, -447.0
1575337387.127795, -447.0
1575337387.141577, -447.0
1575337387.155263, -447.0
1575337387.168958, -447.0
1575337387.592453, -447.0
1575337387.605998, -447.0
1575337388.056273, -447.0
1575337339.701182, -447.0
1575337340.148921, -447.0
1575337340.555778, -447.0
1575337340.569591, -447.0
1575337340.589407, -447.0
1575337340.604488, -447.0
1575337340.620746, -447.0
1575337340.638208, -447.0
1575337341.238807, -447.0
1575337341.253344, -447.0
1575337341.269088, -447.0
1575337341.283481, -447.0
1575337341.298369, -447.0
1575337341.313021, -447.0
1575337341.327294, -447.0
1575337341.340966, -447.0
1575337341.767712, -447.0
1575337342.208224, -447.0
1575337342.222232, -447.0
1575337342.236328, -447.0
1575337342.250067, -447.0
1575337342.263756, -447.0
1575337342.278571, -447.0
1575337342.715827, -447.0
1575337342.729328, -447.0
1575337342.74296, -447.0
1575337342.756538, -447.0
1575337342.769983, -447.0
1575337342.784259, -447.0
1575337342.798885, -447.0
1575337342.813224, -447.0
1575337342.827405, -447.0
1575337342.841607, -447.0
1575337342.855774, -447.0
1575337342.870023, -447.0
1575337342.884923, -447.0
1575337342.899206, -447.0
1575337342.913525, -447.0
1575337342.927835, -447.0
1575337342.941901, -447.0
1575337342.956006, -447.0
1575337342.970103, -447.0
1575337342.984252, -447.0
1575337342.998383, -447.0
1575337343.012461, -447.0
1575337343.027044, -447.0
1575337343.040543, -447.0
1575337343.054113, -447.0
1575337343.067558, -447.0
1575337343.081116, -447.0
1575337343.094553, -447.0
1575337343.108082, -447.0
1575337343.121678, -447.0
1575337343.537107, -447.0
1575337343.967701, -447.0
1575337344.448606, -447.0
1575337344.935747, -447.0
1575337345.348388, -447.0
1575337345.36236, -447.0
1575337345.378983, -447.0
1575337345.392895, -447.0
1575337345.408678, -447.0
1575337345.422233, -447.0
1575337345.43831, -447.0
1575337345.452077, -447.0
1575337345.465657, -447.0
1575337345.481377, -447.0
1575337345.495151, -447.0
1575337345.510977, -447.0
1575337345.52463, -447.0
1575337345.540335, -447.0
1575337345.554102, -447.0
1575337345.56966, -447.0
1575337345.583488, -447.0
1575337345.599116, -447.0
1575337345.612879, -447.0
1575337345.628779, -447.0
1575337345.642432, -447.0
1575337345.658116, -447.0
1575337345.671882, -447.0
1575337345.687858, -447.0
1575337345.701756, -447.0
1575337345.717496, -447.0
1575337345.731297, -447.0
1575337345.747126, -447.0
1575337345.760976, -447.0
1575337345.776663, -447.0
1575337345.79046, -447.0
1575337345.806169, -447.0
1575337345.820023, -447.0
1575337345.836159, -447.0
1575337345.85005, -447.0
1575337346.250793, -447.0
1575337346.264305, -447.0
1575337346.693757, -447.0
1575337346.707349, -447.0
1575337346.720902, -447.0
1575337347.162283, -447.0
1575337347.175824, -447.0
1575337347.189379, -447.0
1575337347.597454, -447.0
1575337348.015286, -447.0
1575337348.02877, -447.0
1575337348.042321, -447.0
1575337348.055737, -447.0
1575337348.069223, -447.0
1575337348.47199, -447.0
1575337348.485556, -447.0
1575337348.915936, -447.0
1575337349.332977, -447.0
1575337349.346498, -447.0
1575337349.36005, -447.0
1575337349.373665, -447.0
1575337349.387194, -447.0
1575337349.820963, -447.0
1575337349.834395, -447.0
1575337350.240942, -447.0
1575337350.254505, -447.0
1575337350.671471, -447.0
1575337351.077904, -447.0
1575337351.491364, -447.0
1575337351.504847, -447.0
1575337351.935453, -447.0
1575337352.362187, -447.0
1575337352.805038, -447.0
1575337352.818461, -447.0
1575337353.224974, -447.0
1575337353.238489, -447.0
1575337353.252022, -447.0
1575337353.265578, -447.0
1575337353.279101, -447.0
1575337353.292677, -447.0
1575337353.306078, -447.0
1575337353.319566, -447.0
1575337353.333102, -447.0
1575337353.754578, -447.0
1575337354.175527, -447.0
1575337354.598303, -447.0
1575337355.01474, -447.0
1575337355.437078, -447.0
1575337355.857727, -447.0
1575337356.273326, -447.0
1575337356.665326, -447.0
1575337357.099767, -447.0
1575337357.503053, -447.0
1575337357.936913, -447.0
1575337358.380755, -447.0
1575337358.790408, -447.0
1575337358.804006, -447.0
1575337358.817565, -447.0
1575337358.831151, -447.0
1575337358.844713, -447.0
1575337358.858209, -447.0
1575337358.871823, -447.0
1575337358.88529, -447.0
1575337358.900058, -447.0
1575337358.914075, -447.0
1575337359.429491, -447.0
1575337359.44309, -447.0
1575337359.456645, -447.0
1575337359.47021, -447.0
1575337359.483654, -447.0
1575337359.49725, -447.0
1575337359.510755, -447.0
1575337359.962373, -447.0
1575337360.441477, -447.0
1575337360.900467, -447.0
1575337361.301503, -447.0
1575337361.316966, -447.0
1575337361.332537, -447.0
1575337361.347645, -447.0
1575337361.363271, -447.0
1575337361.378483, -447.0
1575337361.393408, -447.0
1575337361.408345, -447.0
1575337361.423801, -447.0
1575337361.438884, -447.0
1575337361.453146, -447.0
1575337361.467317, -447.0
1575337361.480961, -447.0
1575337361.903412, -447.0
1575337362.339988, -447.0
1575337362.354026, -447.0
1575337362.368754, -447.0
1575337362.38397, -447.0
1575337362.398687, -447.0
1575337362.413085, -447.0
1575337362.427407, -447.0
1575337362.441805, -447.0
1575337362.943151, -447.0
1575337363.39017, -447.0
1575337363.403728, -447.0
1575337363.417221, -447.0
1575337363.430762, -447.0
1575337363.444292, -447.0
1575337363.457862, -447.0
1575337363.471288, -447.0
1575337363.484758, -447.0
1575337363.927216, -447.0
1575337363.940873, -447.0
1575337363.954393, -447.0
1575337363.96803, -447.0
1575337363.981568, -447.0
1575337363.995171, -447.0
1575337364.008732, -447.0
1575337364.022232, -447.0
1575337364.035713, -447.0
1575337364.049179, -447.0
1575337364.062744, -447.0
1575337364.076232, -447.0
1575337364.089801, -447.0
1575337364.551637, -447.0
1575337364.565323, -447.0
1575337364.579149, -447.0
1575337365.073002, -447.0
1575337365.087333, -447.0
1575337365.101665, -447.0
1575337365.662881, -447.0
1575337366.108908, -447.0
1575337366.626365, -447.0
1575337367.067249, -447.0
1575337367.562648, -447.0
1575337368.005756, -447.0
1575337368.437602, -447.0
1575337368.451195, -447.0
1575337368.464692, -447.0
1575337368.478277, -447.0
1575337368.491895, -447.0
1575337368.505289, -447.0
1575337368.518999, -447.0
1575337368.532618, -447.0
1575337368.54689, -447.0
1575337368.560396, -447.0
1575337369.003722, -447.0
1575337369.470596, -447.0
1575337369.901235, -447.0
1575337370.315471, -447.0
1575337370.328962, -447.0
1575337370.342532, -447.0
1575337370.356046, -447.0
1575337370.369688, -447.0
1575337370.383206, -447.0
1575337370.396729, -447.0
1575337370.410364, -447.0
1575337370.423922, -447.0
1575337370.437425, -447.0
1575337370.891061, -447.0
1575337370.904682, -447.0
1575337371.316459, -447.0
1575337371.738516, -447.0
1575337344.277328, -447.0
1575337344.772654, -447.0
1575337344.787196, -447.0
1575337345.197988, -447.0
1575337345.212276, -447.0
1575337345.231127, -447.0
1575337345.245591, -447.0
1575337345.261987, -447.0
1575337345.276419, -447.0
1575337345.292735, -447.0
1575337345.731899, -447.0
1575337345.745818, -447.0
1575337345.761032, -447.0
1575337345.774515, -447.0
1575337345.788453, -447.0
1575337345.801991, -447.0
1575337345.815757, -447.0
1575337345.831186, -447.0
1575337345.846236, -447.0
1575337346.280679, -447.0
1575337347.105908, -447.0
1575337347.522036, -447.0
1575337347.53631, -447.0
1575337347.549873, -447.0
1575337347.563374, -447.0
1575337347.576854, -447.0
1575337347.59039, -447.0
1575337347.603876, -447.0
1575337347.617338, -447.0
1575337347.630902, -447.0
1575337347.644328, -447.0
1575337347.657876, -447.0
1575337347.671352, -447.0
1575337347.685225, -447.0
1575337347.698707, -447.0
1575337347.71213, -447.0
1575337347.726908, -447.0
1575337347.741758, -447.0
1575337348.159117, -447.0
1575337348.173533, -447.0
1575337348.187721, -447.0
1575337348.201436, -447.0
1575337348.214838, -447.0
1575337348.228354, -447.0
1575337348.241823, -447.0
1575337348.255302, -447.0
1575337348.270173, -447.0
1575337348.705021, -447.0
1575337348.719573, -447.0
1575337349.153334, -447.0
1575337349.166969, -447.0
1575337349.180641, -447.0
1575337349.194291, -447.0
1575337349.207888, -447.0
1575337349.221582, -447.0
1575337349.236081, -447.0
1575337349.249796, -447.0
1575337349.744336, -447.0
1575337350.238602, -447.0
1575337350.706705, -447.0
1575337350.720506, -447.0
1575337350.734166, -447.0
1575337350.747782, -447.0
1575337350.761478, -447.0
1575337351.212092, -447.0
1575337351.225778, -447.0
1575337351.239415, -447.0
1575337351.253097, -447.0
1575337351.266668, -447.0
1575337351.280405, -447.0
1575337351.709317, -447.0
1575337351.723004, -447.0
1575337351.736933, -447.0
1575337351.752334, -447.0
1575337351.766009, -447.0
1575337351.780061, -447.0
1575337351.793902, -447.0
1575337351.80765, -447.0
1575337351.821395, -447.0
1575337351.834978, -447.0
1575337351.848684, -447.0
1575337351.862532, -447.0
1575337351.876278, -447.0
1575337351.890054, -447.0
1575337351.90384, -447.0
1575337352.345389, -447.0
1575337352.358981, -447.0
1575337352.37278, -447.0
1575337352.386665, -447.0
1575337352.400269, -447.0
1575337352.413992, -447.0
1575337352.427574, -447.0
1575337352.441345, -447.0
1575337352.455345, -447.0
1575337352.469203, -447.0
1575337352.482921, -447.0
1575337352.496519, -447.0
1575337352.510183, -447.0
1575337352.523927, -447.0
1575337353.021393, -447.0
1575337353.454045, -447.0
1575337353.467613, -447.0
1575337353.481358, -447.0
1575337353.495525, -447.0
1575337353.509719, -447.0
1575337353.523543, -447.0
1575337353.961736, -447.0
1575337353.975413, -447.0
1575337353.989117, -447.0
1575337354.003001, -447.0
1575337354.016694, -447.0
1575337354.030726, -447.0
1575337354.04496, -447.0
1575337354.05962, -447.0
1575337354.074762, -447.0
1575337354.089402, -447.0
1575337354.798753, -447.0
1575337354.81246, -447.0
1575337354.826464, -447.0
1575337354.841218, -447.0
1575337355.294338, -447.0
1575337355.307942, -447.0
1575337355.748301, -447.0
1575337356.191905, -447.0
1575337356.20559, -447.0
1575337356.219275, -447.0
1575337356.23307, -447.0
1575337356.246693, -447.0
1575337356.661347, -447.0
1575337356.675098, -447.0
1575337357.098568, -447.0
1575337357.11224, -447.0
1575337357.575641, -447.0
1575337357.589299, -447.0
1575337357.602907, -447.0
1575337357.617055, -447.0
1575337357.631909, -447.0
1575337357.645579, -447.0
1575337358.09088, -447.0
1575337358.754914, -447.0
1575337358.768552, -447.0
1575337358.782186, -447.0
1575337358.795919, -447.0
1575337358.810341, -447.0
1575337358.824911, -447.0
1575337358.840133, -447.0
1575337358.854608, -447.0
1575337358.868309, -447.0
1575337358.881936, -447.0
1575337358.896229, -447.0
1575337359.333042, -447.0
1575337359.346813, -447.0
1575337359.361065, -447.0
1575337359.375873, -447.0
1575337359.39088, -447.0
1575337359.404939, -447.0
1575337359.419952, -447.0
1575337359.435037, -447.0
1575337359.45001, -447.0
1575337359.464525, -447.0
1575337359.95708, -447.0
1575337359.972774, -447.0
1575337359.98823, -447.0
1575337360.004144, -447.0
1575337360.020153, -447.0
1575337360.036406, -447.0
1575337360.052855, -447.0
1575337360.068572, -447.0
1575337360.084952, -447.0
1575337360.108105, -447.0
1575337360.131917, -447.0
1575337360.146398, -447.0
1575337360.162234, -447.0
1575337360.176044, -447.0
1575337360.189767, -447.0
1575337360.203536, -447.0
1575337360.217294, -447.0
1575337360.231558, -447.0
1575337360.245793, -447.0
1575337360.260275, -447.0
1575337360.275439, -447.0
1575337360.290529, -447.0
1575337360.305607, -447.0
1575337360.320793, -447.0
1575337360.335996, -447.0
1575337360.351391, -447.0
1575337360.366705, -447.0
1575337360.382006, -447.0
1575337360.396549, -447.0
1575337360.825858, -447.0
1575337360.839457, -447.0
1575337360.853179, -447.0
1575337360.866887, -447.0
1575337361.285171, -447.0
1575337361.298825, -447.0
1575337361.312609, -447.0
1575337361.32627, -447.0
1575337361.774862, -447.0
1575337361.78857, -447.0
1575337361.802319, -447.0
1575337361.81602, -447.0
1575337362.29483, -447.0
1575337362.705878, -447.0
1575337362.719441, -447.0
1575337362.733091, -447.0
1575337363.145218, -447.0
1575337363.158898, -447.0
1575337363.172481, -447.0
1575337363.616261, -447.0
1575337363.629817, -447.0
1575337363.643478, -447.0
1575337363.657189, -447.0
1575337363.670928, -447.0
1575337363.68465, -447.0
1575337363.698372, -447.0
1575337363.712068, -447.0
1575337363.725767, -447.0
1575337364.164048, -447.0
1575337364.623704, -447.0
1575337364.637401, -447.0
1575337365.102897, -447.0
1575337365.11662, -447.0
1575337365.571944, -447.0
1575337365.585503, -447.0
1575337365.599216, -447.0
1575337366.024276, -447.0
1575337366.037962, -447.0
1575337366.450024, -447.0
1575337366.887128, -447.0
1575337367.323022, -447.0
1575337367.33661, -447.0
1575337367.3503, -447.0
1575337367.792702, -447.0
1575337367.806442, -447.0
1575337368.262853, -447.0
1575337368.276476, -447.0
1575337368.290213, -447.0
1575337368.303925, -447.0
1575337368.317624, -447.0
1575337368.331334, -447.0
1575337368.344928, -447.0
1575337368.358609, -447.0
1575337368.372235, -447.0
1575337368.385907, -447.0
1575337368.399634, -447.0
1575337368.413266, -447.0
1575337368.426919, -447.0
1575337368.440664, -447.0
1575337368.454303, -447.0
1575337368.46792, -447.0
