1575337540.849003, -513.0
1575337540.904107, -509.0
1575337540.958317, -509.0
1575337541.01313, -509.0
1575337541.067521, -509.0
1575337541.123371, -509.0
1575337541.177557, -509.0
1575337541.231825, -509.0
1575337541.286441, -509.0
1575337541.340777, -509.0
1575337541.396903, -509.0
1575337541.45109, -509.0
1575337541.505497, -509.0
1575337541.559922, -509.0
1575337541.614397, -509.0
1575337541.66838, -509.0
1575337541.722787, -509.0
1575337541.77769, -509.0
1575337541.832457, -509.0
1575337541.887632, -509.0
1575337541.943106, -509.0
1575337541.998174, -509.0
1575337542.054851, -509.0
1575337542.110504, -509.0
1575337542.166176, -509.0
1575337542.221668, -509.0
1575337542.277759, -509.0
1575337542.332581, -509.0
1575337542.388418, -509.0
1575337542.444813, -509.0
1575337542.500379, -509.0
1575337542.556327, -509.0
1575337542.6113, -509.0
1575337542.667144, -509.0
1575337542.723389, -509.0
1575337542.779064, -509.0
1575337542.835075, -509.0
1575337542.89113, -509.0
1575337542.946811, -509.0
1575337543.002706, -509.0
1575337543.058247, -509.0
1575337543.114183, -509.0
1575337543.169852, -509.0
1575337543.226044, -509.0
1575337543.280884, -509.0
1575337543.336286, -509.0
1575337543.392001, -509.0
1575337543.447262, -509.0
1575337543.502486, -509.0
1575337543.558588, -509.0
1575337540.857921, -509.0
1575337540.912189, -509.0
1575337540.965199, -509.0
1575337541.019302, -509.0
1575337541.073821, -509.0
1575337541.129712, -509.0
1575337541.183853, -509.0
1575337541.237724, -509.0
1575337541.291893, -509.0
1575337541.345856, -509.0
1575337541.399982, -509.0
1575337541.453329, -509.0
1575337541.506574, -509.0
1575337541.56, -509.0
1575337541.613627, -509.0
1575337541.666982, -509.0
1575337541.720925, -509.0
1575337541.774303, -509.0
1575337541.829498, -509.0
1575337541.882944, -509.0
1575337541.936897, -509.0
1575337541.990996, -509.0
1575337542.04792, -509.0
1575337542.102126, -509.0
1575337542.155832, -509.0
1575337542.209658, -509.0
1575337542.263198, -509.0
1575337542.316399, -509.0
1575337542.370205, -509.0
1575337542.423698, -509.0
1575337542.477008, -509.0
1575337542.530214, -509.0
1575337542.583434, -509.0
1575337542.636813, -509.0
1575337542.690403, -509.0
1575337542.74389, -509.0
1575337542.796934, -509.0
1575337542.851735, -509.0
1575337542.905666, -509.0
1575337542.959277, -509.0
1575337543.012365, -509.0
1575337543.070233, -509.0
1575337543.123956, -509.0
1575337543.177691, -509.0
1575337543.23122, -509.0
1575337543.284571, -509.0
1575337543.337864, -509.0
1575337543.391024, -509.0
1575337543.444571, -509.0
1575337543.497738, -509.0
1575337541.312666, -509.0
1575337541.572562, -509.0
1575337541.83108, -509.0
1575337542.093536, -509.0
1575337542.35346, -509.0
1575337542.610691, -509.0
1575337542.86728, -509.0
1575337543.132499, -509.0
1575337543.388654, -509.0
1575337543.653226, -460.0
1575337543.91282, -460.0
1575337544.178453, -460.0
1575337544.434987, -460.0
1575337544.736379, -460.0
1575337544.976454, -460.0
1575337545.216237, -460.0
1575337545.454634, -460.0
1575337545.693479, -460.0
1575337545.935074, -460.0
1575337546.178725, -460.0
1575337546.417902, -460.0
1575337546.65663, -460.0
1575337546.895458, -460.0
1575337547.133499, -460.0
1575337547.371986, -460.0
1575337547.609901, -460.0
1575337547.847524, -460.0
1575337548.085935, -460.0
1575337548.324642, -460.0
1575337548.563349, -460.0
1575337548.801772, -460.0
1575337549.039431, -460.0
1575337549.278124, -460.0
1575337549.516019, -460.0
1575337549.753837, -460.0
1575337549.991255, -460.0
1575337550.228657, -460.0
1575337550.465904, -460.0
1575337550.702709, -460.0
1575337550.939861, -460.0
1575337551.176578, -460.0
1575337551.413006, -460.0
1575337551.650097, -460.0
1575337551.88748, -460.0
1575337552.125207, -460.0
1575337552.362181, -460.0
1575337552.598681, -460.0
1575337552.835617, -460.0
1575337553.072617, -460.0
1575337553.309646, -460.0
1575337540.894304, -509.0
1575337540.95522, -509.0
1575337541.013081, -509.0
1575337541.076559, -509.0
1575337541.136684, -509.0
1575337541.196511, -509.0
1575337541.256054, -509.0
1575337541.314022, -509.0
1575337541.374291, -509.0
1575337541.434387, -509.0
1575337541.494825, -509.0
1575337541.554795, -509.0
1575337541.615264, -509.0
1575337541.672475, -509.0
1575337541.732247, -509.0
1575337541.791807, -509.0
1575337541.851343, -509.0
1575337541.911345, -509.0
1575337541.968964, -509.0
1575337542.028762, -509.0
1575337542.088566, -509.0
1575337542.148307, -509.0
1575337542.207787, -509.0
1575337542.266556, -509.0
1575337542.325139, -509.0
1575337542.384759, -509.0
1575337542.443784, -509.0
1575337542.501979, -509.0
1575337542.561745, -509.0
1575337542.620132, -509.0
1575337542.678884, -509.0
1575337542.735968, -509.0
1575337542.794581, -509.0
1575337542.853529, -509.0
1575337542.912927, -509.0
1575337542.971761, -509.0
1575337543.030267, -509.0
1575337543.090308, -509.0
1575337543.151254, -509.0
1575337543.210421, -509.0
1575337543.268493, -509.0
1575337543.325724, -509.0
1575337543.383067, -509.0
1575337543.440437, -509.0
1575337543.497313, -509.0
1575337543.556389, -509.0
1575337543.614366, -509.0
1575337543.675067, -460.0
1575337543.731796, -460.0
1575337543.790466, -460.0
1575337543.64169, -460.0
1575337543.695594, -460.0
1575337543.749193, -460.0
1575337543.802644, -460.0
1575337543.858078, -460.0
1575337543.911443, -460.0
1575337543.964748, -460.0
1575337544.018567, -460.0
1575337544.074769, -460.0
1575337544.127977, -460.0
1575337544.18371, -460.0
1575337544.237836, -460.0
1575337544.29211, -460.0
1575337544.346038, -460.0
1575337544.399468, -460.0
1575337544.453494, -460.0
1575337544.506528, -460.0
1575337544.559937, -460.0
1575337544.61307, -460.0
1575337544.666604, -460.0
1575337544.731636, -460.0
1575337544.794991, -460.0
1575337544.856106, -460.0
1575337544.917335, -460.0
1575337544.981079, -460.0
1575337545.038293, -460.0
1575337545.094995, -460.0
1575337545.151446, -460.0
1575337545.208707, -460.0
1575337545.263852, -460.0
1575337545.318806, -460.0
1575337545.375455, -460.0
1575337545.432231, -460.0
1575337545.488701, -460.0
1575337545.545798, -460.0
1575337545.60237, -460.0
1575337545.657337, -460.0
1575337545.714331, -460.0
1575337545.771336, -460.0
1575337545.828286, -460.0
1575337545.884832, -460.0
1575337545.941607, -460.0
1575337545.998265, -460.0
1575337546.053607, -460.0
1575337546.11068, -460.0
1575337546.167555, -460.0
1575337546.224199, -460.0
1575337546.28124, -460.0
1575337546.337657, -460.0
1575337546.394486, -460.0
1575337543.687777, -460.0
1575337543.743693, -460.0
1575337543.801012, -460.0
1575337543.858931, -460.0
1575337543.918774, -460.0
1575337543.976293, -460.0
1575337544.036933, -460.0
1575337544.096856, -460.0
1575337544.155489, -460.0
1575337544.213915, -460.0
1575337544.272182, -460.0
1575337544.330831, -460.0
1575337544.39028, -460.0
1575337544.448541, -460.0
1575337544.506255, -460.0
1575337544.564195, -460.0
1575337544.620479, -460.0
1575337544.679554, -460.0
1575337544.745074, -460.0
1575337544.800094, -460.0
1575337544.855968, -460.0
1575337544.912144, -460.0
1575337544.968213, -460.0
1575337545.023902, -460.0
1575337545.079074, -460.0
1575337545.134522, -460.0
1575337545.190617, -460.0
1575337545.246802, -460.0
1575337545.301648, -460.0
1575337545.357243, -460.0
1575337545.413039, -460.0
1575337545.469084, -460.0
1575337545.524967, -460.0
1575337545.580502, -460.0
1575337545.636303, -460.0
1575337545.69218, -460.0
1575337545.747378, -460.0
1575337545.802885, -460.0
1575337545.858765, -460.0
1575337545.914503, -460.0
1575337545.970528, -460.0
1575337546.026473, -460.0
1575337546.08172, -460.0
1575337546.13758, -460.0
1575337546.193186, -460.0
1575337546.249059, -460.0
1575337546.304425, -460.0
1575337546.359698, -460.0
1575337546.416286, -460.0
1575337546.472089, -460.0
1575337543.929214, -460.0
1575337543.983737, -460.0
1575337544.0406, -460.0
1575337544.097051, -460.0
1575337544.153062, -460.0
1575337544.20759, -460.0
1575337544.263515, -460.0
1575337544.31821, -460.0
1575337544.374158, -460.0
1575337544.429965, -460.0
1575337544.484979, -460.0
1575337544.539616, -460.0
1575337544.594883, -460.0
1575337544.716887, -460.0
1575337544.7768, -460.0
1575337544.83233, -460.0
1575337544.888487, -460.0
1575337544.943788, -460.0
1575337545.000899, -460.0
1575337545.063032, -460.0
1575337545.120492, -460.0
1575337545.180019, -460.0
1575337545.239714, -460.0
1575337545.298936, -460.0
1575337545.359964, -460.0
1575337545.419726, -460.0
1575337545.479431, -460.0
1575337545.539146, -460.0
1575337545.598766, -460.0
1575337545.658704, -460.0
1575337545.718169, -460.0
1575337545.777931, -460.0
1575337545.837721, -460.0
1575337545.897958, -460.0
1575337545.957664, -460.0
1575337546.017154, -460.0
1575337546.080681, -460.0
1575337546.142136, -460.0
1575337546.201395, -460.0
1575337546.261051, -460.0
1575337546.320387, -460.0
1575337546.380452, -460.0
1575337546.439806, -460.0
1575337546.505592, -460.0
1575337546.568311, -460.0
1575337546.632135, -460.0
1575337546.694693, -460.0
1575337546.758082, -460.0
1575337546.822481, -460.0
1575337546.885543, -460.0
1575337546.528251, -460.0
1575337546.581329, -460.0
1575337546.634348, -460.0
1575337546.687501, -460.0
1575337546.740483, -460.0
1575337546.79369, -460.0
1575337546.846626, -460.0
1575337546.901124, -460.0
1575337546.954102, -460.0
1575337547.007362, -460.0
1575337547.060224, -460.0
1575337547.113144, -460.0
1575337547.166171, -460.0
1575337547.218992, -460.0
1575337547.271841, -460.0
1575337547.324637, -460.0
1575337547.377605, -460.0
1575337547.430663, -460.0
1575337547.483807, -460.0
1575337547.536853, -460.0
1575337547.589646, -460.0
1575337547.642728, -460.0
1575337547.695705, -460.0
1575337547.748542, -460.0
1575337547.801317, -460.0
1575337547.854171, -460.0
1575337547.90705, -460.0
1575337547.960033, -460.0
1575337548.012956, -460.0
1575337548.065915, -460.0
1575337548.118784, -460.0
1575337548.171929, -460.0
1575337548.224906, -460.0
1575337548.277858, -460.0
1575337548.330741, -460.0
1575337548.383726, -460.0
1575337548.436777, -460.0
1575337548.489796, -460.0
1575337548.542614, -460.0
1575337548.595704, -460.0
1575337548.648592, -460.0
1575337548.701823, -460.0
1575337548.754779, -460.0
1575337548.807766, -460.0
1575337548.860715, -460.0
1575337548.913573, -460.0
1575337548.966369, -460.0
1575337549.019395, -460.0
1575337549.07265, -460.0
1575337549.125792, -460.0
1575337546.600649, -460.0
1575337546.656633, -460.0
1575337546.713063, -460.0
1575337546.769014, -460.0
1575337546.824652, -460.0
1575337546.87934, -460.0
1575337546.934131, -460.0
1575337546.988772, -460.0
1575337547.043077, -460.0
1575337547.097284, -460.0
1575337547.15163, -460.0
1575337547.206199, -460.0
1575337547.260531, -460.0
1575337547.314836, -460.0
1575337547.369504, -460.0
1575337547.424227, -460.0
1575337547.478948, -460.0
1575337547.533116, -460.0
1575337547.586958, -460.0
1575337547.641035, -460.0
1575337547.694733, -460.0
1575337547.748193, -460.0
1575337547.801534, -460.0
1575337547.855171, -460.0
1575337547.909284, -460.0
1575337547.962936, -460.0
1575337548.016477, -460.0
1575337548.070136, -460.0
1575337548.123598, -460.0
1575337548.177393, -460.0
1575337548.230956, -460.0
1575337548.284361, -460.0
1575337548.337797, -460.0
1575337548.391695, -460.0
1575337548.44541, -460.0
1575337548.498912, -460.0
1575337548.552469, -460.0
1575337548.605884, -460.0
1575337548.659725, -460.0
1575337548.713215, -460.0
1575337548.76678, -460.0
1575337548.820158, -460.0
1575337548.873887, -460.0
1575337548.928155, -460.0
1575337548.981633, -460.0
1575337549.035209, -460.0
1575337549.088725, -460.0
1575337549.142201, -460.0
1575337549.195954, -460.0
1575337549.249259, -460.0
1575337559.255729, -460.0
1575337559.694168, -460.0
1575337560.125153, -460.0
1575337560.560949, -460.0
1575337560.574376, -460.0
1575337560.990925, -460.0
1575337561.00498, -460.0
1575337561.020534, -460.0
1575337561.034225, -460.0
1575337561.049953, -460.0
1575337561.064379, -460.0
1575337561.081626, -460.0
1575337561.097081, -460.0
1575337561.114082, -460.0
1575337561.128871, -460.0
1575337561.1457, -460.0
1575337561.159785, -460.0
1575337561.176344, -460.0
1575337561.18993, -460.0
1575337561.204949, -460.0
1575337561.218573, -460.0
1575337561.232461, -460.0
1575337561.248207, -460.0
1575337561.261782, -460.0
1575337561.277589, -460.0
1575337561.291048, -460.0
1575337561.306728, -460.0
1575337561.320499, -460.0
1575337561.336278, -460.0
1575337561.349969, -460.0
1575337561.365614, -460.0
1575337561.379405, -460.0
1575337561.394503, -460.0
1575337561.408082, -460.0
1575337561.423838, -460.0
1575337561.438404, -460.0
1575337561.454473, -460.0
1575337561.469315, -460.0
1575337561.485716, -460.0
1575337561.500604, -460.0
1575337561.517066, -460.0
1575337561.532142, -460.0
1575337561.548585, -460.0
1575337561.563548, -460.0
1575337561.580449, -460.0
1575337561.595404, -460.0
1575337561.611824, -460.0
1575337561.626222, -460.0
1575337561.641972, -460.0
1575337561.655606, -460.0
1575337561.671417, -460.0
1575337561.685424, -460.0
1575337561.701427, -460.0
1575337561.716142, -460.0
1575337561.7325, -460.0
1575337561.747418, -460.0
1575337561.763794, -460.0
1575337561.77873, -460.0
1575337561.79527, -460.0
1575337561.810158, -460.0
1575337561.826946, -460.0
1575337561.84086, -460.0
1575337561.855922, -460.0
1575337561.869556, -460.0
1575337561.884684, -460.0
1575337561.898295, -460.0
1575337561.913401, -460.0
1575337561.927059, -460.0
1575337561.942161, -460.0
1575337561.955631, -460.0
1575337561.969275, -460.0
1575337561.984382, -460.0
1575337561.997935, -460.0
1575337562.013638, -460.0
1575337562.028217, -460.0
1575337562.043491, -460.0
1575337562.057103, -460.0
1575337562.072281, -460.0
1575337562.085991, -460.0
1575337562.101299, -460.0
1575337562.115006, -460.0
1575337562.130279, -460.0
1575337562.143905, -460.0
1575337562.159355, -460.0
1575337562.17347, -460.0
1575337562.18902, -460.0
1575337562.204042, -460.0
1575337562.220577, -460.0
1575337562.235552, -460.0
1575337562.251823, -460.0
1575337562.265877, -460.0
1575337562.280971, -460.0
1575337562.294709, -460.0
1575337562.309869, -460.0
1575337562.323491, -460.0
1575337562.339722, -460.0
1575337562.353508, -460.0
1575337562.36734, -460.0
1575337562.383076, -460.0
1575337562.39678, -460.0
1575337562.412775, -460.0
1575337562.426491, -460.0
1575337562.442338, -460.0
1575337562.456209, -460.0
1575337562.472078, -460.0
1575337562.486109, -460.0
1575337562.501498, -460.0
1575337562.515369, -460.0
1575337562.531308, -460.0
1575337562.545065, -460.0
1575337562.560915, -460.0
1575337562.574552, -460.0
1575337562.590142, -460.0
1575337562.604029, -460.0
1575337562.619506, -460.0
1575337562.633973, -460.0
1575337562.649844, -460.0
1575337562.664062, -460.0
1575337562.680173, -460.0
1575337562.694412, -460.0
1575337562.710719, -460.0
1575337562.725187, -460.0
1575337562.741092, -460.0
1575337562.755353, -460.0
1575337562.771056, -460.0
1575337562.785207, -460.0
1575337562.800948, -460.0
1575337562.815331, -460.0
1575337562.831159, -460.0
1575337562.845751, -460.0
1575337562.862068, -460.0
1575337562.876672, -460.0
1575337562.892383, -460.0
1575337562.906597, -460.0
1575337562.922439, -460.0
1575337562.936698, -460.0
1575337562.952571, -460.0
1575337562.966928, -460.0
1575337562.982692, -460.0
1575337562.996954, -460.0
1575337563.011138, -460.0
1575337563.02701, -460.0
1575337563.041219, -460.0
1575337563.057003, -460.0
1575337563.071267, -460.0
1575337563.086815, -460.0
1575337563.100922, -460.0
1575337563.116975, -460.0
1575337563.130926, -460.0
1575337563.146227, -460.0
1575337563.159868, -460.0
1575337563.175457, -460.0
1575337563.189426, -460.0
1575337563.205321, -460.0
1575337563.219251, -460.0
1575337563.234914, -460.0
1575337563.248652, -460.0
1575337563.263939, -460.0
1575337563.277562, -460.0
1575337563.29272, -460.0
1575337563.306452, -460.0
1575337563.321462, -460.0
1575337563.335028, -460.0
1575337563.348592, -460.0
1575337563.363779, -460.0
1575337563.377284, -460.0
1575337563.392575, -460.0
1575337563.406161, -460.0
1575337563.421258, -460.0
1575337563.434938, -460.0
1575337563.450096, -460.0
1575337563.463732, -460.0
1575337563.47873, -460.0
1575337563.492296, -460.0
1575337563.507432, -460.0
1575337563.520932, -460.0
1575337563.535921, -460.0
1575337563.549454, -460.0
1575337563.562898, -460.0
1575337563.578133, -460.0
1575337563.591589, -460.0
1575337563.606634, -460.0
1575337563.620245, -460.0
1575337563.635451, -460.0
1575337563.649066, -460.0
1575337563.664157, -460.0
1575337563.677732, -460.0
1575337563.693324, -460.0
1575337563.70669, -460.0
1575337563.721622, -460.0
1575337563.735149, -460.0
1575337563.748634, -460.0
1575337563.763764, -460.0
1575337563.777256, -460.0
1575337563.792408, -460.0
1575337563.805965, -460.0
1575337563.82107, -460.0
1575337563.8347, -460.0
1575337563.849655, -460.0
1575337563.863229, -460.0
1575337563.878547, -460.0
1575337563.892049, -460.0
1575337563.907007, -460.0
1575337563.920596, -460.0
1575337563.93569, -460.0
1575337563.949339, -460.0
1575337563.962831, -460.0
1575337563.978142, -460.0
1575337563.991655, -460.0
1575337564.006949, -460.0
1575337564.020599, -460.0
1575337564.036806, -460.0
1575337564.050592, -460.0
1575337564.065706, -460.0
1575337564.079453, -460.0
1575337564.095053, -460.0
1575337564.108562, -460.0
1575337564.123656, -460.0
1575337564.137287, -460.0
1575337564.152394, -460.0
1575337564.166474, -460.0
1575337564.181775, -460.0
1575337564.195537, -460.0
1575337564.211075, -460.0
1575337564.224586, -460.0
1575337564.238235, -460.0
1575337564.253918, -460.0
1575337564.267615, -460.0
1575337564.283762, -460.0
1575337564.297437, -460.0
1575337564.313141, -460.0
1575337564.326687, -460.0
1575337564.342427, -460.0
1575337564.35613, -460.0
1575337564.371689, -460.0
1575337564.385249, -460.0
1575337564.400884, -460.0
1575337564.414648, -460.0
1575337564.430359, -460.0
1575337564.444123, -460.0
1575337564.46018, -460.0
1575337564.473787, -460.0
1575337564.4889, -460.0
1575337564.502557, -460.0
1575337564.517837, -460.0
1575337564.531582, -460.0
1575337564.545389, -460.0
1575337564.561406, -460.0
1575337564.574967, -460.0
1575337564.590803, -460.0
1575337559.267844, -460.0
1575337559.709148, -460.0
1575337560.138934, -460.0
1575337560.603745, -460.0
1575337561.056577, -460.0
1575337561.072705, -460.0
1575337561.533545, -460.0
1575337561.547984, -460.0
1575337561.563995, -460.0
1575337561.580013, -460.0
1575337561.594208, -460.0
1575337561.607901, -460.0
1575337561.624099, -460.0
1575337562.094757, -460.0
1575337562.113193, -460.0
1575337562.577343, -460.0
1575337562.593339, -460.0
1575337563.047473, -460.0
1575337563.063343, -460.0
1575337563.513397, -460.0
1575337563.527222, -460.0
1575337563.988762, -460.0
1575337564.002896, -460.0
1575337564.019026, -460.0
1575337564.484452, -460.0
1575337564.498633, -460.0
1575337564.512355, -460.0
1575337564.925144, -460.0
1575337564.938756, -460.0
1575337565.368434, -460.0
1575337565.382393, -460.0
1575337565.81235, -460.0
1575337565.826812, -460.0
1575337566.246988, -460.0
1575337566.260725, -460.0
1575337566.674957, -460.0
1575337566.688877, -460.0
1575337566.702383, -460.0
1575337566.716404, -460.0
1575337566.73026, -460.0
1575337566.743858, -460.0
1575337566.757723, -460.0
1575337566.771243, -460.0
1575337566.785191, -460.0
1575337566.799027, -460.0
1575337566.812407, -460.0
1575337566.826375, -460.0
1575337566.839959, -460.0
1575337566.853845, -460.0
1575337566.86779, -460.0
1575337566.881275, -460.0
1575337566.895211, -460.0
1575337566.908812, -460.0
1575337566.922743, -460.0
1575337566.936707, -460.0
1575337566.950135, -460.0
1575337566.963967, -460.0
1575337566.977516, -460.0
1575337566.991324, -460.0
1575337567.005258, -460.0
1575337567.018789, -460.0
1575337567.550523, -460.0
1575337567.564482, -460.0
1575337567.577994, -460.0
1575337567.591839, -460.0
1575337567.605857, -460.0
1575337567.619348, -460.0
1575337567.632947, -460.0
1575337567.646852, -460.0
1575337567.660673, -460.0
1575337567.674716, -460.0
1575337567.688264, -460.0
1575337567.701866, -460.0
1575337567.715851, -460.0
1575337567.729868, -460.0
1575337567.743391, -460.0
1575337567.757483, -460.0
1575337567.771103, -460.0
1575337567.785113, -460.0
1575337567.798907, -460.0
1575337567.812422, -460.0
1575337567.826305, -460.0
1575337567.839832, -460.0
1575337567.853613, -460.0
1575337567.867604, -460.0
1575337567.88125, -460.0
1575337567.895374, -460.0
1575337567.909148, -460.0
1575337567.923231, -460.0
1575337567.937267, -460.0
1575337567.951079, -460.0
1575337567.964994, -460.0
1575337567.978536, -460.0
1575337567.992303, -460.0
1575337568.006346, -460.0
1575337568.019845, -460.0
1575337568.033951, -460.0
1575337568.047648, -460.0
1575337568.061513, -460.0
1575337568.075422, -460.0
1575337568.088984, -460.0
1575337568.102757, -460.0
1575337568.116344, -460.0
1575337568.1302, -460.0
1575337568.144248, -460.0
1575337568.157837, -460.0
1575337568.171713, -460.0
1575337568.185634, -460.0
1575337568.199053, -460.0
1575337568.212624, -460.0
1575337568.226544, -460.0
1575337568.240439, -460.0
1575337568.254233, -460.0
1575337568.267667, -460.0
1575337568.281165, -460.0
1575337568.295073, -460.0
1575337568.308989, -460.0
1575337568.322503, -460.0
1575337568.336602, -460.0
1575337568.350347, -460.0
1575337568.364936, -460.0
1575337568.378779, -460.0
1575337568.392748, -460.0
1575337568.40666, -460.0
1575337568.420395, -460.0
1575337568.434437, -460.0
1575337568.448434, -460.0
1575337568.462012, -460.0
1575337568.475923, -460.0
1575337568.489432, -460.0
1575337568.503267, -460.0
1575337568.517756, -460.0
1575337568.531477, -460.0
1575337568.545355, -460.0
1575337568.558871, -460.0
1575337568.572647, -460.0
1575337568.586601, -460.0
1575337568.600126, -460.0
1575337568.613861, -460.0
1575337568.627515, -460.0
1575337568.641441, -460.0
1575337568.655338, -460.0
1575337568.668913, -460.0
1575337568.682822, -460.0
1575337568.696679, -460.0
1575337568.71019, -460.0
1575337568.723724, -460.0
1575337568.737683, -460.0
1575337568.751455, -460.0
1575337568.76536, -460.0
1575337568.778749, -460.0
1575337568.792343, -460.0
1575337568.806379, -460.0
1575337568.820194, -460.0
1575337568.833769, -460.0
1575337568.8476, -460.0
1575337568.861133, -460.0
1575337568.875085, -460.0
1575337568.889008, -460.0
1575337568.902641, -460.0
1575337568.916765, -460.0
1575337568.930464, -460.0
1575337568.944274, -460.0
1575337568.958238, -460.0
1575337568.971773, -460.0
1575337568.985722, -460.0
1575337568.999281, -460.0
1575337569.013098, -460.0
1575337569.027005, -460.0
1575337569.040625, -460.0
1575337569.054489, -460.0
1575337569.068094, -460.0
1575337569.081917, -460.0
1575337569.095818, -460.0
1575337569.109303, -460.0
1575337569.123191, -460.0
1575337569.137061, -460.0
1575337569.150913, -460.0
1575337569.164517, -460.0
1575337569.178683, -460.0
1575337569.192495, -460.0
1575337569.206398, -460.0
1575337569.219807, -460.0
1575337569.233453, -460.0
1575337569.247371, -460.0
1575337569.261179, -460.0
1575337569.274639, -460.0
1575337569.288526, -460.0
1575337569.302071, -460.0
1575337569.316046, -460.0
1575337569.329856, -460.0
1575337569.34335, -460.0
1575337569.357295, -460.0
1575337569.370804, -460.0
1575337569.384766, -460.0
1575337569.398568, -460.0
1575337569.411989, -460.0
1575337569.425974, -460.0
1575337569.439632, -460.0
1575337569.453581, -460.0
1575337569.467331, -460.0
1575337569.481184, -460.0
1575337569.495044, -460.0
1575337569.508589, -460.0
1575337569.522332, -460.0
1575337569.536345, -460.0
1575337569.54977, -460.0
1575337569.563688, -460.0
1575337569.577236, -460.0
1575337569.59105, -460.0
1575337569.605016, -460.0
1575337569.618552, -460.0
1575337569.632399, -460.0
1575337569.646005, -460.0
1575337569.659699, -460.0
1575337569.673394, -460.0
1575337569.687239, -460.0
1575337569.701218, -460.0
1575337569.714835, -460.0
1575337569.728604, -460.0
1575337569.742142, -460.0
1575337569.756007, -460.0
1575337569.769865, -460.0
1575337569.783437, -460.0
1575337569.797269, -460.0
1575337569.810817, -460.0
1575337569.824852, -460.0
1575337569.838784, -460.0
1575337569.852322, -460.0
1575337569.866293, -460.0
1575337569.87987, -460.0
1575337569.893737, -460.0
1575337569.907616, -460.0
1575337569.921222, -460.0
1575337569.935126, -460.0
1575337569.948707, -460.0
1575337569.962623, -460.0
1575337569.976613, -460.0
1575337569.990082, -460.0
1575337570.003866, -460.0
1575337570.017443, -460.0
1575337570.031354, -460.0
1575337570.04534, -460.0
1575337570.058812, -460.0
1575337570.072714, -460.0
1575337570.086457, -460.0
1575337570.100367, -460.0
1575337570.114024, -460.0
1575337570.127957, -460.0
1575337570.141862, -460.0
1575337559.280891, -460.0
1575337559.710256, -460.0
1575337559.729783, -460.0
1575337560.170598, -460.0
1575337560.186506, -460.0
1575337560.661276, -460.0
1575337560.676711, -460.0
1575337561.099439, -460.0
1575337561.114201, -460.0
1575337561.128519, -460.0
1575337561.143024, -460.0
1575337561.157365, -460.0
1575337561.172314, -460.0
1575337561.187117, -460.0
1575337561.201513, -460.0
1575337561.216079, -460.0
1575337561.230075, -460.0
1575337561.24443, -460.0
1575337561.258162, -460.0
1575337561.271923, -460.0
1575337561.285919, -460.0
1575337561.299745, -460.0
1575337561.314058, -460.0
1575337561.327815, -460.0
1575337561.341845, -460.0
1575337561.355823, -460.0
1575337561.369822, -460.0
1575337561.384017, -460.0
1575337561.399459, -460.0
1575337561.41325, -460.0
1575337561.42756, -460.0
1575337561.441331, -460.0
1575337561.455577, -460.0
1575337561.469803, -460.0
1575337561.483587, -460.0
1575337561.49807, -460.0
1575337561.511861, -460.0
1575337561.525965, -460.0
1575337561.540095, -460.0
1575337561.553869, -460.0
1575337561.568226, -460.0
1575337561.583259, -460.0
1575337561.59735, -460.0
1575337561.612038, -460.0
1575337561.626138, -460.0
1575337561.64006, -460.0
1575337561.654517, -460.0
1575337561.668542, -460.0
1575337561.683001, -460.0
1575337561.697071, -460.0
1575337561.711357, -460.0
1575337561.725441, -460.0
1575337561.739315, -460.0
1575337561.753657, -460.0
1575337561.76799, -460.0
1575337561.782454, -460.0
1575337561.797465, -460.0
1575337561.811311, -460.0
1575337561.82719, -460.0
1575337561.841207, -460.0
1575337561.854878, -460.0
1575337561.869636, -460.0
1575337561.883479, -460.0
1575337561.898379, -460.0
1575337561.912713, -460.0
1575337561.927234, -460.0
1575337561.941579, -460.0
1575337561.955393, -460.0
1575337561.969635, -460.0
1575337561.983952, -460.0
1575337561.99774, -460.0
1575337562.012054, -460.0
1575337562.028901, -460.0
1575337562.045209, -460.0
1575337562.059871, -460.0
1575337562.07496, -460.0
1575337562.090071, -460.0
1575337562.105287, -460.0
1575337562.121002, -460.0
1575337562.135967, -460.0
1575337562.150816, -460.0
1575337562.166162, -460.0
1575337562.180053, -460.0
1575337562.194876, -460.0
1575337562.208475, -460.0
1575337562.222276, -460.0
1575337562.236475, -460.0
1575337562.250269, -460.0
1575337562.264514, -460.0
1575337562.278247, -460.0
1575337562.29272, -460.0
1575337562.306755, -460.0
1575337562.320337, -460.0
1575337562.334757, -460.0
1575337562.349253, -460.0
1575337562.363326, -460.0
1575337562.377312, -460.0
1575337562.391644, -460.0
1575337562.40547, -460.0
1575337562.419875, -460.0
1575337562.43362, -460.0
1575337562.447912, -460.0
1575337562.461505, -460.0
1575337562.475422, -460.0
1575337562.489785, -460.0
1575337562.503683, -460.0
1575337562.518039, -460.0
1575337562.533186, -460.0
1575337562.546984, -460.0
1575337562.561008, -460.0
1575337562.574815, -460.0
1575337562.588473, -460.0
1575337562.60274, -460.0
1575337562.616891, -460.0
1575337562.631208, -460.0
1575337562.645195, -460.0
1575337562.659025, -460.0
1575337562.673412, -460.0
1575337562.686845, -460.0
1575337562.701365, -460.0
1575337562.715046, -460.0
1575337562.729346, -460.0
1575337562.743592, -460.0
1575337562.757298, -460.0
1575337562.77086, -460.0
1575337562.784951, -460.0
1575337562.798842, -460.0
1575337562.813102, -460.0
1575337562.826823, -460.0
1575337562.840563, -460.0
1575337562.854922, -460.0
1575337562.869326, -460.0
1575337562.883611, -460.0
1575337562.897922, -460.0
1575337562.912181, -460.0
1575337562.926973, -460.0
1575337562.940808, -460.0
1575337562.954475, -460.0
1575337562.968766, -460.0
1575337562.982449, -460.0
1575337562.996799, -460.0
1575337563.010468, -460.0
1575337563.025069, -460.0
1575337563.039072, -460.0
1575337563.052556, -460.0
1575337563.066766, -460.0
1575337563.080504, -460.0
1575337563.094984, -460.0
1575337563.108861, -460.0
1575337563.127264, -460.0
1575337563.141458, -460.0
1575337563.156744, -460.0
1575337563.170331, -460.0
1575337563.185691, -460.0
1575337563.199367, -460.0
1575337563.213494, -460.0
1575337563.227071, -460.0
1575337563.240679, -460.0
1575337563.25495, -460.0
1575337563.268305, -460.0
1575337563.282391, -460.0
1575337563.296662, -460.0
1575337563.310369, -460.0
1575337563.324301, -460.0
1575337563.338643, -460.0
1575337563.352398, -460.0
1575337563.366716, -460.0
1575337563.380738, -460.0
1575337563.395466, -460.0
1575337563.409138, -460.0
1575337563.422921, -460.0
1575337563.437134, -460.0
1575337563.45069, -460.0
1575337563.46477, -460.0
1575337563.478336, -460.0
1575337563.492222, -460.0
1575337563.50796, -460.0
1575337563.521861, -460.0
1575337563.535236, -460.0
1575337563.549376, -460.0
1575337563.562943, -460.0
1575337563.576949, -460.0
1575337563.590542, -460.0
1575337563.604034, -460.0
1575337563.618096, -460.0
1575337563.631724, -460.0
1575337563.645901, -460.0
1575337563.65957, -460.0
1575337563.673312, -460.0
1575337563.687496, -460.0
1575337563.7019, -460.0
1575337563.715498, -460.0
1575337563.729616, -460.0
1575337563.743209, -460.0
1575337563.756716, -460.0
1575337563.770708, -460.0
1575337563.784342, -460.0
1575337563.79848, -460.0
1575337563.812034, -460.0
1575337563.826464, -460.0
1575337563.840349, -460.0
1575337563.85376, -460.0
1575337563.867859, -460.0
1575337563.882126, -460.0
1575337563.896112, -460.0
1575337563.910219, -460.0
1575337563.92378, -460.0
1575337563.937216, -460.0
1575337563.951293, -460.0
1575337563.964922, -460.0
1575337563.979029, -460.0
1575337563.992776, -460.0
1575337564.007231, -460.0
1575337564.021642, -460.0
1575337564.037579, -460.0
1575337564.052566, -460.0
1575337564.06619, -460.0
1575337564.080438, -460.0
1575337564.095369, -460.0
1575337564.109237, -460.0
1575337564.124153, -460.0
1575337564.138114, -460.0
1575337564.152326, -460.0
1575337564.16699, -460.0
1575337564.181151, -460.0
1575337564.195411, -460.0
1575337564.208993, -460.0
1575337564.222591, -460.0
1575337564.236837, -460.0
1575337564.250466, -460.0
1575337564.264682, -460.0
1575337564.278895, -460.0
1575337564.292543, -460.0
1575337564.306139, -460.0
1575337564.320166, -460.0
1575337564.333949, -460.0
1575337564.348354, -460.0
1575337564.363052, -460.0
1575337564.377548, -460.0
1575337564.392094, -460.0
1575337564.405998, -460.0
1575337564.420559, -460.0
1575337564.434644, -460.0
1575337564.450914, -460.0
1575337564.467283, -460.0
1575337564.481095, -460.0
1575337564.498736, -460.0
1575337564.512446, -460.0
1575337564.530616, -460.0
1575337564.544583, -460.0
1575337559.29967, -460.0
1575337559.732297, -460.0
1575337559.745893, -460.0
1575337560.157913, -460.0
1575337560.171528, -460.0
1575337560.185643, -460.0
1575337560.199333, -460.0
1575337560.213427, -460.0
1575337560.227518, -460.0
1575337560.242157, -460.0
1575337560.25773, -460.0
1575337560.273081, -460.0
1575337560.288904, -460.0
1575337560.304138, -460.0
1575337560.319734, -460.0
1575337560.334876, -460.0
1575337560.350424, -460.0
1575337560.365515, -460.0
1575337560.381081, -460.0
1575337560.396106, -460.0
1575337560.411701, -460.0
1575337560.426891, -460.0
1575337560.442108, -460.0
1575337560.455651, -460.0
1575337560.469679, -460.0
1575337560.483261, -460.0
1575337560.497332, -460.0
1575337560.510872, -460.0
1575337560.524893, -460.0
1575337560.538533, -460.0
1575337560.55258, -460.0
1575337560.566271, -460.0
1575337560.579895, -460.0
1575337560.593936, -460.0
1575337560.607551, -460.0
1575337560.621639, -460.0
1575337560.635243, -460.0
1575337561.055388, -460.0
1575337561.068902, -460.0
1575337561.082365, -460.0
1575337561.095835, -460.0
1575337561.109203, -460.0
1575337561.12271, -460.0
1575337561.136193, -460.0
1575337561.149557, -460.0
1575337561.162992, -460.0
1575337561.176472, -460.0
1575337561.189977, -460.0
1575337561.204042, -460.0
1575337561.217612, -460.0
1575337561.231116, -460.0
1575337561.24463, -460.0
1575337561.258101, -460.0
1575337561.271675, -460.0
1575337561.285325, -460.0
1575337561.298931, -460.0
1575337561.312451, -460.0
1575337561.325968, -460.0
1575337561.339613, -460.0
1575337561.353214, -460.0
1575337561.366712, -460.0
1575337561.38017, -460.0
1575337561.393697, -460.0
1575337561.407138, -460.0
1575337561.420603, -460.0
1575337561.434049, -460.0
1575337561.447527, -460.0
1575337561.461004, -460.0
1575337561.474543, -460.0
1575337561.48852, -460.0
1575337561.502129, -460.0
1575337561.516179, -460.0
1575337561.529794, -460.0
1575337561.543359, -460.0
1575337561.556948, -460.0
1575337561.570463, -460.0
1575337561.583897, -460.0
1575337561.597398, -460.0
1575337561.611467, -460.0
1575337561.625021, -460.0
1575337561.638558, -460.0
1575337561.652061, -460.0
1575337561.665608, -460.0
1575337561.679183, -460.0
1575337561.692763, -460.0
1575337561.70683, -460.0
1575337561.720364, -460.0
1575337561.734377, -460.0
1575337561.747974, -460.0
1575337561.761472, -460.0
1575337561.774999, -460.0
1575337561.78849, -460.0
1575337561.802046, -460.0
1575337561.815508, -460.0
1575337561.829731, -460.0
1575337561.843112, -460.0
1575337561.857131, -460.0
1575337561.870691, -460.0
1575337561.884697, -460.0
1575337561.898266, -460.0
1575337561.911751, -460.0
1575337561.925276, -460.0
1575337561.938809, -460.0
1575337561.952295, -460.0
1575337561.965805, -460.0
1575337561.979805, -460.0
1575337561.993448, -460.0
1575337562.006954, -460.0
1575337562.020458, -460.0
1575337562.034061, -460.0
1575337562.047641, -460.0
1575337562.061467, -460.0
1575337562.075512, -460.0
1575337562.088963, -460.0
1575337562.102455, -460.0
1575337562.115996, -460.0
1575337562.129455, -460.0
1575337562.142907, -460.0
1575337562.15642, -460.0
1575337562.169922, -460.0
1575337562.183411, -460.0
1575337562.197291, -460.0
1575337562.212051, -460.0
1575337562.227518, -460.0
1575337562.242731, -460.0
1575337562.257207, -460.0
1575337562.270807, -460.0
1575337562.284848, -460.0
1575337562.29851, -460.0
1575337562.312608, -460.0
1575337562.326146, -460.0
1575337562.339593, -460.0
1575337562.353038, -460.0
1575337562.366564, -460.0
1575337562.380113, -460.0
1575337562.393445, -460.0
1575337562.406824, -460.0
1575337562.420299, -460.0
1575337562.433693, -460.0
1575337562.447043, -460.0
1575337562.460512, -460.0
1575337562.474094, -460.0
1575337562.4877, -460.0
1575337562.501293, -460.0
1575337562.514903, -460.0
1575337562.528545, -460.0
1575337562.542127, -460.0
1575337562.55556, -460.0
1575337562.569011, -460.0
1575337562.582516, -460.0
1575337562.596082, -460.0
1575337562.609545, -460.0
1575337562.62356, -460.0
1575337562.636991, -460.0
1575337562.651243, -460.0
1575337562.664696, -460.0
1575337562.678133, -460.0
1575337562.691583, -460.0
1575337562.705078, -460.0
1575337562.718502, -460.0
1575337562.732017, -460.0
1575337562.746178, -460.0
1575337562.759735, -460.0
1575337562.773884, -460.0
1575337562.787495, -460.0
1575337562.801555, -460.0
1575337562.815082, -460.0
1575337562.829117, -460.0
1575337562.84274, -460.0
1575337562.856379, -460.0
1575337562.870552, -460.0
1575337562.88413, -460.0
1575337562.898187, -460.0
1575337562.911775, -460.0
1575337562.925954, -460.0
1575337562.939548, -460.0
1575337562.953596, -460.0
1575337562.967277, -460.0
1575337562.981285, -460.0
1575337562.994905, -460.0
1575337563.00857, -460.0
1575337563.022595, -460.0
1575337563.036257, -460.0
1575337563.050385, -460.0
1575337563.06406, -460.0
1575337563.078217, -460.0
1575337563.091814, -460.0
1575337563.105956, -460.0
1575337563.119601, -460.0
1575337563.134362, -460.0
1575337563.149203, -460.0
1575337563.16499, -460.0
1575337563.186002, -460.0
1575337563.19954, -460.0
1575337563.213238, -460.0
1575337563.22687, -460.0
1575337563.240503, -460.0
1575337563.254111, -460.0
1575337563.268318, -460.0
1575337563.282004, -460.0
1575337563.296334, -460.0
1575337563.309975, -460.0
1575337563.324395, -460.0
1575337563.338018, -460.0
1575337563.352255, -460.0
1575337563.366414, -460.0
1575337563.380567, -460.0
1575337563.394275, -460.0
1575337563.408055, -460.0
1575337563.422221, -460.0
1575337563.435969, -460.0
1575337563.450214, -460.0
1575337563.463993, -460.0
1575337563.478154, -460.0
1575337563.491956, -460.0
1575337563.506577, -460.0
1575337563.520368, -460.0
1575337563.534817, -460.0
1575337563.548827, -460.0
1575337563.562482, -460.0
1575337563.576958, -460.0
1575337563.590951, -460.0
1575337563.605197, -460.0
1575337563.61949, -460.0
1575337563.633722, -460.0
1575337563.647763, -460.0
1575337563.661987, -460.0
1575337563.675802, -460.0
1575337563.690193, -460.0
1575337563.70405, -460.0
1575337563.718958, -460.0
1575337563.732984, -460.0
1575337563.746768, -460.0
1575337563.760903, -460.0
1575337563.77476, -460.0
1575337563.78912, -460.0
1575337563.803012, -460.0
1575337563.817295, -460.0
1575337563.832497, -460.0
1575337563.847394, -460.0
1575337563.861463, -460.0
1575337563.875966, -460.0
1575337563.889685, -460.0
1575337563.904055, -460.0
1575337563.918108, -460.0
1575337563.932119, -460.0
1575337563.946594, -460.0
1575337563.960498, -460.0
1575337563.975052, -460.0
1575337563.989543, -460.0
1575337564.025628, -460.0
1575337564.039264, -460.0
1575337564.052963, -460.0
1575337564.067208, -460.0
1575337564.478546, -460.0
1575337564.49211, -460.0
1575337564.505814, -460.0
1575337564.519495, -460.0
1575337564.533239, -460.0
1575337564.558082, -460.0
1575337564.571839, -460.0
1575337564.585337, -460.0
1575337564.610039, -460.0
1575337564.624192, -460.0
1575337564.637844, -460.0
1575337564.651611, -460.0
1575337564.665447, -460.0
1575337564.679481, -460.0
1575337564.693388, -460.0
1575337564.707877, -460.0
1575337564.721921, -460.0
1575337564.735751, -460.0
1575337564.749488, -460.0
1575337564.763169, -460.0
1575337564.776673, -460.0
1575337564.790959, -460.0
1575337564.8046, -460.0
1575337564.818222, -460.0
1575337564.832615, -460.0
1575337564.847336, -460.0
1575337564.861862, -460.0
1575337564.875564, -460.0
1575337564.889617, -460.0
1575337564.903418, -460.0
1575337564.917208, -460.0
1575337564.931086, -460.0
1575337564.944884, -460.0
1575337564.963046, -460.0
1575337564.97663, -460.0
1575337564.990218, -460.0
1575337565.003832, -460.0
1575337565.017937, -460.0
1575337565.031695, -460.0
1575337565.046006, -460.0
1575337565.059576, -460.0
1575337565.07387, -460.0
1575337565.087478, -460.0
1575337565.102243, -460.0
1575337565.116639, -460.0
1575337565.130851, -460.0
1575337565.144512, -460.0
1575337565.158156, -460.0
1575337565.172661, -460.0
1575337565.187256, -460.0
1575337565.202661, -460.0
1575337565.216614, -460.0
1575337565.230893, -460.0
1575337565.244541, -460.0
1575337565.25871, -460.0
1575337565.272503, -460.0
1575337565.286488, -460.0
1575337565.300735, -460.0
1575337565.314827, -460.0
1575337565.32863, -460.0
1575337565.342627, -460.0
1575337565.356748, -460.0
1575337565.371058, -460.0
1575337565.385067, -460.0
1575337565.398911, -460.0
1575337565.413168, -460.0
1575337565.427039, -460.0
1575337565.44118, -460.0
1575337565.454846, -460.0
1575337565.468848, -460.0
1575337565.482595, -460.0
1575337565.496804, -460.0
1575337565.510533, -460.0
1575337565.52437, -460.0
1575337565.538471, -460.0
1575337565.552147, -460.0
1575337565.566321, -460.0
1575337565.57994, -460.0
1575337565.594181, -460.0
1575337565.608228, -460.0
1575337565.622786, -460.0
1575337565.636672, -460.0
1575337565.650931, -460.0
1575337565.664738, -460.0
1575337565.67869, -460.0
1575337565.69294, -460.0
1575337565.706842, -460.0
1575337565.721087, -460.0
1575337565.73481, -460.0
1575337565.749086, -460.0
1575337565.762841, -460.0
1575337565.777008, -460.0
1575337565.790668, -460.0
1575337565.804893, -460.0
1575337565.818655, -460.0
1575337565.834302, -460.0
1575337565.848255, -460.0
1575337565.862392, -460.0
1575337565.876769, -460.0
1575337565.890583, -460.0
1575337565.904779, -460.0
1575337565.918574, -460.0
1575337565.932919, -460.0
1575337565.946911, -460.0
1575337565.961016, -460.0
1575337565.974846, -460.0
1575337565.999317, -460.0
1575337566.01531, -460.0
1575337566.029555, -460.0
1575337566.043245, -460.0
1575337566.057586, -460.0
1575337566.071376, -460.0
1575337566.084947, -460.0
1575337566.098773, -460.0
1575337566.113356, -460.0
1575337566.127076, -460.0
1575337566.140755, -460.0
1575337566.154244, -460.0
1575337566.168001, -460.0
1575337566.182226, -460.0
1575337566.196032, -460.0
1575337566.210115, -460.0
1575337566.223974, -460.0
1575337566.237625, -460.0
1575337566.251263, -460.0
1575337566.264914, -460.0
1575337566.27863, -460.0
1575337566.292287, -460.0
1575337566.30638, -460.0
1575337566.32003, -460.0
1575337566.333774, -460.0
1575337566.34755, -460.0
1575337566.360974, -460.0
1575337566.37505, -460.0
1575337566.389267, -460.0
1575337566.403059, -460.0
1575337566.41728, -460.0
1575337566.4309, -460.0
1575337566.44441, -460.0
1575337566.457912, -460.0
1575337566.471545, -460.0
1575337566.484959, -460.0
1575337566.498644, -460.0
1575337566.512062, -460.0
1575337566.525703, -460.0
1575337566.539341, -460.0
1575337566.552861, -460.0
1575337566.56636, -460.0
1575337566.579941, -460.0
1575337566.593516, -460.0
1575337566.607034, -460.0
1575337566.621135, -460.0
1575337566.634712, -460.0
1575337566.64838, -460.0
1575337566.661778, -460.0
1575337566.675722, -460.0
1575337566.689168, -460.0
1575337566.702932, -460.0
1575337566.716607, -460.0
1575337566.730222, -460.0
1575337566.743891, -460.0
1575337566.757467, -460.0
1575337566.771055, -460.0
1575337566.784521, -460.0
1575337566.798165, -460.0
1575337566.81155, -460.0
1575337566.826441, -460.0
1575337566.840063, -460.0
1575337566.853767, -460.0
1575337566.86792, -460.0
1575337566.881486, -460.0
1575337566.895105, -460.0
1575337566.908758, -460.0
1575337566.92263, -460.0
1575337566.936379, -460.0
1575337566.950041, -460.0
1575337566.96359, -460.0
1575337566.977075, -460.0
1575337566.990732, -460.0
1575337567.004279, -460.0
1575337567.017788, -460.0
1575337567.031498, -460.0
1575337567.046005, -460.0
1575337567.060983, -460.0
1575337567.07675, -460.0
1575337567.090574, -460.0
1575337567.104269, -460.0
1575337567.118391, -460.0
1575337567.132027, -460.0
1575337567.145729, -460.0
1575337567.159345, -460.0
1575337567.173493, -460.0
1575337567.192851, -460.0
1575337567.206536, -460.0
1575337567.22013, -460.0
1575337567.233622, -460.0
1575337567.247397, -460.0
1575337567.260761, -460.0
1575337567.274351, -460.0
1575337567.287842, -460.0
1575337567.30137, -460.0
1575337567.31492, -460.0
1575337567.328594, -460.0
1575337567.342419, -460.0
1575337567.356142, -460.0
1575337567.370182, -460.0
1575337567.38369, -460.0
1575337567.397348, -460.0
1575337567.410993, -460.0
1575337567.424794, -460.0
1575337567.438464, -460.0
1575337567.452089, -460.0
1575337567.465661, -460.0
1575337567.479176, -460.0
1575337567.492761, -460.0
1575337567.50631, -460.0
1575337567.519924, -460.0
1575337567.533572, -460.0
1575337567.547278, -460.0
1575337567.560844, -460.0
1575337567.574497, -460.0
1575337567.588054, -460.0
1575337567.601688, -460.0
1575337567.615614, -460.0
1575337567.629273, -460.0
1575337567.642755, -460.0
1575337567.656296, -460.0
1575337567.670253, -460.0
1575337567.683713, -460.0
1575337567.697625, -460.0
1575337567.711008, -460.0
1575337567.724778, -460.0
1575337567.738354, -460.0
1575337567.751858, -460.0
1575337567.765349, -460.0
1575337567.778899, -460.0
1575337567.792485, -460.0
1575337567.806031, -460.0
1575337567.81952, -460.0
1575337567.834664, -460.0
1575337567.848599, -460.0
1575337567.866471, -460.0
1575337567.88132, -460.0
1575337567.897428, -460.0
1575337567.917611, -460.0
1575337567.931306, -460.0
1575337564.574239, -460.0
1575337564.588194, -460.0
1575337564.605859, -460.0
1575337564.619923, -460.0
1575337564.636346, -460.0
1575337564.654203, -460.0
1575337564.669721, -460.0
1575337564.687532, -460.0
1575337564.70234, -460.0
1575337564.718702, -460.0
1575337564.732545, -460.0
1575337564.748648, -460.0
1575337564.762644, -460.0
1575337564.778817, -460.0
1575337564.79324, -460.0
1575337564.812494, -460.0
1575337564.841289, -460.0
1575337564.856316, -460.0
1575337564.874015, -460.0
1575337564.88807, -460.0
1575337564.904875, -460.0
1575337564.918772, -460.0
1575337564.934738, -460.0
1575337564.948412, -460.0
1575337564.964485, -460.0
1575337564.978598, -460.0
1575337564.994402, -460.0
1575337565.00799, -460.0
1575337565.021677, -460.0
1575337565.039559, -460.0
1575337565.056714, -460.0
1575337565.070973, -460.0
1575337565.630072, -460.0
1575337565.643857, -460.0
1575337565.660053, -460.0
1575337565.673859, -460.0
1575337565.68831, -460.0
1575337565.705604, -460.0
1575337565.720159, -460.0
1575337565.737076, -460.0
1575337565.751512, -460.0
1575337565.768235, -460.0
1575337565.782814, -460.0
1575337565.800355, -460.0
1575337565.817836, -460.0
1575337565.832392, -460.0
1575337565.848851, -460.0
1575337565.862526, -460.0
1575337565.878756, -460.0
1575337565.892786, -460.0
1575337565.906521, -460.0
1575337565.922808, -460.0
1575337565.936475, -460.0
1575337565.952486, -460.0
1575337565.966269, -460.0
1575337565.982425, -460.0
1575337565.998733, -460.0
1575337566.013559, -460.0
1575337566.029875, -460.0
1575337566.043934, -460.0
1575337566.064341, -460.0
1575337566.078251, -460.0
1575337566.098137, -460.0
1575337566.113602, -460.0
1575337566.131222, -460.0
1575337566.146571, -460.0
1575337566.162792, -460.0
1575337566.181147, -460.0
1575337566.194814, -460.0
1575337566.212469, -460.0
1575337566.226363, -460.0
1575337566.244591, -460.0
1575337566.258368, -460.0
1575337566.276091, -460.0
1575337566.289967, -460.0
1575337566.305213, -460.0
1575337566.321272, -460.0
1575337566.337117, -460.0
1575337566.353553, -460.0
1575337566.369393, -460.0
1575337566.388365, -460.0
1575337566.406489, -460.0
1575337566.422247, -460.0
1575337566.439727, -460.0
1575337566.454923, -460.0
1575337566.471189, -460.0
1575337566.487654, -460.0
1575337566.505768, -460.0
1575337566.522602, -460.0
1575337566.542236, -460.0
1575337566.559935, -460.0
1575337566.57925, -460.0
1575337566.594445, -460.0
1575337566.613491, -460.0
1575337566.62865, -460.0
1575337566.648214, -460.0
1575337566.665125, -460.0
1575337566.682719, -460.0
1575337566.699544, -460.0
1575337566.717196, -460.0
1575337566.73399, -460.0
1575337566.751598, -460.0
1575337566.768557, -460.0
1575337566.787776, -460.0
1575337566.805696, -460.0
1575337566.822455, -460.0
1575337566.840297, -460.0
1575337566.857156, -460.0
1575337566.875031, -460.0
1575337566.894882, -460.0
1575337566.911613, -460.0
1575337566.929297, -460.0
1575337566.946001, -460.0
1575337566.963394, -460.0
1575337566.982744, -460.0
1575337566.997887, -460.0
1575337567.017126, -460.0
1575337567.033997, -460.0
1575337567.051673, -460.0
1575337567.068777, -460.0
1575337567.086876, -460.0
1575337567.11248, -460.0
1575337567.129521, -460.0
1575337567.148548, -460.0
1575337567.168431, -460.0
1575337567.183809, -460.0
1575337567.202697, -460.0
1575337567.218329, -460.0
1575337567.234552, -460.0
1575337567.250044, -460.0
1575337567.754093, -460.0
1575337567.772225, -460.0
1575337567.788493, -460.0
1575337567.803546, -460.0
1575337567.819618, -460.0
1575337567.835385, -460.0
1575337567.851554, -460.0
1575337567.867131, -460.0
1575337567.883219, -460.0
1575337567.898983, -460.0
1575337567.915403, -460.0
1575337567.93071, -460.0
1575337567.947284, -460.0
1575337567.965145, -460.0
1575337567.978842, -460.0
1575337567.996601, -460.0
1575337568.010328, -460.0
1575337568.028449, -460.0
1575337568.047942, -460.0
1575337568.065507, -460.0
1575337568.080968, -460.0
1575337568.098555, -460.0
1575337568.114022, -460.0
1575337568.13022, -460.0
1575337568.148173, -460.0
1575337568.161923, -460.0
1575337569.01394, -460.0
1575337569.027702, -460.0
1575337569.045584, -460.0
1575337569.061097, -460.0
1575337569.077294, -460.0
1575337569.092649, -460.0
1575337569.106202, -460.0
1575337569.126685, -460.0
1575337569.140606, -460.0
1575337569.155816, -460.0
1575337569.172401, -460.0
1575337569.187437, -460.0
1575337569.203569, -460.0
1575337569.219096, -460.0
1575337569.235316, -460.0
1575337569.250838, -460.0
1575337569.266956, -460.0
1575337569.282337, -460.0
1575337569.298492, -460.0
1575337569.316387, -460.0
1575337569.330085, -460.0
1575337569.347809, -460.0
1575337569.361472, -460.0
1575337569.379261, -460.0
1575337569.393308, -460.0
1575337569.411275, -460.0
1575337569.425, -460.0
1575337569.906404, -460.0
1575337569.926877, -460.0
1575337569.940558, -460.0
1575337569.955856, -460.0
1575337569.978051, -460.0
1575337569.99597, -460.0
1575337570.009664, -460.0
1575337570.027632, -460.0
1575337570.043514, -460.0
1575337570.061763, -460.0
1575337570.081326, -460.0
1575337570.095044, -460.0
1575337570.114161, -460.0
1575337570.127873, -460.0
1575337570.145752, -460.0
1575337570.159337, -460.0
1575337570.172818, -460.0
1575337570.186741, -460.0
1575337570.200212, -460.0
1575337570.214234, -460.0
1575337570.227809, -460.0
1575337570.241526, -460.0
1575337570.255299, -460.0
1575337570.268712, -460.0
1575337570.282754, -460.0
1575337570.296808, -460.0
1575337570.310396, -460.0
1575337570.323948, -460.0
1575337570.338117, -460.0
1575337570.352021, -460.0
1575337570.366559, -460.0
1575337570.380423, -460.0
1575337570.394584, -460.0
1575337570.408165, -460.0
1575337570.422252, -460.0
1575337570.436467, -460.0
1575337570.45062, -460.0
1575337570.465358, -460.0
1575337570.480296, -460.0
1575337570.494077, -460.0
1575337570.508245, -460.0
1575337570.522356, -460.0
1575337570.536325, -460.0
1575337570.550954, -460.0
1575337570.56486, -460.0
1575337570.579067, -460.0
1575337570.593163, -460.0
1575337570.607727, -460.0
1575337570.623385, -460.0
1575337570.638576, -460.0
1575337570.653361, -460.0
1575337570.667342, -460.0
1575337570.68168, -460.0
1575337570.696407, -460.0
1575337570.710905, -460.0
1575337570.726166, -460.0
1575337570.740824, -460.0
1575337570.755888, -460.0
1575337570.771432, -460.0
1575337570.786443, -460.0
1575337570.801955, -460.0
1575337570.816986, -460.0
1575337570.832654, -460.0
1575337570.847663, -460.0
1575337570.863257, -460.0
1575337570.878781, -460.0
1575337570.893818, -460.0
1575337564.618353, -460.0
1575337564.632195, -460.0
1575337564.648362, -460.0
1575337564.661937, -460.0
1575337564.677547, -460.0
1575337564.691494, -460.0
1575337564.707353, -460.0
1575337564.722667, -460.0
1575337564.739815, -460.0
1575337564.754918, -460.0
1575337564.771609, -460.0
1575337564.785673, -460.0
1575337564.800972, -460.0
1575337564.814944, -460.0
1575337564.830575, -460.0
1575337565.425819, -460.0
1575337565.854045, -460.0
1575337565.869145, -460.0
1575337565.882771, -460.0
1575337565.8978, -460.0
1575337565.911374, -460.0
1575337565.924861, -460.0
1575337565.939933, -460.0
1575337565.953688, -460.0
1575337565.968864, -460.0
1575337565.982574, -460.0
1575337565.997963, -460.0
1575337566.011895, -460.0
1575337566.027183, -460.0
1575337566.042019, -460.0
1575337566.056831, -460.0
1575337566.070448, -460.0
1575337566.084243, -460.0
1575337566.097892, -460.0
1575337566.111503, -460.0
1575337566.124957, -460.0
1575337566.138407, -460.0
1575337566.152445, -460.0
1575337566.166522, -460.0
1575337566.180128, -460.0
1575337566.193596, -460.0
1575337566.20706, -460.0
1575337566.22056, -460.0
1575337566.234119, -460.0
1575337566.247769, -460.0
1575337566.26131, -460.0
1575337566.275299, -460.0
1575337566.288926, -460.0
1575337566.302553, -460.0
1575337566.316229, -460.0
1575337566.329816, -460.0
1575337566.343442, -460.0
1575337566.357123, -460.0
1575337566.370839, -460.0
1575337566.384574, -460.0
1575337566.398295, -460.0
1575337566.412046, -460.0
1575337566.426448, -460.0
1575337566.440187, -460.0
1575337566.454371, -460.0
1575337566.468121, -460.0
1575337566.482339, -460.0
1575337566.496118, -460.0
1575337566.51048, -460.0
1575337566.524188, -460.0
1575337566.537812, -460.0
1575337566.551921, -460.0
1575337566.565527, -460.0
1575337566.5796, -460.0
1575337566.593259, -460.0
1575337566.60732, -460.0
1575337566.621012, -460.0
1575337566.635188, -460.0
1575337566.64897, -460.0
1575337566.663091, -460.0
1575337566.676786, -460.0
1575337566.690461, -460.0
1575337566.704653, -460.0
1575337566.718308, -460.0
1575337566.732405, -460.0
1575337566.74606, -460.0
1575337566.760166, -460.0
1575337566.773793, -460.0
1575337566.787923, -460.0
1575337566.801589, -460.0
1575337566.815265, -460.0
1575337566.829532, -460.0
1575337566.843273, -460.0
1575337566.857431, -460.0
1575337566.871094, -460.0
1575337566.885293, -460.0
1575337566.898925, -460.0
1575337566.912958, -460.0
1575337566.926599, -460.0
1575337566.940749, -460.0
1575337566.954379, -460.0
1575337566.968033, -460.0
1575337566.98219, -460.0
1575337566.995829, -460.0
1575337567.010033, -460.0
1575337567.02367, -460.0
1575337567.037762, -460.0
1575337567.051357, -460.0
1575337567.065564, -460.0
1575337567.07988, -460.0
1575337567.094174, -460.0
1575337567.107969, -460.0
1575337567.121644, -460.0
1575337567.135614, -460.0
1575337567.149272, -460.0
1575337567.163367, -460.0
1575337567.177171, -460.0
1575337567.191418, -460.0
1575337567.205101, -460.0
1575337567.21915, -460.0
1575337567.23277, -460.0
1575337567.246768, -460.0
1575337567.260424, -460.0
1575337567.27402, -460.0
1575337567.28813, -460.0
1575337567.30169, -460.0
1575337567.315749, -460.0
1575337567.329279, -460.0
1575337567.343265, -460.0
1575337567.356738, -460.0
1575337567.370778, -460.0
1575337567.384354, -460.0
1575337567.39798, -460.0
1575337567.412032, -460.0
1575337567.425644, -460.0
1575337567.439676, -460.0
1575337567.45324, -460.0
1575337567.467259, -460.0
1575337567.480859, -460.0
1575337567.494853, -460.0
1575337567.508399, -460.0
1575337567.521899, -460.0
1575337567.535959, -460.0
1575337567.549525, -460.0
1575337567.563631, -460.0
1575337567.577207, -460.0
1575337567.591302, -460.0
1575337567.604906, -460.0
1575337567.619012, -460.0
1575337567.632703, -460.0
1575337567.646861, -460.0
1575337567.660607, -460.0
1575337567.674281, -460.0
1575337567.688415, -460.0
1575337567.702022, -460.0
1575337567.716135, -460.0
1575337567.729646, -460.0
1575337567.743716, -460.0
1575337567.757488, -460.0
1575337567.771727, -460.0
1575337567.785455, -460.0
1575337567.799693, -460.0
1575337567.813736, -460.0
1575337567.827597, -460.0
1575337567.841935, -460.0
1575337567.855718, -460.0
1575337567.870098, -460.0
1575337567.883912, -460.0
1575337567.898465, -460.0
1575337567.91326, -460.0
1575337567.928507, -460.0
1575337567.943404, -460.0
1575337567.958923, -460.0
1575337567.973608, -460.0
1575337567.988742, -460.0
1575337568.003477, -460.0
1575337568.01875, -460.0
1575337568.034643, -460.0
1575337568.050028, -460.0
1575337568.06491, -460.0
1575337568.07961, -460.0
1575337568.093857, -460.0
1575337568.108351, -460.0
1575337568.122393, -460.0
1575337568.13703, -460.0
1575337568.151442, -460.0
1575337568.166054, -460.0
1575337568.181224, -460.0
1575337568.196149, -460.0
1575337568.211328, -460.0
1575337568.226082, -460.0
1575337568.241078, -460.0
1575337568.255748, -460.0
1575337568.270783, -460.0
1575337568.285112, -460.0
1575337568.299525, -460.0
1575337568.313692, -460.0
1575337568.327792, -460.0
1575337568.341329, -460.0
1575337568.354829, -460.0
1575337568.368369, -460.0
1575337568.382071, -460.0
1575337568.395985, -460.0
1575337568.409513, -460.0
1575337568.423658, -460.0
1575337568.437317, -460.0
1575337568.451347, -460.0
1575337568.46493, -460.0
1575337568.478998, -460.0
1575337568.492609, -460.0
1575337568.506132, -460.0
1575337568.519559, -460.0
1575337568.533024, -460.0
1575337568.547041, -460.0
1575337568.560551, -460.0
1575337568.574606, -460.0
1575337568.588207, -460.0
1575337568.602275, -460.0
1575337568.616325, -460.0
1575337568.63081, -460.0
1575337568.644899, -460.0
1575337568.659185, -460.0
1575337568.673231, -460.0
1575337568.687372, -460.0
1575337568.702031, -460.0
1575337568.716095, -460.0
1575337568.730365, -460.0
1575337568.743955, -460.0
1575337568.758096, -460.0
1575337568.771766, -460.0
1575337568.786, -460.0
1575337568.800345, -460.0
1575337568.815272, -460.0
1575337568.830004, -460.0
1575337568.844705, -460.0
1575337568.859239, -460.0
1575337568.873883, -460.0
1575337568.888471, -460.0
1575337568.90305, -460.0
1575337568.91826, -460.0
1575337568.932866, -460.0
1575337568.947217, -460.0
1575337568.961347, -460.0
1575337568.975864, -460.0
1575337568.989567, -460.0
1575337569.003659, -460.0
1575337569.017377, -460.0
1575337569.031415, -460.0
1575337569.045199, -460.0
1575337569.059434, -460.0
1575337569.073232, -460.0
1575337569.086962, -460.0
1575337569.101101, -460.0
1575337569.114828, -460.0
1575337569.129052, -460.0
1575337567.967493, -460.0
1575337567.980985, -460.0
1575337567.994528, -460.0
1575337568.008223, -460.0
1575337568.022535, -460.0
1575337568.037766, -460.0
1575337568.052116, -460.0
1575337568.065998, -460.0
1575337568.079816, -460.0
1575337568.093974, -460.0
1575337568.108353, -460.0
1575337568.122897, -460.0
1575337568.136775, -460.0
1575337568.150509, -460.0
1575337568.164335, -460.0
1575337568.178928, -460.0
1575337568.193968, -460.0
1575337568.208159, -460.0
1575337568.222924, -460.0
1575337568.237761, -460.0
1575337568.252461, -460.0
1575337568.267453, -460.0
1575337568.282469, -460.0
1575337568.297758, -460.0
1575337568.312129, -460.0
1575337568.326173, -460.0
1575337568.752931, -460.0
1575337568.766506, -460.0
1575337568.780015, -460.0
1575337568.793566, -460.0
1575337568.807062, -460.0
1575337568.821102, -460.0
1575337568.834913, -460.0
1575337568.848813, -460.0
1575337568.863115, -460.0
1575337568.877486, -460.0
1575337568.891409, -460.0
1575337568.906072, -460.0
1575337568.920209, -460.0
1575337568.934156, -460.0
1575337568.948092, -460.0
1575337568.961925, -460.0
1575337568.975961, -460.0
1575337568.990034, -460.0
1575337569.003652, -460.0
1575337569.017166, -460.0
1575337569.031447, -460.0
1575337569.045245, -460.0
1575337569.058904, -460.0
1575337569.07266, -460.0
1575337569.086107, -460.0
1575337569.099923, -460.0
1575337569.113866, -460.0
1575337569.127492, -460.0
1575337569.142865, -460.0
1575337569.156444, -460.0
1575337569.171043, -460.0
1575337569.184876, -460.0
1575337569.19863, -460.0
1575337569.212017, -460.0
1575337569.225802, -460.0
1575337569.239458, -460.0
1575337569.252992, -460.0
1575337569.266531, -460.0
1575337569.280096, -460.0
1575337569.293654, -460.0
1575337569.307165, -460.0
1575337569.320749, -460.0
1575337569.334435, -460.0
1575337569.348093, -460.0
1575337569.362006, -460.0
1575337569.375703, -460.0
1575337569.389339, -460.0
1575337569.402904, -460.0
1575337569.416523, -460.0
1575337569.430287, -460.0
1575337569.443857, -460.0
1575337569.45765, -460.0
1575337569.47163, -460.0
1575337569.485791, -460.0
1575337569.500354, -460.0
1575337569.514961, -460.0
1575337569.529902, -460.0
1575337569.544812, -460.0
1575337569.559378, -460.0
1575337569.574067, -460.0
1575337569.588633, -460.0
1575337569.603244, -460.0
1575337569.617751, -460.0
1575337569.631549, -460.0
1575337569.645447, -460.0
1575337569.659111, -460.0
1575337569.673254, -460.0
1575337569.68675, -460.0
1575337569.700568, -460.0
1575337569.714123, -460.0
1575337569.727715, -460.0
1575337569.741319, -460.0
1575337569.754861, -460.0
1575337569.768641, -460.0
1575337569.782153, -460.0
1575337569.795854, -460.0
1575337569.809454, -460.0
1575337569.82486, -460.0
1575337569.838917, -460.0
1575337569.853308, -460.0
1575337569.868422, -460.0
1575337569.883198, -460.0
1575337569.897765, -460.0
1575337569.912595, -460.0
1575337569.927363, -460.0
1575337569.941995, -460.0
1575337569.960895, -460.0
1575337569.975907, -460.0
1575337569.989665, -460.0
1575337570.003782, -460.0
1575337570.018435, -460.0
1575337570.033583, -460.0
1575337570.050719, -460.0
1575337570.066029, -460.0
1575337570.081097, -460.0
1575337570.096245, -460.0
1575337570.110749, -460.0
1575337570.126605, -460.0
1575337570.141498, -460.0
1575337570.156647, -460.0
1575337570.171453, -460.0
1575337570.184888, -460.0
1575337570.198589, -460.0
1575337570.212128, -460.0
1575337570.225871, -460.0
1575337570.2394, -460.0
1575337570.252865, -460.0
1575337570.266344, -460.0
1575337570.279887, -460.0
1575337570.293369, -460.0
1575337570.306913, -460.0
1575337570.320403, -460.0
1575337570.334082, -460.0
1575337570.347774, -460.0
1575337570.361714, -460.0
1575337570.375279, -460.0
1575337570.388755, -460.0
1575337570.402286, -460.0
1575337570.41597, -460.0
1575337570.42971, -460.0
1575337570.443247, -460.0
1575337570.456755, -460.0
1575337570.470315, -460.0
1575337570.483677, -460.0
1575337570.497254, -460.0
1575337570.510646, -460.0
1575337570.52427, -460.0
1575337570.537856, -460.0
1575337570.551341, -460.0
1575337570.564816, -460.0
1575337570.578275, -460.0
1575337570.591724, -460.0
1575337570.605361, -460.0
1575337570.619259, -460.0
1575337570.632748, -460.0
1575337570.646338, -460.0
1575337570.659731, -460.0
1575337570.67365, -460.0
1575337570.687022, -460.0
1575337570.700781, -460.0
1575337570.714193, -460.0
1575337570.727801, -460.0
1575337570.741306, -460.0
1575337570.75484, -460.0
1575337570.768309, -460.0
1575337570.781764, -460.0
1575337570.795352, -460.0
1575337570.80879, -460.0
1575337570.82231, -460.0
1575337570.835833, -460.0
1575337570.850115, -460.0
1575337570.863975, -460.0
1575337570.877534, -460.0
1575337570.891206, -460.0
1575337570.904781, -460.0
1575337570.918237, -460.0
1575337570.93168, -460.0
1575337570.945038, -460.0
1575337570.958382, -460.0
1575337570.971742, -460.0
1575337570.985187, -460.0
1575337570.998572, -460.0
1575337571.011984, -460.0
1575337571.025423, -460.0
1575337571.038894, -460.0
1575337571.052352, -460.0
1575337571.065732, -460.0
1575337571.079138, -460.0
1575337571.092583, -460.0
1575337571.105988, -460.0
1575337571.119365, -460.0
1575337571.13278, -460.0
1575337571.146067, -460.0
1575337571.159488, -460.0
1575337571.172967, -460.0
1575337571.186365, -460.0
1575337571.199729, -460.0
1575337571.213172, -460.0
1575337571.226553, -460.0
1575337571.239978, -460.0
1575337571.253385, -460.0
1575337571.266783, -460.0
1575337571.280238, -460.0
1575337571.293663, -460.0
1575337571.307093, -460.0
1575337571.320495, -460.0
1575337571.333875, -460.0
1575337571.347297, -460.0
1575337571.360677, -460.0
1575337571.374117, -460.0
1575337571.387447, -460.0
1575337571.400864, -460.0
1575337571.414217, -460.0
1575337571.427601, -460.0
1575337571.440992, -460.0
1575337571.454383, -460.0
1575337571.467834, -460.0
1575337571.48124, -460.0
1575337571.494625, -460.0
1575337571.508061, -460.0
1575337571.521423, -460.0
1575337571.534777, -460.0
1575337571.548143, -460.0
1575337571.561504, -460.0
1575337571.574884, -460.0
1575337571.588298, -460.0
1575337571.601699, -460.0
1575337571.615024, -460.0
1575337571.628453, -460.0
1575337571.641924, -460.0
1575337571.655261, -460.0
1575337571.66863, -460.0
1575337571.682105, -460.0
1575337571.695546, -460.0
1575337571.709008, -460.0
1575337571.722443, -460.0
1575337571.735763, -460.0
1575337571.749161, -460.0
1575337571.762495, -460.0
1575337571.775855, -460.0
1575337571.789381, -460.0
1575337571.802746, -460.0
1575337571.816131, -460.0
1575337571.829504, -460.0
1575337569.156634, -460.0
1575337569.553397, -460.0
1575337569.567125, -460.0
1575337570.005441, -460.0
1575337570.019515, -460.0
1575337570.033121, -460.0
1575337570.048628, -460.0
1575337570.062453, -460.0
1575337570.076874, -460.0
1575337570.090564, -460.0
1575337570.104741, -460.0
1575337570.118548, -460.0
1575337570.132714, -460.0
1575337570.146341, -460.0
1575337570.159773, -460.0
1575337570.173162, -460.0
1575337570.186597, -460.0
1575337570.200031, -460.0
1575337570.213534, -460.0
1575337570.226943, -460.0
1575337570.240253, -460.0
1575337570.253643, -460.0
1575337570.267037, -460.0
1575337570.280468, -460.0
1575337570.293915, -460.0
1575337570.307297, -460.0
1575337570.320694, -460.0
1575337570.334053, -460.0
1575337570.347416, -460.0
1575337570.360787, -460.0
1575337570.374314, -460.0
1575337570.387691, -460.0
1575337570.401117, -460.0
1575337570.414527, -460.0
1575337570.428273, -460.0
1575337570.44319, -460.0
1575337570.457394, -460.0
1575337570.470904, -460.0
1575337570.484369, -460.0
1575337570.497788, -460.0
1575337570.511183, -460.0
1575337570.524594, -460.0
1575337570.537947, -460.0
1575337570.551328, -460.0
1575337570.564694, -460.0
1575337570.578142, -460.0
1575337570.591502, -460.0
1575337570.604936, -460.0
1575337570.618438, -460.0
1575337570.631802, -460.0
1575337570.645256, -460.0
1575337570.658705, -460.0
1575337570.672087, -460.0
1575337570.685497, -460.0
1575337570.699008, -460.0
1575337570.712366, -460.0
1575337570.725793, -460.0
1575337570.739115, -460.0
1575337570.752458, -460.0
1575337570.765823, -460.0
1575337571.192345, -460.0
1575337571.205721, -460.0
1575337571.219078, -460.0
1575337571.232436, -460.0
1575337571.245926, -460.0
1575337571.259309, -460.0
1575337571.272699, -460.0
1575337571.286074, -460.0
1575337571.299514, -460.0
1575337571.312955, -460.0
1575337571.326398, -460.0
1575337571.339785, -460.0
1575337571.353143, -460.0
1575337571.366637, -460.0
1575337571.380102, -460.0
1575337571.393475, -460.0
1575337571.406854, -460.0
1575337571.420243, -460.0
1575337571.433595, -460.0
1575337571.447047, -460.0
1575337571.460428, -460.0
1575337571.473808, -460.0
1575337571.487175, -460.0
1575337571.500558, -460.0
1575337571.513929, -460.0
1575337571.527398, -460.0
1575337571.540738, -460.0
1575337571.554124, -460.0
1575337571.567573, -460.0
1575337571.581031, -460.0
1575337571.594445, -460.0
1575337571.607818, -460.0
1575337571.621193, -460.0
1575337571.634644, -460.0
1575337571.648074, -460.0
1575337571.661491, -460.0
1575337571.67487, -460.0
1575337571.688259, -460.0
1575337571.701625, -460.0
1575337571.715019, -460.0
1575337571.728376, -460.0
1575337571.741763, -460.0
1575337571.75517, -460.0
1575337571.768545, -460.0
1575337571.781957, -460.0
1575337571.795411, -460.0
1575337571.808872, -460.0
1575337571.822352, -460.0
1575337571.835851, -460.0
1575337571.849329, -460.0
1575337571.862725, -460.0
1575337571.876085, -460.0
1575337571.88947, -460.0
1575337571.902889, -460.0
1575337571.916311, -460.0
1575337571.929755, -460.0
1575337571.943114, -460.0
1575337571.95646, -460.0
1575337571.969867, -460.0
1575337571.983155, -460.0
1575337571.996526, -460.0
1575337572.009935, -460.0
1575337572.023328, -460.0
1575337572.036679, -460.0
1575337572.050284, -460.0
1575337572.063708, -460.0
1575337572.077102, -460.0
1575337572.0905, -460.0
1575337572.103881, -460.0
1575337572.117361, -460.0
1575337572.13077, -460.0
1575337572.144122, -460.0
1575337572.157507, -460.0
1575337572.170946, -460.0
1575337572.184512, -460.0
1575337572.197867, -460.0
1575337572.211276, -460.0
1575337572.224712, -460.0
1575337572.238118, -460.0
1575337572.251562, -460.0
1575337572.265007, -460.0
1575337572.278457, -460.0
1575337572.291844, -460.0
1575337572.305151, -460.0
1575337572.318468, -460.0
1575337572.331874, -460.0
1575337572.345258, -460.0
1575337572.358707, -460.0
1575337572.372144, -460.0
1575337572.385521, -460.0
1575337572.398935, -460.0
1575337572.412306, -460.0
1575337572.425661, -460.0
1575337572.439044, -460.0
1575337572.452529, -460.0
1575337572.465957, -460.0
1575337572.479415, -460.0
1575337572.492802, -460.0
1575337572.506151, -460.0
1575337572.519581, -460.0
1575337572.533135, -460.0
1575337572.546569, -460.0
1575337572.559921, -460.0
1575337572.573371, -460.0
1575337572.586848, -460.0
1575337572.600339, -460.0
1575337572.613962, -460.0
1575337572.627564, -460.0
1575337572.640996, -460.0
1575337572.65443, -460.0
1575337572.668024, -460.0
1575337572.68154, -460.0
1575337572.695238, -460.0
1575337572.708941, -460.0
1575337572.722566, -460.0
1575337572.736108, -460.0
1575337572.749726, -460.0
1575337572.763344, -460.0
1575337572.776847, -460.0
1575337572.790237, -460.0
1575337572.803652, -460.0
1575337572.817203, -460.0
1575337572.830594, -460.0
1575337572.843974, -460.0
1575337572.85732, -460.0
1575337572.870681, -460.0
1575337572.884076, -460.0
1575337572.897476, -460.0
1575337572.91091, -460.0
1575337572.92434, -460.0
1575337572.937718, -460.0
1575337572.951217, -460.0
1575337572.964593, -460.0
1575337572.978025, -460.0
1575337572.991385, -460.0
1575337573.004775, -460.0
1575337573.018156, -460.0
1575337573.031663, -460.0
1575337573.045079, -460.0
1575337573.058556, -460.0
1575337573.072036, -460.0
1575337573.085435, -460.0
1575337573.098872, -460.0
1575337573.112275, -460.0
1575337573.125752, -460.0
1575337573.139208, -460.0
1575337573.152597, -460.0
1575337573.165996, -460.0
1575337573.17949, -460.0
1575337573.193028, -460.0
1575337573.206556, -460.0
1575337573.219917, -460.0
1575337573.233282, -460.0
1575337573.246748, -460.0
1575337573.26017, -460.0
1575337573.273541, -460.0
1575337573.286919, -460.0
1575337573.300379, -460.0
1575337573.313742, -460.0
1575337573.327119, -460.0
1575337573.340404, -460.0
1575337573.353786, -460.0
1575337573.367225, -460.0
1575337573.380619, -460.0
1575337573.394094, -460.0
1575337573.407464, -460.0
1575337573.420911, -460.0
1575337573.434368, -460.0
1575337573.447789, -460.0
1575337573.461231, -460.0
1575337573.474529, -460.0
1575337573.487861, -460.0
1575337573.501271, -460.0
1575337573.514604, -460.0
1575337573.528029, -460.0
1575337573.541384, -460.0
1575337573.55478, -460.0
1575337573.568266, -460.0
1575337573.581747, -460.0
1575337573.595135, -460.0
1575337573.608649, -460.0
1575337573.622193, -460.0
1575337573.63563, -460.0
1575337573.649061, -460.0
1575337573.66256, -460.0
1575337573.676043, -460.0
1575337573.689375, -460.0
1575337573.70277, -460.0
1575337573.716212, -460.0
1575337573.729719, -460.0
