1574471180.539801, -216.0
1574471182.94841, -216.0
1574471185.375172, -210.0
1574471187.968719, -210.0
1574471190.284669, -210.0
1574471192.640699, -210.0
1574471195.006883, -210.0
1574471197.346123, -210.0
1574471199.726495, -210.0
1574471202.151957, -210.0
1574471204.538229, -210.0
1574471206.968412, -210.0
1574471209.372956, -210.0
1574471211.810735, -210.0
1574471220.666266, -210.0
1574471222.996361, -210.0
1574471225.385075, -210.0
1574471227.782356, -210.0
1574471230.157973, -210.0
1574471232.498345, -210.0
1574471234.945113, -210.0
1574471237.332684, -210.0
1574471239.761302, -210.0
1574471242.145707, -210.0
1574471244.511913, -210.0
1574471253.698624, -210.0
1574471262.656934, -210.0
1574471265.04511, -210.0
1574471281.14645, -207.0
1574471299.427131, -207.0
1574471301.814218, -207.0
1574471313.573606, -207.0
1574471315.921717, -207.0
1574471318.366217, -207.0
1574471320.973717, -207.0
1574471323.589099, -207.0
1574471326.021545, -207.0
1574471328.426891, -207.0
1574471330.894039, -207.0
1574471333.35649, -207.0
1574471335.879956, -207.0
1574471338.533344, -207.0
1574471340.961175, -207.0
1574471360.46551, -207.0
1574471371.043692, -207.0
1574471382.886008, -207.0
1574471401.223555, -207.0
1574471411.760142, -207.0
1574471437.176046, -205.0
1574471471.087131, -205.0
1574471181.302165, -216.0
1574471184.068552, -216.0
1574471196.467072, -210.0
1574471199.506226, -210.0
1574471202.251495, -210.0
1574471204.990434, -210.0
1574471207.738314, -210.0
1574471210.501906, -210.0
1574471213.34547, -210.0
1574471216.113586, -210.0
1574471218.880861, -210.0
1574471221.744953, -210.0
1574471224.532496, -210.0
1574471227.300237, -210.0
1574471230.089537, -210.0
1574471232.917792, -210.0
1574471235.774764, -210.0
1574471238.523589, -210.0
1574471241.2694, -210.0
1574471249.40419, -210.0
1574471252.156779, -210.0
1574471254.973957, -210.0
1574471257.724202, -210.0
1574471260.469173, -210.0
1574471263.232848, -210.0
1574471266.006887, -210.0
1574471268.789065, -210.0
1574471271.544102, -210.0
1574471274.392942, -210.0
1574471296.307691, -207.0
1574471299.096043, -207.0
1574471301.910765, -207.0
1574471304.684356, -207.0
1574471307.437804, -207.0
1574471310.268402, -207.0
1574471313.062926, -207.0
1574471315.956987, -207.0
1574471318.752148, -207.0
1574471321.508357, -207.0
1574471324.262186, -207.0
1574471334.491624, -207.0
1574471337.256802, -207.0
1574471340.016165, -207.0
1574471342.789634, -207.0
1574471345.658999, -207.0
1574471348.493937, -207.0
1574471351.326213, -207.0
1574471360.325183, -207.0
1574471363.16371, -207.0
1574471365.956772, -207.0
1574471184.395171, -210.0
1574471189.92201, -210.0
1574471226.21977, -210.0
1574471232.081743, -210.0
1574471237.948833, -210.0
1574471251.285163, -210.0
1574471263.383532, -210.0
1574471268.89835, -210.0
1574471274.460091, -210.0
1574471279.998906, -207.0
1574471285.567486, -207.0
1574471291.173392, -207.0
1574471296.721205, -207.0
1574471302.257226, -207.0
1574471307.864937, -207.0
1574471313.435366, -207.0
1574471319.065133, -207.0
1574471324.585215, -207.0
1574471330.113452, -207.0
1574471335.644969, -207.0
1574471341.1835, -207.0
1574471346.700629, -207.0
1574471352.263577, -207.0
1574471357.807661, -207.0
1574471363.328726, -207.0
1574471368.891334, -207.0
1574471374.40142, -207.0
1574471380.002943, -207.0
1574471385.999264, -207.0
1574471391.988331, -207.0
1574471397.887633, -207.0
1574471403.786479, -207.0
1574471409.726148, -207.0
1574471415.68049, -207.0
1574471421.507589, -205.0
1574471427.362813, -205.0
1574471433.220085, -205.0
1574471445.35094, -205.0
1574471451.28857, -205.0
1574471457.267524, -205.0
1574471463.084633, -205.0
1574471468.999275, -205.0
1574471474.826836, -205.0
1574471480.426854, -205.0
1574471485.962593, -205.0
1574471491.53212, -205.0
1574471497.120379, -205.0
1574471502.723432, -205.0
1574471508.293709, -205.0
1574471513.881112, -205.0
1574471185.436028, -210.0
1574471191.539675, -210.0
1574471217.847589, -210.0
1574471224.55908, -210.0
1574471230.917916, -210.0
1574471237.574294, -210.0
1574471274.825014, -207.0
1574471280.943632, -207.0
1574471297.129463, -207.0
1574471303.424941, -207.0
1574471309.619282, -207.0
1574471315.836394, -207.0
1574471322.062167, -207.0
1574471328.224705, -207.0
1574471334.405913, -207.0
1574471360.595613, -207.0
1574471390.555172, -207.0
1574471418.687478, -205.0
1574471442.223555, -205.0
1574471466.676576, -205.0
1574471503.740482, -205.0
1574471553.569035, -205.0
1574471559.881588, -205.0
1574471598.348531, -205.0
1574471650.604445, -203.0
1574471708.086989, -203.0
1574471790.488293, -203.0
1574471812.148124, -203.0
1574471829.955164, -203.0
1574471836.49077, -203.0
1574471856.131451, -203.0
1574471906.11085, -202.0
1574471964.952062, -202.0
1574472022.143008, -202.0
1574472078.664298, -201.0
1574472140.47493, -201.0
1574472199.736576, -201.0
1574472263.729885, -201.0
1574472319.537868, -201.0
1574472374.169192, -201.0
1574472424.538117, -201.0
1574472478.110551, -201.0
1574472526.576554, -201.0
1574472581.352007, -200.0
1574472623.941312, -200.0
1574472677.304591, -200.0
1574472728.020309, -200.0
1574472781.028124, -200.0
1574472827.570786, -200.0
1574472878.757701, -200.0
1574471369.279531, -207.0
1574471372.056604, -207.0
1574471374.828023, -207.0
1574471377.724406, -207.0
1574471380.495198, -207.0
1574471383.262339, -207.0
1574471386.021101, -207.0
1574471388.779911, -207.0
1574471391.549361, -207.0
1574471394.306497, -207.0
1574471397.068499, -207.0
1574471399.887916, -207.0
1574471402.656864, -207.0
1574471405.416549, -207.0
1574471408.187864, -207.0
1574471410.947687, -207.0
1574471419.889276, -205.0
1574471422.653578, -205.0
1574471425.450589, -205.0
1574471428.253187, -205.0
1574471431.014193, -205.0
1574471433.816041, -205.0
1574471436.5861, -205.0
1574471439.343506, -205.0
1574471442.115493, -205.0
1574471444.958739, -205.0
1574471447.743951, -205.0
1574471450.530695, -205.0
1574471453.294927, -205.0
1574471456.061353, -205.0
1574471458.832411, -205.0
1574471461.693766, -205.0
1574471464.57982, -205.0
1574471467.358948, -205.0
1574471470.116972, -205.0
1574471472.878214, -205.0
1574471475.628572, -205.0
1574471478.37776, -205.0
1574471481.13124, -205.0
1574471483.884487, -205.0
1574471486.634579, -205.0
1574471489.447359, -205.0
1574471492.256491, -205.0
1574471495.012505, -205.0
1574471497.808392, -205.0
1574471500.567524, -205.0
1574471503.366459, -205.0
1574471506.116385, -205.0
1574471508.876838, -205.0
1574471511.626956, -205.0
1574471472.685838, -205.0
1574471473.836864, -205.0
1574471475.001102, -205.0
1574471476.114321, -205.0
1574471477.261492, -205.0
1574471478.368747, -205.0
1574471479.475441, -205.0
1574471480.613242, -205.0
1574471481.768985, -205.0
1574471482.901913, -205.0
1574471484.055161, -205.0
1574471485.187667, -205.0
1574471486.297641, -205.0
1574471487.410758, -205.0
1574471488.522455, -205.0
1574471489.632261, -205.0
1574471496.462967, -205.0
1574471497.569264, -205.0
1574471498.681172, -205.0
1574471499.785154, -205.0
1574471500.911315, -205.0
1574471502.015794, -205.0
1574471503.176958, -205.0
1574471510.044813, -205.0
1574471516.641444, -205.0
1574471521.551355, -205.0
1574471522.653978, -205.0
1574471529.169365, -205.0
1574471541.817935, -205.0
1574471548.354453, -205.0
1574471555.044379, -205.0
1574471568.770733, -205.0
1574471574.884776, -205.0
1574471581.837034, -205.0
1574471582.947523, -205.0
1574471584.052576, -205.0
1574471585.162332, -205.0
1574471592.043479, -205.0
1574471593.188398, -205.0
1574471594.335558, -205.0
1574471595.459502, -205.0
1574471596.566157, -205.0
1574471597.679173, -205.0
1574471598.805608, -205.0
1574471599.907594, -205.0
1574471601.012723, -205.0
1574471602.192168, -205.0
1574471609.501194, -205.0
1574471610.632002, -205.0
1574471611.787758, -205.0
1574471514.456821, -205.0
1574471537.597144, -205.0
1574471562.732494, -205.0
1574471590.395567, -205.0
1574471615.615384, -205.0
1574471641.112675, -203.0
1574471666.079072, -203.0
1574471691.310786, -203.0
1574471715.986037, -203.0
1574471739.589375, -203.0
1574471762.429683, -203.0
1574471785.992513, -203.0
1574471806.626558, -203.0
1574471827.141109, -203.0
1574471848.150095, -203.0
1574471869.656128, -202.0
1574471891.212698, -202.0
1574471912.756636, -202.0
1574471933.919017, -202.0
1574471955.081875, -202.0
1574471971.858079, -202.0
1574471987.973609, -202.0
1574472004.195841, -202.0
1574472020.544972, -202.0
1574472036.855513, -202.0
1574472058.048703, -202.0
1574472080.088911, -201.0
1574472101.713459, -201.0
1574472125.713033, -201.0
1574472147.477226, -201.0
1574472169.074458, -201.0
1574472190.958776, -201.0
1574472213.187272, -201.0
1574472236.11699, -201.0
1574472260.023286, -201.0
1574472283.023845, -201.0
1574472304.857096, -201.0
1574472326.404691, -201.0
1574472348.486223, -201.0
1574472369.887456, -201.0
1574472391.25924, -201.0
1574472413.325779, -201.0
1574472434.81035, -201.0
1574472455.75478, -201.0
1574472477.312105, -201.0
1574472498.544616, -201.0
1574472520.039987, -201.0
1574472541.077348, -201.0
1574472562.311718, -201.0
1574472583.319975, -200.0
1574471514.978776, -205.0
1574471515.630829, -205.0
1574471516.232227, -205.0
1574471516.84698, -205.0
1574471517.467115, -205.0
1574471518.115732, -205.0
1574471518.758319, -205.0
1574471519.397945, -205.0
1574471520.032026, -205.0
1574471520.662364, -205.0
1574471521.270842, -205.0
1574471521.860431, -205.0
1574471522.451967, -205.0
1574471523.038495, -205.0
1574471523.627236, -205.0
1574471524.216045, -205.0
1574471524.822089, -205.0
1574471525.438758, -205.0
1574471526.063167, -205.0
1574471526.673997, -205.0
1574471527.285015, -205.0
1574471527.902822, -205.0
1574471528.514955, -205.0
1574471529.138825, -205.0
1574471529.765386, -205.0
1574471530.376344, -205.0
1574471531.001776, -205.0
1574471538.079593, -205.0
1574471542.762785, -205.0
1574471547.272404, -205.0
1574471551.538018, -205.0
1574471556.592372, -205.0
1574471561.867829, -205.0
1574471568.370718, -205.0
1574471568.924137, -205.0
1574471575.211665, -205.0
1574471581.741214, -205.0
1574471587.352669, -205.0
1574471592.060419, -205.0
1574471597.856218, -205.0
1574471598.412592, -205.0
1574471604.801839, -205.0
1574471610.810456, -205.0
1574471615.767549, -205.0
1574471620.072391, -203.0
1574471624.664595, -203.0
1574471628.835553, -203.0
1574471633.534643, -203.0
1574471638.421502, -203.0
1574471645.171387, -203.0
1574471615.13185, -205.0
1574471617.895462, -205.0
1574471620.749901, -203.0
1574471623.542272, -203.0
1574471626.29899, -203.0
1574471629.069046, -203.0
1574471631.831845, -203.0
1574471640.430749, -203.0
1574471643.282277, -203.0
1574471646.118787, -203.0
1574471648.999757, -203.0
1574471651.793406, -203.0
1574471654.585691, -203.0
1574471657.35099, -203.0
1574471664.391878, -203.0
1574471670.908551, -203.0
1574471677.466799, -203.0
1574471684.14562, -203.0
1574471690.71675, -203.0
1574471702.746251, -203.0
1574471726.62493, -203.0
1574471750.175261, -203.0
1574471769.248764, -203.0
1574471788.729487, -203.0
1574471807.745429, -203.0
1574471833.025723, -203.0
1574471851.563229, -203.0
1574471865.351005, -202.0
1574471878.89091, -202.0
1574471892.711704, -202.0
1574471912.773803, -202.0
1574471926.495196, -202.0
1574471952.701514, -202.0
1574471972.523784, -202.0
1574471998.307165, -202.0
1574472021.218459, -202.0
1574472043.889631, -202.0
1574472065.235672, -202.0
1574472087.064377, -201.0
1574472111.447214, -201.0
1574472133.999082, -201.0
1574472157.31787, -201.0
1574472180.829138, -201.0
1574472203.464737, -201.0
1574472228.285371, -201.0
1574472252.599682, -201.0
1574472276.244081, -201.0
1574472298.518621, -201.0
1574472320.816641, -201.0
1574472341.945703, -201.0
1574471646.292266, -203.0
1574471646.852164, -203.0
1574471647.439614, -203.0
1574471648.083685, -203.0
1574471653.51706, -203.0
1574471658.241076, -203.0
1574471662.909847, -203.0
1574471667.461948, -203.0
1574471672.447845, -203.0
1574471677.204794, -203.0
1574471681.729315, -203.0
1574471686.357086, -203.0
1574471691.209106, -203.0
1574471695.707593, -203.0
1574471700.379385, -203.0
1574471705.141271, -203.0
1574471709.942379, -203.0
1574471714.454039, -203.0
1574471719.37268, -203.0
1574471723.923267, -203.0
1574471728.871641, -203.0
1574471733.610732, -203.0
1574471738.288269, -203.0
1574471743.173494, -203.0
1574471748.041034, -203.0
1574471752.874249, -203.0
1574471757.42861, -203.0
1574471762.460182, -203.0
1574471768.821236, -203.0
1574471779.43043, -203.0
1574471780.000144, -203.0
1574471780.555853, -203.0
1574471781.11287, -203.0
1574471788.003404, -203.0
1574471795.812739, -203.0
1574471802.922553, -203.0
1574471803.485387, -203.0
1574471813.303426, -203.0
1574471817.909337, -203.0
1574471822.716675, -203.0
1574471827.232823, -203.0
1574471831.770297, -203.0
1574471836.268591, -203.0
1574471840.725526, -203.0
1574471845.875312, -203.0
1574471851.304657, -203.0
1574471856.120863, -203.0
1574471860.862709, -203.0
1574471865.747202, -202.0
1574471870.825646, -202.0
1574471877.380236, -202.0
1574471882.407411, -202.0
1574471886.705883, -202.0
1574471890.756878, -202.0
1574471894.785929, -202.0
1574471898.625651, -202.0
1574471903.070271, -202.0
1574471907.389423, -202.0
1574471911.559495, -202.0
1574471915.785831, -202.0
1574471919.974438, -202.0
1574471924.138944, -202.0
1574471928.362676, -202.0
1574471932.451558, -202.0
1574471936.72298, -202.0
1574471940.853269, -202.0
1574471944.961502, -202.0
1574471949.129852, -202.0
1574471953.19002, -202.0
1574471957.548803, -202.0
1574471961.673714, -202.0
1574471966.032875, -202.0
1574471970.050572, -202.0
1574471974.386021, -202.0
1574471978.572224, -202.0
1574471983.017828, -202.0
1574471987.279314, -202.0
1574471991.588572, -202.0
1574471995.734555, -202.0
1574471999.927763, -202.0
1574472004.251676, -202.0
1574472008.274709, -202.0
1574472012.403248, -202.0
1574472016.613951, -202.0
1574472020.918274, -202.0
1574472025.184144, -202.0
1574472029.309313, -202.0
1574472033.42759, -202.0
1574472037.732694, -202.0
1574472042.363901, -202.0
1574472046.821169, -202.0
1574472051.458596, -202.0
1574472056.157232, -202.0
1574472060.94224, -202.0
1574472065.686248, -202.0
1574472070.330159, -202.0
1574472074.898682, -202.0
1574472079.4459, -201.0
1574472083.735212, -201.0
1574472087.935533, -201.0
1574472089.035061, -201.0
1574472089.83416, -201.0
1574472090.442567, -201.0
1574472091.043301, -201.0
1574472091.749335, -201.0
1574472092.359479, -201.0
1574472092.978899, -201.0
1574472093.565678, -201.0
1574472094.142553, -201.0
1574472094.748986, -201.0
1574472095.371456, -201.0
1574472096.07196, -201.0
1574472104.273642, -201.0
1574472109.881622, -201.0
1574472114.485799, -201.0
1574472119.015213, -201.0
1574472123.752967, -201.0
1574472129.07043, -201.0
1574472135.026645, -201.0
1574472140.941533, -201.0
1574472147.045573, -201.0
1574472153.128018, -201.0
1574472159.160852, -201.0
1574472165.640548, -201.0
1574472171.595013, -201.0
1574472177.566078, -201.0
1574472183.894365, -201.0
1574472189.965641, -201.0
1574472196.086927, -201.0
1574472201.885253, -201.0
1574472207.983702, -201.0
1574472213.796014, -201.0
1574472219.624766, -201.0
1574472225.432378, -201.0
1574472231.857914, -201.0
1574472237.70562, -201.0
1574472243.932365, -201.0
1574472249.116828, -201.0
1574472254.483619, -201.0
1574472259.842533, -201.0
1574472265.632055, -201.0
1574472270.645831, -201.0
1574472275.763441, -201.0
1574472280.579293, -201.0
1574472285.845953, -201.0
1574472290.930635, -201.0
1574472295.526912, -201.0
1574472300.930967, -201.0
1574472307.317716, -201.0
1574472313.464156, -201.0
1574473088.850754, -200.0
1574473094.553748, -200.0
1574473100.766759, -200.0
1574473106.822544, -200.0
1574473112.582219, -200.0
1574473118.396855, -200.0
1574473124.338229, -200.0
1574473130.349185, -200.0
1574473136.608397, -200.0
1574473143.140102, -200.0
1574473149.355562, -200.0
1574473155.419388, -200.0
1574473160.281384, -200.0
1574473165.350394, -200.0
1574473170.275748, -200.0
1574473174.980233, -200.0
1574473179.923077, -200.0
1574473184.812814, -200.0
1574473189.341502, -200.0
1574473194.408809, -200.0
1574473198.935112, -200.0
1574473203.333681, -200.0
1574473207.988789, -200.0
1574473212.458449, -200.0
1574473216.758744, -200.0
1574473221.267625, -200.0
1574473225.511376, -200.0
1574473229.847791, -200.0
1574473234.361624, -200.0
1574473240.331054, -200.0
1574473240.88873, -200.0
1574473241.438947, -200.0
1574473247.701931, -200.0
1574473253.457675, -200.0
1574473259.262121, -200.0
1574473265.55073, -200.0
1574473266.109819, -200.0
1574473266.671195, -200.0
1574473267.232121, -200.0
1574473267.79411, -200.0
1574473268.357463, -200.0
1574473268.91974, -200.0
1574473269.482128, -200.0
1574473270.04215, -200.0
1574473270.61206, -200.0
1574473271.187906, -200.0
1574473271.761397, -200.0
1574473272.334237, -200.0
1574473272.89505, -200.0
1574473273.452573, -200.0
1574473274.015941, -200.0
1574473274.648865, -200.0
1574473275.210675, -200.0
1574473275.783542, -200.0
1574473276.374418, -200.0
1574473276.955426, -200.0
1574473282.995813, -200.0
1574473288.202163, -200.0
1574473292.877458, -200.0
1574473297.325592, -196.0
1574473302.534486, -196.0
1574473306.710714, -196.0
1574473311.909073, -196.0
1574473317.965622, -196.0
1574473318.538162, -196.0
1574473319.117594, -196.0
1574473319.701497, -196.0
1574473320.294476, -196.0
1574473320.887356, -196.0
1574473327.170383, -196.0
1574473333.557923, -196.0
1574473339.017588, -196.0
1574473344.943584, -196.0
1574473350.66081, -196.0
1574473356.320701, -196.0
1574473362.038234, -196.0
1574473367.995213, -196.0
1574473374.1065, -196.0
1574473380.271051, -196.0
1574473385.989554, -196.0
1574473391.442261, -196.0
1574473397.079277, -196.0
1574473402.067869, -196.0
1574473407.459085, -196.0
1574473413.175871, -196.0
1574473418.218549, -196.0
1574473423.787328, -196.0
1574473429.876824, -196.0
1574473434.495922, -196.0
1574473439.089274, -196.0
1574473443.519295, -196.0
1574473447.96948, -196.0
1574473452.682095, -196.0
1574473457.571255, -196.0
1574473462.00498, -196.0
1574473467.733448, -196.0
1574473473.57439, -196.0
1574473479.538884, -196.0
1574473485.506724, -196.0
1574473491.933226, -196.0
1574473497.917976, -196.0
1574473503.827702, -196.0
1574473509.555148, -196.0
1574473515.584303, -196.0
1574473521.469413, -196.0
1574473527.54411, -196.0
1574473533.243708, -196.0
1574473538.213553, -196.0
1574473542.96782, -196.0
1574473548.397718, -196.0
1574473553.285767, -196.0
1574473558.379694, -196.0
1574473563.386174, -196.0
1574473568.13703, -196.0
1574473572.993813, -196.0
1574473577.661271, -196.0
1574473582.743259, -196.0
1574473587.575004, -196.0
1574473593.867434, -196.0
1574473599.837746, -196.0
1574473606.202192, -196.0
1574473612.732676, -196.0
1574473619.109355, -196.0
1574473625.168601, -196.0
1574473631.019209, -196.0
1574473637.081906, -196.0
1574473642.903019, -196.0
1574473649.200169, -196.0
1574473655.56719, -196.0
1574473661.864303, -196.0
1574473668.280368, -196.0
1574473674.287441, -196.0
1574473680.628306, -196.0
1574473686.192729, -196.0
1574473691.299131, -196.0
1574473695.564166, -196.0
1574473700.297163, -196.0
1574473705.216851, -196.0
1574473709.828727, -196.0
1574473714.783773, -196.0
1574473719.599871, -196.0
1574473724.430608, -196.0
1574473730.415436, -196.0
1574473736.243103, -196.0
1574473741.424735, -196.0
1574473746.567283, -196.0
1574473751.251039, -196.0
1574473756.440442, -196.0
1574473762.988745, -196.0
1574473769.256971, -196.0
1574473775.485433, -196.0
1574473781.741299, -196.0
1574473788.774636, -196.0
1574473795.714363, -196.0
1574473802.173096, -196.0
1574473808.335734, -196.0
1574473813.345725, -196.0
1574473818.042062, -196.0
1574473822.918622, -196.0
1574473828.395637, -196.0
1574473834.321036, -196.0
1574473840.879177, -196.0
1574473846.852029, -196.0
1574473847.411236, -196.0
1574473853.425679, -196.0
1574473860.024736, -196.0
1574473866.213362, -196.0
1574473872.124972, -196.0
1574473878.063084, -196.0
1574473883.625852, -196.0
1574473889.136755, -196.0
1574473894.008395, -196.0
1574473898.905371, -196.0
1574473903.24097, -196.0
1574473907.67508, -196.0
1574473912.104849, -196.0
1574473916.659296, -196.0
1574473921.463143, -196.0
1574473926.744956, -196.0
1574473931.433992, -196.0
1574473935.916336, -196.0
1574473940.29969, -196.0
1574473944.794016, -196.0
1574473949.074157, -196.0
1574473953.877528, -196.0
1574473959.73541, -196.0
1574473965.85406, -196.0
1574473972.327662, -196.0
1574473972.894915, -196.0
1574473973.467471, -196.0
1574473980.123004, -196.0
1574473980.676453, -196.0
1574473981.261693, -196.0
1574473987.438614, -196.0
1574473993.204848, -196.0
1574473998.800074, -196.0
1574474003.280374, -196.0
1574474007.788358, -196.0
1574474012.1178, -196.0
1574474016.643231, -196.0
1574474021.198881, -196.0
1574474025.67045, -196.0
1574474030.276374, -196.0
1574474034.688342, -196.0
1574474039.004434, -196.0
1574474043.24624, -196.0
1574474047.714682, -196.0
1574474052.477355, -196.0
1574474057.12013, -196.0
1574474061.756647, -196.0
1574474067.81827, -196.0
1574474068.371094, -196.0
1574474068.939533, -196.0
1574474069.526553, -196.0
1574474075.569036, -196.0
1574474081.937991, -196.0
1574474088.225747, -196.0
1574474094.32581, -196.0
1574474100.338663, -196.0
1574474106.395549, -196.0
1574474112.312727, -196.0
1574474118.715774, -196.0
1574474124.864046, -196.0
1574474130.645896, -196.0
1574474135.469713, -196.0
1574474140.389304, -196.0
1574474146.14363, -196.0
1574474152.012797, -196.0
1574474158.05083, -196.0
1574474164.113137, -196.0
1574474170.181456, -196.0
1574474176.158583, -196.0
1574474182.598304, -196.0
1574474188.30462, -196.0
1574474194.273377, -196.0
1574474200.562176, -196.0
1574474206.649166, -196.0
1574474212.380243, -196.0
1574474218.437551, -196.0
1574474224.635013, -196.0
1574474230.462203, -196.0
1574474236.336724, -196.0
1574474241.903461, -196.0
1574474246.722615, -196.0
1574474252.090034, -196.0
1574474256.994933, -196.0
1574474261.801042, -196.0
1574474267.486533, -196.0
1574474273.501305, -196.0
1574474279.711827, -196.0
1574473083.562226, -200.0
1574473084.173081, -200.0
1574473084.745822, -200.0
1574473091.312617, -200.0
1574473097.212427, -200.0
1574473097.799564, -200.0
1574473098.350661, -200.0
1574473098.901244, -200.0
1574473099.456488, -200.0
1574473100.022377, -200.0
1574473100.574554, -200.0
1574473101.124937, -200.0
1574473101.693512, -200.0
1574473102.359858, -200.0
1574473102.929784, -200.0
1574473103.482795, -200.0
1574473104.033993, -200.0
1574473104.585284, -200.0
1574473105.154445, -200.0
1574473105.719572, -200.0
1574473106.276562, -200.0
1574473106.83214, -200.0
1574473107.386349, -200.0
1574473107.938781, -200.0
1574473108.496595, -200.0
1574473109.055664, -200.0
1574473109.610295, -200.0
1574473115.676698, -200.0
1574473121.359822, -200.0
1574473126.111705, -200.0
1574473131.142881, -200.0
1574473136.374833, -200.0
1574473141.690762, -200.0
1574473147.554375, -200.0
1574473153.514429, -200.0
1574473154.079125, -200.0
1574473154.648998, -200.0
1574473155.225589, -200.0
1574473155.825722, -200.0
1574473156.397933, -200.0
1574473156.971033, -200.0
1574473157.542798, -200.0
1574473158.117058, -200.0
1574473158.690918, -200.0
1574473159.268151, -200.0
1574473159.841816, -200.0
1574473160.420523, -200.0
1574473160.995053, -200.0
1574473165.830667, -200.0
1574473170.109345, -200.0
1574473174.63861, -200.0
1574473178.988859, -200.0
1574473183.079292, -200.0
1574473187.533684, -200.0
1574473192.157196, -200.0
1574473196.40431, -200.0
1574473200.693334, -200.0
1574473205.168581, -200.0
1574473209.733391, -200.0
1574473214.315149, -200.0
1574473218.837845, -200.0
1574473223.281355, -200.0
1574473227.846693, -200.0
1574473232.07626, -200.0
1574473236.6906, -200.0
1574473241.153743, -200.0
1574473247.037262, -200.0
1574473253.403637, -200.0
1574473259.876185, -200.0
1574473266.50248, -200.0
1574473272.439914, -200.0
1574473278.387527, -200.0
1574473284.238355, -200.0
1574473289.720359, -200.0
1574473295.190575, -196.0
1574473299.940679, -196.0
1574473305.343437, -196.0
1574473311.137693, -196.0
1574473317.586829, -196.0
1574473323.805256, -196.0
1574473329.849626, -196.0
1574473335.67236, -196.0
1574473340.135439, -196.0
1574473346.072645, -196.0
1574473352.105339, -196.0
1574473358.122921, -196.0
1574473363.683382, -196.0
1574473370.095161, -196.0
1574473376.56439, -196.0
1574473382.918549, -196.0
1574473389.348278, -196.0
1574473394.007583, -196.0
1574473398.380843, -196.0
1574473402.855766, -196.0
1574473407.301345, -196.0
1574473412.0273, -196.0
1574473416.567158, -196.0
1574473421.691433, -196.0
1574473427.36581, -196.0
1574473433.762797, -196.0
1574473440.265312, -196.0
1574473446.344794, -196.0
1574473451.56174, -196.0
1574473456.347637, -196.0
1574473461.293038, -196.0
1574473466.325002, -196.0
1574473471.222993, -196.0
1574473475.771066, -196.0
1574473480.640998, -196.0
1574473486.453714, -196.0
1574473493.279406, -196.0
1574473499.319789, -196.0
1574473504.533155, -196.0
1574473510.575081, -196.0
1574473511.166388, -196.0
1574473511.781272, -196.0
1574473512.376399, -196.0
1574473512.955695, -196.0
1574473513.543084, -196.0
1574473514.152151, -196.0
1574473514.760955, -196.0
1574473521.34226, -196.0
1574473527.672215, -196.0
1574473533.149843, -196.0
1574473538.003864, -196.0
1574473543.099578, -196.0
1574473549.07808, -196.0
1574473555.513238, -196.0
1574473561.957831, -196.0
1574473568.827931, -196.0
1574473575.082906, -196.0
1574473581.214482, -196.0
1574473587.136508, -196.0
1574473592.96463, -196.0
1574473599.045193, -196.0
1574473605.023581, -196.0
1574473610.765993, -196.0
1574473615.828611, -196.0
1574473621.360393, -196.0
1574473627.346502, -196.0
1574473632.800992, -196.0
1574473637.992913, -196.0
1574473643.789538, -196.0
1574473649.781319, -196.0
1574473655.835827, -196.0
1574473661.639215, -196.0
1574473667.769735, -196.0
1574473673.649575, -196.0
1574473679.520528, -196.0
1574473685.234444, -196.0
1574473691.100945, -196.0
1574473697.103982, -196.0
1574473703.465433, -196.0
1574473709.451865, -196.0
1574473715.624875, -196.0
1574473721.859844, -196.0
1574473727.040363, -196.0
1574473732.523531, -196.0
1574473737.411283, -196.0
1574473741.763968, -196.0
1574473745.909832, -196.0
1574473750.523843, -196.0
1574473754.965654, -196.0
1574473760.509137, -196.0
1574473765.473662, -196.0
1574473770.107123, -196.0
1574473774.627731, -196.0
1574473779.130096, -196.0
1574473784.975938, -196.0
1574473791.928594, -196.0
1574473798.973488, -196.0
1574473804.425605, -196.0
1574473809.207564, -196.0
1574473813.947938, -196.0
1574473819.971771, -196.0
1574473825.865289, -196.0
1574473831.775437, -196.0
1574473837.785306, -196.0
1574473843.959436, -196.0
1574473850.354802, -196.0
1574473856.739506, -196.0
1574473862.380166, -196.0
1574473868.225535, -196.0
1574473874.154952, -196.0
1574473880.251212, -196.0
1574473886.096897, -196.0
1574473891.707711, -196.0
1574473897.757246, -196.0
1574473903.742764, -196.0
1574473910.061444, -196.0
1574473915.940392, -196.0
1574473921.945704, -196.0
1574473927.951123, -196.0
1574473934.173042, -196.0
1574473939.989642, -196.0
1574473945.9376, -196.0
1574473951.692496, -196.0
1574473957.618192, -196.0
1574473963.670477, -196.0
1574473969.812294, -196.0
1574473975.766975, -196.0
1574473981.430937, -196.0
1574473987.198386, -196.0
1574473993.114361, -196.0
1574473999.148235, -196.0
1574474005.095995, -196.0
1574474011.577678, -196.0
1574474018.069984, -196.0
1574474024.439438, -196.0
1574474030.561471, -196.0
1574474036.714947, -196.0
1574474042.84723, -196.0
1574474049.223671, -196.0
1574474055.322807, -196.0
1574474061.56931, -196.0
1574474068.14512, -196.0
1574474074.368148, -196.0
1574474080.588723, -196.0
1574474086.74275, -196.0
1574474093.439705, -196.0
1574474100.417912, -196.0
1574474106.731303, -196.0
1574474112.759529, -196.0
1574474118.579695, -196.0
1574474123.305286, -196.0
1574474128.058228, -196.0
1574474133.629148, -196.0
1574474139.41183, -196.0
1574474145.082432, -196.0
1574474151.104191, -196.0
1574474156.661987, -196.0
1574474162.499169, -196.0
1574474168.340983, -196.0
1574474174.420404, -196.0
1574474180.756286, -196.0
1574474186.91687, -196.0
1574474193.028176, -196.0
1574474199.256916, -196.0
1574474205.111672, -196.0
1574474211.117189, -196.0
1574474217.091238, -196.0
1574474223.049368, -196.0
1574474229.047846, -196.0
1574474234.787221, -196.0
1574474240.908745, -196.0
1574474246.664457, -196.0
1574474252.716143, -196.0
1574474257.82537, -196.0
1574474262.406067, -196.0
1574474266.843362, -196.0
1574473083.916514, -200.0
1574473084.490934, -200.0
1574473085.061468, -200.0
1574473091.73051, -200.0
1574473098.334312, -200.0
1574473104.775796, -200.0
1574473109.809659, -200.0
1574473114.466606, -200.0
1574473119.298213, -200.0
1574473123.603157, -200.0
1574473128.343868, -200.0
1574473132.719765, -200.0
1574473137.724638, -200.0
1574473142.580641, -200.0
1574473147.467916, -200.0
1574473151.996442, -200.0
1574473157.78646, -200.0
1574473163.468144, -200.0
1574473169.407267, -200.0
1574473176.013062, -200.0
1574473176.565262, -200.0
1574473183.04267, -200.0
1574473183.625387, -200.0
1574473184.21262, -200.0
1574473190.818065, -200.0
1574473196.021594, -200.0
1574473200.590465, -200.0
1574473205.112878, -200.0
1574473209.639104, -200.0
1574473214.069134, -200.0
1574473218.485667, -200.0
1574473223.448962, -200.0
1574473229.415043, -200.0
1574473234.473329, -200.0
1574473239.493188, -200.0
1574473244.189016, -200.0
1574473248.804302, -200.0
1574473253.623244, -200.0
1574473258.833167, -200.0
1574473264.679627, -200.0
1574473270.85227, -200.0
1574473277.19075, -200.0
1574473282.678835, -200.0
1574473288.582722, -200.0
1574473294.137588, -196.0
1574473300.235442, -196.0
1574473306.660493, -196.0
1574473313.289851, -196.0
1574473319.513222, -196.0
1574473325.495662, -196.0
1574473331.458404, -196.0
1574473336.070545, -196.0
1574473341.686576, -196.0
1574473347.884896, -196.0
1574473354.67838, -196.0
1574473360.946542, -196.0
1574473367.917621, -196.0
1574473374.701637, -196.0
1574473380.983879, -196.0
1574473387.269039, -196.0
1574473392.48884, -196.0
1574473397.633054, -196.0
1574473402.595683, -196.0
1574473407.704443, -196.0
1574473412.404938, -196.0
1574473417.254818, -196.0
1574473422.277281, -196.0
1574473428.302457, -196.0
1574473434.772341, -196.0
1574473441.079089, -196.0
1574473447.434988, -196.0
1574473453.431435, -196.0
1574473459.15904, -196.0
1574473464.729409, -196.0
1574473470.08963, -196.0
1574473474.485813, -196.0
1574473478.821271, -196.0
1574473484.805212, -196.0
1574473490.673396, -196.0
1574473491.225184, -196.0
1574473497.057912, -196.0
1574473502.456264, -196.0
1574473507.301279, -196.0
1574473511.747232, -196.0
1574473517.319513, -196.0
1574473522.360565, -196.0
1574473527.1057, -196.0
1574473531.643806, -196.0
1574473536.176249, -196.0
1574473540.738002, -196.0
1574473545.669053, -196.0
1574473550.524954, -196.0
1574473554.861621, -196.0
1574473559.108937, -196.0
1574473563.619599, -196.0
1574473568.075745, -196.0
1574473572.691085, -196.0
1574473576.965915, -196.0
1574473581.318178, -196.0
1574473587.499643, -196.0
1574473588.063963, -196.0
1574473594.479229, -196.0
1574473600.612755, -196.0
1574473601.168895, -196.0
1574473601.731846, -196.0
1574473602.286266, -196.0
1574473602.853095, -196.0
1574473609.341817, -196.0
1574473616.044732, -196.0
1574473622.404886, -196.0
1574473628.997115, -196.0
1574473635.04515, -196.0
1574473641.136737, -196.0
1574473647.01473, -196.0
1574473653.430607, -196.0
1574473659.227, -196.0
1574473665.073634, -196.0
1574473670.807436, -196.0
1574473676.595795, -196.0
1574473683.017609, -196.0
1574473689.337922, -196.0
1574473695.247395, -196.0
1574473700.883835, -196.0
1574473706.825531, -196.0
1574473711.836548, -196.0
1574473716.954188, -196.0
1574473721.855409, -196.0
1574473726.364534, -196.0
1574473730.993423, -196.0
1574473736.326877, -196.0
1574473740.780376, -196.0
1574473745.627453, -196.0
1574473750.076625, -196.0
1574473754.598178, -196.0
1574473759.747673, -196.0
1574473764.549361, -196.0
1574473771.076197, -196.0
1574473777.711843, -196.0
1574473784.001861, -196.0
1574473789.71648, -196.0
1574473795.057023, -196.0
1574473800.043922, -196.0
1574473806.209165, -196.0
1574473812.079465, -196.0
1574473817.937485, -196.0
1574473824.082142, -196.0
1574473830.089354, -196.0
1574473836.226256, -196.0
1574473842.449234, -196.0
1574473848.101265, -196.0
1574473854.264637, -196.0
1574473860.523747, -196.0
1574473866.981034, -196.0
1574473873.193975, -196.0
1574473879.382727, -196.0
1574473885.821473, -196.0
1574473892.076289, -196.0
1574473898.778022, -196.0
1574473904.943573, -196.0
1574473911.330165, -196.0
1574473917.799813, -196.0
1574473924.252383, -196.0
1574473930.533524, -196.0
1574473937.10641, -196.0
1574473943.300014, -196.0
1574473949.609172, -196.0
1574473956.069242, -196.0
1574473962.532388, -196.0
1574473968.955399, -196.0
1574473974.990567, -196.0
1574473981.001837, -196.0
1574473987.556903, -196.0
1574473993.620575, -196.0
1574473999.627889, -196.0
1574474005.86356, -196.0
1574474012.036179, -196.0
1574474018.133752, -196.0
1574474023.907022, -196.0
1574474029.762174, -196.0
1574474035.729641, -196.0
1574474041.894498, -196.0
1574474047.811256, -196.0
1574474053.645298, -196.0
1574474059.747835, -196.0
1574474065.524831, -196.0
1574474071.207906, -196.0
1574474076.884487, -196.0
1574474082.597134, -196.0
1574474088.839148, -196.0
1574474094.866528, -196.0
1574474100.823586, -196.0
1574474106.666964, -196.0
1574474111.661174, -196.0
1574474116.391367, -196.0
1574474122.171061, -196.0
1574474128.016964, -196.0
1574474134.027875, -196.0
1574474140.197915, -196.0
1574474146.082547, -196.0
1574474152.114347, -196.0
1574474157.941045, -196.0
1574474164.088474, -196.0
1574474169.909972, -196.0
1574474175.908568, -196.0
1574474181.946062, -196.0
1574474188.156587, -196.0
1574474193.939239, -196.0
1574474199.885917, -196.0
1574474205.855347, -196.0
1574474211.791185, -196.0
1574474217.745223, -196.0
1574474223.815799, -196.0
1574474230.197144, -196.0
1574474236.089112, -196.0
1574474241.922928, -196.0
1574474247.126643, -196.0
1574474251.637731, -196.0
1574474256.449325, -196.0
1574474261.374234, -196.0
1574474266.066213, -196.0
1574474271.058989, -196.0
1574474275.956775, -196.0
1574474280.850787, -196.0
1574474285.832849, -196.0
1574474290.736721, -196.0
1574474295.597804, -196.0
1574474301.51151, -196.0
1574474307.808632, -196.0
1574474314.298468, -196.0
1574474320.66081, -196.0
1574474327.304458, -196.0
1574474333.844146, -196.0
1574474340.159819, -196.0
1574474346.523333, -196.0
1574474352.850266, -196.0
1574474359.208786, -196.0
1574474365.597216, -196.0
1574474371.252179, -196.0
1574474377.756784, -196.0
1574474383.217551, -196.0
1574474388.669331, -196.0
1574474394.194219, -196.0
1574474399.255057, -196.0
1574474404.068, -196.0
1574474408.857288, -196.0
1574474413.892338, -196.0
1574474418.916424, -196.0
1574474423.848945, -196.0
1574474429.302592, -196.0
1574474433.971436, -196.0
1574473084.405415, -200.0
1574473084.959198, -200.0
1574473085.508657, -200.0
1574473086.061752, -200.0
1574473086.613067, -200.0
1574473087.162955, -200.0
1574473087.713565, -200.0
1574473088.259734, -200.0
1574473088.80945, -200.0
1574473089.361385, -200.0
1574473089.91386, -200.0
1574473090.466793, -200.0
1574473091.019828, -200.0
1574473091.569577, -200.0
1574473092.120345, -200.0
1574473098.141003, -200.0
1574473102.942365, -200.0
1574473107.307273, -200.0
1574473111.961041, -200.0
1574473116.878186, -200.0
1574473122.985736, -200.0
1574473123.555533, -200.0
1574473124.129205, -200.0
1574473124.702516, -200.0
1574473125.272097, -200.0
1574473125.844074, -200.0
1574473126.4146, -200.0
1574473126.98917, -200.0
1574473127.554266, -200.0
1574473133.000497, -200.0
1574473137.515688, -200.0
1574473141.889991, -200.0
1574473146.099988, -200.0
1574473150.434254, -200.0
1574473154.746117, -200.0
1574473159.201258, -200.0
1574473163.753073, -200.0
1574473168.407052, -200.0
1574473172.980355, -200.0
1574473177.24882, -200.0
1574473181.732544, -200.0
1574473186.16129, -200.0
1574473190.439892, -200.0
1574473194.812857, -200.0
1574473199.333388, -200.0
1574473203.843042, -200.0
1574473208.142575, -200.0
1574473212.464282, -200.0
1574473216.945556, -200.0
1574473221.066262, -200.0
1574473225.305059, -200.0
1574473229.933397, -200.0
1574473234.514766, -200.0
1574473238.625187, -200.0
1574473243.303541, -200.0
1574473249.890262, -200.0
1574473255.946239, -200.0
1574473260.973626, -200.0
1574473266.267221, -200.0
1574473272.072173, -200.0
1574473278.214662, -200.0
1574473284.233383, -200.0
1574473290.08562, -200.0
1574473296.260062, -196.0
1574473302.169283, -196.0
1574473307.043342, -196.0
1574473311.759896, -196.0
1574473316.590359, -196.0
1574473321.165343, -196.0
1574473325.833215, -196.0
1574473330.346774, -196.0
1574473335.241665, -196.0
1574473339.9679, -196.0
1574473344.756667, -196.0
1574473349.410615, -196.0
1574473354.681443, -196.0
1574473359.593574, -196.0
1574473364.846596, -196.0
1574473369.355959, -196.0
1574473374.090713, -196.0
1574473378.789454, -196.0
1574473383.571461, -196.0
1574473389.308836, -196.0
1574473395.678417, -196.0
1574473400.708302, -196.0
1574473405.7096, -196.0
1574473410.229742, -196.0
1574473414.808052, -196.0
1574473419.65741, -196.0
1574473424.702772, -196.0
1574473429.492414, -196.0
1574473435.453879, -196.0
1574473441.357309, -196.0
1574473447.569243, -196.0
1574473453.69123, -196.0
1574473460.134271, -196.0
1574473466.124986, -196.0
1574473472.00761, -196.0
1574473478.222353, -196.0
1574473484.725302, -196.0
1574473490.677705, -196.0
1574473496.774254, -196.0
1574473502.218063, -196.0
1574473507.042302, -196.0
1574473512.176182, -196.0
1574473517.126911, -196.0
1574473521.817429, -196.0
1574473526.427993, -196.0
1574473531.243933, -196.0
1574473536.183052, -196.0
1574473541.310471, -196.0
1574473546.200164, -196.0
1574473551.570917, -196.0
1574473556.693694, -196.0
1574473563.734511, -196.0
1574473569.662296, -196.0
1574473576.362612, -196.0
1574473582.530652, -196.0
1574473589.127919, -196.0
1574473595.313707, -196.0
1574473601.526671, -196.0
1574473607.490378, -196.0
1574473613.413599, -196.0
1574473619.612261, -196.0
1574473626.215779, -196.0
1574473632.936079, -196.0
1574473639.75766, -196.0
1574473645.832662, -196.0
1574473652.54737, -196.0
1574473658.15128, -196.0
1574473663.36385, -196.0
1574473668.087135, -196.0
1574473673.321769, -196.0
1574473678.731748, -196.0
1574473683.620058, -196.0
1574473688.636277, -196.0
1574473693.545576, -196.0
1574473698.734993, -196.0
1574473704.625514, -196.0
1574473709.508202, -196.0
1574473714.8627, -196.0
1574473720.279037, -196.0
1574473725.477313, -196.0
1574473730.409083, -196.0
1574473737.334506, -196.0
1574473743.47379, -196.0
1574473749.868375, -196.0
1574473756.171871, -196.0
1574473762.618904, -196.0
1574473769.485393, -196.0
1574473776.373192, -196.0
1574473782.182896, -196.0
1574473787.409675, -196.0
1574473792.437512, -196.0
1574473797.977601, -196.0
1574473803.993166, -196.0
1574473810.340218, -196.0
1574473817.110138, -196.0
1574473817.703189, -196.0
1574473818.280478, -196.0
1574473818.861428, -196.0
1574473819.434895, -196.0
1574473820.001009, -196.0
1574473826.961097, -196.0
1574473833.565716, -196.0
1574473839.990105, -196.0
1574473846.930628, -196.0
1574473853.479532, -196.0
1574473859.347377, -196.0
1574473865.3226, -196.0
1574473871.587096, -196.0
1574473877.738507, -196.0
1574473884.148657, -196.0
1574473890.089905, -196.0
1574473896.084372, -196.0
1574473902.107509, -196.0
1574473908.454937, -196.0
1574473914.217049, -196.0
1574473920.197017, -196.0
1574473926.117647, -196.0
1574473932.066284, -196.0
1574473938.481025, -196.0
1574473944.755573, -196.0
1574473950.994377, -196.0
1574473956.928967, -196.0
1574473962.467026, -196.0
1574473968.639653, -196.0
1574473974.6426, -196.0
1574473980.517492, -196.0
1574473986.460245, -196.0
1574473992.716097, -196.0
1574473998.804184, -196.0
1574474004.943111, -196.0
1574474010.948478, -196.0
1574474016.980001, -196.0
1574474023.2014, -196.0
1574474029.257114, -196.0
1574474035.28366, -196.0
1574474041.448943, -196.0
1574474047.306443, -196.0
1574474053.183762, -196.0
1574474058.996603, -196.0
1574474064.691563, -196.0
1574474070.911959, -196.0
1574474077.126668, -196.0
1574474083.249787, -196.0
1574474089.601807, -196.0
1574474094.53646, -196.0
1574474099.349846, -196.0
1574474105.51474, -196.0
1574474111.734992, -196.0
1574474118.025772, -196.0
1574474124.490431, -196.0
1574474130.072284, -196.0
1574474136.178756, -196.0
1574474142.287225, -196.0
1574474148.808164, -196.0
1574474155.460081, -196.0
1574474162.27674, -196.0
1574474168.835786, -196.0
1574474175.489195, -196.0
1574474181.975941, -196.0
1574474188.581881, -196.0
1574474195.030015, -196.0
1574474201.336451, -196.0
1574474207.791078, -196.0
1574474214.089503, -196.0
1574474220.449932, -196.0
1574474225.840802, -196.0
1574474230.846698, -196.0
1574474235.900715, -196.0
1574474240.280121, -196.0
1574474244.774734, -196.0
1574474249.841609, -196.0
1574474254.478316, -196.0
1574474259.371773, -196.0
1574474264.151043, -196.0
1574474268.987194, -196.0
1574474273.933462, -196.0
1574474278.702221, -196.0
1574474283.408939, -196.0
1574474288.713621, -196.0
1574474294.795078, -196.0
1574474300.925388, -196.0
1574474306.893935, -196.0
1574474313.256198, -196.0
1574474319.609744, -196.0
1574474325.491418, -196.0
1574474331.882747, -196.0
1574474338.03239, -196.0
1574474267.875346, -196.0
1574474268.517287, -196.0
1574474269.110932, -196.0
1574474269.677942, -196.0
1574474270.243172, -196.0
1574474270.830002, -196.0
1574474276.491985, -196.0
1574474282.614124, -196.0
1574474288.049278, -196.0
1574474294.220864, -196.0
1574474300.080909, -196.0
1574474305.416408, -196.0
1574474310.123854, -196.0
1574474314.872196, -196.0
1574474319.478141, -196.0
1574474324.077962, -196.0
1574474328.965317, -196.0
1574474333.39153, -196.0
1574474338.180206, -196.0
1574474342.766592, -196.0
1574474348.647723, -196.0
1574474354.71, -196.0
1574474360.350119, -196.0
1574474366.122582, -196.0
1574474372.064025, -196.0
1574474377.691583, -196.0
1574474383.350621, -196.0
1574474389.169872, -196.0
1574474394.872925, -196.0
1574474400.838625, -196.0
1574474406.791861, -196.0
1574474412.728578, -196.0
1574474418.899736, -196.0
1574474419.474876, -196.0
1574474420.058926, -196.0
1574474426.157698, -196.0
1574474431.811216, -196.0
1574474437.681688, -196.0
1574474443.722471, -196.0
1574474449.279107, -196.0
1574474455.133162, -196.0
1574474460.119203, -196.0
1574474464.774196, -196.0
1574474469.053192, -196.0
1574474473.266442, -196.0
1574474477.686555, -196.0
1574474482.259103, -196.0
1574474486.513086, -196.0
1574474490.888987, -196.0
1574474496.061266, -196.0
1574474502.178924, -196.0
1574474502.749232, -196.0
1574474508.131692, -196.0
1574474514.023392, -196.0
1574474518.428295, -196.0
1574474522.83155, -196.0
1574474527.23251, -196.0
1574474531.666981, -196.0
1574474536.080884, -196.0
1574474540.930013, -196.0
1574474547.117102, -196.0
1574474547.737046, -196.0
1574474554.193169, -196.0
1574474554.790115, -196.0
1574474555.383224, -196.0
1574474555.971624, -196.0
1574474562.78522, -196.0
1574474569.112875, -196.0
1574474575.874849, -196.0
1574474582.260111, -196.0
1574474588.398722, -196.0
1574474594.537237, -196.0
1574474600.701627, -196.0
1574474606.868883, -196.0
1574474612.83627, -196.0
1574474618.63362, -196.0
1574474624.168889, -196.0
1574474630.336776, -196.0
1574474630.889585, -196.0
1574474631.447647, -196.0
1574474632.040412, -196.0
1574474632.593576, -196.0
1574474638.304663, -196.0
1574474642.652473, -196.0
1574474647.248849, -196.0
1574474652.345035, -196.0
1574474658.40276, -196.0
1574474664.540772, -196.0
1574474670.831859, -196.0
1574474671.414313, -196.0
1574474671.996771, -196.0
1574474672.551619, -196.0
1574474678.609989, -196.0
1574474684.677507, -196.0
1574474690.479161, -196.0
1574474696.186124, -196.0
1574474701.659759, -196.0
1574474707.384668, -196.0
1574474713.369688, -196.0
1574474719.005002, -196.0
1574474724.986666, -196.0
1574474730.734549, -196.0
1574474736.330664, -196.0
1574474742.073669, -196.0
1574474748.484214, -196.0
1574474754.873661, -196.0
1574474755.434391, -196.0
1574474755.984998, -196.0
1574474756.538711, -196.0
1574474757.095478, -196.0
1574474757.646045, -196.0
1574474758.235904, -196.0
1574474764.040137, -196.0
1574474770.000994, -196.0
1574474775.869206, -196.0
1574474782.030528, -196.0
1574474788.506538, -196.0
1574474794.797672, -196.0
1574474801.194292, -196.0
1574474806.907239, -196.0
1574474812.718075, -196.0
1574474819.481535, -196.0
1574474826.295744, -196.0
1574474833.088311, -196.0
1574474839.755848, -196.0
1574474846.02268, -196.0
1574474852.454851, -196.0
1574474858.543044, -196.0
1574474864.648867, -196.0
1574474871.034781, -196.0
1574474877.217208, -196.0
1574474883.44312, -196.0
1574474889.31656, -196.0
1574474894.64239, -196.0
1574474899.578146, -196.0
1574474905.039307, -196.0
1574474911.041404, -196.0
1574474917.699032, -196.0
1574474923.553667, -196.0
1574474929.834928, -196.0
1574474936.174599, -196.0
1574474942.146974, -196.0
1574474948.069958, -196.0
1574474954.105295, -196.0
1574474958.946276, -196.0
1574474963.912425, -196.0
1574474968.91937, -196.0
1574474975.328757, -196.0
1574474981.484377, -196.0
1574474987.558905, -196.0
1574474993.60099, -196.0
1574474999.859727, -196.0
1574475006.087108, -196.0
1574475011.851437, -196.0
1574475016.591125, -196.0
1574475021.130894, -196.0
1574475025.764801, -196.0
1574475030.47485, -196.0
1574475035.500891, -196.0
1574475040.103174, -196.0
1574475045.149353, -196.0
1574475049.728386, -196.0
1574475054.569589, -196.0
1574475059.277046, -196.0
1574475064.065979, -196.0
1574475068.779037, -196.0
1574475073.533349, -196.0
1574475078.477794, -196.0
1574475083.202784, -196.0
1574475087.977954, -196.0
1574475092.540109, -196.0
1574475097.271348, -196.0
1574475102.252024, -196.0
1574475108.558756, -196.0
1574475114.740668, -196.0
1574475120.739893, -196.0
1574475127.195143, -196.0
1574475133.658941, -196.0
1574475139.830275, -196.0
1574475145.532307, -196.0
1574475151.746422, -196.0
1574475157.026482, -196.0
1574475161.62965, -196.0
1574475166.12588, -196.0
1574475170.912081, -196.0
1574475176.56209, -196.0
1574475181.192448, -196.0
1574475186.637276, -196.0
1574475193.038333, -196.0
1574475198.515034, -196.0
1574475203.340961, -196.0
1574475207.96555, -196.0
1574475212.886179, -196.0
1574475217.920837, -196.0
1574475222.546881, -196.0
1574475227.19167, -196.0
1574475232.175789, -196.0
1574475236.828857, -196.0
1574475241.723362, -196.0
1574475246.607354, -196.0
1574475251.293557, -196.0
1574475256.01756, -196.0
1574475260.853172, -196.0
1574475265.731367, -196.0
1574475270.775512, -196.0
1574475275.604206, -196.0
1574475280.315018, -196.0
1574475285.09882, -196.0
1574475290.283657, -196.0
1574475294.72076, -196.0
1574475299.307759, -196.0
1574475304.682874, -196.0
1574475310.320128, -196.0
1574475316.006752, -196.0
1574475321.416875, -196.0
1574475327.323328, -196.0
1574475333.433395, -196.0
1574475339.171401, -196.0
1574475345.364661, -196.0
1574475351.149156, -196.0
1574475356.935634, -196.0
1574475362.840494, -196.0
1574475368.891254, -196.0
1574475374.450984, -196.0
1574475380.585742, -196.0
1574475387.075548, -196.0
1574475392.98195, -196.0
1574475397.966371, -196.0
1574475402.633967, -196.0
1574475407.305275, -196.0
1574475412.539302, -196.0
1574475417.512413, -196.0
1574475422.174879, -196.0
1574475426.975114, -196.0
1574475431.852531, -196.0
1574475436.570233, -196.0
1574475441.414566, -196.0
1574475446.580312, -196.0
1574475451.849443, -196.0
1574475456.811439, -196.0
1574475461.475131, -196.0
1574475466.33647, -196.0
1574475470.985916, -196.0
1574475475.790461, -196.0
1574475481.845951, -196.0
1574475487.996788, -196.0
1574475492.728526, -196.0
1574475497.660122, -196.0
1574475502.871291, -196.0
1574475507.534112, -196.0
1574474280.866347, -196.0
1574474281.421065, -196.0
1574474282.028088, -196.0
1574474282.606606, -196.0
1574474283.18443, -196.0
1574474283.77743, -196.0
1574474284.353385, -196.0
1574474284.904111, -196.0
1574474285.460365, -196.0
1574474286.028996, -196.0
1574474286.586412, -196.0
1574474287.180771, -196.0
1574474294.952495, -196.0
1574474301.217004, -196.0
1574474307.852945, -196.0
1574474313.540891, -196.0
1574474319.515078, -196.0
1574474325.695752, -196.0
1574474332.106335, -196.0
1574474339.024478, -196.0
1574474345.024347, -196.0
1574474351.283035, -196.0
1574474357.314005, -196.0
1574474363.53933, -196.0
1574474369.856351, -196.0
1574474376.145122, -196.0
1574474381.935995, -196.0
1574474388.090124, -196.0
1574474394.391503, -196.0
1574474400.976042, -196.0
1574474407.108579, -196.0
1574474412.890551, -196.0
1574474417.538611, -196.0
1574474422.153518, -196.0
1574474426.805361, -196.0
1574474432.405099, -196.0
1574474438.745919, -196.0
1574474445.391574, -196.0
1574474451.993937, -196.0
1574474458.391991, -196.0
1574474464.992945, -196.0
1574474472.053268, -196.0
1574474478.545549, -196.0
1574474484.602067, -196.0
1574474490.656304, -196.0
1574474495.87312, -196.0
1574474500.774636, -196.0
1574474505.92612, -196.0
1574474512.029351, -196.0
1574474518.235227, -196.0
1574474523.982364, -196.0
1574474528.516308, -196.0
1574474532.944963, -196.0
1574474537.324229, -196.0
1574474541.591902, -196.0
1574474546.269153, -196.0
1574474550.6551, -196.0
1574474554.910158, -196.0
1574474560.525536, -196.0
1574474566.378723, -196.0
1574474572.669885, -196.0
1574474578.551661, -196.0
1574474584.632699, -196.0
1574474589.608977, -196.0
1574474595.263291, -196.0
1574474601.335758, -196.0
1574474607.707856, -196.0
1574474613.845499, -196.0
1574474619.978389, -196.0
1574474625.390283, -196.0
1574474630.097602, -196.0
1574474634.629399, -196.0
1574474639.107173, -196.0
1574474643.474943, -196.0
1574474647.787103, -196.0
1574474652.14879, -196.0
1574474656.466631, -196.0
1574474660.782036, -196.0
1574474665.373151, -196.0
1574474671.13528, -196.0
1574474676.913058, -196.0
1574474683.428116, -196.0
1574474689.178973, -196.0
1574474693.415565, -196.0
1574474697.7193, -196.0
1574474702.226902, -196.0
1574474707.866871, -196.0
1574474713.893882, -196.0
1574474719.910126, -196.0
1574474726.246, -196.0
1574474732.855927, -196.0
1574474739.098964, -196.0
1574474745.296966, -196.0
1574474751.233642, -196.0
1574474757.173877, -196.0
1574474763.199652, -196.0
1574474769.168258, -196.0
1574474775.091701, -196.0
1574474781.118162, -196.0
1574474787.447299, -196.0
1574474793.068824, -196.0
1574474798.099715, -196.0
1574474802.364543, -196.0
1574474808.07277, -196.0
1574474814.129852, -196.0
1574474820.394221, -196.0
1574474826.428323, -196.0
1574474832.296926, -196.0
1574474838.569495, -196.0
1574474844.568653, -196.0
1574474850.766072, -196.0
1574474855.983138, -196.0
1574474862.201002, -196.0
1574474868.187329, -196.0
1574474873.346063, -196.0
1574474878.071228, -196.0
1574474882.886425, -196.0
1574474887.7391, -196.0
1574474892.612288, -196.0
1574474897.185404, -196.0
1574474902.522428, -196.0
1574474908.779255, -196.0
1574474914.662711, -196.0
1574474920.784476, -196.0
1574474926.741028, -196.0
1574474932.910978, -196.0
1574474939.03483, -196.0
1574474945.123625, -196.0
1574474950.975907, -196.0
1574474957.101579, -196.0
1574474961.975005, -196.0
1574474966.794217, -196.0
1574474972.002807, -196.0
1574474976.614385, -196.0
1574474981.310877, -196.0
1574474986.110926, -196.0
1574474991.055795, -196.0
1574474996.846376, -196.0
1574475002.871949, -196.0
1574475008.907088, -196.0
1574475015.043517, -196.0
1574475021.14298, -196.0
1574475027.78802, -196.0
1574475034.53335, -196.0
1574475041.390781, -196.0
1574475047.737492, -196.0
1574475052.465727, -196.0
1574475058.695077, -196.0
1574475065.110556, -196.0
1574475071.076561, -196.0
1574475077.056133, -196.0
1574475083.407807, -196.0
1574475089.859846, -196.0
1574475096.122965, -196.0
1574475102.38437, -196.0
1574475108.974256, -196.0
1574475115.155237, -196.0
1574475121.478778, -196.0
1574475127.425651, -196.0
1574475133.534432, -196.0
1574475139.576574, -196.0
1574475145.512591, -196.0
1574475151.549903, -196.0
1574475157.146591, -196.0
1574475162.932692, -196.0
1574475169.787813, -196.0
1574475176.286745, -196.0
1574475182.530937, -196.0
1574475188.867285, -196.0
1574475195.107353, -196.0
1574475199.736247, -196.0
1574475203.928702, -196.0
1574475208.739254, -196.0
1574475213.133325, -196.0
1574475217.877183, -196.0
1574475222.510165, -196.0
1574475227.564385, -196.0
1574475232.349031, -196.0
1574475236.688987, -196.0
1574475241.425262, -196.0
1574475245.762021, -196.0
1574475250.44685, -196.0
1574475254.980972, -196.0
1574475259.083687, -196.0
1574475263.577353, -196.0
1574475268.176101, -196.0
1574475272.466905, -196.0
1574475276.898764, -196.0
1574475281.761981, -196.0
1574475282.341722, -196.0
1574475286.883834, -196.0
1574475292.402009, -196.0
1574475298.600025, -196.0
1574475305.081815, -196.0
1574475311.20668, -196.0
1574475311.76068, -196.0
1574475317.503127, -196.0
1574475322.67237, -196.0
1574475328.080587, -196.0
1574475333.79341, -196.0
1574475339.766325, -196.0
1574475345.886039, -196.0
1574475352.212618, -196.0
1574475358.714429, -196.0
1574475365.055573, -196.0
1574475370.99834, -196.0
1574475377.862013, -196.0
1574475384.136485, -196.0
1574475391.028082, -196.0
1574475397.310659, -196.0
1574475402.994062, -196.0
1574475409.056682, -196.0
1574475415.132099, -196.0
1574475421.302488, -196.0
1574475427.338351, -196.0
1574475433.317134, -196.0
1574475439.625708, -196.0
1574475445.787835, -196.0
1574475451.741515, -196.0
1574475457.891895, -196.0
1574475464.087278, -196.0
1574475470.474186, -196.0
1574475476.364606, -196.0
1574475482.309766, -196.0
1574475488.251668, -196.0
1574475494.554608, -196.0
1574475500.792116, -196.0
1574475506.775425, -196.0
1574475512.819317, -196.0
1574475518.933601, -196.0
1574475524.603239, -196.0
1574475530.652084, -196.0
1574475536.631915, -196.0
1574475542.795336, -196.0
1574475548.9153, -196.0
1574475554.904239, -196.0
1574475561.385042, -196.0
1574475567.614026, -196.0
1574475574.278786, -196.0
1574475580.722431, -196.0
1574475587.987271, -196.0
1574475588.609824, -196.0
1574475589.178123, -196.0
1574475589.767425, -196.0
1574475590.360815, -196.0
1574475590.96411, -196.0
1574475591.607226, -196.0
1574475592.24663, -196.0
1574475592.889384, -196.0
1574475593.476983, -196.0
1574474348.469575, -196.0
1574474349.055953, -196.0
1574474359.208566, -196.0
1574474365.017822, -196.0
1574474370.796455, -196.0
1574474376.597978, -196.0
1574474382.484837, -196.0
1574474388.347381, -196.0
1574474393.952981, -196.0
1574474400.218285, -196.0
1574474405.929581, -196.0
1574474411.725504, -196.0
1574474417.413676, -196.0
1574474423.318981, -196.0
1574474428.85515, -196.0
1574474434.992747, -196.0
1574474440.740896, -196.0
1574474446.676997, -196.0
1574474452.456874, -196.0
1574474458.378032, -196.0
1574474464.469926, -196.0
1574474470.532615, -196.0
1574474475.770248, -196.0
1574474481.179246, -196.0
1574474486.892037, -196.0
1574474493.112547, -196.0
1574474498.760594, -196.0
1574474504.331834, -196.0
1574474509.933014, -196.0
1574474515.369711, -196.0
1574474520.368588, -196.0
1574474526.767375, -196.0
1574474532.967909, -196.0
1574474539.004362, -196.0
1574474544.838019, -196.0
1574474550.565615, -196.0
1574474556.333729, -196.0
1574474562.064041, -196.0
1574474567.666792, -196.0
1574474573.25349, -196.0
1574474578.628874, -196.0
1574474584.220677, -196.0
1574474589.814061, -196.0
1574474595.656119, -196.0
1574474601.067794, -196.0
1574474607.370832, -196.0
1574474613.230494, -196.0
1574474619.119016, -196.0
1574474625.443443, -196.0
1574474631.608083, -196.0
1574474637.365583, -196.0
1574474643.425436, -196.0
1574474649.863092, -196.0
1574474656.006544, -196.0
1574474662.546088, -196.0
1574474667.764268, -196.0
1574474672.856221, -196.0
1574474677.224755, -196.0
1574474681.833162, -196.0
1574474686.51971, -196.0
1574474691.251128, -196.0
1574474695.995633, -196.0
1574474700.764803, -196.0
1574474705.552995, -196.0
1574474711.757426, -196.0
1574474717.833575, -196.0
1574474723.878669, -196.0
1574474730.450064, -196.0
1574474736.737799, -196.0
1574474743.207828, -196.0
1574474749.772265, -196.0
1574474756.031676, -196.0
1574474762.239793, -196.0
1574474762.848085, -196.0
1574474769.739876, -196.0
1574474775.841391, -196.0
1574474781.911365, -196.0
1574474788.218812, -196.0
1574474794.239329, -196.0
1574474800.513652, -196.0
1574474806.974163, -196.0
1574474814.229726, -196.0
1574474820.292391, -196.0
1574474825.400231, -196.0
1574474830.192898, -196.0
1574474835.533777, -196.0
1574474840.126452, -196.0
1574474844.726197, -196.0
1574474849.764701, -196.0
1574474855.287963, -196.0
1574474861.237917, -196.0
1574474867.410345, -196.0
1574474873.254695, -196.0
1574474879.033618, -196.0
1574474884.203755, -196.0
1574474890.155326, -196.0
1574474896.200697, -196.0
1574474902.216988, -196.0
1574474908.546645, -196.0
1574474914.884268, -196.0
1574474920.84191, -196.0
1574474927.017947, -196.0
1574474933.131318, -196.0
1574474939.545206, -196.0
1574474945.755939, -196.0
1574474952.129688, -196.0
1574474958.2368, -196.0
1574474963.971881, -196.0
1574474970.136082, -196.0
1574474976.091684, -196.0
1574474981.909045, -196.0
1574474987.682463, -196.0
1574474993.722522, -196.0
1574475000.031861, -196.0
1574475005.989843, -196.0
1574475011.996646, -196.0
1574475017.821897, -196.0
1574475024.132306, -196.0
1574475030.19955, -196.0
1574475036.159389, -196.0
1574475042.240413, -196.0
1574475048.585741, -196.0
1574475054.503642, -196.0
1574475060.385249, -196.0
1574475066.269205, -196.0
1574475072.44854, -196.0
1574475079.03078, -196.0
1574475085.343474, -196.0
1574475091.480303, -196.0
1574475096.55673, -196.0
1574475101.227673, -196.0
1574475106.988424, -196.0
1574475112.627175, -196.0
1574475117.34818, -196.0
1574475122.234026, -196.0
1574475127.610796, -196.0
1574475132.872738, -196.0
1574475137.649038, -196.0
1574475142.822418, -196.0
1574475147.87516, -196.0
1574475152.759863, -196.0
1574475158.307177, -196.0
1574475164.687501, -196.0
1574475171.20265, -196.0
1574475176.872924, -196.0
1574475182.501717, -196.0
1574475188.306987, -196.0
1574475193.969911, -196.0
1574475199.885573, -196.0
1574475206.198868, -196.0
1574475212.583167, -196.0
1574475218.890111, -196.0
1574475225.016803, -196.0
1574475231.615894, -196.0
1574475237.447021, -196.0
1574475243.121181, -196.0
1574475249.265239, -196.0
1574475255.072684, -196.0
1574475261.420782, -196.0
1574475267.469207, -196.0
1574475274.046351, -196.0
1574475279.823448, -196.0
1574475285.620669, -196.0
1574475291.902563, -196.0
1574475297.915716, -196.0
1574475304.273852, -196.0
1574475310.423748, -196.0
1574475315.988972, -196.0
1574475321.788973, -196.0
1574475328.029966, -196.0
1574475333.819563, -196.0
1574475339.610038, -196.0
1574475345.489796, -196.0
1574475350.570979, -196.0
1574475355.505537, -196.0
1574475360.510865, -196.0
1574475365.1675, -196.0
1574475370.069049, -196.0
1574475375.701125, -196.0
1574475381.621356, -196.0
1574475387.425417, -196.0
1574475393.098106, -196.0
1574475398.661702, -196.0
1574475404.758348, -196.0
1574475410.400062, -196.0
1574475416.429616, -196.0
1574475422.294442, -196.0
1574475427.110667, -196.0
1574475431.614244, -196.0
1574475435.854027, -196.0
1574475440.251723, -196.0
1574475444.857882, -196.0
1574475449.284451, -196.0
1574475453.591582, -196.0
1574475458.10903, -196.0
1574475462.746912, -196.0
1574475467.265759, -196.0
1574475471.874888, -196.0
1574475476.826969, -196.0
1574475481.563121, -196.0
1574475487.284031, -196.0
1574475492.985106, -196.0
1574475497.838746, -196.0
1574475503.500832, -196.0
1574475509.282092, -196.0
1574475515.079395, -196.0
1574475521.268268, -196.0
1574475527.162243, -196.0
1574475533.116195, -196.0
1574475539.495339, -196.0
1574475545.311494, -196.0
1574475551.342959, -196.0
1574475557.177319, -196.0
1574475562.807918, -196.0
1574475568.851898, -196.0
1574475574.425896, -196.0
1574475579.4933, -196.0
1574475584.724622, -196.0
1574475589.648198, -196.0
1574475594.970722, -196.0
1574475600.010037, -196.0
1574475606.548414, -196.0
1574475613.336888, -196.0
1574475618.886404, -196.0
1574475625.278264, -196.0
1574475630.872969, -196.0
1574475636.795198, -196.0
1574475642.401245, -196.0
1574475648.414466, -196.0
1574475654.241401, -196.0
1574475660.242874, -196.0
1574475666.381648, -196.0
1574475672.60519, -196.0
1574475678.768289, -196.0
1574475684.524889, -196.0
1574475690.902172, -196.0
1574475697.213974, -196.0
1574475703.311277, -196.0
1574475709.050388, -196.0
1574475714.485594, -196.0
1574475720.277837, -196.0
1574475725.42199, -196.0
1574475730.047296, -196.0
1574475736.091473, -196.0
1574475742.059828, -196.0
1574475748.02583, -196.0
1574475754.013344, -196.0
1574475760.306762, -196.0
1574475766.224492, -196.0
1574475772.111738, -196.0
1574474440.810419, -196.0
1574474441.42153, -196.0
1574474441.972496, -196.0
1574474442.53102, -196.0
1574474443.111797, -196.0
1574474443.690453, -196.0
1574474444.34702, -196.0
1574474444.916615, -196.0
1574474450.833043, -196.0
1574474456.710591, -196.0
1574474462.809493, -196.0
1574474468.648777, -196.0
1574474474.355662, -196.0
1574474479.847665, -196.0
1574474485.51607, -196.0
1574474491.700761, -196.0
1574474498.105016, -196.0
1574474504.357675, -196.0
1574474510.274274, -196.0
1574474516.746095, -196.0
1574474522.812736, -196.0
1574474528.852238, -196.0
1574474535.104908, -196.0
1574474541.155008, -196.0
1574474547.335855, -196.0
1574474553.237441, -196.0
1574474559.298587, -196.0
1574474565.237155, -196.0
1574474571.334682, -196.0
1574474577.618276, -196.0
1574474582.738122, -196.0
1574474587.539266, -196.0
1574474592.064003, -196.0
1574474596.522889, -196.0
1574474601.471617, -196.0
1574474605.984775, -196.0
1574474610.590532, -196.0
1574474615.436089, -196.0
1574474620.025495, -196.0
1574474624.490141, -196.0
1574474629.202212, -196.0
1574474633.784419, -196.0
1574474638.561311, -196.0
1574474643.428955, -196.0
1574474648.111142, -196.0
1574474652.614671, -196.0
1574474656.802478, -196.0
1574474661.549716, -196.0
1574474668.008503, -196.0
1574474673.963219, -196.0
1574474679.73604, -196.0
1574474685.326902, -196.0
1574474689.823723, -196.0
1574474694.408269, -196.0
1574474698.961597, -196.0
1574474703.595791, -196.0
1574474707.906409, -196.0
1574474712.576054, -196.0
1574474717.146049, -196.0
1574474721.652152, -196.0
1574474726.24071, -196.0
1574474730.546288, -196.0
1574474735.056443, -196.0
1574474740.917847, -196.0
1574474747.007101, -196.0
1574474753.279573, -196.0
1574474759.377604, -196.0
1574474765.551982, -196.0
1574474771.980921, -196.0
1574474777.678158, -196.0
1574474782.137328, -196.0
1574474786.552959, -196.0
1574474791.27982, -196.0
1574474795.829274, -196.0
1574474801.434098, -196.0
1574474807.736272, -196.0
1574474814.578678, -196.0
1574474820.894804, -196.0
1574474827.628741, -196.0
1574474834.116568, -196.0
1574474840.055236, -196.0
1574474846.421711, -196.0
1574474853.134006, -196.0
1574474859.826998, -196.0
1574474866.265658, -196.0
1574474872.800765, -196.0
1574474878.928917, -196.0
1574474885.193709, -196.0
1574474891.941461, -196.0
1574474897.810554, -196.0
1574474904.28493, -196.0
1574474910.661319, -196.0
1574474916.740049, -196.0
1574474922.206466, -196.0
1574474927.19841, -196.0
1574474933.015336, -196.0
1574474939.051335, -196.0
1574474945.138788, -196.0
1574474951.304188, -196.0
1574474957.55929, -196.0
1574474964.10974, -196.0
1574474970.721473, -196.0
1574474976.82471, -196.0
1574474982.969593, -196.0
1574474988.917925, -196.0
1574474995.006281, -196.0
1574475001.630018, -196.0
1574475008.253535, -196.0
1574475014.478406, -196.0
1574475020.770724, -196.0
1574475026.792895, -196.0
1574475032.998994, -196.0
1574475039.44483, -196.0
1574475045.762396, -196.0
1574475051.834634, -196.0
1574475058.095342, -196.0
1574475063.799762, -196.0
1574475070.194825, -196.0
1574475076.295238, -196.0
1574475082.192311, -196.0
1574475088.446692, -196.0
1574475094.826066, -196.0
1574475100.855916, -196.0
1574475107.349089, -196.0
1574475113.598501, -196.0
1574475120.10063, -196.0
1574475126.097741, -196.0
1574475132.507247, -196.0
1574475139.456617, -196.0
1574475145.626243, -196.0
1574475152.066879, -196.0
1574475158.240639, -196.0
1574475164.756554, -196.0
1574475171.007627, -196.0
1574475176.32401, -196.0
1574475181.068829, -196.0
1574475185.529642, -196.0
1574475190.321859, -196.0
1574475195.23659, -196.0
1574475199.736303, -196.0
1574475204.453449, -196.0
1574475209.387588, -196.0
1574475213.929133, -196.0
1574475218.789957, -196.0
1574475224.389426, -196.0
1574475229.175603, -196.0
1574475233.63945, -196.0
1574475238.286578, -196.0
1574475242.973284, -196.0
1574475247.879808, -196.0
1574475254.195371, -196.0
1574475259.420533, -196.0
1574475264.641506, -196.0
1574475269.316874, -196.0
1574475275.802332, -196.0
1574475282.181721, -196.0
1574475282.748648, -196.0
1574475283.310772, -196.0
1574475283.88343, -196.0
1574475284.505695, -196.0
1574475285.083564, -196.0
1574475285.675353, -196.0
1574475286.247275, -196.0
1574475286.813481, -196.0
1574475292.753788, -196.0
1574475298.115945, -196.0
1574475304.238247, -196.0
1574475310.306247, -196.0
1574475316.360148, -196.0
1574475322.458248, -196.0
1574475327.947672, -196.0
1574475334.252639, -196.0
1574475340.788808, -196.0
1574475341.347109, -196.0
1574475341.902123, -196.0
1574475342.457051, -196.0
1574475343.010718, -196.0
1574475348.928386, -196.0
1574475354.924371, -196.0
1574475359.97376, -196.0
1574475365.87319, -196.0
1574475372.157679, -196.0
1574475378.388206, -196.0
1574475384.490848, -196.0
1574475391.233615, -196.0
1574475397.398836, -196.0
1574475403.836964, -196.0
1574475409.703246, -196.0
1574475415.681035, -196.0
1574475421.938468, -196.0
1574475428.054656, -196.0
1574475434.341488, -196.0
1574475440.557885, -196.0
1574475446.95718, -196.0
1574475452.873691, -196.0
1574475459.298226, -196.0
1574475465.374149, -196.0
1574475471.529248, -196.0
1574475477.668077, -196.0
1574475483.590336, -196.0
1574475490.012603, -196.0
1574475495.606949, -196.0
1574475501.551616, -196.0
1574475507.450075, -196.0
1574475513.546587, -196.0
1574475519.327078, -196.0
1574475525.320437, -196.0
1574475531.425891, -196.0
1574475537.331882, -196.0
1574475543.708832, -196.0
1574475549.741329, -196.0
1574475556.033932, -196.0
1574475561.962938, -196.0
1574475568.365927, -196.0
1574475574.254574, -196.0
1574475580.714384, -196.0
1574475586.934467, -196.0
1574475593.000672, -196.0
1574475598.928597, -196.0
1574475605.488135, -196.0
1574475611.879059, -196.0
1574475618.234326, -196.0
1574475624.227781, -196.0
1574475630.591294, -196.0
1574475636.617569, -196.0
1574475641.919219, -196.0
1574475647.192606, -196.0
1574475652.067575, -196.0
1574475656.743643, -196.0
1574475662.591094, -196.0
1574475668.353936, -196.0
1574475673.596882, -196.0
1574475679.723908, -196.0
1574475685.417775, -196.0
1574475690.709298, -196.0
1574475695.448496, -196.0
1574475700.227527, -196.0
1574475705.027148, -196.0
1574475709.675817, -196.0
1574475714.148158, -196.0
1574475719.652568, -196.0
1574475724.370992, -196.0
1574475729.068098, -196.0
1574475735.550211, -196.0
1574475742.05658, -196.0
1574475748.330532, -196.0
1574475754.306653, -196.0
1574475760.637898, -196.0
1574475767.013239, -196.0
1574475772.878294, -196.0
1574475512.570853, -196.0
1574475521.74631, -196.0
1574475522.347459, -196.0
1574475522.926481, -196.0
1574475523.50916, -196.0
1574475529.400971, -196.0
1574475534.015369, -196.0
1574475538.391609, -196.0
1574475542.64157, -196.0
1574475546.9577, -196.0
1574475551.342213, -196.0
1574475555.968624, -196.0
1574475560.512421, -196.0
1574475565.057766, -196.0
1574475570.861817, -196.0
1574475577.004522, -196.0
1574475577.560517, -196.0
1574475578.168993, -196.0
1574475578.992545, -196.0
1574475579.580138, -196.0
1574475580.159509, -196.0
1574475580.728543, -196.0
1574475581.282303, -196.0
1574475581.908603, -196.0
1574475582.474484, -196.0
1574475583.036108, -196.0
1574475583.642103, -196.0
1574475584.251055, -196.0
1574475584.877776, -196.0
1574475585.660841, -196.0
1574475586.232618, -196.0
1574475586.79038, -196.0
1574475587.385932, -196.0
1574475593.852155, -196.0
1574475599.380614, -196.0
1574475605.232633, -196.0
1574475611.318373, -196.0
1574475616.713808, -196.0
1574475621.647544, -196.0
1574475626.539183, -196.0
1574475631.220633, -196.0
1574475635.986196, -196.0
1574475640.546647, -196.0
1574475645.046527, -196.0
1574475649.768028, -196.0
1574475654.538212, -196.0
1574475659.277269, -196.0
1574475664.056809, -196.0
1574475668.544051, -196.0
1574475674.24283, -196.0
1574475680.646125, -196.0
1574475686.143976, -196.0
1574475691.686964, -196.0
1574475697.412217, -196.0
1574475703.622061, -196.0
1574475709.663631, -196.0
1574475716.241957, -196.0
1574475722.167651, -196.0
1574475728.067356, -196.0
1574475734.240763, -196.0
1574475740.058918, -196.0
1574475746.111167, -196.0
1574475751.038078, -196.0
1574475755.396055, -196.0
1574475759.687713, -196.0
1574475763.800407, -196.0
1574475768.144468, -196.0
1574475774.278103, -196.0
1574475780.532741, -196.0
1574475786.591867, -196.0
1574475791.832827, -196.0
1574475796.421249, -196.0
1574475801.092652, -196.0
1574475805.992692, -196.0
1574475811.02685, -196.0
1574475815.327704, -196.0
1574475819.787581, -196.0
1574475824.199142, -196.0
1574475830.44902, -196.0
1574475831.001473, -196.0
1574475836.700602, -196.0
1574475841.684233, -196.0
1574475846.159717, -196.0
1574475850.722048, -196.0
1574475855.52319, -196.0
1574475860.188515, -196.0
1574475865.900832, -196.0
1574475870.908522, -196.0
1574475876.032259, -196.0
1574475882.554467, -196.0
1574475883.171281, -196.0
1574475883.751802, -196.0
1574475884.319421, -196.0
1574475885.13342, -196.0
1574475885.745269, -196.0
1574475886.31812, -196.0
1574475886.898246, -196.0
1574475887.454015, -196.0
1574475888.01713, -196.0
1574475895.720576, -196.0
1574475903.261902, -196.0
1574475911.648943, -196.0
1574475919.426522, -196.0
1574475925.448508, -196.0
1574475932.144832, -196.0
1574475939.152384, -196.0
1574475945.24289, -196.0
1574475952.136076, -196.0
1574475958.511286, -196.0
1574475959.064235, -196.0
1574475966.091473, -196.0
1574475972.888744, -196.0
1574475979.817304, -196.0
1574475986.404526, -196.0
1574475992.381187, -196.0
1574475998.16786, -196.0
1574476004.298783, -196.0
1574476011.30634, -196.0
1574476018.257144, -196.0
1574476025.2125, -196.0
1574476031.850687, -196.0
1574476038.981823, -196.0
1574476045.742665, -196.0
1574476053.127034, -196.0
1574476059.335814, -196.0
1574476065.460724, -196.0
1574476070.807819, -196.0
1574476075.581387, -196.0
1574476080.215989, -196.0
1574476084.922496, -196.0
1574476089.813951, -196.0
1574476094.701124, -196.0
1574476099.703494, -196.0
1574476104.494742, -196.0
1574476109.397547, -196.0
1574476114.213027, -196.0
1574476118.743887, -196.0
1574476123.507173, -196.0
1574476128.118314, -196.0
1574476133.495306, -196.0
1574476138.387026, -196.0
1574476143.241338, -196.0
1574476148.759459, -196.0
1574476153.960329, -196.0
1574476159.392371, -196.0
1574476164.640399, -196.0
1574476170.423351, -196.0
1574476176.683353, -196.0
1574476182.715221, -196.0
1574476189.39734, -196.0
1574476195.478783, -196.0
1574476201.045647, -196.0
1574476206.85616, -196.0
1574476213.254272, -196.0
1574476219.945987, -196.0
1574476225.75311, -196.0
1574476231.846572, -196.0
1574476237.919367, -196.0
1574476244.103746, -196.0
1574476250.325278, -196.0
1574476256.643725, -196.0
1574476262.621622, -196.0
1574476268.455408, -196.0
1574476273.971939, -196.0
1574476280.128588, -196.0
1574476285.913391, -196.0
1574476292.223765, -196.0
1574476298.028036, -196.0
1574476304.390849, -196.0
1574476310.651053, -196.0
1574476316.260131, -196.0
1574476322.445734, -196.0
1574476329.385932, -196.0
1574476335.725354, -196.0
1574476342.023867, -196.0
1574476348.392164, -196.0
1574476354.460315, -196.0
1574476360.664322, -196.0
1574476367.534542, -196.0
1574476373.734908, -196.0
1574476379.810975, -196.0
1574476385.777259, -196.0
1574476391.977726, -196.0
1574476398.209889, -196.0
1574476404.397304, -196.0
1574476410.848169, -196.0
1574476416.894412, -196.0
1574476423.545095, -196.0
1574476429.5922, -196.0
1574476435.696845, -196.0
1574476441.887877, -196.0
1574476448.083841, -196.0
1574476453.789642, -196.0
1574476459.603804, -196.0
1574476465.50172, -196.0
1574476472.043358, -196.0
1574476478.016085, -196.0
1574476483.767894, -196.0
1574476489.32877, -196.0
1574476495.476337, -196.0
1574476501.434387, -196.0
1574476508.018076, -196.0
1574476513.966922, -196.0
1574476519.863337, -196.0
1574476525.618035, -196.0
1574476531.983179, -196.0
1574476538.479023, -196.0
1574476544.662504, -196.0
1574476545.216184, -196.0
1574476545.773967, -196.0
1574476552.475018, -196.0
1574476558.36754, -196.0
1574476564.631281, -196.0
1574476570.764195, -196.0
1574476576.764124, -196.0
1574476583.625232, -196.0
1574476589.772375, -196.0
1574476590.385207, -196.0
1574476596.207453, -196.0
1574476601.943845, -196.0
1574476608.171892, -196.0
1574476614.252913, -196.0
1574476620.130191, -196.0
1574476625.920278, -196.0
1574476632.481229, -196.0
1574476638.690104, -196.0
1574476644.642928, -196.0
1574476650.716257, -196.0
1574476656.899774, -196.0
1574476662.943085, -196.0
1574476668.906806, -196.0
1574476675.030672, -196.0
1574476680.939648, -196.0
1574476686.959569, -196.0
1574476693.246673, -196.0
1574476699.167345, -196.0
1574476705.67399, -196.0
1574476712.054385, -196.0
1574476718.785276, -196.0
1574476725.277144, -196.0
1574476731.520073, -196.0
1574476738.09912, -196.0
1574476744.458225, -196.0
1574476750.443285, -196.0
1574476756.371555, -196.0
1574476762.167955, -196.0
1574476768.238239, -196.0
1574476774.049256, -196.0
1574476780.001555, -196.0
1574476786.084745, -196.0
1574475594.551622, -196.0
1574475602.891103, -196.0
1574475609.858616, -196.0
1574475616.202844, -196.0
1574475622.450969, -196.0
1574475628.714411, -196.0
1574475634.643253, -196.0
1574475640.605642, -196.0
1574475646.664876, -196.0
1574475652.645427, -196.0
1574475658.541844, -196.0
1574475664.46862, -196.0
1574475670.342735, -196.0
1574475676.440192, -196.0
1574475682.506175, -196.0
1574475688.569729, -196.0
1574475694.673217, -196.0
1574475700.448723, -196.0
1574475706.599682, -196.0
1574475712.760278, -196.0
1574475718.31761, -196.0
1574475724.166066, -196.0
1574475729.961205, -196.0
1574475735.108204, -196.0
1574475739.776104, -196.0
1574475744.715126, -196.0
1574475749.963036, -196.0
1574475755.661112, -196.0
1574475761.578063, -196.0
1574475767.359, -196.0
1574475773.930138, -196.0
1574475779.879682, -196.0
1574475780.440719, -196.0
1574475780.996935, -196.0
1574475781.549038, -196.0
1574475782.099579, -196.0
1574475782.64981, -196.0
1574475788.877987, -196.0
1574475794.665532, -196.0
1574475800.534361, -196.0
1574475806.816418, -196.0
1574475812.624814, -196.0
1574475818.471648, -196.0
1574475824.840354, -196.0
1574475825.396718, -196.0
1574475825.952675, -196.0
1574475826.511185, -196.0
1574475827.08432, -196.0
1574475827.652144, -196.0
1574475828.228072, -196.0
1574475828.802734, -196.0
1574475829.372332, -196.0
1574475829.944889, -196.0
1574475830.517402, -196.0
1574475831.09198, -196.0
1574475837.282188, -196.0
1574475843.212508, -196.0
1574475848.778301, -196.0
1574475854.711152, -196.0
1574475861.235098, -196.0
1574475867.295254, -196.0
1574475873.12955, -196.0
1574475878.326397, -196.0
1574475882.938492, -196.0
1574475887.375918, -196.0
1574475891.855082, -196.0
1574475897.094544, -196.0
1574475903.634703, -196.0
1574475909.590676, -196.0
1574475915.506836, -196.0
1574475920.875753, -196.0
1574475926.792792, -196.0
1574475933.674679, -196.0
1574475934.297695, -196.0
1574475934.915771, -196.0
1574475941.591504, -196.0
1574475948.154918, -196.0
1574475954.872971, -196.0
1574475961.011977, -196.0
1574475967.421937, -196.0
1574475973.066191, -196.0
1574475978.093222, -196.0
1574475983.023946, -196.0
1574475987.440787, -196.0
1574475992.038647, -196.0
1574475996.394363, -196.0
1574476002.177517, -196.0
1574476002.738269, -196.0
1574476009.598432, -196.0
1574476016.80788, -196.0
1574476023.804212, -196.0
1574476030.600055, -196.0
1574476038.359085, -196.0
1574476045.149369, -196.0
1574476045.754122, -196.0
1574476052.230714, -196.0
1574476058.172581, -196.0
1574476063.750404, -196.0
1574476069.313393, -196.0
1574476074.830601, -196.0
1574476080.00742, -196.0
1574476084.357248, -196.0
1574476089.247856, -196.0
1574476093.794838, -196.0
1574476098.952193, -196.0
1574476103.470252, -196.0
1574476108.087096, -196.0
1574476113.111659, -196.0
1574476117.701606, -196.0
1574476122.627941, -196.0
1574476127.562388, -196.0
1574476132.243935, -196.0
1574476136.963342, -196.0
1574476141.810177, -196.0
1574476146.837198, -196.0
1574476151.68592, -196.0
1574476156.296142, -196.0
1574476161.475905, -196.0
1574476166.39158, -196.0
1574476171.177995, -196.0
1574476176.359892, -196.0
1574476181.773714, -196.0
1574476188.115064, -196.0
1574476193.700863, -196.0
1574476199.335975, -196.0
1574476205.665316, -196.0
1574476211.484156, -196.0
1574476217.295428, -196.0
1574476223.430314, -196.0
1574476229.246121, -196.0
1574476235.178513, -196.0
1574476241.378995, -196.0
1574476248.209831, -196.0
1574476254.365292, -196.0
1574476254.919182, -196.0
1574476255.473969, -196.0
1574476256.027567, -196.0
1574476256.579358, -196.0
1574476257.13277, -196.0
1574476262.928055, -196.0
1574476268.059792, -196.0
1574476274.107337, -196.0
1574476280.522478, -196.0
1574476281.076935, -196.0
1574476287.526723, -196.0
1574476293.914006, -196.0
1574476300.1685, -196.0
1574476306.04644, -196.0
1574476312.308115, -196.0
1574476318.614361, -196.0
1574476325.725818, -196.0
1574476332.380094, -196.0
1574476338.934845, -196.0
1574476344.685902, -196.0
1574476351.218128, -196.0
1574476357.653712, -196.0
1574476364.242642, -196.0
1574476370.650686, -196.0
1574476377.321094, -196.0
1574476383.454591, -196.0
1574476389.46922, -196.0
1574476395.77725, -196.0
1574476402.06413, -196.0
1574476408.244129, -196.0
1574476414.928708, -196.0
1574476421.074223, -196.0
1574476427.124417, -196.0
1574476433.19211, -196.0
1574476439.21581, -196.0
1574476445.209967, -196.0
1574476451.201267, -196.0
1574476457.320854, -196.0
1574476463.95575, -196.0
1574476470.468507, -196.0
1574476476.793183, -196.0
1574476483.073958, -196.0
1574476489.52495, -196.0
1574476496.303702, -196.0
1574476502.541172, -196.0
1574476509.196593, -196.0
1574476515.109631, -196.0
1574476521.30043, -196.0
1574476527.575475, -196.0
1574476534.10575, -196.0
1574476540.755682, -196.0
1574476546.895988, -196.0
1574476553.266149, -196.0
1574476558.954756, -196.0
1574476565.538344, -196.0
1574476571.410265, -196.0
1574476577.625378, -196.0
1574476583.584754, -196.0
1574476584.213278, -196.0
1574476590.893295, -196.0
1574476591.523462, -196.0
1574476592.143104, -196.0
1574476592.877853, -196.0
1574476593.596819, -196.0
1574476594.16373, -196.0
1574476600.193035, -196.0
1574476605.903942, -196.0
1574476612.049914, -196.0
1574476618.396986, -196.0
1574476624.688556, -196.0
1574476631.108195, -196.0
1574476637.939057, -196.0
1574476644.105217, -196.0
1574476650.568169, -196.0
1574476656.619324, -196.0
1574476662.72989, -196.0
1574476668.899217, -196.0
1574476675.129786, -196.0
1574476681.444089, -196.0
1574476687.588761, -196.0
1574476693.597836, -196.0
1574476699.63817, -196.0
1574476706.243136, -196.0
1574476712.626494, -196.0
1574476720.065821, -196.0
1574476726.426263, -196.0
1574476732.776766, -196.0
1574476738.949929, -196.0
1574476745.521855, -196.0
1574476751.644485, -196.0
1574476757.706824, -196.0
1574476763.703309, -196.0
1574476769.838072, -196.0
1574476775.839749, -196.0
1574476781.864053, -196.0
1574476787.718436, -196.0
1574476793.303014, -196.0
1574476799.332645, -196.0
1574476805.212361, -196.0
1574476811.406953, -196.0
1574476817.16729, -196.0
1574476823.268668, -196.0
1574476829.397099, -196.0
1574476835.719901, -196.0
1574476841.912599, -196.0
1574476847.594396, -196.0
1574476853.672028, -196.0
1574476859.312932, -196.0
1574476865.496486, -196.0
1574476871.751945, -196.0
1574476877.714214, -196.0
1574476884.039339, -196.0
1574476890.27536, -196.0
1574476896.074692, -196.0
1574476902.168812, -196.0
1574476908.129038, -196.0
1574475780.290806, -196.0
1574475780.911977, -196.0
1574475781.47679, -196.0
1574475782.097826, -196.0
1574475791.302337, -196.0
1574475791.855934, -196.0
1574475792.406413, -196.0
1574475792.972272, -196.0
1574475793.547751, -196.0
1574475794.126128, -196.0
1574475794.736865, -196.0
1574475795.327343, -196.0
1574475795.897996, -196.0
1574475796.471416, -196.0
1574475797.040281, -196.0
1574475797.603412, -196.0
1574475798.178926, -196.0
1574475804.104892, -196.0
1574475808.832019, -196.0
1574475813.139558, -196.0
1574475817.388877, -196.0
1574475821.93094, -196.0
1574475827.782127, -196.0
1574475828.333153, -196.0
1574475828.886688, -196.0
1574475829.439015, -196.0
1574475836.005773, -196.0
1574475841.233196, -196.0
1574475846.107359, -196.0
1574475851.414234, -196.0
1574475857.029947, -196.0
1574475864.714857, -196.0
1574475870.873357, -196.0
1574475878.012037, -196.0
1574475884.084221, -196.0
1574475884.847102, -196.0
1574475891.21067, -196.0
1574475899.084543, -196.0
1574475906.930079, -196.0
1574475914.945718, -196.0
1574475921.016587, -196.0
1574475927.044311, -196.0
1574475934.143457, -196.0
1574475941.109157, -196.0
1574475947.737991, -196.0
1574475954.158837, -196.0
1574475959.452104, -196.0
1574475964.371884, -196.0
1574475969.215873, -196.0
1574475974.777765, -196.0
1574475979.42286, -196.0
1574475984.269854, -196.0
1574475988.409933, -196.0
1574475992.965667, -196.0
1574475999.018242, -196.0
1574476004.19115, -196.0
1574476009.04025, -196.0
1574476013.707778, -196.0
1574476018.616446, -196.0
1574476023.746536, -196.0
1574476029.795097, -196.0
1574476036.133504, -196.0
1574476042.765166, -196.0
1574476043.461295, -196.0
1574476044.113739, -196.0
1574476044.716048, -196.0
1574476051.471451, -196.0
1574476057.613686, -196.0
1574476063.38765, -196.0
1574476069.458952, -196.0
1574476075.732775, -196.0
1574476081.7721, -196.0
1574476088.07565, -196.0
1574476088.625199, -196.0
1574476095.301325, -196.0
1574476101.716242, -196.0
1574476102.324701, -196.0
1574476109.131956, -196.0
1574476116.072446, -196.0
1574476122.878415, -196.0
1574476123.455389, -196.0
1574476124.027362, -196.0
1574476131.027131, -196.0
1574476137.759683, -196.0
1574476144.520509, -196.0
1574476150.20688, -196.0
1574476156.31266, -196.0
1574476162.688255, -196.0
1574476169.14632, -196.0
1574476175.358871, -196.0
1574476181.465994, -196.0
1574476188.158004, -196.0
1574476194.842985, -196.0
1574476200.666933, -196.0
1574476206.465217, -196.0
1574476212.954707, -196.0
1574476218.752564, -196.0
1574476225.040644, -196.0
1574476231.627003, -196.0
1574476236.7708, -196.0
1574476241.761301, -196.0
1574476246.395792, -196.0
1574476250.867866, -196.0
1574476255.607354, -196.0
1574476260.173184, -196.0
1574476265.527705, -196.0
1574476271.619133, -196.0
1574476277.462095, -196.0
1574476284.146897, -196.0
1574476290.800817, -196.0
1574476297.177546, -196.0
1574476303.310359, -196.0
1574476309.545168, -196.0
1574476315.734396, -196.0
1574476322.093991, -196.0
1574476328.785517, -196.0
1574476335.384946, -196.0
1574476341.731192, -196.0
1574476347.909912, -196.0
1574476354.071565, -196.0
1574476360.736429, -196.0
1574476367.005851, -196.0
1574476372.813501, -196.0
1574476378.99667, -196.0
1574476384.980593, -196.0
1574476391.309311, -196.0
1574476397.417935, -196.0
1574476403.663314, -196.0
1574476409.533181, -196.0
1574476415.650635, -196.0
1574476421.658315, -196.0
1574476427.990323, -196.0
1574476434.436084, -196.0
1574476441.246044, -196.0
1574476446.517588, -196.0
1574476453.675181, -196.0
1574476459.986998, -196.0
1574476466.048349, -196.0
1574476472.608326, -196.0
1574476478.985484, -196.0
1574476485.60035, -196.0
1574476491.779173, -196.0
1574476497.972563, -196.0
1574476504.529149, -196.0
1574476511.122365, -196.0
1574476517.202632, -196.0
1574476523.285659, -196.0
1574476529.322318, -196.0
1574476535.432664, -196.0
1574476541.663999, -196.0
1574476547.935277, -196.0
1574476554.152786, -196.0
1574476560.356572, -196.0
1574476566.985184, -196.0
1574476572.940394, -196.0
1574476578.794486, -196.0
1574476585.196328, -196.0
1574476591.545745, -196.0
1574476592.097764, -196.0
1574476592.674252, -196.0
1574476593.330104, -196.0
1574476593.99731, -196.0
1574476600.179754, -196.0
1574476606.078325, -196.0
1574476612.034506, -196.0
1574476618.160969, -196.0
1574476624.295807, -196.0
1574476630.329269, -196.0
1574476636.444743, -196.0
1574476642.75341, -196.0
1574476649.352399, -196.0
1574476649.903708, -196.0
1574476650.455229, -196.0
1574476651.009463, -196.0
1574476651.570364, -196.0
1574476652.197492, -196.0
1574476658.609921, -196.0
1574476664.08272, -196.0
1574476670.163483, -196.0
1574476676.323165, -196.0
1574476682.977061, -196.0
1574476683.532103, -196.0
1574476684.084616, -196.0
1574476684.635657, -196.0
1574476685.18841, -196.0
1574476685.739909, -196.0
1574476692.581106, -196.0
1574476698.646474, -196.0
1574476703.989926, -196.0
1574476709.036319, -196.0
1574476714.581875, -196.0
1574476719.63959, -196.0
1574476725.027613, -196.0
1574476730.49023, -196.0
1574476735.528152, -196.0
1574476740.447869, -196.0
1574476745.296307, -196.0
1574476750.489463, -196.0
1574476756.66058, -196.0
1574476762.622575, -196.0
1574476768.871122, -196.0
1574476774.907051, -196.0
1574476780.821714, -196.0
1574476786.489861, -196.0
1574476792.386352, -196.0
1574476798.116421, -196.0
1574476804.21342, -196.0
1574476809.952934, -196.0
1574476816.171085, -196.0
1574476822.287648, -196.0
1574476828.388568, -196.0
1574476834.805705, -196.0
1574476840.553637, -196.0
1574476846.516995, -196.0
1574476852.495723, -196.0
1574476858.944563, -196.0
1574476865.085692, -196.0
1574476871.197989, -196.0
1574476877.360855, -196.0
1574476883.571697, -196.0
1574476889.281619, -196.0
1574476895.414103, -196.0
1574476901.301215, -196.0
1574476907.16885, -196.0
1574476913.479353, -196.0
1574476919.345526, -196.0
1574476925.085582, -196.0
1574476930.668029, -196.0
1574476936.44917, -196.0
1574476942.489429, -196.0
1574476948.211191, -196.0
1574476953.970361, -196.0
1574476960.076747, -196.0
1574476965.780743, -196.0
1574476971.649589, -196.0
1574476977.604809, -196.0
1574476983.745401, -196.0
1574476989.616443, -196.0
1574476995.536022, -196.0
1574477001.155602, -196.0
1574477007.098103, -196.0
1574477013.039853, -196.0
1574477018.821105, -196.0
1574477024.721995, -196.0
1574477030.999799, -196.0
1574477036.49783, -196.0
1574477042.196696, -196.0
1574477048.075336, -196.0
1574477053.780404, -196.0
1574477059.445922, -196.0
1574475782.461309, -196.0
1574475783.057411, -196.0
1574475783.622439, -196.0
1574475784.180405, -196.0
1574475784.738213, -196.0
1574475785.357077, -196.0
1574475785.957569, -196.0
1574475786.52279, -196.0
1574475787.104531, -196.0
1574475787.690045, -196.0
1574475788.293614, -196.0
1574475793.119755, -196.0
1574475797.737321, -196.0
1574475802.543062, -196.0
1574475807.390699, -196.0
1574475812.682118, -196.0
1574475818.666756, -196.0
1574475824.805118, -196.0
1574475830.711028, -196.0
1574475836.658072, -196.0
1574475842.390082, -196.0
1574475848.262209, -196.0
1574475854.535811, -196.0
1574475860.986562, -196.0
1574475867.621696, -196.0
1574475874.362627, -196.0
1574475880.950557, -196.0
1574475887.078347, -196.0
1574475893.189162, -196.0
1574475901.397539, -196.0
1574475908.804819, -196.0
1574475915.130055, -196.0
1574475920.007206, -196.0
1574475924.800426, -196.0
1574475929.805181, -196.0
1574475934.806071, -196.0
1574475939.821876, -196.0
1574475944.938605, -196.0
1574475949.770829, -196.0
1574475954.599435, -196.0
1574475959.285008, -196.0
1574475965.054037, -196.0
1574475969.674092, -196.0
1574475975.742638, -196.0
1574475981.251089, -196.0
1574475986.053023, -196.0
1574475990.67785, -196.0
1574475995.392213, -196.0
1574476000.069327, -196.0
1574476004.797094, -196.0
1574476009.718967, -196.0
1574476014.568446, -196.0
1574476019.557341, -196.0
1574476024.840735, -196.0
1574476029.661854, -196.0
1574476034.302588, -196.0
1574476039.908784, -196.0
1574476046.622303, -196.0
1574476052.932411, -196.0
1574476059.266535, -196.0
1574476065.544081, -196.0
1574476071.976083, -196.0
1574476078.532387, -196.0
1574476084.847712, -196.0
1574476091.46105, -196.0
1574476097.538729, -196.0
1574476103.917845, -196.0
1574476110.709687, -196.0
1574476117.018947, -196.0
1574476122.556035, -196.0
1574476126.993858, -196.0
1574476131.424553, -196.0
1574476136.380147, -196.0
1574476142.429858, -196.0
1574476148.448302, -196.0
1574476154.899635, -196.0
1574476161.257834, -196.0
1574476167.491881, -196.0
1574476173.71523, -196.0
1574476180.156604, -196.0
1574476186.753672, -196.0
1574476191.882028, -196.0
1574476197.424216, -196.0
1574476204.286161, -196.0
1574476210.616813, -196.0
1574476216.806633, -196.0
1574476222.942876, -196.0
1574476229.79497, -196.0
1574476236.245175, -196.0
1574476242.767138, -196.0
1574476248.657388, -196.0
1574476254.777059, -196.0
1574476260.146144, -196.0
1574476265.161659, -196.0
1574476269.674205, -196.0
1574476274.295379, -196.0
1574476278.717855, -196.0
1574476283.132779, -196.0
1574476287.648632, -196.0
1574476292.595942, -196.0
1574476296.952141, -196.0
1574476301.409497, -196.0
1574476305.866975, -196.0
1574476310.324134, -196.0
1574476315.722418, -196.0
1574476321.338533, -196.0
1574476328.108968, -196.0
1574476334.730901, -196.0
1574476341.073585, -196.0
1574476347.568624, -196.0
1574476352.914593, -196.0
1574476357.888118, -196.0
1574476363.488794, -196.0
1574476370.136343, -196.0
1574476376.845224, -196.0
1574476382.772276, -196.0
1574476388.990784, -196.0
1574476395.586347, -196.0
1574476401.552606, -196.0
1574476408.216252, -196.0
1574476414.51559, -196.0
1574476420.925874, -196.0
1574476427.148095, -196.0
1574476433.055775, -196.0
1574476439.384057, -196.0
1574476446.013087, -196.0
1574476452.585718, -196.0
1574476459.195944, -196.0
1574476465.433459, -196.0
1574476471.40685, -196.0
1574476477.227428, -196.0
1574476483.1087, -196.0
1574476488.76507, -196.0
1574476495.07533, -196.0
1574476495.625352, -196.0
1574476501.898654, -196.0
1574476508.30391, -196.0
1574476514.068281, -196.0
1574476520.111929, -196.0
1574476526.265615, -196.0
1574476532.816151, -196.0
1574476539.574548, -196.0
1574476546.015526, -196.0
1574476552.738526, -196.0
1574476559.025242, -196.0
1574476565.374733, -196.0
1574476571.403472, -196.0
1574476577.046854, -196.0
1574476583.225829, -196.0
1574476589.438665, -196.0
1574476595.452934, -196.0
1574476601.634312, -196.0
1574476608.128602, -196.0
1574476614.660033, -196.0
1574476615.217175, -196.0
1574476615.770755, -196.0
1574476616.33906, -196.0
1574476616.911265, -196.0
1574476617.608248, -196.0
1574476618.164184, -196.0
1574476624.088048, -196.0
1574476630.272653, -196.0
1574476636.628645, -196.0
1574476642.905855, -196.0
1574476648.833892, -196.0
1574476654.594036, -196.0
1574476660.406948, -196.0
1574476666.388384, -196.0
1574476672.122552, -196.0
1574476677.988565, -196.0
1574476683.876865, -196.0
1574476689.697994, -196.0
1574476695.591224, -196.0
1574476701.345985, -196.0
1574476708.608873, -196.0
1574476715.629795, -196.0
1574476722.033003, -196.0
1574476728.495739, -196.0
1574476734.645652, -196.0
1574476740.600893, -196.0
1574476746.287702, -196.0
1574476752.266831, -196.0
1574476758.360828, -196.0
1574476764.423317, -196.0
1574476770.646194, -196.0
1574476776.578614, -196.0
1574476782.981375, -196.0
1574476789.075705, -196.0
1574476795.125035, -196.0
1574476800.880028, -196.0
1574476806.945246, -196.0
1574476812.627454, -196.0
1574476818.497764, -196.0
1574476824.191905, -196.0
1574476829.924902, -196.0
1574476836.105937, -196.0
1574476841.985404, -196.0
1574476848.069782, -196.0
1574476853.872798, -196.0
1574476860.423201, -196.0
1574476866.539797, -196.0
1574476872.542126, -196.0
1574476878.508216, -196.0
1574476884.403368, -196.0
1574476890.039147, -196.0
1574476895.993981, -196.0
1574476901.982446, -196.0
1574476907.949614, -196.0
1574476914.157266, -196.0
1574476919.728756, -196.0
1574476925.639925, -196.0
1574476931.601358, -196.0
1574476937.518432, -196.0
1574476943.456281, -196.0
1574476949.208348, -196.0
1574476954.952614, -196.0
1574476961.095993, -196.0
1574476966.769973, -196.0
1574476972.593243, -196.0
1574476978.697033, -196.0
1574476984.442958, -196.0
1574476990.433821, -196.0
1574476996.33615, -196.0
1574477002.002412, -196.0
1574477007.843984, -196.0
1574477013.842957, -196.0
1574477019.867637, -196.0
1574477025.910447, -196.0
1574477032.046807, -196.0
1574477037.807431, -196.0
1574477043.494571, -196.0
1574477049.241769, -196.0
1574477055.142207, -196.0
1574477060.847432, -196.0
1574477066.639588, -196.0
1574477072.832701, -196.0
1574477078.661565, -196.0
1574477084.330542, -196.0
1574477090.104143, -196.0
1574477094.518197, -196.0
1574477099.16479, -196.0
1574477103.519941, -196.0
1574477108.550738, -196.0
1574477113.171365, -196.0
1574477118.261904, -196.0
1574477124.198094, -196.0
1574477130.319637, -196.0
1574477136.434797, -196.0
1574477142.935081, -196.0
1574477149.148528, -196.0
