1575341018.287925, -249.0
1575341029.047017, -248.0
1575341029.879348, -248.0
1575341030.715019, -248.0
1575341031.563235, -248.0
1575341032.405059, -248.0
1575341036.311237, -248.0
1575341046.773883, -241.0
1575341053.469473, -241.0
1575341057.764902, -241.0
1575341064.364638, -241.0
1575341070.836261, -241.0
1575341072.921218, -241.0
1575341074.854065, -241.0
1575341077.902454, -241.0
1575341079.881936, -241.0
1575341085.516295, -241.0
1575341091.062764, -241.0
1575341096.600613, -241.0
1575341102.281415, -241.0
1575341105.469217, -241.0
1575341112.106924, -241.0
1575341116.486643, -241.0
1575341117.335127, -241.0
1575341118.169793, -241.0
1575341119.006305, -241.0
1575341121.014542, -241.0
1575341124.135395, -241.0
1575341128.422954, -241.0
1575341135.346537, -241.0
1575341138.518076, -241.0
1575341142.819616, -241.0
1575341144.763969, -241.0
1575341150.093986, -241.0
1575341156.889548, -241.0
1575341163.717859, -241.0
1575341169.115025, -241.0
1575341174.528336, -241.0
1575341182.303035, -241.0
1575341190.959986, -241.0
1575341195.223648, -241.0
1575341198.404274, -241.0
1575341201.48418, -241.0
1575341207.075698, -241.0
1575341214.754909, -241.0
1575341221.350839, -241.0
1575341227.979684, -241.0
1575341228.810399, -241.0
1575341230.754977, -241.0
1575341231.586076, -241.0
1575341017.568475, -249.0
1575341017.968389, -249.0
1575341018.353368, -249.0
1575341018.72492, -249.0
1575341019.303229, -249.0
1575341019.700196, -249.0
1575341020.093041, -249.0
1575341020.483017, -249.0
1575341020.870599, -249.0
1575341021.259546, -249.0
1575341021.645923, -249.0
1575341022.027646, -249.0
1575341022.498207, -249.0
1575341023.039271, -249.0
1575341023.413375, -249.0
1575341023.792063, -249.0
1575341024.320068, -249.0
1575341024.706577, -249.0
1575341025.101638, -249.0
1575341025.4877, -249.0
1575341025.864394, -249.0
1575341026.249029, -249.0
1575341026.635521, -249.0
1575341027.025471, -249.0
1575341027.401756, -249.0
1575341027.786875, -249.0
1575341028.168422, -249.0
1575341028.567169, -249.0
1575341028.946164, -249.0
1575341029.330497, -248.0
1575341029.708971, -248.0
1575341030.081524, -248.0
1575341030.45383, -248.0
1575341030.830611, -248.0
1575341031.199437, -248.0
1575341031.570774, -248.0
1575341031.94259, -248.0
1575341032.316295, -248.0
1575341032.690899, -248.0
1575341033.0631, -248.0
1575341033.43624, -248.0
1575341033.810239, -248.0
1575341034.198252, -248.0
1575341034.659285, -248.0
1575341035.094074, -248.0
1575341035.523025, -248.0
1575341036.026597, -248.0
1575341036.435572, -248.0
1575341036.836454, -248.0
1575341037.23129, -248.0
1575341018.174164, -249.0
1575341019.050071, -249.0
1575341019.844836, -249.0
1575341020.602662, -249.0
1575341021.352833, -249.0
1575341022.109714, -249.0
1575341023.011506, -249.0
1575341023.848984, -249.0
1575341024.635637, -249.0
1575341025.392306, -249.0
1575341026.145189, -249.0
1575341026.912451, -249.0
1575341027.667538, -249.0
1575341028.430243, -249.0
1575341029.185718, -248.0
1575341029.952871, -248.0
1575341030.713188, -248.0
1575341031.464881, -248.0
1575341032.234798, -248.0
1575341033.010461, -248.0
1575341033.790461, -248.0
1575341034.767727, -248.0
1575341035.588286, -248.0
1575341036.476871, -248.0
1575341037.225437, -248.0
1575341037.970923, -248.0
1575341038.710067, -248.0
1575341039.535832, -248.0
1575341040.281956, -248.0
1575341041.024482, -248.0
1575341041.767684, -248.0
1575341042.510123, -248.0
1575341043.253696, -241.0
1575341043.995446, -241.0
1575341044.770639, -241.0
1575341045.578216, -241.0
1575341046.35715, -241.0
1575341047.149628, -241.0
1575341047.91111, -241.0
1575341048.671028, -241.0
1575341049.426583, -241.0
1575341050.187886, -241.0
1575341050.958984, -241.0
1575341051.714533, -241.0
1575341052.522871, -241.0
1575341053.263307, -241.0
1575341054.004185, -241.0
1575341054.74482, -241.0
1575341055.483966, -241.0
1575341056.228447, -241.0
1575341017.683017, -249.0
1575341021.618896, -249.0
1575341023.386644, -249.0
1575341025.068854, -249.0
1575341026.694848, -249.0
1575341028.329737, -249.0
1575341028.711797, -249.0
1575341029.08881, -248.0
1575341029.472193, -248.0
1575341032.192136, -248.0
1575341033.790981, -248.0
1575341035.63161, -248.0
1575341036.076474, -248.0
1575341036.532116, -248.0
1575341036.932857, -248.0
1575341037.347291, -248.0
1575341037.749143, -248.0
1575341039.245761, -248.0
1575341043.157185, -241.0
1575341043.532611, -241.0
1575341043.916516, -241.0
1575341044.297198, -241.0
1575341044.687048, -241.0
1575341046.226164, -241.0
1575341047.790543, -241.0
1575341049.322837, -241.0
1575341050.867811, -241.0
1575341052.623721, -241.0
1575341054.171535, -241.0
1575341055.771398, -241.0
1575341057.493874, -241.0
1575341059.077009, -241.0
1575341060.664202, -241.0
1575341062.20179, -241.0
1575341063.774773, -241.0
1575341065.344536, -241.0
1575341070.283737, -241.0
1575341075.359641, -241.0
1575341076.992981, -241.0
1575341078.654539, -241.0
1575341080.468059, -241.0
1575341085.910291, -241.0
1575341091.097571, -241.0
1575341092.701799, -241.0
1575341095.295509, -241.0
1575341097.954429, -241.0
1575341100.649251, -241.0
1575341103.331779, -241.0
1575341108.161281, -241.0
1575341113.116453, -241.0
1575341037.979138, -248.0
1575341038.360586, -248.0
1575341038.74631, -248.0
1575341039.199767, -248.0
1575341039.575146, -248.0
1575341039.94462, -248.0
1575341040.318327, -248.0
1575341040.70224, -248.0
1575341041.082782, -248.0
1575341041.466213, -248.0
1575341041.84231, -248.0
1575341042.214421, -248.0
1575341042.595157, -248.0
1575341042.980181, -248.0
1575341043.360951, -241.0
1575341043.750221, -241.0
1575341044.132983, -241.0
1575341044.519372, -241.0
1575341044.911283, -241.0
1575341045.285526, -241.0
1575341045.65758, -241.0
1575341046.029194, -241.0
1575341046.403368, -241.0
1575341046.772786, -241.0
1575341047.15045, -241.0
1575341047.535364, -241.0
1575341047.921329, -241.0
1575341048.31396, -241.0
1575341048.718783, -241.0
1575341049.10207, -241.0
1575341049.487184, -241.0
1575341049.867261, -241.0
1575341050.246969, -241.0
1575341050.644883, -241.0
1575341051.035086, -241.0
1575341051.440164, -241.0
1575341051.882837, -241.0
1575341052.306935, -241.0
1575341052.742869, -241.0
1575341053.161748, -241.0
1575341053.541389, -241.0
1575341053.943125, -241.0
1575341054.378859, -241.0
1575341054.813641, -241.0
1575341055.247819, -241.0
1575341055.684663, -241.0
1575341056.105247, -241.0
1575341056.527805, -241.0
1575341056.941957, -241.0
1575341057.321597, -241.0
1575341056.942311, -241.0
1575341057.311519, -241.0
1575341057.702265, -241.0
1575341058.076548, -241.0
1575341058.454832, -241.0
1575341058.834047, -241.0
1575341059.207291, -241.0
1575341059.581058, -241.0
1575341059.950948, -241.0
1575341060.321334, -241.0
1575341060.69229, -241.0
1575341061.06101, -241.0
1575341061.431371, -241.0
1575341061.802348, -241.0
1575341062.173462, -241.0
1575341062.547112, -241.0
1575341062.91801, -241.0
1575341063.288128, -241.0
1575341063.662853, -241.0
1575341064.034271, -241.0
1575341064.405025, -241.0
1575341064.776206, -241.0
1575341065.147218, -241.0
1575341065.516914, -241.0
1575341065.886289, -241.0
1575341066.257519, -241.0
1575341066.634105, -241.0
1575341067.011072, -241.0
1575341067.393849, -241.0
1575341067.77009, -241.0
1575341068.146737, -241.0
1575341068.519797, -241.0
1575341068.890704, -241.0
1575341069.26165, -241.0
1575341069.632788, -241.0
1575341070.035802, -241.0
1575341070.461967, -241.0
1575341070.881295, -241.0
1575341071.292995, -241.0
1575341071.711458, -241.0
1575341072.086534, -241.0
1575341072.488953, -241.0
1575341072.920264, -241.0
1575341073.35405, -241.0
1575341073.776623, -241.0
1575341074.205595, -241.0
1575341074.6196, -241.0
1575341075.039815, -241.0
1575341075.450503, -241.0
1575341075.829586, -241.0
1575341058.00674, -241.0
1575341058.376301, -241.0
1575341058.743513, -241.0
1575341059.113358, -241.0
1575341059.484194, -241.0
1575341059.906017, -241.0
1575341060.334029, -241.0
1575341060.70804, -241.0
1575341061.117784, -241.0
1575341061.547034, -241.0
1575341061.9618, -241.0
1575341062.333417, -241.0
1575341062.741904, -241.0
1575341063.112632, -241.0
1575341063.478617, -241.0
1575341063.849836, -241.0
1575341064.216189, -241.0
1575341064.581902, -241.0
1575341064.992332, -241.0
1575341065.364481, -241.0
1575341065.735029, -241.0
1575341066.111893, -241.0
1575341066.489419, -241.0
1575341066.868512, -241.0
1575341067.249961, -241.0
1575341067.624476, -241.0
1575341067.994776, -241.0
1575341068.363281, -241.0
1575341068.737514, -241.0
1575341069.108186, -241.0
1575341069.479324, -241.0
1575341069.850598, -241.0
1575341070.221865, -241.0
1575341070.592388, -241.0
1575341070.964405, -241.0
1575341071.334369, -241.0
1575341071.704491, -241.0
1575341072.073928, -241.0
1575341072.448219, -241.0
1575341072.82683, -241.0
1575341073.196988, -241.0
1575341073.573078, -241.0
1575341073.945623, -241.0
1575341074.316056, -241.0
1575341074.687245, -241.0
1575341075.059541, -241.0
1575341075.429953, -241.0
1575341075.809305, -241.0
1575341076.203642, -241.0
1575341076.586106, -241.0
1575341076.704745, -241.0
1575341077.182906, -241.0
1575341077.66145, -241.0
1575341078.150834, -241.0
1575341078.630015, -241.0
1575341079.168592, -241.0
1575341079.739187, -241.0
1575341080.211905, -241.0
1575341080.832893, -241.0
1575341081.584501, -241.0
1575341082.108023, -241.0
1575341082.571327, -241.0
1575341083.083903, -241.0
1575341083.550326, -241.0
1575341084.121142, -241.0
1575341084.649487, -241.0
1575341085.111467, -241.0
1575341085.567173, -241.0
1575341086.097034, -241.0
1575341086.5619, -241.0
1575341087.025195, -241.0
1575341087.487015, -241.0
1575341087.948875, -241.0
1575341088.413891, -241.0
1575341088.875491, -241.0
1575341089.340196, -241.0
1575341089.805515, -241.0
1575341090.266936, -241.0
1575341090.734239, -241.0
1575341091.198952, -241.0
1575341091.66388, -241.0
1575341092.127068, -241.0
1575341092.587693, -241.0
1575341093.049, -241.0
1575341093.516001, -241.0
1575341093.98092, -241.0
1575341094.479062, -241.0
1575341094.952122, -241.0
1575341095.415572, -241.0
1575341095.878818, -241.0
1575341096.343352, -241.0
1575341096.848735, -241.0
1575341097.350523, -241.0
1575341097.814781, -241.0
1575341098.276533, -241.0
1575341098.737635, -241.0
1575341099.201604, -241.0
1575341099.663788, -241.0
1575341100.138375, -241.0
1575341100.600251, -241.0
1575341077.287132, -241.0
1575341077.654683, -241.0
1575341078.024674, -241.0
1575341078.405608, -241.0
1575341078.823655, -241.0
1575341079.251147, -241.0
1575341079.664434, -241.0
1575341080.053423, -241.0
1575341080.429526, -241.0
1575341080.882274, -241.0
1575341081.278377, -241.0
1575341081.712039, -241.0
1575341082.097523, -241.0
1575341082.487227, -241.0
1575341082.903204, -241.0
1575341083.278457, -241.0
1575341083.652677, -241.0
1575341084.028263, -241.0
1575341084.483223, -241.0
1575341084.964283, -241.0
1575341085.36546, -241.0
1575341085.736725, -241.0
1575341086.12443, -241.0
1575341086.495137, -241.0
1575341086.865542, -241.0
1575341087.235671, -241.0
1575341087.606897, -241.0
1575341087.97573, -241.0
1575341088.345476, -241.0
1575341088.715232, -241.0
1575341089.085586, -241.0
1575341089.482048, -241.0
1575341089.85308, -241.0
1575341090.225635, -241.0
1575341090.59636, -241.0
1575341090.969281, -241.0
1575341091.339755, -241.0
1575341091.709196, -241.0
1575341092.079471, -241.0
1575341092.44896, -241.0
1575341092.818138, -241.0
1575341093.188042, -241.0
1575341093.557132, -241.0
1575341093.927661, -241.0
1575341094.349004, -241.0
1575341094.724521, -241.0
1575341095.095903, -241.0
1575341095.46491, -241.0
1575341095.834708, -241.0
1575341096.205071, -241.0
1575341096.87417, -241.0
1575341097.249864, -241.0
1575341097.620894, -241.0
1575341097.990018, -241.0
1575341098.358717, -241.0
1575341098.727825, -241.0
1575341099.096725, -241.0
1575341099.466841, -241.0
1575341099.836188, -241.0
1575341100.206197, -241.0
1575341100.574569, -241.0
1575341100.943546, -241.0
1575341101.312044, -241.0
1575341101.681297, -241.0
1575341102.050887, -241.0
1575341102.421291, -241.0
1575341102.789897, -241.0
1575341103.158991, -241.0
1575341103.528393, -241.0
1575341103.899409, -241.0
1575341104.269757, -241.0
1575341104.640089, -241.0
1575341105.009455, -241.0
1575341105.379389, -241.0
1575341105.749726, -241.0
1575341106.118911, -241.0
1575341106.48776, -241.0
1575341106.856672, -241.0
1575341107.228153, -241.0
1575341107.596689, -241.0
1575341107.96602, -241.0
1575341108.334708, -241.0
1575341108.703822, -241.0
1575341109.073459, -241.0
1575341109.443696, -241.0
1575341109.812541, -241.0
1575341110.182457, -241.0
1575341110.551739, -241.0
1575341110.922028, -241.0
1575341111.291746, -241.0
1575341111.660961, -241.0
1575341112.029739, -241.0
1575341112.39927, -241.0
1575341112.767196, -241.0
1575341113.137231, -241.0
1575341113.505635, -241.0
1575341113.875117, -241.0
1575341114.244669, -241.0
1575341114.614855, -241.0
1575341114.983949, -241.0
1575341255.548053, -241.0
1575341256.762346, -241.0
1575341256.855024, -241.0
1575341256.950454, -241.0
1575341257.057632, -241.0
1575341257.15648, -241.0
1575341258.398212, -241.0
1575341260.168743, -241.0
1575341260.265554, -241.0
1575341260.358795, -241.0
1575341260.456193, -241.0
1575341260.557748, -241.0
1575341260.654307, -241.0
1575341261.812575, -241.0
1575341263.024822, -241.0
1575341263.118313, -241.0
1575341264.363912, -241.0
1575341265.795019, -241.0
1575341267.141966, -241.0
1575341268.503541, -241.0
1575341269.834096, -241.0
1575341271.188508, -241.0
1575341271.281371, -241.0
1575341272.532015, -241.0
1575341273.778247, -241.0
1575341273.871976, -241.0
1575341273.971158, -241.0
1575341275.360213, -241.0
1575341276.600569, -241.0
1575341276.693249, -241.0
1575341276.790203, -241.0
1575341278.131901, -241.0
1575341279.332376, -241.0
1575341279.425641, -241.0
1575341279.523551, -241.0
1575341281.154806, -241.0
1575341282.49471, -241.0
1575341282.589758, -241.0
1575341282.687829, -241.0
1575341283.987677, -241.0
1575341285.373404, -241.0
1575341286.654058, -241.0
1575341287.922668, -241.0
1575341289.232239, -241.0
1575341290.463373, -241.0
1575341291.68797, -241.0
1575341293.042097, -241.0
1575341294.321227, -241.0
1575341296.348921, -241.0
1575341297.586263, -241.0
1575341298.873972, -241.0
1575341300.134428, -241.0
1575341301.425651, -241.0
1575341302.954967, -241.0
1575341305.742936, -241.0
1575341307.246734, -241.0
1575341308.398559, -241.0
1575341308.492096, -241.0
1575341308.600183, -241.0
1575341308.706815, -241.0
1575341308.811108, -241.0
1575341308.918268, -241.0
1575341309.013458, -241.0
1575341309.109141, -241.0
1575341309.2052, -241.0
1575341310.392876, -241.0
1575341311.645134, -241.0
1575341312.866591, -241.0
1575341314.328786, -241.0
1575341315.52888, -241.0
1575341316.796873, -241.0
1575341316.889873, -241.0
1575341318.296696, -241.0
1575341318.398131, -241.0
1575341318.503421, -241.0
1575341318.610972, -241.0
1575341318.718313, -241.0
1575341318.823597, -241.0
1575341318.930556, -241.0
1575341320.355475, -241.0
1575341321.579244, -241.0
1575341322.827224, -241.0
1575341324.949209, -241.0
1575341326.236502, -241.0
1575341326.331689, -241.0
1575341327.70995, -241.0
1575341327.817725, -241.0
1575341327.924951, -241.0
1575341328.031308, -241.0
1575341328.137222, -241.0
1575341328.244157, -241.0
1575341328.351918, -241.0
1575341328.458833, -241.0
1575341328.566084, -241.0
1575341328.671298, -241.0
1575341328.77458, -241.0
1575341328.875531, -241.0
1575341328.974853, -241.0
1575341329.077163, -241.0
1575341329.17994, -241.0
1575341329.283498, -241.0
1575341329.388379, -241.0
1575341329.484451, -241.0
1575341330.688554, -238.0
1575341331.965809, -238.0
1575341333.200323, -238.0
1575341334.407808, -238.0
1575341335.673268, -238.0
1575341336.977993, -238.0
1575341338.242218, -238.0
1575341339.532458, -238.0
1575341340.911274, -238.0
1575341342.117328, -238.0
1575341343.393211, -238.0
1575341344.712158, -238.0
1575341345.884887, -238.0
1575341345.977932, -238.0
1575341347.418001, -238.0
1575341348.621047, -238.0
1575341349.896949, -238.0
1575341351.202941, -238.0
1575341352.482152, -238.0
1575341353.844662, -238.0
1575341355.052038, -238.0
1575341356.278385, -238.0
1575341357.559507, -238.0
1575341358.921639, -238.0
1575341360.009792, -238.0
1575341361.228994, -238.0
1575341362.573687, -238.0
1575341363.767342, -238.0
1575341365.057285, -238.0
1575341365.15072, -238.0
1575341365.243529, -238.0
1575341366.424409, -238.0
1575341367.664024, -238.0
1575341368.912152, -238.0
1575341370.07376, -238.0
1575341371.340596, -238.0
1575341372.595009, -238.0
1575341373.861823, -238.0
1575341375.146988, -238.0
1575341376.43399, -238.0
1575341377.664145, -238.0
1575341377.75744, -238.0
1575341377.852283, -238.0
1575341379.041118, -238.0
1575341380.305008, -238.0
1575341381.592302, -238.0
1575341382.844259, -238.0
1575341384.056936, -238.0
1575341385.268219, -238.0
1575341385.361162, -238.0
1575341386.551352, -238.0
1575341387.76163, -238.0
1575341389.05998, -238.0
1575341389.152416, -238.0
1575341389.248392, -238.0
1575341389.352468, -238.0
1575341390.694026, -238.0
1575341390.78743, -238.0
1575341390.879912, -238.0
1575341390.972767, -238.0
1575341391.068685, -238.0
1575341391.167446, -238.0
1575341391.26191, -238.0
1575341392.541536, -238.0
1575341393.799575, -238.0
1575341393.892523, -238.0
1575341395.273069, -238.0
1575341396.48073, -238.0
1575341397.684499, -238.0
1575341398.803792, -238.0
1575341400.13807, -238.0
1575341401.421554, -238.0
1575341401.51772, -238.0
1575341401.614411, -238.0
1575341401.713465, -238.0
1575341401.810339, -238.0
1575341401.908697, -238.0
1575341402.009592, -238.0
1575341402.115112, -238.0
1575341402.218273, -238.0
1575341405.275977, -238.0
1575341406.589981, -238.0
1575341407.869417, -238.0
1575341409.093182, -238.0
1575341410.377442, -238.0
1575341411.690131, -238.0
1575341413.018384, -238.0
1575341414.364521, -238.0
1575341414.457966, -238.0
1575341415.711372, -238.0
1575341415.807177, -238.0
1575341415.9044, -238.0
1575341416.000228, -238.0
1575341417.262482, -238.0
1575341417.356992, -238.0
1575341417.45355, -238.0
1575341417.550737, -238.0
1575341417.64656, -238.0
1575341417.742697, -238.0
1575341420.249066, -238.0
1575341421.437444, -238.0
1575341422.885615, -238.0
1575341424.156438, -238.0
1575341425.369768, -238.0
1575341426.705614, -238.0
1575341428.126364, -238.0
1575341428.221091, -238.0
1575341428.315881, -238.0
1575341428.41707, -238.0
1575341428.511455, -238.0
1575341428.606075, -238.0
1575341428.701032, -238.0
1575341428.796132, -238.0
1575341428.890846, -238.0
1575341428.986358, -238.0
1575341429.088194, -238.0
1575341429.183871, -238.0
1575341430.814949, -238.0
1575341430.909571, -238.0
1575341431.00403, -238.0
1575341431.098897, -238.0
1575341432.507635, -238.0
1575341432.602458, -238.0
1575341432.697346, -238.0
1575341432.792572, -238.0
1575341432.887868, -238.0
1575341432.983315, -238.0
1575341434.66823, -238.0
1575341436.017779, -238.0
1575341437.369173, -238.0
1575341438.646806, -238.0
1575341439.866137, -238.0
1575341441.177189, -238.0
1575341442.472712, -238.0
1575341443.70513, -238.0
1575341445.108968, -238.0
1575341446.349698, -238.0
1575341447.588025, -238.0
1575341448.763302, -238.0
1575341450.002572, -238.0
1575341451.824298, -238.0
1575341451.923788, -238.0
1575341453.637216, -238.0
1575341454.852707, -238.0
1575341456.189516, -238.0
1575341457.746106, -238.0
1575341457.838885, -238.0
1575341254.418757, -241.0
1575341254.512465, -241.0
1575341254.605505, -241.0
1575341254.69846, -241.0
1575341254.791153, -241.0
1575341254.883765, -241.0
1575341254.977211, -241.0
1575341256.253908, -241.0
1575341256.34684, -241.0
1575341256.441311, -241.0
1575341256.539925, -241.0
1575341256.63492, -241.0
1575341256.731987, -241.0
1575341256.83075, -241.0
1575341256.932609, -241.0
1575341257.035127, -241.0
1575341257.138907, -241.0
1575341257.241204, -241.0
1575341257.343785, -241.0
1575341257.445166, -241.0
1575341257.543391, -241.0
1575341257.644356, -241.0
1575341257.745522, -241.0
1575341257.843357, -241.0
1575341257.937845, -241.0
1575341259.570515, -241.0
1575341260.90767, -241.0
1575341261.000612, -241.0
1575341261.093108, -241.0
1575341261.186139, -241.0
1575341261.281997, -241.0
1575341261.377604, -241.0
1575341261.472174, -241.0
1575341261.569484, -241.0
1575341261.669122, -241.0
1575341261.772366, -241.0
1575341261.87167, -241.0
1575341261.973268, -241.0
1575341262.071017, -241.0
1575341262.164653, -241.0
1575341262.257557, -241.0
1575341262.350392, -241.0
1575341262.443124, -241.0
1575341262.536071, -241.0
1575341262.633582, -241.0
1575341263.911983, -241.0
1575341264.004474, -241.0
1575341264.097274, -241.0
1575341265.317085, -241.0
1575341265.40966, -241.0
1575341265.502598, -241.0
1575341265.595418, -241.0
1575341265.68789, -241.0
1575341265.780464, -241.0
1575341265.87322, -241.0
1575341265.96604, -241.0
1575341266.058916, -241.0
1575341267.350589, -241.0
1575341267.443318, -241.0
1575341267.536148, -241.0
1575341267.629142, -241.0
1575341268.767383, -241.0
1575341268.860746, -241.0
1575341268.953641, -241.0
1575341269.046684, -241.0
1575341271.438626, -241.0
1575341272.685951, -241.0
1575341272.778734, -241.0
1575341272.871743, -241.0
1575341272.96554, -241.0
1575341273.063165, -241.0
1575341273.156853, -241.0
1575341274.4415, -241.0
1575341274.534454, -241.0
1575341274.627665, -241.0
1575341274.722626, -241.0
1575341274.823108, -241.0
1575341274.919677, -241.0
1575341275.012282, -241.0
1575341276.354503, -241.0
1575341276.44763, -241.0
1575341276.540246, -241.0
1575341276.633001, -241.0
1575341276.726699, -241.0
1575341278.333293, -241.0
1575341278.426485, -241.0
1575341278.519141, -241.0
1575341278.614977, -241.0
1575341278.713, -241.0
1575341278.812168, -241.0
1575341278.910533, -241.0
1575341280.656167, -241.0
1575341280.749547, -241.0
1575341280.842012, -241.0
1575341280.935197, -241.0
1575341282.138801, -241.0
1575341282.231499, -241.0
1575341282.324704, -241.0
1575341282.417227, -241.0
1575341282.513411, -241.0
1575341282.613014, -241.0
1575341282.708565, -241.0
1575341282.805049, -241.0
1575341284.126602, -241.0
1575341284.219959, -241.0
1575341284.312778, -241.0
1575341284.406215, -241.0
1575341284.499019, -241.0
1575341284.591972, -241.0
1575341284.691467, -241.0
1575341284.798301, -241.0
1575341284.898248, -241.0
1575341285.005704, -241.0
1575341285.106421, -241.0
1575341286.452739, -241.0
1575341286.545476, -241.0
1575341286.638154, -241.0
1575341286.731035, -241.0
1575341286.823611, -241.0
1575341286.916188, -241.0
1575341287.009337, -241.0
1575341287.10236, -241.0
1575341287.1957, -241.0
1575341287.289736, -241.0
1575341287.391794, -241.0
1575341287.485309, -241.0
1575341287.578718, -241.0
1575341287.671911, -241.0
1575341288.947381, -241.0
1575341289.040071, -241.0
1575341289.132741, -241.0
1575341289.225434, -241.0
1575341289.31834, -241.0
1575341290.572967, -241.0
1575341290.665945, -241.0
1575341290.758697, -241.0
1575341292.052728, -241.0
1575341292.145721, -241.0
1575341293.494599, -241.0
1575341294.748147, -241.0
1575341295.997847, -241.0
1575341297.275522, -241.0
1575341297.368193, -241.0
1575341297.461179, -241.0
1575341297.553739, -241.0
1575341298.808722, -241.0
1575341298.90195, -241.0
1575341298.994644, -241.0
1575341300.27593, -241.0
1575341301.622014, -241.0
1575341301.714971, -241.0
1575341301.807415, -241.0
1575341301.900335, -241.0
1575341301.993084, -241.0
1575341302.08609, -241.0
1575341303.278708, -241.0
1575341304.560227, -241.0
1575341305.744488, -241.0
1575341305.837304, -241.0
1575341307.059624, -241.0
1575341307.152472, -241.0
1575341308.414819, -241.0
1575341309.636401, -241.0
1575341310.931798, -241.0
1575341312.235436, -241.0
1575341313.51993, -241.0
1575341313.612492, -241.0
1575341313.705741, -241.0
1575341313.798815, -241.0
1575341315.054377, -241.0
1575341316.251337, -241.0
1575341316.345099, -241.0
1575341316.438299, -241.0
1575341316.531335, -241.0
1575341316.624152, -241.0
1575341316.717088, -241.0
1575341317.886429, -241.0
1575341319.191545, -241.0
1575341320.502718, -241.0
1575341320.595536, -241.0
1575341320.68861, -241.0
1575341320.782096, -241.0
1575341320.875113, -241.0
1575341320.969765, -241.0
1575341321.065321, -241.0
1575341321.160836, -241.0
1575341321.256284, -241.0
1575341321.353649, -241.0
1575341321.455516, -241.0
1575341321.552939, -241.0
1575341321.652797, -241.0
1575341321.754711, -241.0
1575341321.86028, -241.0
1575341321.962838, -241.0
1575341322.06767, -241.0
1575341322.172731, -241.0
1575341322.278736, -241.0
1575341322.386776, -241.0
1575341322.493169, -241.0
1575341322.601116, -241.0
1575341322.707149, -241.0
1575341322.813333, -241.0
1575341322.919686, -241.0
1575341323.027011, -241.0
1575341323.13439, -241.0
1575341323.241123, -241.0
1575341323.334687, -241.0
1575341324.740268, -241.0
1575341324.833387, -241.0
1575341324.926244, -241.0
1575341325.021422, -241.0
1575341325.114253, -241.0
1575341325.207035, -241.0
1575341325.299783, -241.0
1575341325.393342, -241.0
1575341326.722477, -241.0
1575341327.942848, -241.0
1575341329.227261, -241.0
1575341330.451747, -238.0
1575341330.544864, -238.0
1575341331.857798, -238.0
1575341333.178759, -238.0
1575341334.394427, -238.0
1575341335.661907, -238.0
1575341336.79736, -238.0
1575341336.890425, -238.0
1575341336.9835, -238.0
1575341337.076549, -238.0
1575341337.169725, -238.0
1575341337.262324, -238.0
1575341338.473182, -238.0
1575341339.644501, -238.0
1575341340.929899, -238.0
1575341342.131381, -238.0
1575341343.324946, -238.0
1575341344.565388, -238.0
1575341345.903852, -238.0
1575341347.163526, -238.0
1575341348.471959, -238.0
1575341349.745125, -238.0
1575341350.926511, -238.0
1575341352.122034, -238.0
1575341353.479923, -238.0
1575341354.709972, -238.0
1575341355.971633, -238.0
1575341357.323644, -238.0
1575341358.589515, -238.0
1575341359.834853, -238.0
1575341361.174644, -238.0
1575341362.465759, -238.0
1575341254.470489, -241.0
1575341254.564093, -241.0
1575341254.657452, -241.0
1575341254.750018, -241.0
1575341254.842953, -241.0
1575341254.935987, -241.0
1575341255.028778, -241.0
1575341256.334783, -241.0
1575341256.427557, -241.0
1575341256.521555, -241.0
1575341256.619969, -241.0
1575341256.714729, -241.0
1575341256.812282, -241.0
1575341256.91141, -241.0
1575341257.013033, -241.0
1575341257.115798, -241.0
1575341257.21952, -241.0
1575341257.321702, -241.0
1575341257.424365, -241.0
1575341257.525687, -241.0
1575341257.623797, -241.0
1575341257.725454, -241.0
1575341257.825812, -241.0
1575341257.923837, -241.0
1575341258.018501, -241.0
1575341259.621136, -241.0
1575341260.998733, -241.0
1575341261.091045, -241.0
1575341261.183783, -241.0
1575341261.276413, -241.0
1575341261.371607, -241.0
1575341261.466801, -241.0
1575341261.561089, -241.0
1575341261.658397, -241.0
1575341261.756816, -241.0
1575341261.85968, -241.0
1575341261.958946, -241.0
1575341262.060427, -241.0
1575341262.157234, -241.0
1575341262.2505, -241.0
1575341262.343005, -241.0
1575341262.435808, -241.0
1575341262.528789, -241.0
1575341263.717332, -241.0
1575341263.810421, -241.0
1575341263.903498, -241.0
1575341263.995804, -241.0
1575341264.088566, -241.0
1575341265.396713, -241.0
1575341265.489595, -241.0
1575341265.582508, -241.0
1575341265.675386, -241.0
1575341265.76804, -241.0
1575341265.860684, -241.0
1575341265.958431, -241.0
1575341266.058486, -241.0
1575341266.154894, -241.0
1575341266.252398, -241.0
1575341266.352691, -241.0
1575341266.452955, -241.0
1575341266.554332, -241.0
1575341266.656451, -241.0
1575341266.759586, -241.0
1575341266.863191, -241.0
1575341266.966935, -241.0
1575341267.071665, -241.0
1575341267.17715, -241.0
1575341267.282404, -241.0
1575341267.387723, -241.0
1575341267.492608, -241.0
1575341267.597808, -241.0
1575341267.703173, -241.0
1575341267.809747, -241.0
1575341267.916223, -241.0
1575341268.024003, -241.0
1575341268.131778, -241.0
1575341268.23911, -241.0
1575341268.340585, -241.0
1575341269.635337, -241.0
1575341269.728405, -241.0
1575341269.821776, -241.0
1575341269.914648, -241.0
1575341272.05307, -241.0
1575341273.263373, -241.0
1575341273.360564, -241.0
1575341274.974456, -241.0
1575341275.068, -241.0
1575341275.161474, -241.0
1575341275.254365, -241.0
1575341275.357814, -241.0
1575341275.450968, -241.0
1575341275.545458, -241.0
1575341275.641075, -241.0
1575341275.745864, -241.0
1575341275.850951, -241.0
1575341275.954803, -241.0
1575341276.059193, -241.0
1575341276.16598, -241.0
1575341276.27343, -241.0
1575341276.380512, -241.0
1575341276.487937, -241.0
1575341276.592605, -241.0
1575341276.696986, -241.0
1575341276.802145, -241.0
1575341276.907416, -241.0
1575341277.006434, -241.0
1575341277.110797, -241.0
1575341277.212635, -241.0
1575341277.305722, -241.0
1575341277.399066, -241.0
1575341277.492006, -241.0
1575341277.585112, -241.0
1575341278.975567, -241.0
1575341279.069556, -241.0
1575341279.175757, -241.0
1575341279.2816, -241.0
1575341279.389418, -241.0
1575341279.49541, -241.0
1575341279.594879, -241.0
1575341279.699975, -241.0
1575341279.802501, -241.0
1575341279.908426, -241.0
1575341280.019403, -241.0
1575341280.125003, -241.0
1575341280.230088, -241.0
1575341280.335205, -241.0
1575341280.439583, -241.0
1575341280.54619, -241.0
1575341280.652116, -241.0
1575341280.757339, -241.0
1575341280.863787, -241.0
1575341280.971549, -241.0
1575341281.079168, -241.0
1575341281.187266, -241.0
1575341281.28671, -241.0
1575341282.594698, -241.0
1575341283.836708, -241.0
1575341285.112191, -241.0
1575341286.336387, -241.0
1575341287.605448, -241.0
1575341289.029155, -241.0
1575341290.285797, -241.0
1575341291.58755, -241.0
1575341292.808683, -241.0
1575341294.070055, -241.0
1575341295.333362, -241.0
1575341296.564898, -241.0
1575341297.859011, -241.0
1575341299.120205, -241.0
1575341300.34685, -241.0
1575341301.683853, -241.0
1575341302.925003, -241.0
1575341303.018625, -241.0
1575341304.255265, -241.0
1575341304.347845, -241.0
1575341304.441508, -241.0
1575341305.740259, -241.0
1575341306.901029, -241.0
1575341308.177919, -241.0
1575341309.394617, -241.0
1575341310.608832, -241.0
1575341311.905313, -241.0
1575341313.199641, -241.0
1575341314.422602, -241.0
1575341315.657757, -241.0
1575341316.917078, -241.0
1575341318.687473, -241.0
1575341319.893997, -241.0
1575341321.313443, -241.0
1575341321.416088, -241.0
1575341322.815562, -241.0
1575341324.187325, -241.0
1575341325.581079, -241.0
1575341326.89687, -241.0
1575341326.989905, -241.0
1575341328.223403, -241.0
1575341329.476739, -241.0
1575341330.786681, -238.0
1575341332.009112, -238.0
1575341333.279028, -238.0
1575341334.546355, -238.0
1575341335.894897, -238.0
1575341337.331898, -238.0
1575341337.43707, -238.0
1575341337.543834, -238.0
1575341337.651287, -238.0
1575341337.756568, -238.0
1575341337.862815, -238.0
1575341337.970838, -238.0
1575341338.077497, -238.0
1575341338.184943, -238.0
1575341338.290667, -238.0
1575341338.398777, -238.0
1575341338.501362, -238.0
1575341338.59713, -238.0
1575341338.692179, -238.0
1575341338.787075, -238.0
1575341338.885994, -238.0
1575341338.98158, -238.0
1575341339.081591, -238.0
1575341339.179122, -238.0
1575341339.276392, -238.0
1575341339.37356, -238.0
1575341339.47163, -238.0
1575341339.56926, -238.0
1575341339.668823, -238.0
1575341339.765959, -238.0
1575341339.866158, -238.0
1575341339.963568, -238.0
1575341340.067532, -238.0
1575341340.164554, -238.0
1575341340.261867, -238.0
1575341340.359228, -238.0
1575341340.457101, -238.0
1575341340.554342, -238.0
1575341340.651657, -238.0
1575341340.749222, -238.0
1575341340.846579, -238.0
1575341340.94414, -238.0
1575341341.041096, -238.0
1575341341.138251, -238.0
1575341341.235313, -238.0
1575341341.339972, -238.0
1575341341.440865, -238.0
1575341341.546802, -238.0
1575341341.646274, -238.0
1575341341.744981, -238.0
1575341341.841983, -238.0
1575341341.93727, -238.0
1575341342.036862, -238.0
1575341342.13309, -238.0
1575341342.226072, -238.0
1575341342.322083, -238.0
1575341342.419449, -238.0
1575341342.512466, -238.0
1575341342.607451, -238.0
1575341342.710185, -238.0
1575341342.805285, -238.0
1575341342.908077, -238.0
1575341343.009456, -238.0
1575341343.112241, -238.0
1575341343.207298, -238.0
1575341343.312915, -238.0
1575341344.715815, -238.0
1575341344.818122, -238.0
1575341346.24002, -238.0
1575341347.486563, -238.0
1575341348.760676, -238.0
1575341350.186807, -238.0
1575341351.52292, -238.0
1575341255.794928, -241.0
1575341255.888834, -241.0
1575341257.126923, -241.0
1575341257.219433, -241.0
1575341257.314061, -241.0
1575341257.420939, -241.0
1575341257.527955, -241.0
1575341257.635571, -241.0
1575341257.730048, -241.0
1575341257.823432, -241.0
1575341259.147805, -241.0
1575341259.240597, -241.0
1575341259.336808, -241.0
1575341260.636409, -241.0
1575341261.855898, -241.0
1575341263.072726, -241.0
1575341263.166091, -241.0
1575341263.258887, -241.0
1575341264.515734, -241.0
1575341265.803504, -241.0
1575341265.897062, -241.0
1575341265.990434, -241.0
1575341266.083411, -241.0
1575341266.176778, -241.0
1575341266.269706, -241.0
1575341266.362616, -241.0
1575341266.456898, -241.0
1575341266.550291, -241.0
1575341267.767431, -241.0
1575341267.860564, -241.0
1575341267.954169, -241.0
1575341268.047219, -241.0
1575341268.140393, -241.0
1575341269.988458, -241.0
1575341271.258882, -241.0
1575341271.351323, -241.0
1575341271.444365, -241.0
1575341271.537383, -241.0
1575341271.630737, -241.0
1575341271.723765, -241.0
1575341271.819724, -241.0
1575341271.918882, -241.0
1575341272.017823, -241.0
1575341272.117396, -241.0
1575341272.217084, -241.0
1575341272.316852, -241.0
1575341272.416242, -241.0
1575341273.732086, -241.0
1575341273.825045, -241.0
1575341273.918428, -241.0
1575341274.011671, -241.0
1575341274.104861, -241.0
1575341274.198823, -241.0
1575341274.297781, -241.0
1575341274.391679, -241.0
1575341275.761683, -241.0
1575341275.855056, -241.0
1575341275.948492, -241.0
1575341276.041384, -241.0
1575341276.13461, -241.0
1575341277.360336, -241.0
1575341278.6743, -241.0
1575341278.767082, -241.0
1575341279.958548, -241.0
1575341280.057805, -241.0
1575341280.150797, -241.0
1575341280.245522, -241.0
1575341280.339753, -241.0
1575341280.432595, -241.0
1575341281.74484, -241.0
1575341281.837806, -241.0
1575341283.125804, -241.0
1575341283.21921, -241.0
1575341283.3125, -241.0
1575341283.405786, -241.0
1575341283.499582, -241.0
1575341283.594103, -241.0
1575341283.689727, -241.0
1575341283.783288, -241.0
1575341283.877717, -241.0
1575341283.973796, -241.0
1575341284.068657, -241.0
1575341284.163203, -241.0
1575341284.258021, -241.0
1575341284.353525, -241.0
1575341284.452811, -241.0
1575341284.56021, -241.0
1575341284.668679, -241.0
1575341284.769386, -241.0
1575341284.87159, -241.0
1575341284.976917, -241.0
1575341285.084284, -241.0
1575341285.190108, -241.0
1575341285.295811, -241.0
1575341285.403347, -241.0
1575341285.508046, -241.0
1575341285.612089, -241.0
1575341285.716334, -241.0
1575341285.821059, -241.0
1575341285.926087, -241.0
1575341286.030542, -241.0
1575341286.129288, -241.0
1575341287.742992, -241.0
1575341287.836074, -241.0
1575341287.929362, -241.0
1575341288.022355, -241.0
1575341288.115085, -241.0
1575341288.208468, -241.0
1575341288.301322, -241.0
1575341289.471266, -241.0
1575341289.564379, -241.0
1575341289.657692, -241.0
1575341289.750379, -241.0
1575341289.852503, -241.0
1575341289.945571, -241.0
1575341290.042412, -241.0
1575341290.138543, -241.0
1575341290.232041, -241.0
1575341290.325173, -241.0
1575341290.418238, -241.0
1575341291.620286, -241.0
1575341291.713464, -241.0
1575341291.806534, -241.0
1575341291.89974, -241.0
1575341293.156313, -241.0
1575341294.395155, -241.0
1575341294.488669, -241.0
1575341295.74766, -241.0
1575341297.084811, -241.0
1575341298.299518, -241.0
1575341299.533944, -241.0
1575341299.627202, -241.0
1575341299.720322, -241.0
1575341299.81306, -241.0
1575341299.906105, -241.0
1575341301.213088, -241.0
1575341301.306747, -241.0
1575341301.399765, -241.0
1575341301.493027, -241.0
1575341301.588602, -241.0
1575341301.685846, -241.0
1575341302.950184, -241.0
1575341303.043865, -241.0
1575341303.13774, -241.0
1575341303.230962, -241.0
1575341303.323486, -241.0
1575341303.416739, -241.0
1575341303.509599, -241.0
1575341303.604215, -241.0
1575341303.699331, -241.0
1575341303.793579, -241.0
1575341303.888461, -241.0
1575341303.983564, -241.0
1575341304.077589, -241.0
1575341304.170741, -241.0
1575341304.265718, -241.0
1575341304.361471, -241.0
1575341304.455987, -241.0
1575341306.033011, -241.0
1575341306.126114, -241.0
1575341307.386195, -241.0
1575341308.677495, -241.0
1575341309.91274, -241.0
1575341310.006216, -241.0
1575341310.099905, -241.0
1575341310.193087, -241.0
1575341310.286291, -241.0
1575341311.534172, -241.0
1575341311.62676, -241.0
1575341312.892217, -241.0
1575341312.985178, -241.0
1575341313.078582, -241.0
1575341313.171856, -241.0
1575341313.265047, -241.0
1575341313.358282, -241.0
1575341313.451919, -241.0
1575341313.545221, -241.0
1575341313.639123, -241.0
1575341314.955719, -241.0
1575341316.216943, -241.0
1575341317.540215, -241.0
1575341318.744224, -241.0
1575341318.83752, -241.0
1575341318.930426, -241.0
1575341319.024247, -241.0
1575341320.347223, -241.0
1575341321.759828, -241.0
1575341323.018843, -241.0
1575341324.39427, -241.0
1575341325.62571, -241.0
1575341325.719172, -241.0
1575341325.81242, -241.0
1575341325.905444, -241.0
1575341325.998807, -241.0
1575341326.091873, -241.0
1575341327.284338, -241.0
1575341327.378529, -241.0
1575341327.471854, -241.0
1575341328.724775, -241.0
1575341329.90885, -241.0
1575341331.141127, -238.0
1575341332.321281, -238.0
1575341333.471218, -238.0
1575341334.717288, -238.0
1575341335.893247, -238.0
1575341337.155874, -238.0
1575341338.465387, -238.0
1575341339.693038, -238.0
1575341340.974706, -238.0
1575341342.266591, -238.0
1575341342.359894, -238.0
1575341342.453107, -238.0
1575341342.546248, -238.0
1575341342.639508, -238.0
1575341343.876069, -238.0
1575341345.155094, -238.0
1575341346.329443, -238.0
1575341347.693672, -238.0
1575341347.786896, -238.0
1575341347.879808, -238.0
1575341347.973279, -238.0
1575341348.06619, -238.0
1575341348.159664, -238.0
1575341348.253009, -238.0
1575341348.346765, -238.0
1575341348.440157, -238.0
1575341348.533515, -238.0
1575341348.626434, -238.0
1575341348.72041, -238.0
1575341348.814131, -238.0
1575341348.907264, -238.0
1575341349.002232, -238.0
1575341349.097564, -238.0
1575341349.193348, -238.0
1575341349.289106, -238.0
1575341349.385331, -238.0
1575341349.480049, -238.0
1575341349.576034, -238.0
1575341349.673186, -238.0
1575341349.769184, -238.0
1575341349.874326, -238.0
1575341349.973493, -238.0
1575341350.069358, -238.0
1575341350.165741, -238.0
1575341350.261293, -238.0
1575341350.357128, -238.0
1575341351.994927, -238.0
1575341352.090723, -238.0
1575341352.186958, -238.0
1575341353.648423, -238.0
1575341351.721199, -238.0
1575341351.814852, -238.0
1575341353.06758, -238.0
1575341353.160323, -238.0
1575341353.253547, -238.0
1575341353.347392, -238.0
1575341353.440702, -238.0
1575341353.533917, -238.0
1575341353.627191, -238.0
1575341355.725192, -238.0
1575341356.949066, -238.0
1575341358.28708, -238.0
1575341358.384627, -238.0
1575341358.485941, -238.0
1575341358.592191, -238.0
1575341358.698507, -238.0
1575341358.804667, -238.0
1575341358.911693, -238.0
1575341359.019253, -238.0
1575341359.127449, -238.0
1575341359.235427, -238.0
1575341359.343224, -238.0
1575341359.45137, -238.0
1575341359.55962, -238.0
1575341359.668027, -238.0
1575341359.775521, -238.0
1575341359.883169, -238.0
1575341359.990982, -238.0
1575341360.097745, -238.0
1575341360.2047, -238.0
1575341360.312109, -238.0
1575341360.419292, -238.0
1575341360.521601, -238.0
1575341360.61414, -238.0
1575341360.707257, -238.0
1575341360.801604, -238.0
1575341360.900865, -238.0
1575341361.000372, -238.0
1575341361.100396, -238.0
1575341361.194543, -238.0
1575341361.288792, -238.0
1575341361.387807, -238.0
1575341361.485281, -238.0
1575341361.584824, -238.0
1575341361.690817, -238.0
1575341361.796159, -238.0
1575341361.901547, -238.0
1575341362.007846, -238.0
1575341362.113214, -238.0
1575341362.219419, -238.0
1575341362.326025, -238.0
1575341362.432035, -238.0
1575341362.538369, -238.0
1575341362.643894, -238.0
1575341362.74924, -238.0
1575341362.856618, -238.0
1575341362.950505, -238.0
1575341363.043802, -238.0
1575341363.136329, -238.0
1575341363.229275, -238.0
1575341363.32275, -238.0
1575341363.420561, -238.0
1575341363.51993, -238.0
1575341363.617539, -238.0
1575341363.717094, -238.0
1575341363.817843, -238.0
1575341363.918353, -238.0
1575341364.020166, -238.0
1575341364.122079, -238.0
1575341364.224627, -238.0
1575341364.327041, -238.0
1575341364.429558, -238.0
1575341364.532174, -238.0
1575341364.634238, -238.0
1575341364.736586, -238.0
1575341364.83616, -238.0
1575341364.935552, -238.0
1575341365.035142, -238.0
1575341365.128722, -238.0
1575341365.228347, -238.0
1575341365.323446, -238.0
1575341365.425445, -238.0
1575341365.525384, -238.0
1575341365.619012, -238.0
1575341366.870689, -238.0
1575341366.963746, -238.0
1575341367.056898, -238.0
1575341367.150349, -238.0
1575341368.29953, -238.0
1575341368.392618, -238.0
1575341368.485958, -238.0
1575341368.578906, -238.0
1575341368.671796, -238.0
1575341368.766376, -238.0
1575341368.862895, -238.0
1575341368.957672, -238.0
1575341370.279003, -238.0
1575341370.372186, -238.0
1575341370.469005, -238.0
1575341370.565941, -238.0
1575341370.662392, -238.0
1575341371.851912, -238.0
1575341371.945464, -238.0
1575341372.038507, -238.0
1575341373.332442, -238.0
1575341373.425671, -238.0
1575341373.518327, -238.0
1575341373.610685, -238.0
1575341373.703525, -238.0
1575341373.796368, -238.0
1575341373.889481, -238.0
1575341373.983324, -238.0
1575341374.079371, -238.0
1575341374.17494, -238.0
1575341374.270853, -238.0
1575341374.366666, -238.0
1575341374.461178, -238.0
1575341374.558338, -238.0
1575341375.82542, -238.0
1575341375.918816, -238.0
1575341376.012183, -238.0
1575341376.10518, -238.0
1575341376.198484, -238.0
1575341377.417959, -238.0
1575341377.51099, -238.0
1575341377.608089, -238.0
1575341377.714675, -238.0
1575341377.820195, -238.0
1575341379.16728, -238.0
1575341379.260108, -238.0
1575341379.353178, -238.0
1575341380.638163, -238.0
1575341380.730982, -238.0
1575341382.162547, -238.0
1575341382.25556, -238.0
1575341382.36044, -238.0
1575341382.46619, -238.0
1575341382.571914, -238.0
1575341382.676562, -238.0
1575341382.780369, -238.0
1575341382.884504, -238.0
1575341382.989618, -238.0
1575341383.094885, -238.0
1575341383.201002, -238.0
1575341383.30836, -238.0
1575341383.415589, -238.0
1575341384.693902, -238.0
1575341384.786831, -238.0
1575341384.879831, -238.0
1575341384.97336, -238.0
1575341385.066789, -238.0
1575341385.159715, -238.0
1575341385.252805, -238.0
1575341385.345669, -238.0
1575341385.438217, -238.0
1575341386.67261, -238.0
1575341386.765297, -238.0
1575341386.858243, -238.0
1575341388.158423, -238.0
1575341388.251777, -238.0
1575341389.578845, -238.0
1575341390.80036, -238.0
1575341390.893295, -238.0
1575341390.986339, -238.0
1575341391.080091, -238.0
1575341391.183609, -238.0
1575341391.280645, -238.0
1575341391.373985, -238.0
1575341391.472888, -238.0
1575341391.578153, -238.0
1575341391.684585, -238.0
1575341391.792033, -238.0
1575341391.899487, -238.0
1575341392.007491, -238.0
1575341392.11535, -238.0
1575341392.222833, -238.0
1575341392.330408, -238.0
1575341392.438113, -238.0
1575341392.546058, -238.0
1575341392.653966, -238.0
1575341392.762369, -238.0
1575341392.870294, -238.0
1575341392.978488, -238.0
1575341393.085966, -238.0
1575341393.19384, -238.0
1575341393.301863, -238.0
1575341393.40267, -238.0
1575341393.510382, -238.0
1575341393.604304, -238.0
1575341394.895346, -238.0
1575341394.988512, -238.0
1575341396.225799, -238.0
1575341396.318758, -238.0
1575341396.411891, -238.0
1575341397.651866, -238.0
1575341398.903579, -238.0
1575341398.99673, -238.0
1575341399.089526, -238.0
1575341399.182752, -238.0
1575341399.275639, -238.0
1575341399.369092, -238.0
1575341400.661735, -238.0
1575341400.754731, -238.0
1575341400.847482, -238.0
1575341400.940506, -238.0
1575341401.033801, -238.0
1575341402.419036, -238.0
1575341403.574264, -238.0
1575341404.890469, -238.0
1575341406.159347, -238.0
1575341406.252604, -238.0
1575341407.4876, -238.0
1575341408.698993, -238.0
1575341409.91517, -238.0
1575341410.013912, -238.0
1575341411.276547, -238.0
1575341412.62052, -238.0
1575341413.823043, -238.0
1575341415.047742, -238.0
1575341416.254044, -238.0
1575341417.496222, -238.0
1575341418.673269, -238.0
1575341419.863445, -238.0
1575341421.087907, -238.0
1575341421.180989, -238.0
1575341422.37866, -238.0
1575341423.667558, -238.0
1575341425.005878, -238.0
1575341426.250187, -238.0
1575341427.458496, -238.0
1575341428.624052, -238.0
1575341429.922227, -238.0
1575341431.258952, -238.0
1575341432.449852, -238.0
1575341433.636803, -238.0
1575341435.424082, -238.0
1575341436.649837, -238.0
1575341437.849944, -238.0
1575341439.383918, -238.0
1575341439.478803, -238.0
1575341441.118351, -238.0
1575341441.212913, -238.0
1575341442.418646, -238.0
1575341443.769246, -238.0
1575341445.050605, -238.0
1575341446.330764, -238.0
1575341447.607321, -238.0
1575341448.956774, -238.0
1575341450.299108, -238.0
1575341451.598258, -238.0
1575341353.846775, -238.0
1575341353.939868, -238.0
1575341354.033216, -238.0
1575341355.329742, -238.0
1575341355.422483, -238.0
1575341355.518586, -238.0
1575341355.624857, -238.0
1575341355.732904, -238.0
1575341355.840028, -238.0
1575341355.946278, -238.0
1575341356.052552, -238.0
1575341356.156493, -238.0
1575341357.393441, -238.0
1575341357.486786, -238.0
1575341358.791192, -238.0
1575341360.026117, -238.0
1575341360.118963, -238.0
1575341361.342516, -238.0
1575341362.545952, -238.0
1575341363.808676, -238.0
1575341365.00027, -238.0
1575341366.300445, -238.0
1575341366.396416, -238.0
1575341366.501188, -238.0
1575341366.608983, -238.0
1575341366.716097, -238.0
1575341366.82396, -238.0
1575341366.931823, -238.0
1575341367.039865, -238.0
1575341367.139955, -238.0
1575341367.245517, -238.0
1575341367.35169, -238.0
1575341367.458496, -238.0
1575341367.553335, -238.0
1575341367.648655, -238.0
1575341368.970914, -238.0
1575341370.294623, -238.0
1575341371.636061, -238.0
1575341372.861176, -238.0
1575341374.052694, -238.0
1575341375.293527, -238.0
1575341376.513586, -238.0
1575341377.812411, -238.0
1575341379.192603, -238.0
1575341379.286985, -238.0
1575341379.383843, -238.0
1575341379.486903, -238.0
1575341379.594759, -238.0
1575341379.702589, -238.0
1575341379.810971, -238.0
1575341379.91923, -238.0
1575341380.02725, -238.0
1575341380.135056, -238.0
1575341380.243198, -238.0
1575341380.351332, -238.0
1575341380.458921, -238.0
1575341380.561368, -238.0
1575341380.655883, -238.0
1575341381.887185, -238.0
1575341383.874252, -238.0
1575341385.177369, -238.0
1575341386.480773, -238.0
1575341387.677223, -238.0
1575341389.012087, -238.0
1575341390.222526, -238.0
1575341391.588501, -238.0
1575341393.389707, -238.0
1575341394.702156, -238.0
1575341395.931971, -238.0
1575341397.271055, -238.0
1575341398.478062, -238.0
1575341399.778135, -238.0
1575341401.075239, -238.0
1575341402.295612, -238.0
1575341403.607978, -238.0
1575341404.928977, -238.0
1575341406.191263, -238.0
1575341406.284258, -238.0
1575341407.516558, -238.0
1575341408.774794, -238.0
1575341410.03459, -238.0
1575341411.329842, -238.0
1575341412.857185, -238.0
1575341414.153885, -238.0
1575341414.247153, -238.0
1575341415.458717, -238.0
1575341416.830346, -238.0
1575341418.227305, -238.0
1575341419.574329, -238.0
1575341420.957545, -238.0
1575341421.052338, -238.0
1575341422.279684, -238.0
1575341423.560893, -238.0
1575341424.799763, -238.0
1575341424.892664, -238.0
1575341426.565412, -238.0
1575341427.821966, -238.0
1575341429.104065, -238.0
1575341430.412172, -238.0
1575341431.715555, -238.0
1575341433.001887, -238.0
1575341434.237322, -238.0
1575341435.515197, -238.0
1575341436.824764, -238.0
1575341438.000947, -238.0
1575341439.217298, -238.0
1575341440.44674, -238.0
1575341441.693708, -238.0
1575341443.058632, -238.0
1575341443.152585, -238.0
1575341443.255074, -238.0
1575341443.362181, -238.0
1575341443.470313, -238.0
1575341443.578419, -238.0
1575341443.686487, -238.0
1575341443.794504, -238.0
1575341443.903274, -238.0
1575341444.01131, -238.0
1575341444.119005, -238.0
1575341444.226831, -238.0
1575341444.334544, -238.0
1575341444.44245, -238.0
1575341444.55028, -238.0
1575341444.658059, -238.0
1575341444.766058, -238.0
1575341444.874147, -238.0
1575341444.975364, -238.0
1575341446.449044, -238.0
1575341447.788381, -238.0
1575341449.099717, -238.0
1575341450.375393, -238.0
1575341452.666902, -238.0
1575341453.901154, -238.0
1575341455.137568, -238.0
1575341455.23137, -238.0
1575341456.678301, -238.0
1575341457.966555, -238.0
1575341459.189015, -238.0
1575341460.372037, -238.0
1575341461.666605, -233.0
1575341461.762781, -233.0
1575341463.004329, -233.0
1575341464.248311, -233.0
1575341465.525492, -233.0
1575341466.772565, -233.0
1575341468.055955, -233.0
1575341469.435664, -233.0
1575341470.726093, -233.0
1575341472.002536, -233.0
1575341473.330815, -233.0
1575341474.575899, -233.0
1575341475.798054, -233.0
1575341475.890938, -233.0
1575341475.985814, -233.0
1575341477.366801, -233.0
1575341478.913403, -233.0
1575341479.007679, -233.0
1575341480.195455, -233.0
1575341481.834608, -233.0
1575341481.930569, -233.0
1575341483.638635, -233.0
1575341483.734508, -233.0
1575341483.840532, -233.0
1575341483.946903, -233.0
1575341484.050625, -233.0
1575341484.152964, -233.0
1575341484.255422, -233.0
1575341484.358585, -233.0
1575341484.462118, -233.0
1575341484.556622, -233.0
1575341484.660718, -233.0
1575341484.765081, -233.0
1575341484.858956, -233.0
1575341484.963079, -233.0
1575341487.061889, -233.0
1575341488.277704, -233.0
1575341489.59385, -233.0
1575341490.906091, -233.0
1575341491.000035, -233.0
1575341492.326139, -233.0
1575341493.668914, -233.0
1575341493.764017, -233.0
1575341493.870704, -233.0
1575341493.967463, -233.0
1575341494.075371, -233.0
1575341494.182076, -233.0
1575341494.288731, -233.0
1575341494.395312, -233.0
1575341494.499755, -233.0
1575341494.603822, -233.0
1575341494.70813, -233.0
1575341494.80954, -233.0
1575341496.609499, -233.0
1575341497.908341, -233.0
1575341498.015949, -233.0
1575341498.121302, -233.0
1575341498.228118, -233.0
1575341500.831751, -233.0
1575341502.566642, -233.0
1575341503.756171, -233.0
1575341503.850424, -233.0
1575341503.944814, -233.0
1575341504.040702, -233.0
1575341504.135336, -233.0
1575341505.799201, -233.0
1575341507.063026, -233.0
1575341508.452468, -233.0
1575341509.629772, -233.0
1575341510.811541, -233.0
1575341512.037183, -233.0
1575341513.317394, -233.0
1575341514.616776, -233.0
1575341515.922874, -233.0
1575341517.200687, -233.0
1575341518.536858, -233.0
1575341519.880424, -233.0
1575341521.158547, -233.0
1575341522.38429, -233.0
1575341523.701045, -233.0
1575341524.862504, -233.0
1575341526.190222, -233.0
1575341527.453628, -233.0
1575341528.708836, -233.0
1575341530.054775, -233.0
1575341531.417037, -233.0
1575341531.511049, -233.0
1575341533.410752, -233.0
1575341535.186287, -233.0
1575341537.008581, -233.0
1575341538.496536, -233.0
1575341539.881665, -233.0
1575341541.239699, -233.0
1575341542.500661, -233.0
1575341543.687517, -233.0
1575341545.408632, -233.0
1575341547.075154, -233.0
1575341548.734807, -233.0
1575341550.121796, -233.0
1575341551.521764, -233.0
1575341552.85464, -233.0
1575341554.108645, -233.0
1575341555.457388, -233.0
1575341556.944055, -233.0
1575341558.268237, -233.0
1575341559.582203, -233.0
1575341561.737449, -233.0
1575341561.831022, -233.0
1575341561.925011, -233.0
1575341562.018693, -233.0
1575341564.070776, -233.0
1575341362.637403, -238.0
1575341362.731792, -238.0
1575341362.834404, -238.0
1575341362.942597, -238.0
1575341363.049124, -238.0
1575341363.149397, -238.0
1575341363.25586, -238.0
1575341363.360879, -238.0
1575341363.463211, -238.0
1575341363.565272, -238.0
1575341363.666856, -238.0
1575341363.7674, -238.0
1575341363.867247, -238.0
1575341363.966609, -238.0
1575341364.066325, -238.0
1575341364.165105, -238.0
1575341364.263613, -238.0
1575341364.362197, -238.0
1575341364.467763, -238.0
1575341364.560752, -238.0
1575341364.653377, -238.0
1575341364.74593, -238.0
1575341364.838784, -238.0
1575341364.931276, -238.0
1575341366.129553, -238.0
1575341366.222558, -238.0
1575341367.477163, -238.0
1575341368.69085, -238.0
1575341368.783475, -238.0
1575341370.05853, -238.0
1575341371.317964, -238.0
1575341372.597845, -238.0
1575341373.910773, -238.0
1575341375.085273, -238.0
1575341376.311884, -238.0
1575341377.617223, -238.0
1575341378.954474, -238.0
1575341379.047141, -238.0
1575341379.139507, -238.0
1575341380.352816, -238.0
1575341380.445618, -238.0
1575341381.692264, -238.0
1575341382.940374, -238.0
1575341384.197246, -238.0
1575341385.379705, -238.0
1575341385.472315, -238.0
1575341385.564955, -238.0
1575341385.657608, -238.0
1575341385.752067, -238.0
1575341385.85957, -238.0
1575341385.96608, -238.0
1575341386.07138, -238.0
1575341386.175166, -238.0
1575341386.277579, -238.0
1575341386.374929, -238.0
1575341386.470041, -238.0
1575341386.564235, -238.0
1575341386.65857, -238.0
1575341386.753121, -238.0
1575341386.847242, -238.0
1575341386.941565, -238.0
1575341387.036314, -238.0
1575341387.130737, -238.0
1575341387.22739, -238.0
1575341387.33013, -238.0
1575341387.423614, -238.0
1575341387.527866, -238.0
1575341387.625221, -238.0
1575341389.00577, -238.0
1575341389.098688, -238.0
1575341390.260985, -238.0
1575341391.488885, -238.0
1575341391.582054, -238.0
1575341391.675332, -238.0
1575341391.772947, -238.0
1575341391.875806, -238.0
1575341391.975696, -238.0
1575341392.080346, -238.0
1575341392.186233, -238.0
1575341392.289091, -238.0
1575341392.396538, -238.0
1575341392.494182, -238.0
1575341392.586723, -238.0
1575341392.679499, -238.0
1575341393.922133, -238.0
1575341394.015074, -238.0
1575341395.225737, -238.0
1575341395.318416, -238.0
1575341395.411621, -238.0
1575341395.505017, -238.0
1575341395.598095, -238.0
1575341395.69231, -238.0
1575341395.786429, -238.0
1575341395.8813, -238.0
1575341395.974891, -238.0
1575341396.069408, -238.0
1575341396.162843, -238.0
1575341396.255804, -238.0
1575341396.348516, -238.0
1575341396.441385, -238.0
1575341396.534933, -238.0
1575341396.628896, -238.0
1575341396.724062, -238.0
1575341396.818803, -238.0
1575341396.913691, -238.0
1575341397.008136, -238.0
1575341397.102628, -238.0
1575341397.195956, -238.0
1575341398.437904, -238.0
1575341398.531398, -238.0
1575341399.75898, -238.0
1575341401.013254, -238.0
1575341402.324393, -238.0
1575341403.542891, -238.0
1575341404.798507, -238.0
1575341404.890932, -238.0
1575341404.983761, -238.0
1575341406.150744, -238.0
1575341407.389467, -238.0
1575341408.583084, -238.0
1575341409.729442, -238.0
1575341409.822056, -238.0
1575341409.914874, -238.0
1575341410.007567, -238.0
1575341410.100415, -238.0
1575341410.193407, -238.0
1575341410.28778, -238.0
1575341410.383075, -238.0
1575341410.476818, -238.0
1575341410.57027, -238.0
1575341410.66375, -238.0
1575341410.758345, -238.0
1575341410.852387, -238.0
1575341410.944803, -238.0
1575341412.279045, -238.0
1575341413.532424, -238.0
1575341414.741651, -238.0
1575341415.991712, -238.0
1575341417.197827, -238.0
1575341417.290142, -238.0
1575341417.383325, -238.0
1575341417.476027, -238.0
1575341418.733571, -238.0
1575341418.826371, -238.0
1575341418.919263, -238.0
1575341419.012027, -238.0
1575341419.104248, -238.0
1575341420.299603, -238.0
1575341421.519086, -238.0
1575341422.764465, -238.0
1575341423.977746, -238.0
1575341425.195477, -238.0
1575341426.470606, -238.0
1575341427.693476, -238.0
1575341427.786106, -238.0
1575341429.03792, -238.0
1575341430.316755, -238.0
1575341430.40898, -238.0
1575341431.669557, -238.0
1575341432.906875, -238.0
1575341434.175338, -238.0
1575341435.541715, -238.0
1575341435.634452, -238.0
1575341435.727937, -238.0
1575341435.821467, -238.0
1575341435.91574, -238.0
1575341436.009809, -238.0
1575341436.103874, -238.0
1575341436.198076, -238.0
1575341436.292174, -238.0
1575341436.385935, -238.0
1575341438.141004, -238.0
1575341440.426687, -238.0
1575341441.651472, -238.0
1575341442.831584, -238.0
1575341444.014979, -238.0
1575341445.265244, -238.0
1575341446.591478, -238.0
1575341447.838815, -238.0
1575341449.125324, -238.0
1575341450.404128, -238.0
1575341451.59424, -238.0
1575341452.906253, -238.0
1575341454.20217, -238.0
1575341454.295156, -238.0
1575341454.388052, -238.0
1575341455.512207, -238.0
1575341456.866621, -238.0
1575341456.959767, -238.0
1575341458.204239, -238.0
1575341459.450347, -238.0
1575341460.667977, -233.0
1575341461.884814, -233.0
1575341461.978869, -233.0
1575341463.208074, -233.0
1575341463.303735, -233.0
1575341464.521029, -233.0
1575341464.618091, -233.0
1575341464.713496, -233.0
1575341464.811755, -233.0
1575341464.919602, -233.0
1575341465.018009, -233.0
1575341465.111732, -233.0
1575341465.206124, -233.0
1575341467.444838, -233.0
1575341468.797437, -233.0
1575341470.060976, -233.0
1575341470.154799, -233.0
1575341470.255609, -233.0
1575341470.349549, -233.0
1575341471.663099, -233.0
1575341471.757475, -233.0
1575341471.852631, -233.0
1575341471.952859, -233.0
1575341472.048472, -233.0
1575341472.149249, -233.0
1575341472.25014, -233.0
1575341472.354807, -233.0
1575341472.460561, -233.0
1575341472.561654, -233.0
1575341472.663268, -233.0
1575341472.768077, -233.0
1575341472.872287, -233.0
1575341472.977378, -233.0
1575341473.080621, -233.0
1575341473.185944, -233.0
1575341473.291129, -233.0
1575341473.396371, -233.0
1575341473.502026, -233.0
1575341473.608204, -233.0
1575341473.715684, -233.0
1575341473.823064, -233.0
1575341473.930648, -233.0
1575341474.030668, -233.0
1575341474.138172, -233.0
1575341474.237457, -233.0
1575341474.343949, -233.0
1575341474.451617, -233.0
1575341474.55877, -233.0
1575341474.666653, -233.0
1575341474.773889, -233.0
1575341474.874252, -233.0
1575341474.981233, -233.0
1575341475.088106, -233.0
1575341475.194308, -233.0
1575341475.291686, -233.0
1575341475.397836, -233.0
1575341475.504923, -233.0
1575341475.612371, -233.0
1575341475.719868, -233.0
1575341451.786201, -238.0
1575341451.879046, -238.0
1575341451.972175, -238.0
1575341453.322825, -238.0
1575341454.680582, -238.0
1575341456.110493, -238.0
1575341456.20478, -238.0
1575341457.677475, -238.0
1575341458.932819, -238.0
1575341460.366981, -238.0
1575341461.646036, -233.0
1575341463.021747, -233.0
1575341464.528772, -233.0
1575341466.107466, -233.0
1575341466.200926, -233.0
1575341466.294179, -233.0
1575341466.387981, -233.0
1575341468.072175, -233.0
1575341468.16531, -233.0
1575341468.258866, -233.0
1575341468.35277, -233.0
1575341468.446015, -233.0
1575341470.292047, -233.0
1575341471.612113, -233.0
1575341471.705641, -233.0
1575341471.799641, -233.0
1575341473.261006, -233.0
1575341474.802891, -233.0
1575341474.895845, -233.0
1575341474.990697, -233.0
1575341475.088742, -233.0
1575341475.182951, -233.0
1575341477.002435, -233.0
1575341478.489162, -233.0
1575341478.582993, -233.0
1575341478.677825, -233.0
1575341478.773879, -233.0
1575341478.872241, -233.0
1575341478.97081, -233.0
1575341479.069278, -233.0
1575341479.167676, -233.0
1575341479.262042, -233.0
1575341480.890892, -233.0
1575341480.984624, -233.0
1575341481.078722, -233.0
1575341481.173364, -233.0
1575341481.268577, -233.0
1575341481.364182, -233.0
1575341481.459897, -233.0
1575341481.553854, -233.0
1575341483.042329, -233.0
1575341484.417501, -233.0
1575341485.800328, -233.0
1575341487.45617, -233.0
1575341488.822125, -233.0
1575341488.91579, -233.0
1575341489.009271, -233.0
1575341489.102711, -233.0
1575341489.196607, -233.0
1575341489.290713, -233.0
1575341489.384083, -233.0
1575341489.477671, -233.0
1575341489.571494, -233.0
1575341489.664838, -233.0
1575341489.758595, -233.0
1575341489.852375, -233.0
1575341489.946278, -233.0
1575341490.039688, -233.0
1575341490.133844, -233.0
1575341490.227767, -233.0
1575341490.322366, -233.0
1575341490.419005, -233.0
1575341490.514434, -233.0
1575341490.610431, -233.0
1575341490.706249, -233.0
1575341490.803203, -233.0
1575341490.898842, -233.0
1575341492.768514, -233.0
1575341494.204297, -233.0
1575341495.556271, -233.0
1575341497.073756, -233.0
1575341497.167072, -233.0
1575341497.261027, -233.0
1575341497.354621, -233.0
1575341497.448798, -233.0
1575341497.543567, -233.0
1575341497.639657, -233.0
1575341497.734841, -233.0
1575341497.831227, -233.0
1575341497.928245, -233.0
1575341498.025878, -233.0
1575341498.124839, -233.0
1575341498.222851, -233.0
1575341498.320416, -233.0
1575341498.418028, -233.0
1575341498.515792, -233.0
1575341498.613376, -233.0
1575341498.7111, -233.0
1575341498.808722, -233.0
1575341502.216762, -233.0
1575341502.310636, -233.0
1575341503.965035, -233.0
1575341505.375147, -233.0
1575341506.861833, -233.0
1575341506.955521, -233.0
1575341507.050208, -233.0
1575341507.146049, -233.0
1575341509.099164, -233.0
1575341510.500026, -233.0
1575341511.878719, -233.0
1575341513.40934, -233.0
1575341513.502541, -233.0
1575341513.595998, -233.0
1575341515.092679, -233.0
1575341515.185773, -233.0
1575341515.278991, -233.0
1575341515.37454, -233.0
1575341515.473158, -233.0
1575341515.572239, -233.0
1575341515.670908, -233.0
1575341515.769851, -233.0
1575341515.868569, -233.0
1575341515.967559, -233.0
1575341516.066416, -233.0
1575341516.162369, -233.0
1575341517.892762, -233.0
1575341519.430678, -233.0
1575341519.524061, -233.0
1575341519.61755, -233.0
1575341519.710293, -233.0
1575341519.803884, -233.0
1575341519.898398, -233.0
1575341519.993858, -233.0
1575341520.096395, -233.0
1575341520.191784, -233.0
1575341520.287239, -233.0
1575341522.438253, -233.0
1575341523.942649, -233.0
1575341524.03686, -233.0
1575341525.413904, -233.0
1575341525.507011, -233.0
1575341525.600371, -233.0
1575341525.695269, -233.0
1575341527.353561, -233.0
1575341528.790122, -233.0
1575341530.292934, -233.0
1575341531.932482, -233.0
1575341532.025929, -233.0
1575341533.43012, -233.0
1575341534.846671, -233.0
1575341536.467217, -233.0
1575341536.560469, -233.0
1575341538.057755, -233.0
1575341539.4816, -233.0
1575341539.574964, -233.0
1575341539.669031, -233.0
1575341539.765405, -233.0
1575341539.864048, -233.0
1575341539.963533, -233.0
1575341540.062079, -233.0
1575341540.160655, -233.0
1575341540.258721, -233.0
1575341542.44046, -233.0
1575341543.848915, -233.0
1575341545.375069, -233.0
1575341546.699536, -233.0
1575341546.793238, -233.0
1575341546.886671, -233.0
1575341546.980433, -233.0
1575341547.073757, -233.0
1575341547.166891, -233.0
1575341547.260422, -233.0
1575341547.353849, -233.0
1575341547.44809, -233.0
1575341547.541818, -233.0
1575341547.635516, -233.0
1575341547.729186, -233.0
1575341547.823781, -233.0
1575341547.917627, -233.0
1575341548.011296, -233.0
1575341548.104897, -233.0
1575341548.19899, -233.0
1575341548.293441, -233.0
1575341548.388186, -233.0
1575341548.482044, -233.0
1575341548.575848, -233.0
1575341548.67023, -233.0
1575341550.528517, -233.0
1575341550.622558, -233.0
1575341550.71698, -233.0
1575341550.811076, -233.0
1575341550.905628, -233.0
1575341553.029274, -233.0
1575341555.242563, -233.0
1575341555.336706, -233.0
1575341555.430867, -233.0
1575341555.524989, -233.0
1575341555.619215, -233.0
1575341555.713911, -233.0
1575341555.807757, -233.0
1575341555.902194, -233.0
1575341557.860573, -233.0
1575341559.588683, -233.0
1575341561.023493, -233.0
1575341561.117142, -233.0
1575341561.211461, -233.0
1575341561.305155, -233.0
1575341561.399371, -233.0
1575341561.493712, -233.0
1575341561.587867, -233.0
1575341561.681451, -233.0
1575341561.775104, -233.0
1575341561.869492, -233.0
1575341563.59663, -233.0
1575341565.462741, -233.0
1575341567.086278, -233.0
1575341567.178998, -233.0
1575341567.271537, -233.0
1575341569.249245, -233.0
1575341571.151103, -233.0
1575341572.801289, -233.0
1575341574.668409, -233.0
1575341574.761634, -233.0
1575341574.854577, -233.0
1575341574.947695, -233.0
1575341576.801761, -233.0
1575341576.895025, -233.0
1575341576.988369, -233.0
1575341578.985579, -233.0
1575341580.775782, -233.0
1575341582.472058, -233.0
1575341584.371399, -233.0
1575341586.405681, -233.0
1575341587.898998, -233.0
1575341589.641342, -233.0
1575341591.261178, -233.0
1575341593.040853, -233.0
1575341594.897903, -233.0
1575341596.703466, -233.0
1575341598.500233, -233.0
1575341598.594015, -233.0
1575341600.164016, -233.0
1575341601.79735, -233.0
1575341603.386553, -233.0
1575341604.899605, -233.0
1575341604.992672, -233.0
1575341605.085488, -233.0
1575341605.178282, -233.0
1575341606.676079, -233.0
1575341606.768749, -233.0
1575341458.037009, -238.0
1575341458.129866, -238.0
1575341458.224008, -238.0
1575341458.322213, -238.0
1575341458.421855, -238.0
1575341458.518475, -238.0
1575341460.398869, -233.0
1575341461.617272, -233.0
1575341461.711584, -233.0
1575341461.804933, -233.0
1575341461.899583, -233.0
1575341461.99389, -233.0
1575341462.089145, -233.0
1575341462.187151, -233.0
1575341462.285793, -233.0
1575341462.384108, -233.0
1575341462.482676, -233.0
1575341462.581325, -233.0
1575341464.836414, -233.0
1575341466.746253, -233.0
1575341468.735601, -233.0
1575341468.829561, -233.0
1575341468.926998, -233.0
1575341469.024698, -233.0
1575341469.122095, -233.0
1575341469.219631, -233.0
1575341469.317684, -233.0
1575341469.414747, -233.0
1575341469.509024, -233.0
1575341471.418081, -233.0
1575341473.335408, -233.0
1575341475.288835, -233.0
1575341475.381788, -233.0
1575341477.291966, -233.0
1575341477.385965, -233.0
1575341477.483069, -233.0
1575341477.580401, -233.0
1575341477.678791, -233.0
1575341477.777526, -233.0
1575341477.876183, -233.0
1575341477.974384, -233.0
1575341478.07081, -233.0
1575341480.127947, -233.0
1575341482.088292, -233.0
1575341484.087298, -233.0
1575341485.915763, -233.0
1575341487.923459, -233.0
1575341489.947644, -233.0
1575341492.249773, -233.0
1575341494.237239, -233.0
1575341494.331192, -233.0
1575341494.425043, -233.0
1575341494.519487, -233.0
1575341494.614266, -233.0
1575341494.710324, -233.0
1575341494.808273, -233.0
1575341494.906306, -233.0
1575341495.005274, -233.0
1575341495.103991, -233.0
1575341495.202898, -233.0
1575341495.302244, -233.0
1575341495.400628, -233.0
1575341495.499355, -233.0
1575341495.598092, -233.0
1575341499.069335, -233.0
1575341501.73635, -233.0
1575341501.830295, -233.0
1575341501.924576, -233.0
1575341504.190034, -233.0
1575341506.080689, -233.0
1575341508.000404, -233.0
1575341508.094623, -233.0
1575341508.188623, -233.0
1575341508.283922, -233.0
1575341508.378609, -233.0
1575341508.473964, -233.0
1575341508.570052, -233.0
1575341508.665676, -233.0
1575341508.761666, -233.0
1575341508.855864, -233.0
1575341508.95106, -233.0
1575341509.046839, -233.0
1575341509.144064, -233.0
1575341509.242167, -233.0
1575341509.339858, -233.0
1575341509.43798, -233.0
1575341509.534864, -233.0
1575341509.633383, -233.0
1575341509.731382, -233.0
1575341509.829143, -233.0
1575341509.927133, -233.0
1575341510.02511, -233.0
1575341510.123309, -233.0
1575341510.221834, -233.0
1575341510.320311, -233.0
1575341510.415872, -233.0
1575341510.509792, -233.0
1575341510.603422, -233.0
1575341512.722518, -233.0
1575341514.83495, -233.0
1575341516.892321, -233.0
1575341518.92304, -233.0
1575341521.082467, -233.0
1575341521.177114, -233.0
1575341523.253899, -233.0
1575341525.262947, -233.0
1575341525.356297, -233.0
1575341527.379444, -233.0
1575341529.327432, -233.0
1575341531.297629, -233.0
1575341533.307954, -233.0
1575341533.401932, -233.0
1575341535.538754, -233.0
1575341535.632763, -233.0
1575341535.726408, -233.0
1575341535.82009, -233.0
1575341535.914284, -233.0
1575341536.011115, -233.0
1575341536.109431, -233.0
1575341536.20684, -233.0
1575341536.304566, -233.0
1575341536.402711, -233.0
1575341536.50092, -233.0
1575341536.599386, -233.0
1575341536.697085, -233.0
1575341536.795219, -233.0
1575341536.889788, -233.0
1575341538.860134, -233.0
1575341540.937469, -233.0
1575341542.95856, -233.0
1575341544.919593, -233.0
1575341546.96468, -233.0
1575341549.104065, -233.0
1575341550.950204, -233.0
1575341552.923197, -233.0
1575341554.970752, -233.0
1575341555.064702, -233.0
1575341557.089285, -233.0
1575341559.094462, -233.0
1575341559.188385, -233.0
1575341559.282708, -233.0
1575341559.377386, -233.0
1575341559.471464, -233.0
1575341559.56768, -233.0
1575341559.66426, -233.0
1575341559.759307, -233.0
1575341559.854175, -233.0
1575341559.948363, -233.0
1575341561.945321, -233.0
1575341562.039626, -233.0
1575341563.959519, -233.0
1575341565.901956, -233.0
1575341565.995896, -233.0
1575341566.089801, -233.0
1575341568.059947, -233.0
1575341570.015427, -233.0
1575341572.141396, -233.0
1575341573.987262, -233.0
1575341574.080702, -233.0
1575341575.987004, -233.0
1575341577.919295, -233.0
1575341579.954243, -233.0
1575341582.1559, -233.0
1575341584.133332, -233.0
1575341584.227432, -233.0
1575341586.212126, -233.0
1575341588.276485, -233.0
1575341590.288243, -233.0
1575341590.381297, -233.0
1575341592.470112, -233.0
1575341594.784625, -233.0
1575341594.878378, -233.0
1575341594.972021, -233.0
1575341596.957918, -233.0
1575341598.802935, -233.0
1575341600.906739, -233.0
1575341602.833378, -233.0
1575341604.705708, -233.0
1575341606.648377, -233.0
1575341608.654412, -233.0
1575341610.537268, -233.0
1575341610.630305, -233.0
1575341612.499865, -233.0
1575341614.406493, -233.0
1575341614.500656, -233.0
1575341616.671863, -233.0
1575341618.572365, -233.0
1575341620.543052, -233.0
1575341622.548498, -233.0
1575341624.545307, -233.0
1575341626.589758, -233.0
1575341626.682857, -233.0
1575341628.709494, -233.0
1575341630.711089, -233.0
1575341632.769343, -233.0
1575341632.863407, -233.0
1575341632.957306, -233.0
1575341633.050914, -233.0
1575341635.108995, -233.0
1575341635.20268, -233.0
1575341635.296211, -233.0
1575341635.389459, -233.0
1575341635.482939, -233.0
1575341637.311491, -233.0
1575341639.187523, -233.0
1575341639.280912, -233.0
1575341641.259746, -233.0
1575341641.353482, -233.0
1575341643.248638, -233.0
1575341645.18012, -233.0
1575341645.273438, -233.0
1575341645.366742, -233.0
1575341647.386581, -233.0
1575341649.294268, -233.0
1575341651.137007, -233.0
1575341653.026365, -233.0
1575341654.977489, -233.0
1575341656.9787, -233.0
1575341657.073162, -233.0
1575341659.046155, -233.0
1575341660.919028, -233.0
1575341662.81871, -233.0
1575341662.912112, -233.0
1575341663.006205, -233.0
1575341665.182316, -233.0
1575341667.280444, -233.0
1575341667.374463, -233.0
1575341667.467826, -233.0
1575341669.380435, -233.0
1575341669.474051, -233.0
1575341669.567369, -233.0
1575341669.660919, -233.0
1575341671.654997, -233.0
1575341673.646801, -233.0
1575341675.470644, -233.0
1575341677.449067, -233.0
1575341677.542501, -233.0
1575341679.405669, -233.0
1575341681.363779, -233.0
1575341683.442911, -233.0
1575341683.536447, -233.0
1575341683.630276, -233.0
1575341685.480599, -233.0
1575341687.330453, -233.0
1575341689.147531, -233.0
1575341690.988415, -233.0
1575341691.082552, -233.0
1575341691.17572, -233.0
1575341693.158535, -233.0
1575341695.369037, -233.0
1575341475.868349, -233.0
1575341475.961683, -233.0
1575341476.054538, -233.0
1575341476.147361, -233.0
1575341476.252499, -233.0
1575341476.358419, -233.0
1575341476.461289, -233.0
1575341476.563892, -233.0
1575341476.666449, -233.0
1575341476.76849, -233.0
1575341476.870062, -233.0
1575341476.97373, -233.0
1575341477.075532, -233.0
1575341477.180825, -233.0
1575341477.277726, -233.0
1575341477.375847, -233.0
1575341477.474817, -233.0
1575341477.572936, -233.0
1575341477.670348, -233.0
1575341477.768986, -233.0
1575341477.86705, -233.0
1575341477.96531, -233.0
1575341478.063879, -233.0
1575341478.16197, -233.0
1575341478.260611, -233.0
1575341479.819737, -233.0
1575341480.970204, -233.0
1575341482.686771, -233.0
1575341483.946116, -233.0
1575341485.135992, -233.0
1575341486.327989, -233.0
1575341487.647748, -233.0
1575341488.927725, -233.0
1575341490.220448, -233.0
1575341491.414107, -233.0
1575341492.839992, -233.0
1575341493.984631, -233.0
1575341495.246799, -233.0
1575341495.339088, -233.0
1575341496.545925, -233.0
1575341497.729053, -233.0
1575341498.943615, -233.0
1575341500.167496, -233.0
1575341501.421868, -233.0
1575341501.514748, -233.0
1575341501.610012, -233.0
1575341501.706171, -233.0
1575341501.800933, -233.0
1575341504.100661, -233.0
1575341505.452508, -233.0
1575341506.80382, -233.0
1575341508.046268, -233.0
1575341509.325087, -233.0
1575341510.476099, -233.0
1575341511.755658, -233.0
1575341513.073679, -233.0
1575341514.315129, -233.0
1575341514.407768, -233.0
1575341514.500362, -233.0
1575341514.593412, -233.0
1575341514.686028, -233.0
1575341514.779936, -233.0
1575341514.873278, -233.0
1575341516.740693, -233.0
1575341517.984326, -233.0
1575341519.202851, -233.0
1575341520.516394, -233.0
1575341520.611537, -233.0
1575341520.705428, -233.0
1575341520.799328, -233.0
1575341522.650761, -233.0
1575341523.983745, -233.0
1575341525.282183, -233.0
1575341526.368227, -233.0
1575341527.656054, -233.0
1575341528.93961, -233.0
1575341530.311889, -233.0
1575341531.788442, -233.0
1575341533.497177, -233.0
1575341534.805684, -233.0
1575341536.134224, -233.0
1575341537.591981, -233.0
1575341538.879561, -233.0
1575341540.119794, -233.0
1575341541.410575, -233.0
1575341542.655656, -233.0
1575341543.95588, -233.0
1575341545.204419, -233.0
1575341546.413753, -233.0
1575341547.710777, -233.0
1575341548.98504, -233.0
1575341549.078238, -233.0
1575341549.171866, -233.0
1575341549.26491, -233.0
1575341549.359116, -233.0
1575341549.455046, -233.0
1575341549.550331, -233.0
1575341549.646143, -233.0
1575341549.741095, -233.0
1575341549.835922, -233.0
1575341549.931498, -233.0
1575341550.0265, -233.0
1575341550.121343, -233.0
1575341550.216133, -233.0
1575341550.310586, -233.0
1575341551.716394, -233.0
1575341551.809531, -233.0
1575341551.903052, -233.0
1575341551.996257, -233.0
1575341552.090433, -233.0
1575341552.184375, -233.0
1575341552.27773, -233.0
1575341554.112001, -233.0
1575341555.448712, -233.0
1575341556.727521, -233.0
1575341557.926693, -233.0
1575341559.185299, -233.0
1575341560.68448, -233.0
1575341560.777594, -233.0
1575341560.871056, -233.0
1575341560.964867, -233.0
1575341563.264102, -233.0
1575341564.636083, -233.0
1575341565.944749, -233.0
1575341567.424756, -233.0
1575341568.736842, -233.0
1575341570.550112, -233.0
1575341570.643725, -233.0
1575341570.746488, -233.0
1575341570.840545, -233.0
1575341570.934442, -233.0
1575341571.036244, -233.0
1575341571.138134, -233.0
1575341571.243086, -233.0
1575341571.344027, -233.0
1575341571.44973, -233.0
1575341571.550424, -233.0
1575341571.656431, -233.0
1575341571.756909, -233.0
1575341571.857029, -233.0
1575341571.956618, -233.0
1575341572.056407, -233.0
1575341572.156482, -233.0
1575341572.256425, -233.0
1575341572.362812, -233.0
1575341572.456453, -233.0
1575341572.550445, -233.0
1575341572.644315, -233.0
1575341572.738238, -233.0
1575341572.832136, -233.0
1575341572.92627, -233.0
1575341573.019879, -233.0
1575341574.840684, -233.0
1575341576.390658, -233.0
1575341577.816868, -233.0
1575341577.909596, -233.0
1575341579.139059, -233.0
1575341580.39509, -233.0
1575341580.487892, -233.0
1575341580.580681, -233.0
1575341581.931635, -233.0
1575341583.297377, -233.0
1575341584.727307, -233.0
1575341586.036045, -233.0
1575341586.128637, -233.0
1575341588.470742, -233.0
1575341588.563658, -233.0
1575341590.270618, -233.0
1575341590.363423, -233.0
1575341592.435189, -233.0
1575341594.335846, -233.0
1575341596.267811, -233.0
1575341598.249939, -233.0
1575341600.482497, -233.0
1575341602.605236, -233.0
1575341602.698882, -233.0
1575341602.792371, -233.0
1575341602.886678, -233.0
1575341602.980543, -233.0
1575341603.074267, -233.0
1575341603.16803, -233.0
1575341603.262098, -233.0
1575341603.355922, -233.0
1575341603.449502, -233.0
1575341603.544587, -233.0
1575341603.640816, -233.0
1575341603.736056, -233.0
1575341603.829188, -233.0
1575341605.609819, -233.0
1575341607.474043, -233.0
1575341609.296221, -233.0
1575341611.258502, -233.0
1575341611.35249, -233.0
1575341611.446553, -233.0
1575341613.339544, -233.0
1575341615.267408, -233.0
1575341615.360957, -233.0
1575341615.454875, -233.0
1575341615.548835, -233.0
1575341617.652535, -233.0
1575341619.861498, -233.0
1575341619.954931, -233.0
1575341620.048932, -233.0
1575341620.143278, -233.0
1575341620.237558, -233.0
1575341620.333501, -233.0
1575341620.429819, -233.0
1575341620.525192, -233.0
1575341620.621065, -233.0
1575341620.714948, -233.0
1575341620.810018, -233.0
1575341620.903795, -233.0
1575341623.42339, -233.0
1575341625.661979, -233.0
1575341627.816264, -233.0
1575341630.078746, -233.0
1575341632.413527, -233.0
1575341634.652709, -233.0
1575341636.974134, -233.0
1575341639.233173, -233.0
1575341641.407668, -233.0
1575341643.599682, -233.0
1575341645.947908, -233.0
1575341648.144638, -233.0
1575341648.237911, -233.0
1575341650.491077, -233.0
1575341650.58496, -233.0
1575341650.678449, -233.0
1575341652.487927, -233.0
1575341652.581921, -233.0
1575341654.580848, -233.0
1575341654.674472, -233.0
1575341654.768551, -233.0
1575341654.864776, -233.0
1575341654.961689, -233.0
1575341655.058725, -233.0
1575341655.156096, -233.0
1575341655.253766, -233.0
1575341655.350528, -233.0
1575341655.445533, -233.0
1575341655.54, -233.0
1575341655.633822, -233.0
1575341657.741655, -233.0
1575341659.79461, -233.0
1575341661.804736, -233.0
1575341663.807748, -233.0
1575341663.900856, -233.0
1575341663.993991, -233.0
1575341665.974267, -233.0
1575341666.067175, -233.0
