1574456953.883996, -24947.0
1574456953.960718, -22788.0
1574456954.036731, -22788.0
1574456954.113145, -22788.0
1574456954.192078, -22788.0
1574456954.269881, -22788.0
1574456954.34828, -22788.0
1574456954.427101, -22788.0
1574456954.505526, -22788.0
1574456954.584759, -22788.0
1574456954.665075, -22788.0
1574456954.74405, -22788.0
1574456954.823387, -22788.0
1574456954.901558, -22788.0
1574456954.981196, -22788.0
1574456955.061146, -22788.0
1574456955.140578, -22788.0
1574456955.218763, -22788.0
1574456955.298052, -21596.0
1574456955.377424, -21596.0
1574456955.456149, -17816.0
1574456955.533199, -17816.0
1574456955.61754, -17816.0
1574456955.701339, -16730.0
1574456955.781969, -16730.0
1574456955.863071, -16730.0
1574456955.947969, -16730.0
1574456956.031701, -16730.0
1574456956.114538, -16730.0
1574456956.19597, -16730.0
1574456956.277691, -16730.0
1574456956.361139, -16730.0
1574456956.441438, -16730.0
1574456956.522761, -16730.0
1574456956.604017, -498.0
1574456956.684585, -498.0
1574456956.765296, -498.0
1574456956.846235, -498.0
1574456956.928057, -498.0
1574456957.009348, -498.0
1574456957.092454, -498.0
1574456953.904269, -24945.0
1574456953.991834, -22788.0
1574456954.078322, -22788.0
1574456954.169544, -22788.0
1574456954.264399, -22788.0
1574456954.354802, -22788.0
1574456954.444372, -22788.0
1574456954.538084, -22788.0
1574456954.655299, -22788.0
1574456953.920198, -22788.0
1574456954.006411, -22788.0
1574456954.090279, -22788.0
1574456954.175937, -22788.0
1574456954.266456, -22788.0
1574456954.354341, -22788.0
1574456954.438885, -22788.0
1574456954.523281, -22788.0
1574456954.609338, -22788.0
1574456954.695816, -22788.0
1574456954.784009, -22788.0
1574456953.939763, -22788.0
1574456954.041705, -22788.0
1574456954.138513, -22788.0
1574456954.227582, -22788.0
1574456954.325709, -22788.0
1574456954.415628, -22788.0
1574456954.505475, -22788.0
1574456954.598582, -22788.0
1574456954.69464, -22788.0
1574456954.787594, -22788.0
1574456954.875975, -22788.0
1574456954.970373, -22788.0
1574456955.060458, -22788.0
1574456955.157242, -22788.0
1574456955.248601, -22788.0
1574456955.342544, -21596.0
1574456955.43507, -17816.0
1574456955.523744, -17816.0
1574456955.615833, -17816.0
1574456955.702593, -16730.0
1574456955.786928, -16730.0
1574456955.871995, -16730.0
1574456955.958167, -16730.0
1574456956.048447, -16730.0
1574456956.139906, -16730.0
1574456956.228057, -16730.0
1574456956.315315, -16730.0
1574456956.401949, -16730.0
1574456956.491689, -16730.0
1574456956.580859, -498.0
1574456956.668043, -498.0
1574456956.75631, -498.0
1574456956.839767, -498.0
1574456956.927979, -498.0
1574456957.013683, -498.0
1574456957.099353, -498.0
1574456954.789817, -22788.0
1574456954.895782, -22788.0
1574456955.007156, -22788.0
1574456955.115524, -22788.0
1574456955.228261, -22788.0
1574456955.345566, -21596.0
1574456955.454208, -17816.0
1574456955.560577, -17816.0
1574456955.671254, -16730.0
1574456955.769189, -16730.0
1574456955.875916, -16730.0
1574456955.990494, -16730.0
1574456956.099058, -16730.0
1574456957.832422, -498.0
1574456957.92771, -498.0
1574456958.023292, -498.0
1574456958.119097, -498.0
1574456958.213584, -498.0
1574456958.308346, -498.0
1574456959.745827, -498.0
1574456954.875152, -22788.0
1574456954.940313, -22788.0
1574456955.007747, -22788.0
1574456955.075921, -22788.0
1574456955.144383, -22788.0
1574456955.211124, -22788.0
1574456955.278604, -21596.0
1574456955.352146, -21596.0
1574456955.41961, -17816.0
1574456956.541291, -498.0
1574456956.60232, -498.0
1574456959.404694, -498.0
1574456961.940343, -475.0
1574456964.468351, -468.0
1574456965.526081, -468.0
1574456965.585501, -468.0
1574456965.64464, -468.0
1574456965.703506, -468.0
1574456965.761309, -468.0
1574456957.207301, -498.0
1574456957.304509, -498.0
1574456957.410588, -498.0
1574456957.507188, -498.0
1574456957.595303, -498.0
1574456957.683488, -498.0
1574456957.779799, -498.0
1574456957.878015, -498.0
1574456957.98048, -498.0
1574456958.089312, -498.0
1574456958.194177, -498.0
1574456958.292909, -498.0
1574456958.392308, -498.0
1574456957.209619, -498.0
1574456957.290007, -498.0
1574456957.371713, -498.0
1574456957.451208, -498.0
1574456957.532139, -498.0
1574456957.61415, -498.0
1574456957.695565, -498.0
1574456957.734577, -498.0
1574456957.752028, -498.0
1574456957.768148, -498.0
1574456957.78503, -498.0
1574456957.803001, -498.0
1574456957.819242, -498.0
1574456957.836583, -498.0
1574456957.852837, -498.0
1574456957.86936, -498.0
1574456957.885114, -498.0
1574456957.901203, -498.0
1574456957.917325, -498.0
1574456957.933473, -498.0
1574456957.949507, -498.0
1574456957.966921, -498.0
1574456957.983017, -498.0
1574456958.00039, -498.0
1574456958.066249, -498.0
1574456958.116805, -498.0
1574456958.166295, -498.0
1574456958.216025, -498.0
1574456958.264613, -498.0
1574456958.31409, -498.0
1574456958.362855, -498.0
1574456958.414497, -498.0
1574456958.462278, -498.0
1574456958.511736, -498.0
1574456958.563843, -498.0
1574456958.614636, -498.0
1574456958.666063, -498.0
1574456958.719093, -498.0
1574456958.768455, -498.0
1574456958.818444, -498.0
1574456958.871524, -498.0
1574456958.922612, -498.0
1574456958.971978, -498.0
1574456959.020628, -498.0
1574456959.071011, -498.0
1574456959.120058, -498.0
1574456959.170041, -498.0
1574456959.220048, -498.0
1574456959.269501, -498.0
1574456959.321235, -498.0
1574456959.370971, -498.0
1574456959.421691, -498.0
1574456959.470911, -498.0
1574456959.519964, -498.0
1574456959.569426, -498.0
1574456959.620538, -498.0
1574456959.674593, -498.0
1574456959.725555, -498.0
1574456959.778987, -498.0
1574456959.834309, -498.0
1574456958.517225, -498.0
1574456958.627123, -498.0
1574456958.728635, -498.0
1574456958.824255, -498.0
1574456958.918976, -498.0
1574456959.013405, -498.0
1574456959.104339, -498.0
1574456959.194396, -498.0
1574456959.284219, -498.0
1574456959.375042, -498.0
1574456959.470548, -498.0
1574456959.559976, -498.0
1574456959.648011, -498.0
1574456959.737031, -498.0
1574456959.8272, -498.0
1574456959.909415, -498.0
1574456959.988255, -498.0
1574456960.067022, -498.0
1574456960.144605, -498.0
1574456960.222719, -498.0
1574456960.300529, -498.0
1574456960.378981, -498.0
1574456960.457746, -498.0
1574456960.536213, -498.0
1574456960.614868, -498.0
1574456960.69339, -498.0
1574456960.772082, -498.0
1574456960.850899, -498.0
1574456960.928937, -498.0
1574456961.008068, -498.0
1574456961.086386, -498.0
1574456961.165246, -498.0
1574456961.243314, -498.0
1574456961.322337, -498.0
1574456961.400423, -498.0
1574456961.478575, -498.0
1574456961.557287, -498.0
1574456961.634874, -498.0
1574456961.713301, -498.0
1574456961.791062, -498.0
1574456961.869742, -498.0
1574456961.947564, -475.0
1574456962.025663, -475.0
1574456959.776813, -498.0
1574456959.794423, -498.0
1574456959.810707, -498.0
1574456959.831083, -498.0
1574456959.850067, -498.0
1574456959.865722, -498.0
1574456959.881276, -498.0
1574456959.896424, -498.0
1574456959.91084, -498.0
1574456959.925416, -498.0
1574456959.94068, -498.0
1574456959.955989, -498.0
1574456959.971354, -498.0
1574456959.986668, -498.0
1574456960.002198, -498.0
1574456969.830012, -468.0
1574456969.845491, -468.0
1574456969.859982, -468.0
1574456969.875418, -468.0
1574456969.89042, -468.0
1574456969.907103, -468.0
1574456970.89724, -468.0
1574456971.478461, -468.0
1574456971.993064, -468.0
1574456972.491995, -468.0
1574456973.022715, -468.0
1574456973.76106, -468.0
1574456974.528087, -468.0
1574456975.353089, -468.0
1574456976.136491, -468.0
1574456976.859329, -468.0
1574456977.573656, -468.0
1574456978.313557, -468.0
1574456979.101394, -468.0
1574456979.859704, -468.0
1574456980.634845, -468.0
1574456981.466162, -468.0
1574456982.342266, -468.0
1574456983.400706, -468.0
1574456984.527693, -468.0
1574456984.545022, -468.0
1574456984.562403, -468.0
1574456984.578992, -468.0
1574456984.595581, -468.0
1574456969.843774, -468.0
1574456969.860934, -468.0
1574456969.880636, -468.0
1574456969.895914, -468.0
1574456969.918222, -468.0
1574456969.933265, -468.0
1574456969.952778, -468.0
1574456970.611162, -468.0
1574456971.093156, -468.0
1574456971.605063, -468.0
1574456972.184737, -468.0
1574456972.902326, -468.0
1574456973.43396, -468.0
1574456973.923622, -468.0
1574456974.429608, -468.0
1574456975.258746, -468.0
1574456976.162079, -468.0
1574456977.037413, -468.0
1574456977.982238, -468.0
1574456979.025578, -468.0
1574456979.043195, -468.0
1574456979.069815, -468.0
1574456969.862154, -468.0
1574456969.878171, -468.0
1574456969.896541, -468.0
1574456969.910628, -468.0
1574456969.929727, -468.0
1574456969.943845, -468.0
1574456969.961635, -468.0
1574456970.598724, -468.0
1574456971.108012, -468.0
1574456971.620886, -468.0
1574456972.209023, -468.0
1574456972.874347, -468.0
1574456973.429204, -468.0
1574456973.912846, -468.0
1574456974.410844, -468.0
1574456975.122366, -468.0
1574456975.96872, -468.0
1574456976.819462, -468.0
1574456977.738139, -468.0
1574456978.736699, -468.0
1574456978.751432, -468.0
1574456978.769751, -468.0
1574456969.88006, -468.0
1574456969.895395, -468.0
1574456969.909637, -468.0
1574456969.923736, -468.0
1574456969.938023, -468.0
1574456969.952607, -468.0
1574456970.940187, -468.0
1574456971.594193, -468.0
1574456972.140505, -468.0
1574456972.67184, -468.0
1574456973.252755, -468.0
1574456974.013825, -468.0
1574456974.823109, -468.0
1574456975.679135, -468.0
1574456976.475531, -468.0
1574456977.21903, -468.0
1574456977.925759, -468.0
1574456978.674607, -468.0
1574456979.451761, -468.0
1574456980.195314, -468.0
1574456981.005001, -468.0
1574456981.825212, -468.0
1574456982.743197, -468.0
1574456983.785911, -468.0
1574456983.802916, -468.0
1574456983.819706, -468.0
1574456984.798612, -464.0
1574456985.640163, -464.0
1574456986.38208, -464.0
1574456987.162901, -464.0
1574456987.867446, -464.0
1574456988.778223, -464.0
1574456988.798324, -464.0
1574456988.820175, -464.0
1574456989.72104, -464.0
1574456990.489954, -464.0
1574456991.243077, -464.0
1574456992.11877, -464.0
1574456993.001076, -464.0
1574456993.016842, -464.0
1574456993.032138, -464.0
1574456978.801093, -468.0
1574456978.816478, -468.0
1574456978.831279, -468.0
1574456978.846046, -468.0
1574456978.861402, -468.0
1574456979.693639, -468.0
1574456980.627863, -468.0
1574456981.48621, -468.0
1574456982.397261, -468.0
1574456983.265902, -468.0
1574456984.174306, -468.0
1574456985.067354, -464.0
1574456985.907896, -464.0
1574456986.7879, -464.0
1574456987.795385, -464.0
1574456987.812768, -464.0
1574456987.836333, -464.0
1574456987.851627, -464.0
1574456988.984878, -464.0
1574456989.85007, -464.0
1574456990.722204, -464.0
1574456991.590484, -464.0
1574456992.48406, -464.0
1574456993.419133, -464.0
1574456993.437149, -464.0
1574456994.403098, -464.0
1574456995.359994, -464.0
1574456996.268007, -464.0
1574456997.242327, -464.0
1574456998.184609, -464.0
1574456999.133642, -460.0
1574457000.066459, -460.0
1574457001.004121, -460.0
1574457001.926278, -460.0
1574457002.766699, -460.0
1574457003.665101, -460.0
1574457004.596015, -460.0
1574457005.445672, -460.0
1574457006.339183, -460.0
1574457007.246125, -460.0
1574457008.088472, -460.0
1574457008.932023, -460.0
1574457009.776471, -460.0
1574457010.658172, -460.0
1574457011.553459, -460.0
1574457012.407221, -460.0
1574457013.276061, -460.0
1574457014.197184, -460.0
1574457014.211914, -460.0
1574457014.227173, -460.0
1574457014.242115, -460.0
1574457014.257064, -460.0
1574457014.271997, -460.0
1574456980.284349, -468.0
1574456980.306653, -468.0
1574456980.333382, -468.0
1574456980.354836, -468.0
1574456980.370646, -468.0
1574456980.392874, -468.0
1574456980.411538, -468.0
1574456980.431626, -468.0
1574456981.432491, -468.0
1574456982.329393, -468.0
1574456983.260442, -468.0
1574456984.172011, -468.0
1574456985.191026, -464.0
1574456985.208391, -464.0
1574456985.236802, -464.0
1574456985.254423, -464.0
1574456985.274139, -464.0
1574456985.291643, -464.0
1574456984.629475, -468.0
1574456984.645533, -468.0
1574456984.663486, -468.0
1574456985.52923, -464.0
1574456986.374489, -464.0
1574456987.12605, -464.0
1574456987.877064, -464.0
1574456988.621887, -464.0
1574456989.337834, -464.0
1574456989.353731, -464.0
1574456989.370495, -464.0
1574456989.386992, -464.0
1574456989.40407, -464.0
1574456985.33663, -464.0
1574456985.358588, -464.0
1574456986.385285, -464.0
1574456987.448904, -464.0
1574456988.403326, -464.0
1574456989.41026, -464.0
1574456990.376648, -464.0
1574456991.416942, -464.0
1574456992.478478, -464.0
1574456993.477289, -464.0
1574456994.499195, -464.0
1574456995.486778, -464.0
1574456996.503312, -464.0
1574456989.436552, -464.0
1574456989.452277, -464.0
1574456990.490331, -464.0
1574456991.482139, -464.0
1574456992.56471, -464.0
1574456993.582157, -464.0
1574456994.566519, -464.0
1574456995.589638, -464.0
1574456996.56867, -464.0
1574456997.547197, -464.0
1574456998.567355, -460.0
1574456999.635681, -460.0
1574457000.70925, -460.0
1574457001.748906, -460.0
1574457001.763628, -460.0
1574457001.778108, -460.0
1574457001.792717, -460.0
1574456993.069342, -464.0
1574456994.035284, -464.0
1574456995.015123, -464.0
1574456995.97412, -464.0
1574456995.993726, -464.0
1574456997.485188, -464.0
1574456997.503659, -464.0
1574456997.523502, -464.0
1574456997.541747, -464.0
1574456996.54295, -464.0
1574456996.562835, -464.0
1574456997.537471, -464.0
1574456998.438547, -464.0
1574456999.411838, -460.0
1574457000.363956, -460.0
1574457001.408854, -460.0
1574457001.424458, -460.0
1574457001.440991, -460.0
1574457001.456437, -460.0
1574457001.472143, -460.0
1574457001.488099, -460.0
1574457002.32034, -460.0
1574457003.09684, -460.0
1574457003.886626, -460.0
1574457004.646045, -460.0
1574457005.455982, -460.0
1574457006.220869, -460.0
1574457007.028728, -460.0
1574457007.823627, -460.0
1574457008.575576, -460.0
1574457009.333234, -460.0
1574457010.088579, -460.0
1574457010.874278, -460.0
1574457011.675917, -460.0
1574457012.441095, -460.0
1574457013.216227, -460.0
1574457014.050678, -460.0
1574457015.104323, -460.0
1574457015.119581, -460.0
1574457015.13537, -460.0
1574457015.152053, -460.0
1574457016.136944, -460.0
1574457017.017659, -460.0
1574457017.888929, -460.0
1574457018.644692, -460.0
1574457019.535896, -460.0
1574457020.477233, -460.0
1574457020.493177, -460.0
1574457021.455754, -460.0
1574457022.415176, -460.0
1574457023.539177, -460.0
1574457024.847621, -460.0
1574457024.862942, -460.0
1574457024.878621, -460.0
1574457024.894395, -460.0
1574457024.910327, -460.0
1574457024.926433, -460.0
1574457025.975039, -460.0
1574457026.904738, -460.0
1574457027.843823, -460.0
1574457028.694656, -460.0
1574457029.61613, -460.0
1574457030.665061, -460.0
1574457031.966965, -460.0
1574457031.98329, -460.0
1574457031.999485, -460.0
1574457032.015426, -460.0
1574457033.101969, -460.0
1574457034.051664, -460.0
1574457034.06692, -460.0
1574457034.081599, -460.0
1574457034.971119, -460.0
1574457034.986306, -460.0
1574457035.00178, -460.0
1574457035.018203, -460.0
1574457036.198686, -460.0
1574457037.226948, -460.0
1574457037.242709, -460.0
1574457037.258129, -460.0
1574457037.274007, -460.0
1574457037.288962, -460.0
1574457037.304475, -460.0
1574457037.319744, -460.0
1574457037.334917, -460.0
1574457037.350443, -460.0
1574457037.365472, -460.0
1574457037.380449, -460.0
1574457037.395889, -460.0
1574457037.411064, -460.0
1574457037.426504, -460.0
1574457037.442212, -460.0
1574457037.457612, -460.0
1574457037.472464, -460.0
1574457037.488368, -460.0
1574457037.503345, -460.0
1574457037.519004, -460.0
1574457037.534078, -460.0
1574457037.549236, -460.0
1574457037.563975, -460.0
1574457037.57975, -460.0
1574457037.594568, -460.0
1574457037.610238, -460.0
1574457037.62502, -460.0
1574457037.640408, -460.0
1574457037.655674, -460.0
1574457037.671105, -460.0
1574457037.686287, -460.0
1574457037.701351, -460.0
1574457037.716488, -460.0
1574457037.732198, -460.0
1574457037.747598, -460.0
1574457037.763191, -460.0
1574457037.778264, -460.0
1574457037.79354, -460.0
1574457037.808479, -460.0
1574457037.82426, -460.0
1574457037.839784, -460.0
1574457037.855614, -460.0
1574457037.871086, -460.0
1574457037.887115, -460.0
1574457037.903063, -460.0
1574457037.919014, -460.0
1574456998.497933, -460.0
1574456999.454871, -460.0
1574457000.379229, -460.0
1574457001.315415, -460.0
1574457001.331705, -460.0
1574457001.349033, -460.0
1574457001.36742, -460.0
